-0.0736969
-0.0736969
-0.0631688
-0.084225
-0.084225
-0.084225
-0.084225
-0.084225
-0.084225
-0.0947531
-0.0947531
-0.084225
-0.0947531
-0.084225
-0.084225
-0.084225
-0.084225
-0.0947531
-0.0947531
-0.0947531
-0.084225
-0.084225
-0.0947531
-0.0947531
-0.084225
-0.0947531
-0.084225
-0.0947531
-0.105281
-0.0947531
-0.0947531
-0.0947531
-0.105281
-0.084225
-0.0947531
-0.0947531
-0.0947531
-0.0947531
-0.0947531
-0.105281
-0.105281
-0.105281
-0.0947531
-0.0947531
-0.0947531
-0.105281
-0.0947531
-0.0947531
-0.0947531
-0.105281
-0.105281
-0.0947531
-0.0947531
-0.0947531
-0.105281
-0.105281
-0.105281
-0.105281
-0.105281
-0.105281
-0.105281
-0.0947531
-0.115809
-0.105281
-0.105281
-0.115809
-0.105281
-0.115809
-0.115809
-0.105281
-0.115809
-0.105281
-0.105281
-0.115809
-0.115809
-0.105281
-0.115809
-0.126338
-0.115809
-0.105281
-0.115809
-0.115809
-0.126338
-0.105281
-0.115809
-0.115809
-0.115809
-0.126338
-0.115809
-0.126338
-0.126338
-0.126338
-0.126338
-0.115809
-0.126338
-0.126338
-0.126338
0.0736969
0.084225
0.0947531
0.115809
0.115809
0.0947531
0.105281
0.105281
0.0947531
0.0947531
0.126338
0.157922
0.16845
0.16845
0.178978
0.231619
0.189506
0.221091
0.242147
0.231619
0.252675
0.242147
0.263203
0.273731
0.284259
0.294788
0.305316
0.315844
0.3369
0.347428
0.368484
0.379013
0.389541
0.410597
0.421125
0.452709
0.473766
