2.84883 0.319513 2.21639 -1.81625 -2.70302 -1.93063 -3.08348 -1.42422 -2.44657 -2.9112 1.17342 0.0119969 -1.57495 2.89134 -2.05042 -2.79711
2.8472 0.319513 2.21639 -1.81625 -2.70302 -1.93063 -3.08348 -1.42422 -2.44657 -2.9112 1.17342 0.0119969 -1.57495 2.89134 -2.05042 -2.79711
2.8457 0.319513 2.21639 -1.81625 -2.70302 -1.93063 -3.08348 -1.42422 -2.44657 -2.9112 1.17342 0.0119969 -1.57495 2.89134 -2.05042 -2.79711
2.8441 0.319513 2.21639 -1.81625 -2.70302 -1.93063 -3.08348 -1.42422 -2.44657 -2.9112 1.17342 0.0119969 -1.57495 2.89134 -2.05042 -2.79711
2.84242 0.319513 2.21639 -1.81625 -2.70302 -1.93063 -3.08348 -1.42422 -2.44657 -2.9112 1.17342 0.0119969 -1.57495 2.89134 -2.05042 -2.79711
2.84073 0.319513 2.21639 -1.81625 -2.70302 -1.93063 -3.08348 -1.42422 -2.44657 -2.9112 1.17342 0.0119969 -1.57495 2.89134 -2.05042 -2.79711
2.83899 0.319513 2.21639 -1.81625 -2.70302 -1.93063 -3.08348 -1.42422 -2.44657 -2.9112 1.17342 0.0119969 -1.57495 2.89134 -2.05042 -2.79711
2.83727 0.319513 2.21639 -1.81625 -2.70302 -1.93063 -3.08348 -1.42422 -2.44657 -2.9112 1.17342 0.0119969 -1.57495 2.89134 -2.05042 -2.79711
2.8355 0.319513 2.21639 -1.81625 -2.70302 -1.93063 -3.08348 -1.42422 -2.44657 -2.9112 1.17342 0.0119969 -1.57495 2.89134 -2.05042 -2.79711
2.83373 0.319513 2.21639 -1.81625 -2.70302 -1.93063 -3.08348 -1.42422 -2.44657 -2.9112 1.17342 0.0119969 -1.57495 2.89134 -2.05042 -2.79711
2.83197 0.319513 2.21639 -1.81625 -2.70302 -1.93063 -3.08348 -1.42422 -2.44657 -2.9112 1.17342 0.0119969 -1.57495 2.89134 -2.05042 -2.79711
2.83014 0.319513 2.21639 -1.81625 -2.70302 -1.93063 -3.08348 -1.42422 -2.44657 -2.9112 1.17342 0.0119969 -1.57495 2.89134 -2.05042 -2.79711
2.82833 0.319513 2.21639 -1.81625 -2.70302 -1.93063 -3.08348 -1.42422 -2.44657 -2.9112 1.17342 0.0119969 -1.57495 2.89134 -2.05042 -2.79711
2.8265 0.319513 2.21639 -1.81625 -2.70302 -1.93063 -3.08348 -1.42422 -2.44657 -2.9112 1.17342 0.0119969 -1.57495 2.89134 -2.05042 -2.79711
2.8246 0.319513 2.21639 -1.81625 -2.70302 -1.93063 -3.08348 -1.42422 -2.44657 -2.9112 1.17342 0.0119969 -1.57495 2.89134 -2.05042 -2.79711
2.82274 0.319513 2.21639 -1.81625 -2.70302 -1.93063 -3.08348 -1.42422 -2.44657 -2.9112 1.17342 0.0119969 -1.57495 2.89134 -2.05042 -2.79711
2.82093 0.319513 2.21639 -1.81625 -2.70302 -1.93063 -3.08348 -1.42422 -2.44657 -2.9112 1.17342 0.0119969 -1.57495 2.89134 -2.05042 -2.79711
2.81914 0.319513 2.21639 -1.81625 -2.70302 -1.93063 -3.08348 -1.42422 -2.44657 -2.9112 1.17342 0.0119969 -1.57495 2.89134 -2.05042 -2.79711
2.81574 0.319513 2.21639 -1.81625 -2.70302 -1.93063 -3.08348 -1.42422 -2.44657 -2.9112 1.17342 0.0119969 -1.57495 2.89134 -2.05042 -2.79711
2.81234 0.319513 2.21639 -1.81625 -2.70302 -1.93063 -3.08348 -1.42422 -2.44657 -2.9112 1.17342 0.0119969 -1.57495 2.89134 -2.05042 -2.79711
2.80891 0.319513 2.21639 -1.81625 -2.70302 -1.93063 -3.08348 -1.42422 -2.44657 -2.9112 1.17342 0.0119969 -1.57495 2.89134 -2.05042 -2.79711
2.80548 0.319513 2.21639 -1.81625 -2.70302 -1.93063 -3.08348 -1.42422 -2.44657 -2.9112 1.17342 0.0119969 -1.57495 2.89134 -2.05042 -2.79711
2.80198 0.319513 2.21639 -1.81625 -2.70302 -1.93063 -3.08348 -1.42422 -2.44657 -2.9112 1.17342 0.0119969 -1.57495 2.89134 -2.05042 -2.79711
2.79856 0.319513 2.21639 -1.81625 -2.70302 -1.93063 -3.08348 -1.42422 -2.44657 -2.9112 1.17342 0.0119969 -1.57495 2.89134 -2.05042 -2.79711
2.79496 0.319513 2.21639 -1.81625 -2.70302 -1.93063 -3.08348 -1.42422 -2.44657 -2.9112 1.17342 0.0119969 -1.57495 2.89134 -2.05042 -2.79711
2.79141 0.319513 2.21639 -1.81625 -2.70302 -1.93063 -3.08348 -1.42422 -2.44657 -2.9112 1.17342 0.0119969 -1.57495 2.89134 -2.05042 -2.79711
2.78789 0.319513 2.21639 -1.81625 -2.70302 -1.93063 -3.08348 -1.42422 -2.44657 -2.9112 1.17342 0.0119969 -1.57495 2.89134 -2.05042 -2.79711
2.78427 0.319513 2.21639 -1.81625 -2.70302 -1.93063 -3.08348 -1.42422 -2.44657 -2.9112 1.17342 0.0119969 -1.57495 2.89134 -2.05042 -2.79711
2.78064 0.319513 2.21639 -1.81625 -2.70302 -1.93063 -3.08348 -1.42422 -2.44657 -2.9112 1.17342 0.0119969 -1.57495 2.89134 -2.05042 -2.79711
2.77704 0.319513 2.21639 -1.81625 -2.70302 -1.93063 -3.08348 -1.42422 -2.44657 -2.9112 1.17342 0.0119969 -1.57495 2.89134 -2.05042 -2.79711
2.77311 0.319513 2.21639 -1.81625 -2.70302 -1.93063 -3.08348 -1.42422 -2.44657 -2.9112 1.17342 0.0119969 -1.57495 2.89134 -2.05042 -2.79711
2.7694 0.319513 2.21639 -1.81625 -2.70302 -1.93063 -3.08348 -1.42422 -2.44657 -2.9112 1.17342 0.0119969 -1.57495 2.89134 -2.05042 -2.79711
2.7656 0.319513 2.21639 -1.81625 -2.70302 -1.93063 -3.08348 -1.42422 -2.44657 -2.9112 1.17342 0.0119969 -1.57495 2.89134 -2.05042 -2.79711
2.76166 0.319513 2.21639 -1.81625 -2.70302 -1.93063 -3.08348 -1.42422 -2.44657 -2.9112 1.17342 0.0119969 -1.57495 2.89134 -2.05042 -2.79711
2.75796 0.319513 2.21639 -1.81625 -2.70302 -1.93063 -3.08348 -1.42422 -2.44657 -2.9112 1.17342 0.0119969 -1.57495 2.89134 -2.05042 -2.79711
2.75428 0.319513 2.21639 -1.81625 -2.70302 -1.93063 -3.08348 -1.42422 -2.44657 -2.9112 1.17342 0.0119969 -1.57495 2.89134 -2.05042 -2.79711
2.75059 0.319513 2.21639 -1.81625 -2.70302 -1.93063 -3.08348 -1.42422 -2.44657 -2.9112 1.17342 0.0119969 -1.57495 2.89134 -2.05042 -2.79711
2.74681 0.319513 2.21639 -1.81625 -2.70302 -1.93063 -3.08348 -1.42422 -2.44657 -2.9112 1.17342 0.0119969 -1.57495 2.89134 -2.05042 -2.79711
2.74306 0.319513 2.21639 -1.81625 -2.70302 -1.93063 -3.08348 -1.42422 -2.44657 -2.9112 1.17342 0.0119969 -1.57495 2.89134 -2.05042 -2.79711
2.73927 0.319513 2.21639 -1.81625 -2.70302 -1.93063 -3.08348 -1.42422 -2.44657 -2.9112 1.17342 0.0119969 -1.57495 2.89134 -2.05042 -2.79711
2.73541 0.319513 2.21639 -1.81625 -2.70302 -1.93063 -3.08348 -1.42422 -2.44657 -2.9112 1.17342 0.0119969 -1.57495 2.89134 -2.05042 -2.79711
2.73168 0.319513 2.21639 -1.81625 -2.70302 -1.93063 -3.08348 -1.42422 -2.44657 -2.9112 1.17342 0.0119969 -1.57495 2.89134 -2.05042 -2.79711
2.72787 0.319513 2.21639 -1.81625 -2.70302 -1.93063 -3.08348 -1.42422 -2.44657 -2.9112 1.17342 0.0119969 -1.57495 2.89134 -2.05042 -2.79711
2.72399 0.319513 2.21639 -1.81625 -2.70302 -1.93063 -3.08348 -1.42422 -2.44657 -2.9112 1.17342 0.0119969 -1.57495 2.89134 -2.05042 -2.79711
2.7201 0.319513 2.21639 -1.81625 -2.70302 -1.93063 -3.08348 -1.42422 -2.44657 -2.9112 1.17342 0.0119969 -1.57495 2.89134 -2.05042 -2.79711
2.7163 0.319513 2.21639 -1.81625 -2.70302 -1.93063 -3.08348 -1.42422 -2.44657 -2.9112 1.17342 0.0119969 -1.57495 2.89134 -2.05042 -2.79711
2.71247 0.319513 2.21639 -1.81625 -2.70302 -1.93063 -3.08348 -1.42422 -2.44657 -2.9112 1.17342 0.0119969 -1.57495 2.89134 -2.05042 -2.79711
2.70837 0.319513 2.21639 -1.81625 -2.70302 -1.93063 -3.08348 -1.42422 -2.44657 -2.9112 1.17342 0.0119969 -1.57495 2.89134 -2.05042 -2.79711
2.70445 0.319513 2.21639 -1.81625 -2.70302 -1.93063 -3.08348 -1.42422 -2.44657 -2.9112 1.17342 0.0119969 -1.57495 2.89134 -2.05042 -2.79711
2.7005 0.319513 2.21639 -1.81625 -2.70302 -1.93063 -3.08348 -1.42422 -2.44657 -2.9112 1.17342 0.0119969 -1.57495 2.89134 -2.05042 -2.79711
2.69658 0.319513 2.21639 -1.81625 -2.70302 -1.93063 -3.08348 -1.42422 -2.44657 -2.9112 1.17342 0.0119969 -1.57495 2.89134 -2.05042 -2.79711
2.69265 0.319513 2.21639 -1.81625 -2.70302 -1.93063 -3.08348 -1.42422 -2.44657 -2.9112 1.17342 0.0119969 -1.57495 2.89134 -2.05042 -2.79711
2.68869 0.319513 2.21639 -1.81625 -2.70302 -1.93063 -3.08348 -1.42422 -2.44657 -2.9112 1.17342 0.0119969 -1.57495 2.89134 -2.05042 -2.79711
2.68467 0.319513 2.21639 -1.81625 -2.70302 -1.93063 -3.08348 -1.42422 -2.44657 -2.9112 1.17342 0.0119969 -1.57495 2.89134 -2.05042 -2.79711
2.68069 0.319513 2.21639 -1.81625 -2.70302 -1.93063 -3.08348 -1.42422 -2.44657 -2.9112 1.17342 0.0119969 -1.57495 2.89134 -2.05042 -2.79711
2.67669 0.319513 2.21639 -1.81625 -2.70302 -1.93063 -3.08348 -1.42422 -2.44657 -2.9112 1.17342 0.0119969 -1.57495 2.89134 -2.05042 -2.79711
2.672 0.319513 2.21639 -1.81625 -2.70302 -1.93063 -3.08348 -1.42422 -2.44657 -2.9112 1.17342 0.0119969 -1.57495 2.89134 -2.05042 -2.79711
2.66766 0.319513 2.21639 -1.81625 -2.70302 -1.93063 -3.08348 -1.42422 -2.44657 -2.9112 1.17342 0.0119969 -1.57495 2.89134 -2.05042 -2.79711
2.66338 0.319513 2.21639 -1.81625 -2.70302 -1.93063 -3.08348 -1.42422 -2.44657 -2.9112 1.17342 0.0119969 -1.57495 2.89134 -2.05042 -2.79711
2.65926 0.319513 2.21639 -1.81625 -2.70302 -1.93063 -3.08348 -1.42422 -2.44657 -2.9112 1.17342 0.0119969 -1.57495 2.89134 -2.05042 -2.79711
2.65512 0.319513 2.21639 -1.81625 -2.70302 -1.93063 -3.08348 -1.42422 -2.44657 -2.9112 1.17342 0.0119969 -1.57495 2.89134 -2.05042 -2.79711
2.65101 0.319513 2.21639 -1.81625 -2.70302 -1.93063 -3.08348 -1.42422 -2.44657 -2.9112 1.17342 0.0119969 -1.57495 2.89134 -2.05042 -2.79711
2.64684 0.319513 2.21639 -1.81625 -2.70302 -1.93063 -3.08348 -1.42422 -2.44657 -2.9112 1.17342 0.0119969 -1.57495 2.89134 -2.05042 -2.79711
2.6426 0.319513 2.21639 -1.81625 -2.70302 -1.93063 -3.08348 -1.42422 -2.44657 -2.9112 1.17342 0.0119969 -1.57495 2.89134 -2.05042 -2.79711
2.63839 0.319513 2.21639 -1.81625 -2.70302 -1.93063 -3.08348 -1.42422 -2.44657 -2.9112 1.17342 0.0119969 -1.57495 2.89134 -2.05042 -2.79711
2.63409 0.319513 2.21639 -1.81625 -2.70302 -1.93063 -3.08348 -1.42422 -2.44657 -2.9112 1.17342 0.0119969 -1.57495 2.89134 -2.05042 -2.79711
2.62982 0.319513 2.21639 -1.81625 -2.70302 -1.93063 -3.08348 -1.42422 -2.44657 -2.9112 1.17342 0.0119969 -1.57495 2.89134 -2.05042 -2.79711
2.62545 0.319513 2.21639 -1.81625 -2.70302 -1.93063 -3.08348 -1.42422 -2.44657 -2.9112 1.17342 0.0119969 -1.57495 2.89134 -2.05042 -2.79711
2.62111 0.319513 2.21639 -1.81625 -2.70302 -1.93063 -3.08348 -1.42422 -2.44657 -2.9112 1.17342 0.0119969 -1.57495 2.89134 -2.05042 -2.79711
2.61678 0.319513 2.21639 -1.81625 -2.70302 -1.93063 -3.08348 -1.42422 -2.44657 -2.9112 1.17342 0.0119969 -1.57495 2.89134 -2.05042 -2.79711
2.61235 0.319513 2.21639 -1.81625 -2.70302 -1.93063 -3.08348 -1.42422 -2.44657 -2.9112 1.17342 0.0119969 -1.57495 2.89134 -2.05042 -2.79711
2.60799 0.319513 2.21639 -1.81625 -2.70302 -1.93063 -3.08348 -1.42422 -2.44657 -2.9112 1.17342 0.0119969 -1.57495 2.89134 -2.05042 -2.79711
2.60366 0.319513 2.21639 -1.81625 -2.70302 -1.93063 -3.08348 -1.42422 -2.44657 -2.9112 1.17342 0.0119969 -1.57495 2.89134 -2.05042 -2.79711
2.59927 0.319513 2.21639 -1.81625 -2.70302 -1.93063 -3.08348 -1.42422 -2.44657 -2.9112 1.17342 0.0119969 -1.57495 2.89134 -2.05042 -2.79711
2.59489 0.319513 2.21639 -1.81625 -2.70302 -1.93063 -3.08348 -1.42422 -2.44657 -2.9112 1.17342 0.0119969 -1.57495 2.89134 -2.05042 -2.79711
2.59055 0.319513 2.21639 -1.81625 -2.70302 -1.93063 -3.08348 -1.42422 -2.44657 -2.9112 1.17342 0.0119969 -1.57495 2.89134 -2.05042 -2.79711
2.58608 0.319513 2.21639 -1.81625 -2.70302 -1.93063 -3.08348 -1.42422 -2.44657 -2.9112 1.17342 0.0119969 -1.57495 2.89134 -2.05042 -2.79711
2.58165 0.319513 2.21639 -1.81625 -2.70302 -1.93063 -3.08348 -1.42422 -2.44657 -2.9112 1.17342 0.0119969 -1.57495 2.89134 -2.05042 -2.79711
2.57721 0.319513 2.21639 -1.81625 -2.70302 -1.93063 -3.08348 -1.42422 -2.44657 -2.9112 1.17342 0.0119969 -1.57495 2.89134 -2.05042 -2.79711
2.57272 0.319513 2.21639 -1.81625 -2.70302 -1.93063 -3.08348 -1.42422 -2.44657 -2.9112 1.17342 0.0119969 -1.57495 2.89134 -2.05042 -2.79711
2.56822 0.319513 2.21639 -1.81625 -2.70302 -1.93063 -3.08348 -1.42422 -2.44657 -2.9112 1.17342 0.0119969 -1.57495 2.89134 -2.05042 -2.79711
2.56371 0.319513 2.21639 -1.81625 -2.70302 -1.93063 -3.08348 -1.42422 -2.44657 -2.9112 1.17342 0.0119969 -1.57495 2.89134 -2.05042 -2.79711
2.55861 0.319513 2.21639 -1.81625 -2.70302 -1.93063 -3.08348 -1.42422 -2.44657 -2.9112 1.17342 0.0119969 -1.57495 2.89134 -2.05042 -2.79711
2.55388 0.319513 2.21639 -1.81625 -2.70302 -1.93063 -3.08348 -1.42422 -2.44657 -2.9112 1.17342 0.0119969 -1.57495 2.89134 -2.05042 -2.79711
2.54926 0.319513 2.21639 -1.81625 -2.70302 -1.93063 -3.08348 -1.42422 -2.44657 -2.9112 1.17342 0.0119969 -1.57495 2.89134 -2.05042 -2.79711
2.54442 0.319513 2.21639 -1.81625 -2.70302 -1.93063 -3.08348 -1.42422 -2.44657 -2.9112 1.17342 0.0119969 -1.57495 2.89134 -2.05042 -2.79711
2.53982 0.319513 2.21639 -1.81625 -2.70302 -1.93063 -3.08348 -1.42422 -2.44657 -2.9112 1.17342 0.0119969 -1.57495 2.89134 -2.05042 -2.79711
2.53524 0.319513 2.21639 -1.81625 -2.70302 -1.93063 -3.08348 -1.42422 -2.44657 -2.9112 1.17342 0.0119969 -1.57495 2.89134 -2.05042 -2.79711
2.53059 0.319513 2.21639 -1.81625 -2.70302 -1.93063 -3.08348 -1.42422 -2.44657 -2.9112 1.17342 0.0119969 -1.57495 2.89134 -2.05042 -2.79711
2.5258 0.319513 2.21639 -1.81625 -2.70302 -1.93063 -3.08348 -1.42422 -2.44657 -2.9112 1.17342 0.0119969 -1.57495 2.89134 -2.05042 -2.79711
2.52114 0.319513 2.21639 -1.81625 -2.70302 -1.93063 -3.08348 -1.42422 -2.44657 -2.9112 1.17342 0.0119969 -1.57495 2.89134 -2.05042 -2.79711
2.51634 0.319513 2.21639 -1.81625 -2.70302 -1.93063 -3.08348 -1.42422 -2.44657 -2.9112 1.17342 0.0119969 -1.57495 2.89134 -2.05042 -2.79711
2.5116 0.319513 2.21639 -1.81625 -2.70302 -1.93063 -3.08348 -1.42422 -2.44657 -2.9112 1.17342 0.0119969 -1.57495 2.89134 -2.05042 -2.79711
2.50673 0.319513 2.21639 -1.81625 -2.70302 -1.93063 -3.08348 -1.42422 -2.44657 -2.9112 1.17342 0.0119969 -1.57495 2.89134 -2.05042 -2.79711
2.50192 0.319513 2.21639 -1.81625 -2.70302 -1.93063 -3.08348 -1.42422 -2.44657 -2.9112 1.17342 0.0119969 -1.57495 2.89134 -2.05042 -2.79711
2.49708 0.319513 2.21639 -1.81625 -2.70302 -1.93063 -3.08348 -1.42422 -2.44657 -2.9112 1.17342 0.0119969 -1.57495 2.89134 -2.05042 -2.79711
2.49223 0.319513 2.21639 -1.81625 -2.70302 -1.93063 -3.08348 -1.42422 -2.44657 -2.9112 1.17342 0.0119969 -1.57495 2.89134 -2.05042 -2.79711
2.47455 0.319513 2.21639 -1.81625 -2.70302 -1.93063 -3.08348 -1.42422 -2.44657 -2.9112 1.17342 0.0119969 -1.57495 2.89134 -2.05042 -2.79711
2.47635 0.319513 2.21639 -1.81625 -2.70302 -1.93063 -3.08348 -1.42422 -2.44657 -2.9112 1.17342 0.0119969 -1.57495 2.89134 -2.05042 -2.79711
2.47832 0.319513 2.21639 -1.81625 -2.70302 -1.93063 -3.08348 -1.42422 -2.44657 -2.9112 1.17342 0.0119969 -1.57495 2.89134 -2.05042 -2.79711
2.48059 0.319513 2.21639 -1.81625 -2.70302 -1.93063 -3.08348 -1.42422 -2.44657 -2.9112 1.17342 0.0119969 -1.57495 2.89134 -2.05042 -2.79711
2.48301 0.319513 2.21639 -1.81625 -2.70302 -1.93063 -3.08348 -1.42422 -2.44657 -2.9112 1.17342 0.0119969 -1.57495 2.89134 -2.05042 -2.79711
2.48487 0.319513 2.21639 -1.81625 -2.70302 -1.93063 -3.08348 -1.42422 -2.44657 -2.9112 1.17342 0.0119969 -1.57495 2.89134 -2.05042 -2.79711
2.48698 0.319513 2.21639 -1.81625 -2.70302 -1.93063 -3.08348 -1.42422 -2.44657 -2.9112 1.17342 0.0119969 -1.57495 2.89134 -2.05042 -2.79711
2.48914 0.319513 2.21639 -1.81625 -2.70302 -1.93063 -3.08348 -1.42422 -2.44657 -2.9112 1.17342 0.0119969 -1.57495 2.89134 -2.05042 -2.79711
2.49124 0.319513 2.21639 -1.81625 -2.70302 -1.93063 -3.08348 -1.42422 -2.44657 -2.9112 1.17342 0.0119969 -1.57495 2.89134 -2.05042 -2.79711
2.49331 0.319513 2.21639 -1.81625 -2.70302 -1.93063 -3.08348 -1.42422 -2.44657 -2.9112 1.17342 0.0119969 -1.57495 2.89134 -2.05042 -2.79711
2.49781 0.319513 2.21639 -1.81625 -2.70302 -1.93063 -3.08348 -1.42422 -2.44657 -2.9112 1.17342 0.0119969 -1.57495 2.89134 -2.05042 -2.79711
2.50321 0.319513 2.21639 -1.81625 -2.70302 -1.93063 -3.08348 -1.42422 -2.44657 -2.9112 1.17342 0.0119969 -1.57495 2.89134 -2.05042 -2.79711
2.50907 0.319513 2.21639 -1.81625 -2.70302 -1.93063 -3.08348 -1.42422 -2.44657 -2.9112 1.17342 0.0119969 -1.57495 2.89134 -2.05042 -2.79711
2.5155 0.319513 2.21639 -1.81625 -2.70302 -1.93063 -3.08348 -1.42422 -2.44657 -2.9112 1.17342 0.0119969 -1.57495 2.89134 -2.05042 -2.79711
2.52228 0.319513 2.21639 -1.81625 -2.70302 -1.93063 -3.08348 -1.42422 -2.44657 -2.9112 1.17342 0.0119969 -1.57495 2.89134 -2.05042 -2.79711
2.52991 0.319513 2.21639 -1.81625 -2.70302 -1.93063 -3.08348 -1.42422 -2.44657 -2.9112 1.17342 0.0119969 -1.57495 2.89134 -2.05042 -2.79711
2.53826 0.319513 2.21639 -1.81625 -2.70302 -1.93063 -3.08348 -1.42422 -2.44657 -2.9112 1.17342 0.0119969 -1.57495 2.89134 -2.05042 -2.79711
2.54666 0.319513 2.21639 -1.81625 -2.70302 -1.93063 -3.08348 -1.42422 -2.44657 -2.9112 1.17342 0.0119969 -1.57495 2.89134 -2.05042 -2.79711
2.55533 0.319513 2.21639 -1.81625 -2.70302 -1.93063 -3.08348 -1.42422 -2.44657 -2.9112 1.17342 0.0119969 -1.57495 2.89134 -2.05042 -2.79711
2.5644 0.319513 2.21639 -1.81625 -2.70302 -1.93063 -3.08348 -1.42422 -2.44657 -2.9112 1.17342 0.0119969 -1.57495 2.89134 -2.05042 -2.79711
2.57371 0.319513 2.21639 -1.81625 -2.70302 -1.93063 -3.08348 -1.42422 -2.44657 -2.9112 1.17342 0.0119969 -1.57495 2.89134 -2.05042 -2.79711
2.58412 0.319513 2.21639 -1.81625 -2.70302 -1.93063 -3.08348 -1.42422 -2.44657 -2.9112 1.17342 0.0119969 -1.57495 2.89134 -2.05042 -2.79711
2.59392 0.319513 2.21639 -1.81625 -2.70302 -1.93063 -3.08348 -1.42422 -2.44657 -2.9112 1.17342 0.0119969 -1.57495 2.89134 -2.05042 -2.79711
2.60615 0.319513 2.21639 -1.81625 -2.70302 -1.93063 -3.08348 -1.42422 -2.44657 -2.9112 1.17342 0.0119969 -1.57495 2.89134 -2.05042 -2.79711
2.61734 0.319513 2.21639 -1.81625 -2.70302 -1.93063 -3.08348 -1.42422 -2.44657 -2.9112 1.17342 0.0119969 -1.57495 2.89134 -2.05042 -2.79711
2.62854 0.319513 2.21639 -1.81625 -2.70302 -1.93063 -3.08348 -1.42422 -2.44657 -2.9112 1.17342 0.0119969 -1.57495 2.89134 -2.05042 -2.79711
2.64073 0.319513 2.21639 -1.81625 -2.70302 -1.93063 -3.08348 -1.42422 -2.44657 -2.9112 1.17342 0.0119969 -1.57495 2.89134 -2.05042 -2.79711
2.65297 0.319513 2.21639 -1.81625 -2.70302 -1.93063 -3.08348 -1.42422 -2.44657 -2.9112 1.17342 0.0119969 -1.57495 2.89134 -2.05042 -2.79711
2.66563 0.319513 2.21639 -1.81625 -2.70302 -1.93063 -3.08348 -1.42422 -2.44657 -2.9112 1.17342 0.0119969 -1.57495 2.89134 -2.05042 -2.79711
2.67955 0.319513 2.21639 -1.81625 -2.70302 -1.93063 -3.08348 -1.42422 -2.44657 -2.9112 1.17342 0.0119969 -1.57495 2.89134 -2.05042 -2.79711
2.69357 0.319513 2.21639 -1.81625 -2.70302 -1.93063 -3.08348 -1.42422 -2.44657 -2.9112 1.17342 0.0119969 -1.57495 2.89134 -2.05042 -2.79711
2.70789 0.319513 2.21639 -1.81625 -2.70302 -1.93063 -3.08348 -1.42422 -2.44657 -2.9112 1.17342 0.0119969 -1.57495 2.89134 -2.05042 -2.79711
2.72295 0.319513 2.21639 -1.81625 -2.70302 -1.93063 -3.08348 -1.42422 -2.44657 -2.9112 1.17342 0.0119969 -1.57495 2.89134 -2.05042 -2.79711
2.73851 0.319513 2.21639 -1.81625 -2.70302 -1.93063 -3.08348 -1.42422 -2.44657 -2.9112 1.17342 0.0119969 -1.57495 2.89134 -2.05042 -2.79711
2.75461 0.319513 2.21639 -1.81625 -2.70302 -1.93063 -3.08348 -1.42422 -2.44657 -2.9112 1.17342 0.0119969 -1.57495 2.89134 -2.05042 -2.79711
2.77168 0.319513 2.21639 -1.81625 -2.70302 -1.93063 -3.08348 -1.42422 -2.44657 -2.9112 1.17342 0.0119969 -1.57495 2.89134 -2.05042 -2.79711
2.78937 0.319513 2.21639 -1.81625 -2.70302 -1.93063 -3.08348 -1.42422 -2.44657 -2.9112 1.17342 0.0119969 -1.57495 2.89134 -2.05042 -2.79711
