3.858
3.869
3.879
3.89
3.9
3.911
3.921
3.933
3.954
3.974
3.995
4.016
4.036
4.058
4.078
4.098
4.119
4.14
4.179
4.218
4.257
4.295
4.334
4.373
4.413
4.452
4.49
4.529
4.568
4.606
4.649
4.689
4.732
4.771
4.809
4.849
4.888
4.927
4.966
5.005
5.044
5.082
5.121
5.16
5.199
5.238
5.279
5.318
5.357
5.396
5.434
5.473
5.511
5.55
5.588
5.627
5.674
5.715
5.754
5.793
5.832
5.87
5.909
5.948
5.988
6.027
6.066
6.105
6.144
6.184
6.223
6.262
6.3
6.34
6.378
6.416
6.455
6.494
6.532
6.571
6.609
6.648
6.692
6.732
6.773
6.811
6.85
6.888
6.927
6.966
7.005
7.044
7.083
7.121
7.161
7.199
7.238
8.117
8.128
8.139
8.149
8.16
8.171
8.182
8.192
8.203
8.216
8.255
8.293
8.332
8.37
8.408
8.448
8.487
8.525
8.564
8.603
8.645
8.683
8.727
8.769
8.808
8.849
8.887
8.926
8.967
9.007
9.045
9.084
9.123
9.161
9.201
9.24
9.28
