-0.511565
-0.459925
-0.408328
-0.356604
-0.304797
-0.253001
-0.201496
-0.149746
-0.0980634
-0.027
-0.027
-0.027
-0.027
-0.027
-0.027
-0.027
-0.027
-0.027
-0.027
-0.027
-0.027
-0.027
-0.027
-0.027
-0.027
-0.027
-0.027
-0.027
-0.027
-0.027
-0.027
-0.027
-0.027
-0.027
-0.027
-0.027
-0.027
-0.027
-0.027
-0.027
-0.027
-0.027
-0.027
-0.027
-0.027
-0.027
-0.027
-0.027
-0.027
-0.027
-0.027
-0.027
-0.027
-0.027
-0.027
-0.027
-0.027
-0.027
-2.027
-2.027
-2.027
-2.027
-2.027
-2.027
-2.027
-2.027
-2.027
-2.027
-2.027
-2.027
-2.027
-2.027
-2.027
-2.027
-2.027
-2.027
-2.027
-2.027
-2.027
-2.027
-2.027
-2.027
-2.027
-2.027
-2.027
-2.027
-2.027
-2.027
-2.027
-2.027
-2.027
-2.027
-2.027
-2.027
-2.027
-2.027
-2.027
-2.027
-2.027
-2.027
-2.027
-2.027
-2.027
-2.027
-2.027
-2.027
-2.027
-2.027
-2.027
-2.027
-2.027
-2.027
-2.027
-2.027
-2.027
-2.027
-2.027
-2.027
-2.027
-2.027
-2.027
-2.027
-2.027
-2.027
-2.027
-2.027
-2.027
