1.62418 1.51044 -2.17734 1.68397 1.20392 -1.72395 2.61077 -1.79375 2.14569 -0.827174 -1.69575 1.66077 -1.95306 1.80351 1.78646 0.261956
1.62418 1.51044 -2.17734 1.68397 1.20392 -1.72395 2.61077 -1.79375 2.14569 -0.827174 -1.69575 1.66077 -1.95306 1.80351 1.78646 0.261956
1.62418 1.51044 -2.17734 1.68397 1.20392 -1.72395 2.61077 -1.79375 2.14569 -0.827174 -1.69575 1.66077 -1.95306 1.80351 1.78646 0.261956
1.62418 1.51044 -2.17734 1.68397 1.20392 -1.72395 2.61077 -1.79375 2.14569 -0.827174 -1.69575 1.66077 -1.95306 1.80351 1.78646 0.261956
1.62418 1.51044 -2.17734 1.68397 1.20392 -1.72395 2.61077 -1.79375 2.14569 -0.827174 -1.69575 1.66077 -1.95306 1.80351 1.78646 0.261956
1.62418 1.51044 -2.17734 1.68397 1.20392 -1.72395 2.61077 -1.79375 2.14569 -0.827174 -1.69575 1.66077 -1.95306 1.80351 1.78646 0.261956
1.62418 1.51044 -2.17734 1.68397 1.20392 -1.72395 2.61077 -1.79375 2.14569 -0.827174 -1.69575 1.66077 -1.95306 1.80351 1.78646 0.261956
1.62418 1.51044 -2.17734 1.68397 1.20392 -1.72395 2.61077 -1.79375 2.14569 -0.827174 -1.69575 1.66077 -1.95306 1.80351 1.78646 0.261956
1.62418 1.51044 -2.17734 1.68397 1.20392 -1.72395 2.61077 -1.79375 2.14569 -0.827174 -1.69575 1.66077 -1.95306 1.80351 1.78646 0.261956
1.62418 1.51044 -2.17734 1.68397 1.20392 -1.72395 2.61077 -1.79375 2.14569 -0.827174 -1.69575 1.66077 -1.95306 1.80351 1.78646 0.261956
1.62461 1.51044 -2.17734 1.68397 1.20392 -1.72395 2.61077 -1.79375 2.14569 -0.827174 -1.69575 1.66077 -1.95306 1.80351 1.78646 0.261956
1.62537 1.51044 -2.17734 1.68397 1.20392 -1.72395 2.61077 -1.79375 2.14569 -0.827174 -1.69575 1.66077 -1.95306 1.80351 1.78646 0.261956
1.62626 1.51044 -2.17734 1.68397 1.20392 -1.72395 2.61077 -1.79375 2.14569 -0.827174 -1.69575 1.66077 -1.95306 1.80351 1.78646 0.261956
1.62721 1.51044 -2.17734 1.68397 1.20392 -1.72395 2.61077 -1.79375 2.14569 -0.827174 -1.69575 1.66077 -1.95306 1.80351 1.78646 0.261956
1.62827 1.51044 -2.17734 1.68397 1.20392 -1.72395 2.61077 -1.79375 2.14569 -0.827174 -1.69575 1.66077 -1.95306 1.80351 1.78646 0.261956
1.62943 1.51044 -2.17734 1.68397 1.20392 -1.72395 2.61077 -1.79375 2.14569 -0.827174 -1.69575 1.66077 -1.95306 1.80351 1.78646 0.261956
1.63066 1.51044 -2.17734 1.68397 1.20392 -1.72395 2.61077 -1.79375 2.14569 -0.827174 -1.69575 1.66077 -1.95306 1.80351 1.78646 0.261956
1.63199 1.51044 -2.17734 1.68397 1.20392 -1.72395 2.61077 -1.79375 2.14569 -0.827174 -1.69575 1.66077 -1.95306 1.80351 1.78646 0.261956
1.63343 1.51044 -2.17734 1.68397 1.20392 -1.72395 2.61077 -1.79375 2.14569 -0.827174 -1.69575 1.66077 -1.95306 1.80351 1.78646 0.261956
1.63639 1.51044 -2.17734 1.68397 1.20392 -1.72395 2.61077 -1.79375 2.14569 -0.827174 -1.69575 1.66077 -1.95306 1.80351 1.78646 0.261956
1.63988 1.51044 -2.17734 1.68397 1.20392 -1.72395 2.61077 -1.79375 2.14569 -0.827174 -1.69575 1.66077 -1.95306 1.80351 1.78646 0.261956
1.64372 1.51044 -2.17734 1.68397 1.20392 -1.72395 2.61077 -1.79375 2.14569 -0.827174 -1.69575 1.66077 -1.95306 1.80351 1.78646 0.261956
1.64768 1.51044 -2.17734 1.68397 1.20392 -1.72395 2.61077 -1.79375 2.14569 -0.827174 -1.69575 1.66077 -1.95306 1.80351 1.78646 0.261956
1.65201 1.51044 -2.17734 1.68397 1.20392 -1.72395 2.61077 -1.79375 2.14569 -0.827174 -1.69575 1.66077 -1.95306 1.80351 1.78646 0.261956
1.6567 1.51044 -2.17734 1.68397 1.20392 -1.72395 2.61077 -1.79375 2.14569 -0.827174 -1.69575 1.66077 -1.95306 1.80351 1.78646 0.261956
1.66162 1.51044 -2.17734 1.68397 1.20392 -1.72395 2.61077 -1.79375 2.14569 -0.827174 -1.69575 1.66077 -1.95306 1.80351 1.78646 0.261956
1.6665 1.51044 -2.17734 1.68397 1.20392 -1.72395 2.61077 -1.79375 2.14569 -0.827174 -1.69575 1.66077 -1.95306 1.80351 1.78646 0.261956
1.67132 1.51044 -2.17734 1.68397 1.20392 -1.72395 2.61077 -1.79375 2.14569 -0.827174 -1.69575 1.66077 -1.95306 1.80351 1.78646 0.261956
1.67665 1.51044 -2.17734 1.68397 1.20392 -1.72395 2.61077 -1.79375 2.14569 -0.827174 -1.69575 1.66077 -1.95306 1.80351 1.78646 0.261956
1.68213 1.51044 -2.17734 1.68397 1.20392 -1.72395 2.61077 -1.79375 2.14569 -0.827174 -1.69575 1.66077 -1.95306 1.80351 1.78646 0.261956
1.68768 1.51044 -2.17734 1.68397 1.20392 -1.72395 2.61077 -1.79375 2.14569 -0.827174 -1.69575 1.66077 -1.95306 1.80351 1.78646 0.261956
1.69331 1.51044 -2.17734 1.68397 1.20392 -1.72395 2.61077 -1.79375 2.14569 -0.827174 -1.69575 1.66077 -1.95306 1.80351 1.78646 0.261956
1.69927 1.51044 -2.17734 1.68397 1.20392 -1.72395 2.61077 -1.79375 2.14569 -0.827174 -1.69575 1.66077 -1.95306 1.80351 1.78646 0.261956
1.70564 1.51044 -2.17734 1.68397 1.20392 -1.72395 2.61077 -1.79375 2.14569 -0.827174 -1.69575 1.66077 -1.95306 1.80351 1.78646 0.261956
1.71205 1.51044 -2.17734 1.68397 1.20392 -1.72395 2.61077 -1.79375 2.14569 -0.827174 -1.69575 1.66077 -1.95306 1.80351 1.78646 0.261956
1.71852 1.51044 -2.17734 1.68397 1.20392 -1.72395 2.61077 -1.79375 2.14569 -0.827174 -1.69575 1.66077 -1.95306 1.80351 1.78646 0.261956
1.72544 1.51044 -2.17734 1.68397 1.20392 -1.72395 2.61077 -1.79375 2.14569 -0.827174 -1.69575 1.66077 -1.95306 1.80351 1.78646 0.261956
1.73256 1.51044 -2.17734 1.68397 1.20392 -1.72395 2.61077 -1.79375 2.14569 -0.827174 -1.69575 1.66077 -1.95306 1.80351 1.78646 0.261956
1.73965 1.51044 -2.17734 1.68397 1.20392 -1.72395 2.61077 -1.79375 2.14569 -0.827174 -1.69575 1.66077 -1.95306 1.80351 1.78646 0.261956
1.74689 1.51044 -2.17734 1.68397 1.20392 -1.72395 2.61077 -1.79375 2.14569 -0.827174 -1.69575 1.66077 -1.95306 1.80351 1.78646 0.261956
1.75428 1.51044 -2.17734 1.68397 1.20392 -1.72395 2.61077 -1.79375 2.14569 -0.827174 -1.69575 1.66077 -1.95306 1.80351 1.78646 0.261956
1.76207 1.51044 -2.17734 1.68397 1.20392 -1.72395 2.61077 -1.79375 2.14569 -0.827174 -1.69575 1.66077 -1.95306 1.80351 1.78646 0.261956
1.7699 1.51044 -2.17734 1.68397 1.20392 -1.72395 2.61077 -1.79375 2.14569 -0.827174 -1.69575 1.66077 -1.95306 1.80351 1.78646 0.261956
1.77808 1.51044 -2.17734 1.68397 1.20392 -1.72395 2.61077 -1.79375 2.14569 -0.827174 -1.69575 1.66077 -1.95306 1.80351 1.78646 0.261956
1.78658 1.51044 -2.17734 1.68397 1.20392 -1.72395 2.61077 -1.79375 2.14569 -0.827174 -1.69575 1.66077 -1.95306 1.80351 1.78646 0.261956
1.79518 1.51044 -2.17734 1.68397 1.20392 -1.72395 2.61077 -1.79375 2.14569 -0.827174 -1.69575 1.66077 -1.95306 1.80351 1.78646 0.261956
1.80426 1.51044 -2.17734 1.68397 1.20392 -1.72395 2.61077 -1.79375 2.14569 -0.827174 -1.69575 1.66077 -1.95306 1.80351 1.78646 0.261956
1.81337 1.51044 -2.17734 1.68397 1.20392 -1.72395 2.61077 -1.79375 2.14569 -0.827174 -1.69575 1.66077 -1.95306 1.80351 1.78646 0.261956
1.82296 1.51044 -2.17734 1.68397 1.20392 -1.72395 2.61077 -1.79375 2.14569 -0.827174 -1.69575 1.66077 -1.95306 1.80351 1.78646 0.261956
1.83289 1.51044 -2.17734 1.68397 1.20392 -1.72395 2.61077 -1.79375 2.14569 -0.827174 -1.69575 1.66077 -1.95306 1.80351 1.78646 0.261956
1.84308 1.51044 -2.17734 1.68397 1.20392 -1.72395 2.61077 -1.79375 2.14569 -0.827174 -1.69575 1.66077 -1.95306 1.80351 1.78646 0.261956
1.85352 1.51044 -2.17734 1.68397 1.20392 -1.72395 2.61077 -1.79375 2.14569 -0.827174 -1.69575 1.66077 -1.95306 1.80351 1.78646 0.261956
1.86447 1.51044 -2.17734 1.68397 1.20392 -1.72395 2.61077 -1.79375 2.14569 -0.827174 -1.69575 1.66077 -1.95306 1.80351 1.78646 0.261956
1.8758 1.51044 -2.17734 1.68397 1.20392 -1.72395 2.61077 -1.79375 2.14569 -0.827174 -1.69575 1.66077 -1.95306 1.80351 1.78646 0.261956
1.88768 1.51044 -2.17734 1.68397 1.20392 -1.72395 2.61077 -1.79375 2.14569 -0.827174 -1.69575 1.66077 -1.95306 1.80351 1.78646 0.261956
1.90008 1.51044 -2.17734 1.68397 1.20392 -1.72395 2.61077 -1.79375 2.14569 -0.827174 -1.69575 1.66077 -1.95306 1.80351 1.78646 0.261956
1.91269 1.51044 -2.17734 1.68397 1.20392 -1.72395 2.61077 -1.79375 2.14569 -0.827174 -1.69575 1.66077 -1.95306 1.80351 1.78646 0.261956
1.92557 1.51044 -2.17734 1.68397 1.20392 -1.72395 2.61077 -1.79375 2.14569 -0.827174 -1.69575 1.66077 -1.95306 1.80351 1.78646 0.261956
1.91865 1.51044 -2.17734 1.68397 1.20392 -1.72395 2.61077 -1.79375 2.14569 -0.827174 -1.69575 1.66077 -1.95306 1.80351 1.78646 0.261956
1.91724 1.51044 -2.17734 1.68397 1.20392 -1.72395 2.61077 -1.79375 2.14569 -0.827174 -1.69575 1.66077 -1.95306 1.80351 1.78646 0.261956
1.9158 1.51044 -2.17734 1.68397 1.20392 -1.72395 2.61077 -1.79375 2.14569 -0.827174 -1.69575 1.66077 -1.95306 1.80351 1.78646 0.261956
1.91426 1.51044 -2.17734 1.68397 1.20392 -1.72395 2.61077 -1.79375 2.14569 -0.827174 -1.69575 1.66077 -1.95306 1.80351 1.78646 0.261956
1.91236 1.51044 -2.17734 1.68397 1.20392 -1.72395 2.61077 -1.79375 2.14569 -0.827174 -1.69575 1.66077 -1.95306 1.80351 1.78646 0.261956
1.91023 1.51044 -2.17734 1.68397 1.20392 -1.72395 2.61077 -1.79375 2.14569 -0.827174 -1.69575 1.66077 -1.95306 1.80351 1.78646 0.261956
1.90794 1.51044 -2.17734 1.68397 1.20392 -1.72395 2.61077 -1.79375 2.14569 -0.827174 -1.69575 1.66077 -1.95306 1.80351 1.78646 0.261956
1.90564 1.51044 -2.17734 1.68397 1.20392 -1.72395 2.61077 -1.79375 2.14569 -0.827174 -1.69575 1.66077 -1.95306 1.80351 1.78646 0.261956
1.9034 1.51044 -2.17734 1.68397 1.20392 -1.72395 2.61077 -1.79375 2.14569 -0.827174 -1.69575 1.66077 -1.95306 1.80351 1.78646 0.261956
1.90116 1.51044 -2.17734 1.68397 1.20392 -1.72395 2.61077 -1.79375 2.14569 -0.827174 -1.69575 1.66077 -1.95306 1.80351 1.78646 0.261956
1.89698 1.51044 -2.17734 1.68397 1.20392 -1.72395 2.61077 -1.79375 2.14569 -0.827174 -1.69575 1.66077 -1.95306 1.80351 1.78646 0.261956
1.89273 1.51044 -2.17734 1.68397 1.20392 -1.72395 2.61077 -1.79375 2.14569 -0.827174 -1.69575 1.66077 -1.95306 1.80351 1.78646 0.261956
1.8884 1.51044 -2.17734 1.68397 1.20392 -1.72395 2.61077 -1.79375 2.14569 -0.827174 -1.69575 1.66077 -1.95306 1.80351 1.78646 0.261956
1.88412 1.51044 -2.17734 1.68397 1.20392 -1.72395 2.61077 -1.79375 2.14569 -0.827174 -1.69575 1.66077 -1.95306 1.80351 1.78646 0.261956
1.8799 1.51044 -2.17734 1.68397 1.20392 -1.72395 2.61077 -1.79375 2.14569 -0.827174 -1.69575 1.66077 -1.95306 1.80351 1.78646 0.261956
1.87567 1.51044 -2.17734 1.68397 1.20392 -1.72395 2.61077 -1.79375 2.14569 -0.827174 -1.69575 1.66077 -1.95306 1.80351 1.78646 0.261956
1.87138 1.51044 -2.17734 1.68397 1.20392 -1.72395 2.61077 -1.79375 2.14569 -0.827174 -1.69575 1.66077 -1.95306 1.80351 1.78646 0.261956
1.867 1.51044 -2.17734 1.68397 1.20392 -1.72395 2.61077 -1.79375 2.14569 -0.827174 -1.69575 1.66077 -1.95306 1.80351 1.78646 0.261956
1.86263 1.51044 -2.17734 1.68397 1.20392 -1.72395 2.61077 -1.79375 2.14569 -0.827174 -1.69575 1.66077 -1.95306 1.80351 1.78646 0.261956
1.85825 1.51044 -2.17734 1.68397 1.20392 -1.72395 2.61077 -1.79375 2.14569 -0.827174 -1.69575 1.66077 -1.95306 1.80351 1.78646 0.261956
1.85393 1.51044 -2.17734 1.68397 1.20392 -1.72395 2.61077 -1.79375 2.14569 -0.827174 -1.69575 1.66077 -1.95306 1.80351 1.78646 0.261956
1.8494 1.51044 -2.17734 1.68397 1.20392 -1.72395 2.61077 -1.79375 2.14569 -0.827174 -1.69575 1.66077 -1.95306 1.80351 1.78646 0.261956
1.84508 1.51044 -2.17734 1.68397 1.20392 -1.72395 2.61077 -1.79375 2.14569 -0.827174 -1.69575 1.66077 -1.95306 1.80351 1.78646 0.261956
1.84036 1.51044 -2.17734 1.68397 1.20392 -1.72395 2.61077 -1.79375 2.14569 -0.827174 -1.69575 1.66077 -1.95306 1.80351 1.78646 0.261956
1.83596 1.51044 -2.17734 1.68397 1.20392 -1.72395 2.61077 -1.79375 2.14569 -0.827174 -1.69575 1.66077 -1.95306 1.80351 1.78646 0.261956
1.83146 1.51044 -2.17734 1.68397 1.20392 -1.72395 2.61077 -1.79375 2.14569 -0.827174 -1.69575 1.66077 -1.95306 1.80351 1.78646 0.261956
1.82691 1.51044 -2.17734 1.68397 1.20392 -1.72395 2.61077 -1.79375 2.14569 -0.827174 -1.69575 1.66077 -1.95306 1.80351 1.78646 0.261956
1.82228 1.51044 -2.17734 1.68397 1.20392 -1.72395 2.61077 -1.79375 2.14569 -0.827174 -1.69575 1.66077 -1.95306 1.80351 1.78646 0.261956
1.81751 1.51044 -2.17734 1.68397 1.20392 -1.72395 2.61077 -1.79375 2.14569 -0.827174 -1.69575 1.66077 -1.95306 1.80351 1.78646 0.261956
1.81294 1.51044 -2.17734 1.68397 1.20392 -1.72395 2.61077 -1.79375 2.14569 -0.827174 -1.69575 1.66077 -1.95306 1.80351 1.78646 0.261956
1.80843 1.51044 -2.17734 1.68397 1.20392 -1.72395 2.61077 -1.79375 2.14569 -0.827174 -1.69575 1.66077 -1.95306 1.80351 1.78646 0.261956
1.80367 1.51044 -2.17734 1.68397 1.20392 -1.72395 2.61077 -1.79375 2.14569 -0.827174 -1.69575 1.66077 -1.95306 1.80351 1.78646 0.261956
1.79909 1.51044 -2.17734 1.68397 1.20392 -1.72395 2.61077 -1.79375 2.14569 -0.827174 -1.69575 1.66077 -1.95306 1.80351 1.78646 0.261956
1.79442 1.51044 -2.17734 1.68397 1.20392 -1.72395 2.61077 -1.79375 2.14569 -0.827174 -1.69575 1.66077 -1.95306 1.80351 1.78646 0.261956
1.78976 1.51044 -2.17734 1.68397 1.20392 -1.72395 2.61077 -1.79375 2.14569 -0.827174 -1.69575 1.66077 -1.95306 1.80351 1.78646 0.261956
1.78511 1.51044 -2.17734 1.68397 1.20392 -1.72395 2.61077 -1.79375 2.14569 -0.827174 -1.69575 1.66077 -1.95306 1.80351 1.78646 0.261956
1.78016 1.51044 -2.17734 1.68397 1.20392 -1.72395 2.61077 -1.79375 2.14569 -0.827174 -1.69575 1.66077 -1.95306 1.80351 1.78646 0.261956
1.77522 1.51044 -2.17734 1.68397 1.20392 -1.72395 2.61077 -1.79375 2.14569 -0.827174 -1.69575 1.66077 -1.95306 1.80351 1.78646 0.261956
1.77036 1.51044 -2.17734 1.68397 1.20392 -1.72395 2.61077 -1.79375 2.14569 -0.827174 -1.69575 1.66077 -1.95306 1.80351 1.78646 0.261956
1.76566 1.51044 -2.17734 1.68397 1.20392 -1.72395 2.61077 -1.79375 2.14569 -0.827174 -1.69575 1.66077 -1.95306 1.80351 1.78646 0.261956
1.76086 1.51044 -2.17734 1.68397 1.20392 -1.72395 2.61077 -1.79375 2.14569 -0.827174 -1.69575 1.66077 -1.95306 1.80351 1.78646 0.261956
1.75604 1.51044 -2.17734 1.68397 1.20392 -1.72395 2.61077 -1.79375 2.14569 -0.827174 -1.69575 1.66077 -1.95306 1.80351 1.78646 0.261956
1.75133 1.51044 -2.17734 1.68397 1.20392 -1.72395 2.61077 -1.79375 2.14569 -0.827174 -1.69575 1.66077 -1.95306 1.80351 1.78646 0.261956
1.74649 1.51044 -2.17734 1.68397 1.20392 -1.72395 2.61077 -1.79375 2.14569 -0.827174 -1.69575 1.66077 -1.95306 1.80351 1.78646 0.261956
1.74168 1.51044 -2.17734 1.68397 1.20392 -1.72395 2.61077 -1.79375 2.14569 -0.827174 -1.69575 1.66077 -1.95306 1.80351 1.78646 0.261956
1.73678 1.51044 -2.17734 1.68397 1.20392 -1.72395 2.61077 -1.79375 2.14569 -0.827174 -1.69575 1.66077 -1.95306 1.80351 1.78646 0.261956
1.73183 1.51044 -2.17734 1.68397 1.20392 -1.72395 2.61077 -1.79375 2.14569 -0.827174 -1.69575 1.66077 -1.95306 1.80351 1.78646 0.261956
1.72694 1.51044 -2.17734 1.68397 1.20392 -1.72395 2.61077 -1.79375 2.14569 -0.827174 -1.69575 1.66077 -1.95306 1.80351 1.78646 0.261956
1.72195 1.51044 -2.17734 1.68397 1.20392 -1.72395 2.61077 -1.79375 2.14569 -0.827174 -1.69575 1.66077 -1.95306 1.80351 1.78646 0.261956
1.71702 1.51044 -2.17734 1.68397 1.20392 -1.72395 2.61077 -1.79375 2.14569 -0.827174 -1.69575 1.66077 -1.95306 1.80351 1.78646 0.261956
1.71219 1.51044 -2.17734 1.68397 1.20392 -1.72395 2.61077 -1.79375 2.14569 -0.827174 -1.69575 1.66077 -1.95306 1.80351 1.78646 0.261956
1.70704 1.51044 -2.17734 1.68397 1.20392 -1.72395 2.61077 -1.79375 2.14569 -0.827174 -1.69575 1.66077 -1.95306 1.80351 1.78646 0.261956
1.70104 1.51044 -2.17734 1.68397 1.20392 -1.72395 2.61077 -1.79375 2.14569 -0.827174 -1.69575 1.66077 -1.95306 1.80351 1.78646 0.261956
1.69604 1.51044 -2.17734 1.68397 1.20392 -1.72395 2.61077 -1.79375 2.14569 -0.827174 -1.69575 1.66077 -1.95306 1.80351 1.78646 0.261956
1.69094 1.51044 -2.17734 1.68397 1.20392 -1.72395 2.61077 -1.79375 2.14569 -0.827174 -1.69575 1.66077 -1.95306 1.80351 1.78646 0.261956
1.68591 1.51044 -2.17734 1.68397 1.20392 -1.72395 2.61077 -1.79375 2.14569 -0.827174 -1.69575 1.66077 -1.95306 1.80351 1.78646 0.261956
1.6807 1.51044 -2.17734 1.68397 1.20392 -1.72395 2.61077 -1.79375 2.14569 -0.827174 -1.69575 1.66077 -1.95306 1.80351 1.78646 0.261956
1.67564 1.51044 -2.17734 1.68397 1.20392 -1.72395 2.61077 -1.79375 2.14569 -0.827174 -1.69575 1.66077 -1.95306 1.80351 1.78646 0.261956
1.67048 1.51044 -2.17734 1.68397 1.20392 -1.72395 2.61077 -1.79375 2.14569 -0.827174 -1.69575 1.66077 -1.95306 1.80351 1.78646 0.261956
1.66538 1.51044 -2.17734 1.68397 1.20392 -1.72395 2.61077 -1.79375 2.14569 -0.827174 -1.69575 1.66077 -1.95306 1.80351 1.78646 0.261956
1.6602 1.51044 -2.17734 1.68397 1.20392 -1.72395 2.61077 -1.79375 2.14569 -0.827174 -1.69575 1.66077 -1.95306 1.80351 1.78646 0.261956
1.65505 1.51044 -2.17734 1.68397 1.20392 -1.72395 2.61077 -1.79375 2.14569 -0.827174 -1.69575 1.66077 -1.95306 1.80351 1.78646 0.261956
1.64957 1.51044 -2.17734 1.68397 1.20392 -1.72395 2.61077 -1.79375 2.14569 -0.827174 -1.69575 1.66077 -1.95306 1.80351 1.78646 0.261956
1.64424 1.51044 -2.17734 1.68397 1.20392 -1.72395 2.61077 -1.79375 2.14569 -0.827174 -1.69575 1.66077 -1.95306 1.80351 1.78646 0.261956
1.63898 1.51044 -2.17734 1.68397 1.20392 -1.72395 2.61077 -1.79375 2.14569 -0.827174 -1.69575 1.66077 -1.95306 1.80351 1.78646 0.261956
1.63372 1.51044 -2.17734 1.68397 1.20392 -1.72395 2.61077 -1.79375 2.14569 -0.827174 -1.69575 1.66077 -1.95306 1.80351 1.78646 0.261956
1.62844 1.51044 -2.17734 1.68397 1.20392 -1.72395 2.61077 -1.79375 2.14569 -0.827174 -1.69575 1.66077 -1.95306 1.80351 1.78646 0.261956
1.62315 1.51044 -2.17734 1.68397 1.20392 -1.72395 2.61077 -1.79375 2.14569 -0.827174 -1.69575 1.66077 -1.95306 1.80351 1.78646 0.261956
1.61786 1.51044 -2.17734 1.68397 1.20392 -1.72395 2.61077 -1.79375 2.14569 -0.827174 -1.69575 1.66077 -1.95306 1.80351 1.78646 0.261956
