3.179
3.189
3.2
3.21
3.22
3.231
3.241
3.252
3.262
3.282
3.302
3.323
3.343
3.364
3.384
3.405
3.426
3.447
3.468
3.506
3.545
3.583
3.622
3.661
3.7
3.738
3.776
3.815
3.855
3.894
3.933
3.972
4.011
4.051
4.09
4.129
4.17
4.209
4.248
4.286
4.325
4.364
4.402
4.441
4.479
4.517
4.556
4.595
4.634
4.673
4.711
4.75
4.789
4.829
4.869
4.909
4.949
4.987
6.369
6.38
6.39
6.401
6.412
6.422
6.433
6.444
6.455
6.468
6.507
6.547
6.585
6.624
6.663
6.701
6.74
6.779
6.818
6.857
6.898
6.936
6.977
7.016
7.055
7.094
7.134
7.175
7.214
7.253
7.293
7.332
7.371
7.41
7.449
7.49
7.531
7.571
7.609
7.648
7.688
7.727
7.765
7.804
7.843
7.883
7.923
7.962
8
8.039
8.078
8.125
8.165
8.204
8.243
8.282
8.322
8.361
8.4
8.438
8.477
8.518
8.557
8.597
8.636
8.675
8.713
8.752
8.791
