2.67252 0.591997 0.184716 -1.13138 -2.85721 1.03804 2.52989 -0.501824 -0.153597 1.23194 -1.65356 -0.281212 -0.103267 2.90198 0.670611 0.209471
2.67249 0.591997 0.184716 -1.13138 -2.85721 1.03804 2.52989 -0.501824 -0.153597 1.23194 -1.65356 -0.281212 -0.103267 2.90198 0.670611 0.209471
2.67239 0.591997 0.184716 -1.13138 -2.85721 1.03804 2.52989 -0.501824 -0.153597 1.23194 -1.65356 -0.281212 -0.103267 2.90198 0.670611 0.209471
2.6722 0.591997 0.184716 -1.13138 -2.85721 1.03804 2.52989 -0.501824 -0.153597 1.23194 -1.65356 -0.281212 -0.103267 2.90198 0.670611 0.209471
2.67197 0.591997 0.184716 -1.13138 -2.85721 1.03804 2.52989 -0.501824 -0.153597 1.23194 -1.65356 -0.281212 -0.103267 2.90198 0.670611 0.209471
2.67138 0.591997 0.184716 -1.13138 -2.85721 1.03804 2.52989 -0.501824 -0.153597 1.23194 -1.65356 -0.281212 -0.103267 2.90198 0.670611 0.209471
2.67045 0.591997 0.184716 -1.13138 -2.85721 1.03804 2.52989 -0.501824 -0.153597 1.23194 -1.65356 -0.281212 -0.103267 2.90198 0.670611 0.209471
2.66938 0.591997 0.184716 -1.13138 -2.85721 1.03804 2.52989 -0.501824 -0.153597 1.23194 -1.65356 -0.281212 -0.103267 2.90198 0.670611 0.209471
2.66815 0.591997 0.184716 -1.13138 -2.85721 1.03804 2.52989 -0.501824 -0.153597 1.23194 -1.65356 -0.281212 -0.103267 2.90198 0.670611 0.209471
2.66668 0.591997 0.184716 -1.13138 -2.85721 1.03804 2.52989 -0.501824 -0.153597 1.23194 -1.65356 -0.281212 -0.103267 2.90198 0.670611 0.209471
2.66533 0.591997 0.184716 -1.13138 -2.85721 1.03804 2.52989 -0.501824 -0.153597 1.23194 -1.65356 -0.281212 -0.103267 2.90198 0.670611 0.209471
2.66383 0.591997 0.184716 -1.13138 -2.85721 1.03804 2.52989 -0.501824 -0.153597 1.23194 -1.65356 -0.281212 -0.103267 2.90198 0.670611 0.209471
2.66242 0.591997 0.184716 -1.13138 -2.85721 1.03804 2.52989 -0.501824 -0.153597 1.23194 -1.65356 -0.281212 -0.103267 2.90198 0.670611 0.209471
2.66081 0.591997 0.184716 -1.13138 -2.85721 1.03804 2.52989 -0.501824 -0.153597 1.23194 -1.65356 -0.281212 -0.103267 2.90198 0.670611 0.209471
2.65931 0.591997 0.184716 -1.13138 -2.85721 1.03804 2.52989 -0.501824 -0.153597 1.23194 -1.65356 -0.281212 -0.103267 2.90198 0.670611 0.209471
2.65763 0.591997 0.184716 -1.13138 -2.85721 1.03804 2.52989 -0.501824 -0.153597 1.23194 -1.65356 -0.281212 -0.103267 2.90198 0.670611 0.209471
2.65597 0.591997 0.184716 -1.13138 -2.85721 1.03804 2.52989 -0.501824 -0.153597 1.23194 -1.65356 -0.281212 -0.103267 2.90198 0.670611 0.209471
2.6543 0.591997 0.184716 -1.13138 -2.85721 1.03804 2.52989 -0.501824 -0.153597 1.23194 -1.65356 -0.281212 -0.103267 2.90198 0.670611 0.209471
2.6527 0.591997 0.184716 -1.13138 -2.85721 1.03804 2.52989 -0.501824 -0.153597 1.23194 -1.65356 -0.281212 -0.103267 2.90198 0.670611 0.209471
2.65105 0.591997 0.184716 -1.13138 -2.85721 1.03804 2.52989 -0.501824 -0.153597 1.23194 -1.65356 -0.281212 -0.103267 2.90198 0.670611 0.209471
2.64779 0.591997 0.184716 -1.13138 -2.85721 1.03804 2.52989 -0.501824 -0.153597 1.23194 -1.65356 -0.281212 -0.103267 2.90198 0.670611 0.209471
2.64431 0.591997 0.184716 -1.13138 -2.85721 1.03804 2.52989 -0.501824 -0.153597 1.23194 -1.65356 -0.281212 -0.103267 2.90198 0.670611 0.209471
2.64093 0.591997 0.184716 -1.13138 -2.85721 1.03804 2.52989 -0.501824 -0.153597 1.23194 -1.65356 -0.281212 -0.103267 2.90198 0.670611 0.209471
2.6376 0.591997 0.184716 -1.13138 -2.85721 1.03804 2.52989 -0.501824 -0.153597 1.23194 -1.65356 -0.281212 -0.103267 2.90198 0.670611 0.209471
2.63411 0.591997 0.184716 -1.13138 -2.85721 1.03804 2.52989 -0.501824 -0.153597 1.23194 -1.65356 -0.281212 -0.103267 2.90198 0.670611 0.209471
2.63068 0.591997 0.184716 -1.13138 -2.85721 1.03804 2.52989 -0.501824 -0.153597 1.23194 -1.65356 -0.281212 -0.103267 2.90198 0.670611 0.209471
2.62716 0.591997 0.184716 -1.13138 -2.85721 1.03804 2.52989 -0.501824 -0.153597 1.23194 -1.65356 -0.281212 -0.103267 2.90198 0.670611 0.209471
2.62382 0.591997 0.184716 -1.13138 -2.85721 1.03804 2.52989 -0.501824 -0.153597 1.23194 -1.65356 -0.281212 -0.103267 2.90198 0.670611 0.209471
2.62051 0.591997 0.184716 -1.13138 -2.85721 1.03804 2.52989 -0.501824 -0.153597 1.23194 -1.65356 -0.281212 -0.103267 2.90198 0.670611 0.209471
2.61709 0.591997 0.184716 -1.13138 -2.85721 1.03804 2.52989 -0.501824 -0.153597 1.23194 -1.65356 -0.281212 -0.103267 2.90198 0.670611 0.209471
2.61372 0.591997 0.184716 -1.13138 -2.85721 1.03804 2.52989 -0.501824 -0.153597 1.23194 -1.65356 -0.281212 -0.103267 2.90198 0.670611 0.209471
2.61029 0.591997 0.184716 -1.13138 -2.85721 1.03804 2.52989 -0.501824 -0.153597 1.23194 -1.65356 -0.281212 -0.103267 2.90198 0.670611 0.209471
2.60674 0.591997 0.184716 -1.13138 -2.85721 1.03804 2.52989 -0.501824 -0.153597 1.23194 -1.65356 -0.281212 -0.103267 2.90198 0.670611 0.209471
2.60325 0.591997 0.184716 -1.13138 -2.85721 1.03804 2.52989 -0.501824 -0.153597 1.23194 -1.65356 -0.281212 -0.103267 2.90198 0.670611 0.209471
2.59981 0.591997 0.184716 -1.13138 -2.85721 1.03804 2.52989 -0.501824 -0.153597 1.23194 -1.65356 -0.281212 -0.103267 2.90198 0.670611 0.209471
2.59623 0.591997 0.184716 -1.13138 -2.85721 1.03804 2.52989 -0.501824 -0.153597 1.23194 -1.65356 -0.281212 -0.103267 2.90198 0.670611 0.209471
2.59277 0.591997 0.184716 -1.13138 -2.85721 1.03804 2.52989 -0.501824 -0.153597 1.23194 -1.65356 -0.281212 -0.103267 2.90198 0.670611 0.209471
2.58927 0.591997 0.184716 -1.13138 -2.85721 1.03804 2.52989 -0.501824 -0.153597 1.23194 -1.65356 -0.281212 -0.103267 2.90198 0.670611 0.209471
2.58552 0.591997 0.184716 -1.13138 -2.85721 1.03804 2.52989 -0.501824 -0.153597 1.23194 -1.65356 -0.281212 -0.103267 2.90198 0.670611 0.209471
2.58177 0.591997 0.184716 -1.13138 -2.85721 1.03804 2.52989 -0.501824 -0.153597 1.23194 -1.65356 -0.281212 -0.103267 2.90198 0.670611 0.209471
2.5782 0.591997 0.184716 -1.13138 -2.85721 1.03804 2.52989 -0.501824 -0.153597 1.23194 -1.65356 -0.281212 -0.103267 2.90198 0.670611 0.209471
2.57462 0.591997 0.184716 -1.13138 -2.85721 1.03804 2.52989 -0.501824 -0.153597 1.23194 -1.65356 -0.281212 -0.103267 2.90198 0.670611 0.209471
2.57103 0.591997 0.184716 -1.13138 -2.85721 1.03804 2.52989 -0.501824 -0.153597 1.23194 -1.65356 -0.281212 -0.103267 2.90198 0.670611 0.209471
2.5672 0.591997 0.184716 -1.13138 -2.85721 1.03804 2.52989 -0.501824 -0.153597 1.23194 -1.65356 -0.281212 -0.103267 2.90198 0.670611 0.209471
2.56358 0.591997 0.184716 -1.13138 -2.85721 1.03804 2.52989 -0.501824 -0.153597 1.23194 -1.65356 -0.281212 -0.103267 2.90198 0.670611 0.209471
2.55996 0.591997 0.184716 -1.13138 -2.85721 1.03804 2.52989 -0.501824 -0.153597 1.23194 -1.65356 -0.281212 -0.103267 2.90198 0.670611 0.209471
2.5564 0.591997 0.184716 -1.13138 -2.85721 1.03804 2.52989 -0.501824 -0.153597 1.23194 -1.65356 -0.281212 -0.103267 2.90198 0.670611 0.209471
2.55281 0.591997 0.184716 -1.13138 -2.85721 1.03804 2.52989 -0.501824 -0.153597 1.23194 -1.65356 -0.281212 -0.103267 2.90198 0.670611 0.209471
2.54911 0.591997 0.184716 -1.13138 -2.85721 1.03804 2.52989 -0.501824 -0.153597 1.23194 -1.65356 -0.281212 -0.103267 2.90198 0.670611 0.209471
2.54476 0.591997 0.184716 -1.13138 -2.85721 1.03804 2.52989 -0.501824 -0.153597 1.23194 -1.65356 -0.281212 -0.103267 2.90198 0.670611 0.209471
2.54058 0.591997 0.184716 -1.13138 -2.85721 1.03804 2.52989 -0.501824 -0.153597 1.23194 -1.65356 -0.281212 -0.103267 2.90198 0.670611 0.209471
2.53689 0.591997 0.184716 -1.13138 -2.85721 1.03804 2.52989 -0.501824 -0.153597 1.23194 -1.65356 -0.281212 -0.103267 2.90198 0.670611 0.209471
2.53315 0.591997 0.184716 -1.13138 -2.85721 1.03804 2.52989 -0.501824 -0.153597 1.23194 -1.65356 -0.281212 -0.103267 2.90198 0.670611 0.209471
2.52936 0.591997 0.184716 -1.13138 -2.85721 1.03804 2.52989 -0.501824 -0.153597 1.23194 -1.65356 -0.281212 -0.103267 2.90198 0.670611 0.209471
2.52553 0.591997 0.184716 -1.13138 -2.85721 1.03804 2.52989 -0.501824 -0.153597 1.23194 -1.65356 -0.281212 -0.103267 2.90198 0.670611 0.209471
2.52175 0.591997 0.184716 -1.13138 -2.85721 1.03804 2.52989 -0.501824 -0.153597 1.23194 -1.65356 -0.281212 -0.103267 2.90198 0.670611 0.209471
2.51795 0.591997 0.184716 -1.13138 -2.85721 1.03804 2.52989 -0.501824 -0.153597 1.23194 -1.65356 -0.281212 -0.103267 2.90198 0.670611 0.209471
2.51416 0.591997 0.184716 -1.13138 -2.85721 1.03804 2.52989 -0.501824 -0.153597 1.23194 -1.65356 -0.281212 -0.103267 2.90198 0.670611 0.209471
2.51031 0.591997 0.184716 -1.13138 -2.85721 1.03804 2.52989 -0.501824 -0.153597 1.23194 -1.65356 -0.281212 -0.103267 2.90198 0.670611 0.209471
2.50643 0.591997 0.184716 -1.13138 -2.85721 1.03804 2.52989 -0.501824 -0.153597 1.23194 -1.65356 -0.281212 -0.103267 2.90198 0.670611 0.209471
2.50244 0.591997 0.184716 -1.13138 -2.85721 1.03804 2.52989 -0.501824 -0.153597 1.23194 -1.65356 -0.281212 -0.103267 2.90198 0.670611 0.209471
2.4985 0.591997 0.184716 -1.13138 -2.85721 1.03804 2.52989 -0.501824 -0.153597 1.23194 -1.65356 -0.281212 -0.103267 2.90198 0.670611 0.209471
2.4946 0.591997 0.184716 -1.13138 -2.85721 1.03804 2.52989 -0.501824 -0.153597 1.23194 -1.65356 -0.281212 -0.103267 2.90198 0.670611 0.209471
2.49057 0.591997 0.184716 -1.13138 -2.85721 1.03804 2.52989 -0.501824 -0.153597 1.23194 -1.65356 -0.281212 -0.103267 2.90198 0.670611 0.209471
2.48658 0.591997 0.184716 -1.13138 -2.85721 1.03804 2.52989 -0.501824 -0.153597 1.23194 -1.65356 -0.281212 -0.103267 2.90198 0.670611 0.209471
2.48259 0.591997 0.184716 -1.13138 -2.85721 1.03804 2.52989 -0.501824 -0.153597 1.23194 -1.65356 -0.281212 -0.103267 2.90198 0.670611 0.209471
2.47865 0.591997 0.184716 -1.13138 -2.85721 1.03804 2.52989 -0.501824 -0.153597 1.23194 -1.65356 -0.281212 -0.103267 2.90198 0.670611 0.209471
2.4747 0.591997 0.184716 -1.13138 -2.85721 1.03804 2.52989 -0.501824 -0.153597 1.23194 -1.65356 -0.281212 -0.103267 2.90198 0.670611 0.209471
2.4707 0.591997 0.184716 -1.13138 -2.85721 1.03804 2.52989 -0.501824 -0.153597 1.23194 -1.65356 -0.281212 -0.103267 2.90198 0.670611 0.209471
2.46657 0.591997 0.184716 -1.13138 -2.85721 1.03804 2.52989 -0.501824 -0.153597 1.23194 -1.65356 -0.281212 -0.103267 2.90198 0.670611 0.209471
2.46248 0.591997 0.184716 -1.13138 -2.85721 1.03804 2.52989 -0.501824 -0.153597 1.23194 -1.65356 -0.281212 -0.103267 2.90198 0.670611 0.209471
2.45839 0.591997 0.184716 -1.13138 -2.85721 1.03804 2.52989 -0.501824 -0.153597 1.23194 -1.65356 -0.281212 -0.103267 2.90198 0.670611 0.209471
2.45431 0.591997 0.184716 -1.13138 -2.85721 1.03804 2.52989 -0.501824 -0.153597 1.23194 -1.65356 -0.281212 -0.103267 2.90198 0.670611 0.209471
2.45015 0.591997 0.184716 -1.13138 -2.85721 1.03804 2.52989 -0.501824 -0.153597 1.23194 -1.65356 -0.281212 -0.103267 2.90198 0.670611 0.209471
2.44598 0.591997 0.184716 -1.13138 -2.85721 1.03804 2.52989 -0.501824 -0.153597 1.23194 -1.65356 -0.281212 -0.103267 2.90198 0.670611 0.209471
2.44183 0.591997 0.184716 -1.13138 -2.85721 1.03804 2.52989 -0.501824 -0.153597 1.23194 -1.65356 -0.281212 -0.103267 2.90198 0.670611 0.209471
2.43735 0.591997 0.184716 -1.13138 -2.85721 1.03804 2.52989 -0.501824 -0.153597 1.23194 -1.65356 -0.281212 -0.103267 2.90198 0.670611 0.209471
2.43284 0.591997 0.184716 -1.13138 -2.85721 1.03804 2.52989 -0.501824 -0.153597 1.23194 -1.65356 -0.281212 -0.103267 2.90198 0.670611 0.209471
2.4285 0.591997 0.184716 -1.13138 -2.85721 1.03804 2.52989 -0.501824 -0.153597 1.23194 -1.65356 -0.281212 -0.103267 2.90198 0.670611 0.209471
2.42424 0.591997 0.184716 -1.13138 -2.85721 1.03804 2.52989 -0.501824 -0.153597 1.23194 -1.65356 -0.281212 -0.103267 2.90198 0.670611 0.209471
2.41998 0.591997 0.184716 -1.13138 -2.85721 1.03804 2.52989 -0.501824 -0.153597 1.23194 -1.65356 -0.281212 -0.103267 2.90198 0.670611 0.209471
2.41575 0.591997 0.184716 -1.13138 -2.85721 1.03804 2.52989 -0.501824 -0.153597 1.23194 -1.65356 -0.281212 -0.103267 2.90198 0.670611 0.209471
2.41138 0.591997 0.184716 -1.13138 -2.85721 1.03804 2.52989 -0.501824 -0.153597 1.23194 -1.65356 -0.281212 -0.103267 2.90198 0.670611 0.209471
2.40707 0.591997 0.184716 -1.13138 -2.85721 1.03804 2.52989 -0.501824 -0.153597 1.23194 -1.65356 -0.281212 -0.103267 2.90198 0.670611 0.209471
2.40276 0.591997 0.184716 -1.13138 -2.85721 1.03804 2.52989 -0.501824 -0.153597 1.23194 -1.65356 -0.281212 -0.103267 2.90198 0.670611 0.209471
2.39844 0.591997 0.184716 -1.13138 -2.85721 1.03804 2.52989 -0.501824 -0.153597 1.23194 -1.65356 -0.281212 -0.103267 2.90198 0.670611 0.209471
2.39409 0.591997 0.184716 -1.13138 -2.85721 1.03804 2.52989 -0.501824 -0.153597 1.23194 -1.65356 -0.281212 -0.103267 2.90198 0.670611 0.209471
2.38953 0.591997 0.184716 -1.13138 -2.85721 1.03804 2.52989 -0.501824 -0.153597 1.23194 -1.65356 -0.281212 -0.103267 2.90198 0.670611 0.209471
2.38517 0.591997 0.184716 -1.13138 -2.85721 1.03804 2.52989 -0.501824 -0.153597 1.23194 -1.65356 -0.281212 -0.103267 2.90198 0.670611 0.209471
2.38071 0.591997 0.184716 -1.13138 -2.85721 1.03804 2.52989 -0.501824 -0.153597 1.23194 -1.65356 -0.281212 -0.103267 2.90198 0.670611 0.209471
2.37623 0.591997 0.184716 -1.13138 -2.85721 1.03804 2.52989 -0.501824 -0.153597 1.23194 -1.65356 -0.281212 -0.103267 2.90198 0.670611 0.209471
2.37171 0.591997 0.184716 -1.13138 -2.85721 1.03804 2.52989 -0.501824 -0.153597 1.23194 -1.65356 -0.281212 -0.103267 2.90198 0.670611 0.209471
2.36721 0.591997 0.184716 -1.13138 -2.85721 1.03804 2.52989 -0.501824 -0.153597 1.23194 -1.65356 -0.281212 -0.103267 2.90198 0.670611 0.209471
2.36271 0.591997 0.184716 -1.13138 -2.85721 1.03804 2.52989 -0.501824 -0.153597 1.23194 -1.65356 -0.281212 -0.103267 2.90198 0.670611 0.209471
2.35825 0.591997 0.184716 -1.13138 -2.85721 1.03804 2.52989 -0.501824 -0.153597 1.23194 -1.65356 -0.281212 -0.103267 2.90198 0.670611 0.209471
2.35372 0.591997 0.184716 -1.13138 -2.85721 1.03804 2.52989 -0.501824 -0.153597 1.23194 -1.65356 -0.281212 -0.103267 2.90198 0.670611 0.209471
2.34904 0.591997 0.184716 -1.13138 -2.85721 1.03804 2.52989 -0.501824 -0.153597 1.23194 -1.65356 -0.281212 -0.103267 2.90198 0.670611 0.209471
2.34446 0.591997 0.184716 -1.13138 -2.85721 1.03804 2.52989 -0.501824 -0.153597 1.23194 -1.65356 -0.281212 -0.103267 2.90198 0.670611 0.209471
2.33996 0.591997 0.184716 -1.13138 -2.85721 1.03804 2.52989 -0.501824 -0.153597 1.23194 -1.65356 -0.281212 -0.103267 2.90198 0.670611 0.209471
2.33536 0.591997 0.184716 -1.13138 -2.85721 1.03804 2.52989 -0.501824 -0.153597 1.23194 -1.65356 -0.281212 -0.103267 2.90198 0.670611 0.209471
2.33062 0.591997 0.184716 -1.13138 -2.85721 1.03804 2.52989 -0.501824 -0.153597 1.23194 -1.65356 -0.281212 -0.103267 2.90198 0.670611 0.209471
2.32596 0.591997 0.184716 -1.13138 -2.85721 1.03804 2.52989 -0.501824 -0.153597 1.23194 -1.65356 -0.281212 -0.103267 2.90198 0.670611 0.209471
2.32123 0.591997 0.184716 -1.13138 -2.85721 1.03804 2.52989 -0.501824 -0.153597 1.23194 -1.65356 -0.281212 -0.103267 2.90198 0.670611 0.209471
2.31643 0.591997 0.184716 -1.13138 -2.85721 1.03804 2.52989 -0.501824 -0.153597 1.23194 -1.65356 -0.281212 -0.103267 2.90198 0.670611 0.209471
2.31153 0.591997 0.184716 -1.13138 -2.85721 1.03804 2.52989 -0.501824 -0.153597 1.23194 -1.65356 -0.281212 -0.103267 2.90198 0.670611 0.209471
2.30669 0.591997 0.184716 -1.13138 -2.85721 1.03804 2.52989 -0.501824 -0.153597 1.23194 -1.65356 -0.281212 -0.103267 2.90198 0.670611 0.209471
2.30196 0.591997 0.184716 -1.13138 -2.85721 1.03804 2.52989 -0.501824 -0.153597 1.23194 -1.65356 -0.281212 -0.103267 2.90198 0.670611 0.209471
2.2972 0.591997 0.184716 -1.13138 -2.85721 1.03804 2.52989 -0.501824 -0.153597 1.23194 -1.65356 -0.281212 -0.103267 2.90198 0.670611 0.209471
2.29232 0.591997 0.184716 -1.13138 -2.85721 1.03804 2.52989 -0.501824 -0.153597 1.23194 -1.65356 -0.281212 -0.103267 2.90198 0.670611 0.209471
2.28745 0.591997 0.184716 -1.13138 -2.85721 1.03804 2.52989 -0.501824 -0.153597 1.23194 -1.65356 -0.281212 -0.103267 2.90198 0.670611 0.209471
2.28258 0.591997 0.184716 -1.13138 -2.85721 1.03804 2.52989 -0.501824 -0.153597 1.23194 -1.65356 -0.281212 -0.103267 2.90198 0.670611 0.209471
2.27124 0.591997 0.184716 -1.13138 -2.85721 1.03804 2.52989 -0.501824 -0.153597 1.23194 -1.65356 -0.281212 -0.103267 2.90198 0.670611 0.209471
2.27124 0.591997 0.184716 -1.13138 -2.85721 1.03804 2.52989 -0.501824 -0.153597 1.23194 -1.65356 -0.281212 -0.103267 2.90198 0.670611 0.209471
2.27125 0.591997 0.184716 -1.13138 -2.85721 1.03804 2.52989 -0.501824 -0.153597 1.23194 -1.65356 -0.281212 -0.103267 2.90198 0.670611 0.209471
2.27125 0.591997 0.184716 -1.13138 -2.85721 1.03804 2.52989 -0.501824 -0.153597 1.23194 -1.65356 -0.281212 -0.103267 2.90198 0.670611 0.209471
2.27125 0.591997 0.184716 -1.13138 -2.85721 1.03804 2.52989 -0.501824 -0.153597 1.23194 -1.65356 -0.281212 -0.103267 2.90198 0.670611 0.209471
2.27125 0.591997 0.184716 -1.13138 -2.85721 1.03804 2.52989 -0.501824 -0.153597 1.23194 -1.65356 -0.281212 -0.103267 2.90198 0.670611 0.209471
2.27144 0.591997 0.184716 -1.13138 -2.85721 1.03804 2.52989 -0.501824 -0.153597 1.23194 -1.65356 -0.281212 -0.103267 2.90198 0.670611 0.209471
2.27252 0.591997 0.184716 -1.13138 -2.85721 1.03804 2.52989 -0.501824 -0.153597 1.23194 -1.65356 -0.281212 -0.103267 2.90198 0.670611 0.209471
2.27404 0.591997 0.184716 -1.13138 -2.85721 1.03804 2.52989 -0.501824 -0.153597 1.23194 -1.65356 -0.281212 -0.103267 2.90198 0.670611 0.209471
2.27587 0.591997 0.184716 -1.13138 -2.85721 1.03804 2.52989 -0.501824 -0.153597 1.23194 -1.65356 -0.281212 -0.103267 2.90198 0.670611 0.209471
2.2798 0.591997 0.184716 -1.13138 -2.85721 1.03804 2.52989 -0.501824 -0.153597 1.23194 -1.65356 -0.281212 -0.103267 2.90198 0.670611 0.209471
2.28437 0.591997 0.184716 -1.13138 -2.85721 1.03804 2.52989 -0.501824 -0.153597 1.23194 -1.65356 -0.281212 -0.103267 2.90198 0.670611 0.209471
2.28964 0.591997 0.184716 -1.13138 -2.85721 1.03804 2.52989 -0.501824 -0.153597 1.23194 -1.65356 -0.281212 -0.103267 2.90198 0.670611 0.209471
2.29522 0.591997 0.184716 -1.13138 -2.85721 1.03804 2.52989 -0.501824 -0.153597 1.23194 -1.65356 -0.281212 -0.103267 2.90198 0.670611 0.209471
2.30144 0.591997 0.184716 -1.13138 -2.85721 1.03804 2.52989 -0.501824 -0.153597 1.23194 -1.65356 -0.281212 -0.103267 2.90198 0.670611 0.209471
2.30845 0.591997 0.184716 -1.13138 -2.85721 1.03804 2.52989 -0.501824 -0.153597 1.23194 -1.65356 -0.281212 -0.103267 2.90198 0.670611 0.209471
2.31589 0.591997 0.184716 -1.13138 -2.85721 1.03804 2.52989 -0.501824 -0.153597 1.23194 -1.65356 -0.281212 -0.103267 2.90198 0.670611 0.209471
2.32373 0.591997 0.184716 -1.13138 -2.85721 1.03804 2.52989 -0.501824 -0.153597 1.23194 -1.65356 -0.281212 -0.103267 2.90198 0.670611 0.209471
2.33204 0.591997 0.184716 -1.13138 -2.85721 1.03804 2.52989 -0.501824 -0.153597 1.23194 -1.65356 -0.281212 -0.103267 2.90198 0.670611 0.209471
2.34055 0.591997 0.184716 -1.13138 -2.85721 1.03804 2.52989 -0.501824 -0.153597 1.23194 -1.65356 -0.281212 -0.103267 2.90198 0.670611 0.209471
2.34937 0.591997 0.184716 -1.13138 -2.85721 1.03804 2.52989 -0.501824 -0.153597 1.23194 -1.65356 -0.281212 -0.103267 2.90198 0.670611 0.209471
2.35852 0.591997 0.184716 -1.13138 -2.85721 1.03804 2.52989 -0.501824 -0.153597 1.23194 -1.65356 -0.281212 -0.103267 2.90198 0.670611 0.209471
2.36817 0.591997 0.184716 -1.13138 -2.85721 1.03804 2.52989 -0.501824 -0.153597 1.23194 -1.65356 -0.281212 -0.103267 2.90198 0.670611 0.209471
2.3781 0.591997 0.184716 -1.13138 -2.85721 1.03804 2.52989 -0.501824 -0.153597 1.23194 -1.65356 -0.281212 -0.103267 2.90198 0.670611 0.209471
2.38851 0.591997 0.184716 -1.13138 -2.85721 1.03804 2.52989 -0.501824 -0.153597 1.23194 -1.65356 -0.281212 -0.103267 2.90198 0.670611 0.209471
2.39917 0.591997 0.184716 -1.13138 -2.85721 1.03804 2.52989 -0.501824 -0.153597 1.23194 -1.65356 -0.281212 -0.103267 2.90198 0.670611 0.209471
2.41027 0.591997 0.184716 -1.13138 -2.85721 1.03804 2.52989 -0.501824 -0.153597 1.23194 -1.65356 -0.281212 -0.103267 2.90198 0.670611 0.209471
2.42192 0.591997 0.184716 -1.13138 -2.85721 1.03804 2.52989 -0.501824 -0.153597 1.23194 -1.65356 -0.281212 -0.103267 2.90198 0.670611 0.209471
2.43392 0.591997 0.184716 -1.13138 -2.85721 1.03804 2.52989 -0.501824 -0.153597 1.23194 -1.65356 -0.281212 -0.103267 2.90198 0.670611 0.209471
2.44655 0.591997 0.184716 -1.13138 -2.85721 1.03804 2.52989 -0.501824 -0.153597 1.23194 -1.65356 -0.281212 -0.103267 2.90198 0.670611 0.209471
2.45968 0.591997 0.184716 -1.13138 -2.85721 1.03804 2.52989 -0.501824 -0.153597 1.23194 -1.65356 -0.281212 -0.103267 2.90198 0.670611 0.209471
2.47376 0.591997 0.184716 -1.13138 -2.85721 1.03804 2.52989 -0.501824 -0.153597 1.23194 -1.65356 -0.281212 -0.103267 2.90198 0.670611 0.209471
2.48783 0.591997 0.184716 -1.13138 -2.85721 1.03804 2.52989 -0.501824 -0.153597 1.23194 -1.65356 -0.281212 -0.103267 2.90198 0.670611 0.209471
2.50253 0.591997 0.184716 -1.13138 -2.85721 1.03804 2.52989 -0.501824 -0.153597 1.23194 -1.65356 -0.281212 -0.103267 2.90198 0.670611 0.209471
2.51852 0.591997 0.184716 -1.13138 -2.85721 1.03804 2.52989 -0.501824 -0.153597 1.23194 -1.65356 -0.281212 -0.103267 2.90198 0.670611 0.209471
2.53491 0.591997 0.184716 -1.13138 -2.85721 1.03804 2.52989 -0.501824 -0.153597 1.23194 -1.65356 -0.281212 -0.103267 2.90198 0.670611 0.209471
2.55113 0.591997 0.184716 -1.13138 -2.85721 1.03804 2.52989 -0.501824 -0.153597 1.23194 -1.65356 -0.281212 -0.103267 2.90198 0.670611 0.209471
