8.369
8.38
8.39
8.401
8.411
8.422
8.432
8.442
8.453
8.464
8.485
8.506
8.526
8.547
8.568
8.588
8.609
8.63
8.65
8.671
8.71
8.749
8.788
8.829
8.87
8.912
8.951
8.989
9.029
9.068
9.107
9.146
9.184
9.223
9.262
9.301
9.34
9.381
9.422
9.461
9.5
9.539
9.578
9.618
9.656
9.695
9.733
9.772
9.811
9.859
9.9
9.939
9.977
10.016
10.055
10.094
10.132
10.171
10.21
10.249
10.288
10.327
10.366
10.406
10.445
10.483
10.522
10.56
10.599
10.638
10.677
10.715
10.754
10.793
10.832
10.873
10.913
10.955
10.994
11.032
11.071
11.11
11.148
11.187
11.226
11.264
11.303
11.342
11.381
11.42
11.46
11.499
11.537
11.576
11.614
11.653
11.693
11.731
11.77
11.809
11.848
11.886
11.927
11.967
12.005
12.045
12.083
12.122
12.161
12.2
12.241
12.918
12.928
12.94
12.951
12.961
12.972
12.983
12.993
13.004
13.018
13.057
13.097
13.136
13.174
13.213
13.251
13.289
13.328
13.366
13.405
13.444
13.483
13.522
13.561
13.599
13.638
13.676
13.715
13.754
13.793
13.834
13.874
13.913
13.953
13.995
14.034
14.072
