1.25217 -0.900013 0.132833 -1.85754 1.29025 -1.44083 1.98187 0.263313 -0.355046 -2.06345 -0.385219 1.84144 0.742101 1.03546 -1.75739 -2.70948
1.25217 -0.900013 0.132833 -1.85754 1.29025 -1.44083 1.98187 0.263313 -0.355046 -2.06345 -0.385219 1.84144 0.742101 1.03546 -1.75739 -2.70948
1.25217 -0.900013 0.132833 -1.85754 1.29025 -1.44083 1.98187 0.263313 -0.355046 -2.06345 -0.385219 1.84144 0.742101 1.03546 -1.75739 -2.70948
1.25217 -0.900013 0.132833 -1.85754 1.29025 -1.44083 1.98187 0.263313 -0.355046 -2.06345 -0.385219 1.84144 0.742101 1.03546 -1.75739 -2.70948
1.25217 -0.900013 0.132833 -1.85754 1.29025 -1.44083 1.98187 0.263313 -0.355046 -2.06345 -0.385219 1.84144 0.742101 1.03546 -1.75739 -2.70948
1.25217 -0.900013 0.132833 -1.85754 1.29025 -1.44083 1.98187 0.263313 -0.355046 -2.06345 -0.385219 1.84144 0.742101 1.03546 -1.75739 -2.70948
1.25217 -0.900013 0.132833 -1.85754 1.29025 -1.44083 1.98187 0.263313 -0.355046 -2.06345 -0.385219 1.84144 0.742101 1.03546 -1.75739 -2.70948
1.25217 -0.900013 0.132833 -1.85754 1.29025 -1.44083 1.98187 0.263313 -0.355046 -2.06345 -0.385219 1.84144 0.742101 1.03546 -1.75739 -2.70948
1.25218 -0.900013 0.132833 -1.85754 1.29025 -1.44083 1.98187 0.263313 -0.355046 -2.06345 -0.385219 1.84144 0.742101 1.03546 -1.75739 -2.70948
1.25218 -0.900013 0.132833 -1.85754 1.29025 -1.44083 1.98187 0.263313 -0.355046 -2.06345 -0.385219 1.84144 0.742101 1.03546 -1.75739 -2.70948
1.25271 -0.900013 0.132833 -1.85754 1.29025 -1.44083 1.98187 0.263313 -0.355046 -2.06345 -0.385219 1.84144 0.742101 1.03546 -1.75739 -2.70948
1.25371 -0.900013 0.132833 -1.85754 1.29025 -1.44083 1.98187 0.263313 -0.355046 -2.06345 -0.385219 1.84144 0.742101 1.03546 -1.75739 -2.70948
1.2549 -0.900013 0.132833 -1.85754 1.29025 -1.44083 1.98187 0.263313 -0.355046 -2.06345 -0.385219 1.84144 0.742101 1.03546 -1.75739 -2.70948
1.25602 -0.900013 0.132833 -1.85754 1.29025 -1.44083 1.98187 0.263313 -0.355046 -2.06345 -0.385219 1.84144 0.742101 1.03546 -1.75739 -2.70948
1.25721 -0.900013 0.132833 -1.85754 1.29025 -1.44083 1.98187 0.263313 -0.355046 -2.06345 -0.385219 1.84144 0.742101 1.03546 -1.75739 -2.70948
1.25845 -0.900013 0.132833 -1.85754 1.29025 -1.44083 1.98187 0.263313 -0.355046 -2.06345 -0.385219 1.84144 0.742101 1.03546 -1.75739 -2.70948
1.25968 -0.900013 0.132833 -1.85754 1.29025 -1.44083 1.98187 0.263313 -0.355046 -2.06345 -0.385219 1.84144 0.742101 1.03546 -1.75739 -2.70948
1.26101 -0.900013 0.132833 -1.85754 1.29025 -1.44083 1.98187 0.263313 -0.355046 -2.06345 -0.385219 1.84144 0.742101 1.03546 -1.75739 -2.70948
1.26247 -0.900013 0.132833 -1.85754 1.29025 -1.44083 1.98187 0.263313 -0.355046 -2.06345 -0.385219 1.84144 0.742101 1.03546 -1.75739 -2.70948
1.26558 -0.900013 0.132833 -1.85754 1.29025 -1.44083 1.98187 0.263313 -0.355046 -2.06345 -0.385219 1.84144 0.742101 1.03546 -1.75739 -2.70948
1.26938 -0.900013 0.132833 -1.85754 1.29025 -1.44083 1.98187 0.263313 -0.355046 -2.06345 -0.385219 1.84144 0.742101 1.03546 -1.75739 -2.70948
1.27316 -0.900013 0.132833 -1.85754 1.29025 -1.44083 1.98187 0.263313 -0.355046 -2.06345 -0.385219 1.84144 0.742101 1.03546 -1.75739 -2.70948
1.2769 -0.900013 0.132833 -1.85754 1.29025 -1.44083 1.98187 0.263313 -0.355046 -2.06345 -0.385219 1.84144 0.742101 1.03546 -1.75739 -2.70948
1.28106 -0.900013 0.132833 -1.85754 1.29025 -1.44083 1.98187 0.263313 -0.355046 -2.06345 -0.385219 1.84144 0.742101 1.03546 -1.75739 -2.70948
1.28568 -0.900013 0.132833 -1.85754 1.29025 -1.44083 1.98187 0.263313 -0.355046 -2.06345 -0.385219 1.84144 0.742101 1.03546 -1.75739 -2.70948
1.29052 -0.900013 0.132833 -1.85754 1.29025 -1.44083 1.98187 0.263313 -0.355046 -2.06345 -0.385219 1.84144 0.742101 1.03546 -1.75739 -2.70948
1.29539 -0.900013 0.132833 -1.85754 1.29025 -1.44083 1.98187 0.263313 -0.355046 -2.06345 -0.385219 1.84144 0.742101 1.03546 -1.75739 -2.70948
1.30044 -0.900013 0.132833 -1.85754 1.29025 -1.44083 1.98187 0.263313 -0.355046 -2.06345 -0.385219 1.84144 0.742101 1.03546 -1.75739 -2.70948
1.30576 -0.900013 0.132833 -1.85754 1.29025 -1.44083 1.98187 0.263313 -0.355046 -2.06345 -0.385219 1.84144 0.742101 1.03546 -1.75739 -2.70948
1.31119 -0.900013 0.132833 -1.85754 1.29025 -1.44083 1.98187 0.263313 -0.355046 -2.06345 -0.385219 1.84144 0.742101 1.03546 -1.75739 -2.70948
1.31667 -0.900013 0.132833 -1.85754 1.29025 -1.44083 1.98187 0.263313 -0.355046 -2.06345 -0.385219 1.84144 0.742101 1.03546 -1.75739 -2.70948
1.32219 -0.900013 0.132833 -1.85754 1.29025 -1.44083 1.98187 0.263313 -0.355046 -2.06345 -0.385219 1.84144 0.742101 1.03546 -1.75739 -2.70948
1.32831 -0.900013 0.132833 -1.85754 1.29025 -1.44083 1.98187 0.263313 -0.355046 -2.06345 -0.385219 1.84144 0.742101 1.03546 -1.75739 -2.70948
1.33428 -0.900013 0.132833 -1.85754 1.29025 -1.44083 1.98187 0.263313 -0.355046 -2.06345 -0.385219 1.84144 0.742101 1.03546 -1.75739 -2.70948
1.34039 -0.900013 0.132833 -1.85754 1.29025 -1.44083 1.98187 0.263313 -0.355046 -2.06345 -0.385219 1.84144 0.742101 1.03546 -1.75739 -2.70948
1.34683 -0.900013 0.132833 -1.85754 1.29025 -1.44083 1.98187 0.263313 -0.355046 -2.06345 -0.385219 1.84144 0.742101 1.03546 -1.75739 -2.70948
1.3535 -0.900013 0.132833 -1.85754 1.29025 -1.44083 1.98187 0.263313 -0.355046 -2.06345 -0.385219 1.84144 0.742101 1.03546 -1.75739 -2.70948
1.36044 -0.900013 0.132833 -1.85754 1.29025 -1.44083 1.98187 0.263313 -0.355046 -2.06345 -0.385219 1.84144 0.742101 1.03546 -1.75739 -2.70948
1.36784 -0.900013 0.132833 -1.85754 1.29025 -1.44083 1.98187 0.263313 -0.355046 -2.06345 -0.385219 1.84144 0.742101 1.03546 -1.75739 -2.70948
1.37524 -0.900013 0.132833 -1.85754 1.29025 -1.44083 1.98187 0.263313 -0.355046 -2.06345 -0.385219 1.84144 0.742101 1.03546 -1.75739 -2.70948
1.38285 -0.900013 0.132833 -1.85754 1.29025 -1.44083 1.98187 0.263313 -0.355046 -2.06345 -0.385219 1.84144 0.742101 1.03546 -1.75739 -2.70948
1.39068 -0.900013 0.132833 -1.85754 1.29025 -1.44083 1.98187 0.263313 -0.355046 -2.06345 -0.385219 1.84144 0.742101 1.03546 -1.75739 -2.70948
1.3984 -0.900013 0.132833 -1.85754 1.29025 -1.44083 1.98187 0.263313 -0.355046 -2.06345 -0.385219 1.84144 0.742101 1.03546 -1.75739 -2.70948
1.40641 -0.900013 0.132833 -1.85754 1.29025 -1.44083 1.98187 0.263313 -0.355046 -2.06345 -0.385219 1.84144 0.742101 1.03546 -1.75739 -2.70948
1.41472 -0.900013 0.132833 -1.85754 1.29025 -1.44083 1.98187 0.263313 -0.355046 -2.06345 -0.385219 1.84144 0.742101 1.03546 -1.75739 -2.70948
1.42322 -0.900013 0.132833 -1.85754 1.29025 -1.44083 1.98187 0.263313 -0.355046 -2.06345 -0.385219 1.84144 0.742101 1.03546 -1.75739 -2.70948
1.43217 -0.900013 0.132833 -1.85754 1.29025 -1.44083 1.98187 0.263313 -0.355046 -2.06345 -0.385219 1.84144 0.742101 1.03546 -1.75739 -2.70948
1.44132 -0.900013 0.132833 -1.85754 1.29025 -1.44083 1.98187 0.263313 -0.355046 -2.06345 -0.385219 1.84144 0.742101 1.03546 -1.75739 -2.70948
1.4508 -0.900013 0.132833 -1.85754 1.29025 -1.44083 1.98187 0.263313 -0.355046 -2.06345 -0.385219 1.84144 0.742101 1.03546 -1.75739 -2.70948
1.46051 -0.900013 0.132833 -1.85754 1.29025 -1.44083 1.98187 0.263313 -0.355046 -2.06345 -0.385219 1.84144 0.742101 1.03546 -1.75739 -2.70948
1.47072 -0.900013 0.132833 -1.85754 1.29025 -1.44083 1.98187 0.263313 -0.355046 -2.06345 -0.385219 1.84144 0.742101 1.03546 -1.75739 -2.70948
1.48118 -0.900013 0.132833 -1.85754 1.29025 -1.44083 1.98187 0.263313 -0.355046 -2.06345 -0.385219 1.84144 0.742101 1.03546 -1.75739 -2.70948
1.49764 -0.900013 0.132833 -1.85754 1.29025 -1.44083 1.98187 0.263313 -0.355046 -2.06345 -0.385219 1.84144 0.742101 1.03546 -1.75739 -2.70948
1.49661 -0.900013 0.132833 -1.85754 1.29025 -1.44083 1.98187 0.263313 -0.355046 -2.06345 -0.385219 1.84144 0.742101 1.03546 -1.75739 -2.70948
1.49525 -0.900013 0.132833 -1.85754 1.29025 -1.44083 1.98187 0.263313 -0.355046 -2.06345 -0.385219 1.84144 0.742101 1.03546 -1.75739 -2.70948
1.49366 -0.900013 0.132833 -1.85754 1.29025 -1.44083 1.98187 0.263313 -0.355046 -2.06345 -0.385219 1.84144 0.742101 1.03546 -1.75739 -2.70948
1.4919 -0.900013 0.132833 -1.85754 1.29025 -1.44083 1.98187 0.263313 -0.355046 -2.06345 -0.385219 1.84144 0.742101 1.03546 -1.75739 -2.70948
1.49022 -0.900013 0.132833 -1.85754 1.29025 -1.44083 1.98187 0.263313 -0.355046 -2.06345 -0.385219 1.84144 0.742101 1.03546 -1.75739 -2.70948
1.48905 -0.900013 0.132833 -1.85754 1.29025 -1.44083 1.98187 0.263313 -0.355046 -2.06345 -0.385219 1.84144 0.742101 1.03546 -1.75739 -2.70948
1.4879 -0.900013 0.132833 -1.85754 1.29025 -1.44083 1.98187 0.263313 -0.355046 -2.06345 -0.385219 1.84144 0.742101 1.03546 -1.75739 -2.70948
1.48666 -0.900013 0.132833 -1.85754 1.29025 -1.44083 1.98187 0.263313 -0.355046 -2.06345 -0.385219 1.84144 0.742101 1.03546 -1.75739 -2.70948
1.48542 -0.900013 0.132833 -1.85754 1.29025 -1.44083 1.98187 0.263313 -0.355046 -2.06345 -0.385219 1.84144 0.742101 1.03546 -1.75739 -2.70948
1.48268 -0.900013 0.132833 -1.85754 1.29025 -1.44083 1.98187 0.263313 -0.355046 -2.06345 -0.385219 1.84144 0.742101 1.03546 -1.75739 -2.70948
1.47958 -0.900013 0.132833 -1.85754 1.29025 -1.44083 1.98187 0.263313 -0.355046 -2.06345 -0.385219 1.84144 0.742101 1.03546 -1.75739 -2.70948
1.47554 -0.900013 0.132833 -1.85754 1.29025 -1.44083 1.98187 0.263313 -0.355046 -2.06345 -0.385219 1.84144 0.742101 1.03546 -1.75739 -2.70948
1.47137 -0.900013 0.132833 -1.85754 1.29025 -1.44083 1.98187 0.263313 -0.355046 -2.06345 -0.385219 1.84144 0.742101 1.03546 -1.75739 -2.70948
1.46717 -0.900013 0.132833 -1.85754 1.29025 -1.44083 1.98187 0.263313 -0.355046 -2.06345 -0.385219 1.84144 0.742101 1.03546 -1.75739 -2.70948
1.46288 -0.900013 0.132833 -1.85754 1.29025 -1.44083 1.98187 0.263313 -0.355046 -2.06345 -0.385219 1.84144 0.742101 1.03546 -1.75739 -2.70948
1.45849 -0.900013 0.132833 -1.85754 1.29025 -1.44083 1.98187 0.263313 -0.355046 -2.06345 -0.385219 1.84144 0.742101 1.03546 -1.75739 -2.70948
1.45405 -0.900013 0.132833 -1.85754 1.29025 -1.44083 1.98187 0.263313 -0.355046 -2.06345 -0.385219 1.84144 0.742101 1.03546 -1.75739 -2.70948
1.44951 -0.900013 0.132833 -1.85754 1.29025 -1.44083 1.98187 0.263313 -0.355046 -2.06345 -0.385219 1.84144 0.742101 1.03546 -1.75739 -2.70948
1.44488 -0.900013 0.132833 -1.85754 1.29025 -1.44083 1.98187 0.263313 -0.355046 -2.06345 -0.385219 1.84144 0.742101 1.03546 -1.75739 -2.70948
1.44043 -0.900013 0.132833 -1.85754 1.29025 -1.44083 1.98187 0.263313 -0.355046 -2.06345 -0.385219 1.84144 0.742101 1.03546 -1.75739 -2.70948
1.43596 -0.900013 0.132833 -1.85754 1.29025 -1.44083 1.98187 0.263313 -0.355046 -2.06345 -0.385219 1.84144 0.742101 1.03546 -1.75739 -2.70948
1.43145 -0.900013 0.132833 -1.85754 1.29025 -1.44083 1.98187 0.263313 -0.355046 -2.06345 -0.385219 1.84144 0.742101 1.03546 -1.75739 -2.70948
1.42697 -0.900013 0.132833 -1.85754 1.29025 -1.44083 1.98187 0.263313 -0.355046 -2.06345 -0.385219 1.84144 0.742101 1.03546 -1.75739 -2.70948
1.42244 -0.900013 0.132833 -1.85754 1.29025 -1.44083 1.98187 0.263313 -0.355046 -2.06345 -0.385219 1.84144 0.742101 1.03546 -1.75739 -2.70948
1.41791 -0.900013 0.132833 -1.85754 1.29025 -1.44083 1.98187 0.263313 -0.355046 -2.06345 -0.385219 1.84144 0.742101 1.03546 -1.75739 -2.70948
1.41325 -0.900013 0.132833 -1.85754 1.29025 -1.44083 1.98187 0.263313 -0.355046 -2.06345 -0.385219 1.84144 0.742101 1.03546 -1.75739 -2.70948
1.40855 -0.900013 0.132833 -1.85754 1.29025 -1.44083 1.98187 0.263313 -0.355046 -2.06345 -0.385219 1.84144 0.742101 1.03546 -1.75739 -2.70948
1.40379 -0.900013 0.132833 -1.85754 1.29025 -1.44083 1.98187 0.263313 -0.355046 -2.06345 -0.385219 1.84144 0.742101 1.03546 -1.75739 -2.70948
1.39888 -0.900013 0.132833 -1.85754 1.29025 -1.44083 1.98187 0.263313 -0.355046 -2.06345 -0.385219 1.84144 0.742101 1.03546 -1.75739 -2.70948
1.39415 -0.900013 0.132833 -1.85754 1.29025 -1.44083 1.98187 0.263313 -0.355046 -2.06345 -0.385219 1.84144 0.742101 1.03546 -1.75739 -2.70948
1.38938 -0.900013 0.132833 -1.85754 1.29025 -1.44083 1.98187 0.263313 -0.355046 -2.06345 -0.385219 1.84144 0.742101 1.03546 -1.75739 -2.70948
1.38462 -0.900013 0.132833 -1.85754 1.29025 -1.44083 1.98187 0.263313 -0.355046 -2.06345 -0.385219 1.84144 0.742101 1.03546 -1.75739 -2.70948
1.37997 -0.900013 0.132833 -1.85754 1.29025 -1.44083 1.98187 0.263313 -0.355046 -2.06345 -0.385219 1.84144 0.742101 1.03546 -1.75739 -2.70948
1.37527 -0.900013 0.132833 -1.85754 1.29025 -1.44083 1.98187 0.263313 -0.355046 -2.06345 -0.385219 1.84144 0.742101 1.03546 -1.75739 -2.70948
1.37046 -0.900013 0.132833 -1.85754 1.29025 -1.44083 1.98187 0.263313 -0.355046 -2.06345 -0.385219 1.84144 0.742101 1.03546 -1.75739 -2.70948
1.36558 -0.900013 0.132833 -1.85754 1.29025 -1.44083 1.98187 0.263313 -0.355046 -2.06345 -0.385219 1.84144 0.742101 1.03546 -1.75739 -2.70948
1.36073 -0.900013 0.132833 -1.85754 1.29025 -1.44083 1.98187 0.263313 -0.355046 -2.06345 -0.385219 1.84144 0.742101 1.03546 -1.75739 -2.70948
1.35571 -0.900013 0.132833 -1.85754 1.29025 -1.44083 1.98187 0.263313 -0.355046 -2.06345 -0.385219 1.84144 0.742101 1.03546 -1.75739 -2.70948
1.35085 -0.900013 0.132833 -1.85754 1.29025 -1.44083 1.98187 0.263313 -0.355046 -2.06345 -0.385219 1.84144 0.742101 1.03546 -1.75739 -2.70948
1.34597 -0.900013 0.132833 -1.85754 1.29025 -1.44083 1.98187 0.263313 -0.355046 -2.06345 -0.385219 1.84144 0.742101 1.03546 -1.75739 -2.70948
1.34109 -0.900013 0.132833 -1.85754 1.29025 -1.44083 1.98187 0.263313 -0.355046 -2.06345 -0.385219 1.84144 0.742101 1.03546 -1.75739 -2.70948
1.33622 -0.900013 0.132833 -1.85754 1.29025 -1.44083 1.98187 0.263313 -0.355046 -2.06345 -0.385219 1.84144 0.742101 1.03546 -1.75739 -2.70948
1.33133 -0.900013 0.132833 -1.85754 1.29025 -1.44083 1.98187 0.263313 -0.355046 -2.06345 -0.385219 1.84144 0.742101 1.03546 -1.75739 -2.70948
1.32639 -0.900013 0.132833 -1.85754 1.29025 -1.44083 1.98187 0.263313 -0.355046 -2.06345 -0.385219 1.84144 0.742101 1.03546 -1.75739 -2.70948
1.32145 -0.900013 0.132833 -1.85754 1.29025 -1.44083 1.98187 0.263313 -0.355046 -2.06345 -0.385219 1.84144 0.742101 1.03546 -1.75739 -2.70948
1.31642 -0.900013 0.132833 -1.85754 1.29025 -1.44083 1.98187 0.263313 -0.355046 -2.06345 -0.385219 1.84144 0.742101 1.03546 -1.75739 -2.70948
1.31143 -0.900013 0.132833 -1.85754 1.29025 -1.44083 1.98187 0.263313 -0.355046 -2.06345 -0.385219 1.84144 0.742101 1.03546 -1.75739 -2.70948
1.30618 -0.900013 0.132833 -1.85754 1.29025 -1.44083 1.98187 0.263313 -0.355046 -2.06345 -0.385219 1.84144 0.742101 1.03546 -1.75739 -2.70948
1.30106 -0.900013 0.132833 -1.85754 1.29025 -1.44083 1.98187 0.263313 -0.355046 -2.06345 -0.385219 1.84144 0.742101 1.03546 -1.75739 -2.70948
1.29587 -0.900013 0.132833 -1.85754 1.29025 -1.44083 1.98187 0.263313 -0.355046 -2.06345 -0.385219 1.84144 0.742101 1.03546 -1.75739 -2.70948
1.29072 -0.900013 0.132833 -1.85754 1.29025 -1.44083 1.98187 0.263313 -0.355046 -2.06345 -0.385219 1.84144 0.742101 1.03546 -1.75739 -2.70948
1.28547 -0.900013 0.132833 -1.85754 1.29025 -1.44083 1.98187 0.263313 -0.355046 -2.06345 -0.385219 1.84144 0.742101 1.03546 -1.75739 -2.70948
1.28027 -0.900013 0.132833 -1.85754 1.29025 -1.44083 1.98187 0.263313 -0.355046 -2.06345 -0.385219 1.84144 0.742101 1.03546 -1.75739 -2.70948
1.2751 -0.900013 0.132833 -1.85754 1.29025 -1.44083 1.98187 0.263313 -0.355046 -2.06345 -0.385219 1.84144 0.742101 1.03546 -1.75739 -2.70948
1.26985 -0.900013 0.132833 -1.85754 1.29025 -1.44083 1.98187 0.263313 -0.355046 -2.06345 -0.385219 1.84144 0.742101 1.03546 -1.75739 -2.70948
1.26449 -0.900013 0.132833 -1.85754 1.29025 -1.44083 1.98187 0.263313 -0.355046 -2.06345 -0.385219 1.84144 0.742101 1.03546 -1.75739 -2.70948
1.25925 -0.900013 0.132833 -1.85754 1.29025 -1.44083 1.98187 0.263313 -0.355046 -2.06345 -0.385219 1.84144 0.742101 1.03546 -1.75739 -2.70948
1.25399 -0.900013 0.132833 -1.85754 1.29025 -1.44083 1.98187 0.263313 -0.355046 -2.06345 -0.385219 1.84144 0.742101 1.03546 -1.75739 -2.70948
1.24867 -0.900013 0.132833 -1.85754 1.29025 -1.44083 1.98187 0.263313 -0.355046 -2.06345 -0.385219 1.84144 0.742101 1.03546 -1.75739 -2.70948
1.24341 -0.900013 0.132833 -1.85754 1.29025 -1.44083 1.98187 0.263313 -0.355046 -2.06345 -0.385219 1.84144 0.742101 1.03546 -1.75739 -2.70948
1.23808 -0.900013 0.132833 -1.85754 1.29025 -1.44083 1.98187 0.263313 -0.355046 -2.06345 -0.385219 1.84144 0.742101 1.03546 -1.75739 -2.70948
1.23265 -0.900013 0.132833 -1.85754 1.29025 -1.44083 1.98187 0.263313 -0.355046 -2.06345 -0.385219 1.84144 0.742101 1.03546 -1.75739 -2.70948
1.22708 -0.900013 0.132833 -1.85754 1.29025 -1.44083 1.98187 0.263313 -0.355046 -2.06345 -0.385219 1.84144 0.742101 1.03546 -1.75739 -2.70948
1.22172 -0.900013 0.132833 -1.85754 1.29025 -1.44083 1.98187 0.263313 -0.355046 -2.06345 -0.385219 1.84144 0.742101 1.03546 -1.75739 -2.70948
1.21614 -0.900013 0.132833 -1.85754 1.29025 -1.44083 1.98187 0.263313 -0.355046 -2.06345 -0.385219 1.84144 0.742101 1.03546 -1.75739 -2.70948
1.2107 -0.900013 0.132833 -1.85754 1.29025 -1.44083 1.98187 0.263313 -0.355046 -2.06345 -0.385219 1.84144 0.742101 1.03546 -1.75739 -2.70948
1.20522 -0.900013 0.132833 -1.85754 1.29025 -1.44083 1.98187 0.263313 -0.355046 -2.06345 -0.385219 1.84144 0.742101 1.03546 -1.75739 -2.70948
1.19969 -0.900013 0.132833 -1.85754 1.29025 -1.44083 1.98187 0.263313 -0.355046 -2.06345 -0.385219 1.84144 0.742101 1.03546 -1.75739 -2.70948
1.19421 -0.900013 0.132833 -1.85754 1.29025 -1.44083 1.98187 0.263313 -0.355046 -2.06345 -0.385219 1.84144 0.742101 1.03546 -1.75739 -2.70948
