13.956
13.967
13.977
13.987
13.997
14.008
14.018
14.028
14.039
14.06
14.081
14.102
14.123
14.143
14.163
14.185
14.205
14.226
14.246
14.287
14.326
14.365
14.404
14.443
14.481
14.52
14.559
14.597
14.635
14.674
14.713
14.753
14.793
14.832
14.871
14.909
14.948
14.989
15.029
15.069
15.108
15.146
15.185
15.223
15.261
15.3
15.338
15.376
15.415
15.454
15.492
15.531
16.977
16.988
16.999
17.009
17.02
17.031
17.041
17.053
17.063
17.077
17.116
17.154
17.192
17.23
17.269
17.308
17.347
17.385
17.424
17.463
17.501
17.539
17.577
17.616
17.654
17.693
17.732
17.772
17.812
17.852
17.891
17.93
17.968
18.006
18.045
18.085
18.123
18.163
18.202
18.24
18.279
18.318
18.356
18.394
18.433
18.471
18.51
18.549
18.589
18.629
18.667
18.707
18.747
18.785
18.824
18.863
18.903
18.941
18.98
19.019
19.057
19.096
19.137
19.175
19.214
19.253
19.292
19.331
19.369
19.408
