2.76379 -0.364047 1.49944 1.46644 -0.0642781 -0.67951 0.288116 -1.74518 -2.02336 -0.793658 -1.53534 -2.96924 -0.232165 -1.94883 -1.3806 -0.059041
2.76363 -0.364047 1.49944 1.46644 -0.0642781 -0.67951 0.288116 -1.74518 -2.02336 -0.793658 -1.53534 -2.96924 -0.232165 -1.94883 -1.3806 -0.059041
2.76324 -0.364047 1.49944 1.46644 -0.0642781 -0.67951 0.288116 -1.74518 -2.02336 -0.793658 -1.53534 -2.96924 -0.232165 -1.94883 -1.3806 -0.059041
2.76265 -0.364047 1.49944 1.46644 -0.0642781 -0.67951 0.288116 -1.74518 -2.02336 -0.793658 -1.53534 -2.96924 -0.232165 -1.94883 -1.3806 -0.059041
2.76172 -0.364047 1.49944 1.46644 -0.0642781 -0.67951 0.288116 -1.74518 -2.02336 -0.793658 -1.53534 -2.96924 -0.232165 -1.94883 -1.3806 -0.059041
2.76054 -0.364047 1.49944 1.46644 -0.0642781 -0.67951 0.288116 -1.74518 -2.02336 -0.793658 -1.53534 -2.96924 -0.232165 -1.94883 -1.3806 -0.059041
2.75924 -0.364047 1.49944 1.46644 -0.0642781 -0.67951 0.288116 -1.74518 -2.02336 -0.793658 -1.53534 -2.96924 -0.232165 -1.94883 -1.3806 -0.059041
2.7578 -0.364047 1.49944 1.46644 -0.0642781 -0.67951 0.288116 -1.74518 -2.02336 -0.793658 -1.53534 -2.96924 -0.232165 -1.94883 -1.3806 -0.059041
2.75631 -0.364047 1.49944 1.46644 -0.0642781 -0.67951 0.288116 -1.74518 -2.02336 -0.793658 -1.53534 -2.96924 -0.232165 -1.94883 -1.3806 -0.059041
2.75476 -0.364047 1.49944 1.46644 -0.0642781 -0.67951 0.288116 -1.74518 -2.02336 -0.793658 -1.53534 -2.96924 -0.232165 -1.94883 -1.3806 -0.059041
2.75336 -0.364047 1.49944 1.46644 -0.0642781 -0.67951 0.288116 -1.74518 -2.02336 -0.793658 -1.53534 -2.96924 -0.232165 -1.94883 -1.3806 -0.059041
2.75197 -0.364047 1.49944 1.46644 -0.0642781 -0.67951 0.288116 -1.74518 -2.02336 -0.793658 -1.53534 -2.96924 -0.232165 -1.94883 -1.3806 -0.059041
2.75048 -0.364047 1.49944 1.46644 -0.0642781 -0.67951 0.288116 -1.74518 -2.02336 -0.793658 -1.53534 -2.96924 -0.232165 -1.94883 -1.3806 -0.059041
2.74892 -0.364047 1.49944 1.46644 -0.0642781 -0.67951 0.288116 -1.74518 -2.02336 -0.793658 -1.53534 -2.96924 -0.232165 -1.94883 -1.3806 -0.059041
2.74721 -0.364047 1.49944 1.46644 -0.0642781 -0.67951 0.288116 -1.74518 -2.02336 -0.793658 -1.53534 -2.96924 -0.232165 -1.94883 -1.3806 -0.059041
2.74505 -0.364047 1.49944 1.46644 -0.0642781 -0.67951 0.288116 -1.74518 -2.02336 -0.793658 -1.53534 -2.96924 -0.232165 -1.94883 -1.3806 -0.059041
2.74271 -0.364047 1.49944 1.46644 -0.0642781 -0.67951 0.288116 -1.74518 -2.02336 -0.793658 -1.53534 -2.96924 -0.232165 -1.94883 -1.3806 -0.059041
2.74015 -0.364047 1.49944 1.46644 -0.0642781 -0.67951 0.288116 -1.74518 -2.02336 -0.793658 -1.53534 -2.96924 -0.232165 -1.94883 -1.3806 -0.059041
2.73754 -0.364047 1.49944 1.46644 -0.0642781 -0.67951 0.288116 -1.74518 -2.02336 -0.793658 -1.53534 -2.96924 -0.232165 -1.94883 -1.3806 -0.059041
2.7349 -0.364047 1.49944 1.46644 -0.0642781 -0.67951 0.288116 -1.74518 -2.02336 -0.793658 -1.53534 -2.96924 -0.232165 -1.94883 -1.3806 -0.059041
2.73002 -0.364047 1.49944 1.46644 -0.0642781 -0.67951 0.288116 -1.74518 -2.02336 -0.793658 -1.53534 -2.96924 -0.232165 -1.94883 -1.3806 -0.059041
2.72506 -0.364047 1.49944 1.46644 -0.0642781 -0.67951 0.288116 -1.74518 -2.02336 -0.793658 -1.53534 -2.96924 -0.232165 -1.94883 -1.3806 -0.059041
2.72012 -0.364047 1.49944 1.46644 -0.0642781 -0.67951 0.288116 -1.74518 -2.02336 -0.793658 -1.53534 -2.96924 -0.232165 -1.94883 -1.3806 -0.059041
2.71515 -0.364047 1.49944 1.46644 -0.0642781 -0.67951 0.288116 -1.74518 -2.02336 -0.793658 -1.53534 -2.96924 -0.232165 -1.94883 -1.3806 -0.059041
2.71021 -0.364047 1.49944 1.46644 -0.0642781 -0.67951 0.288116 -1.74518 -2.02336 -0.793658 -1.53534 -2.96924 -0.232165 -1.94883 -1.3806 -0.059041
2.7052 -0.364047 1.49944 1.46644 -0.0642781 -0.67951 0.288116 -1.74518 -2.02336 -0.793658 -1.53534 -2.96924 -0.232165 -1.94883 -1.3806 -0.059041
2.70022 -0.364047 1.49944 1.46644 -0.0642781 -0.67951 0.288116 -1.74518 -2.02336 -0.793658 -1.53534 -2.96924 -0.232165 -1.94883 -1.3806 -0.059041
2.69522 -0.364047 1.49944 1.46644 -0.0642781 -0.67951 0.288116 -1.74518 -2.02336 -0.793658 -1.53534 -2.96924 -0.232165 -1.94883 -1.3806 -0.059041
2.69002 -0.364047 1.49944 1.46644 -0.0642781 -0.67951 0.288116 -1.74518 -2.02336 -0.793658 -1.53534 -2.96924 -0.232165 -1.94883 -1.3806 -0.059041
2.68497 -0.364047 1.49944 1.46644 -0.0642781 -0.67951 0.288116 -1.74518 -2.02336 -0.793658 -1.53534 -2.96924 -0.232165 -1.94883 -1.3806 -0.059041
2.67988 -0.364047 1.49944 1.46644 -0.0642781 -0.67951 0.288116 -1.74518 -2.02336 -0.793658 -1.53534 -2.96924 -0.232165 -1.94883 -1.3806 -0.059041
2.6748 -0.364047 1.49944 1.46644 -0.0642781 -0.67951 0.288116 -1.74518 -2.02336 -0.793658 -1.53534 -2.96924 -0.232165 -1.94883 -1.3806 -0.059041
2.66968 -0.364047 1.49944 1.46644 -0.0642781 -0.67951 0.288116 -1.74518 -2.02336 -0.793658 -1.53534 -2.96924 -0.232165 -1.94883 -1.3806 -0.059041
2.66426 -0.364047 1.49944 1.46644 -0.0642781 -0.67951 0.288116 -1.74518 -2.02336 -0.793658 -1.53534 -2.96924 -0.232165 -1.94883 -1.3806 -0.059041
2.65879 -0.364047 1.49944 1.46644 -0.0642781 -0.67951 0.288116 -1.74518 -2.02336 -0.793658 -1.53534 -2.96924 -0.232165 -1.94883 -1.3806 -0.059041
2.65335 -0.364047 1.49944 1.46644 -0.0642781 -0.67951 0.288116 -1.74518 -2.02336 -0.793658 -1.53534 -2.96924 -0.232165 -1.94883 -1.3806 -0.059041
2.64798 -0.364047 1.49944 1.46644 -0.0642781 -0.67951 0.288116 -1.74518 -2.02336 -0.793658 -1.53534 -2.96924 -0.232165 -1.94883 -1.3806 -0.059041
2.64276 -0.364047 1.49944 1.46644 -0.0642781 -0.67951 0.288116 -1.74518 -2.02336 -0.793658 -1.53534 -2.96924 -0.232165 -1.94883 -1.3806 -0.059041
2.6375 -0.364047 1.49944 1.46644 -0.0642781 -0.67951 0.288116 -1.74518 -2.02336 -0.793658 -1.53534 -2.96924 -0.232165 -1.94883 -1.3806 -0.059041
2.63225 -0.364047 1.49944 1.46644 -0.0642781 -0.67951 0.288116 -1.74518 -2.02336 -0.793658 -1.53534 -2.96924 -0.232165 -1.94883 -1.3806 -0.059041
2.627 -0.364047 1.49944 1.46644 -0.0642781 -0.67951 0.288116 -1.74518 -2.02336 -0.793658 -1.53534 -2.96924 -0.232165 -1.94883 -1.3806 -0.059041
2.6217 -0.364047 1.49944 1.46644 -0.0642781 -0.67951 0.288116 -1.74518 -2.02336 -0.793658 -1.53534 -2.96924 -0.232165 -1.94883 -1.3806 -0.059041
2.6164 -0.364047 1.49944 1.46644 -0.0642781 -0.67951 0.288116 -1.74518 -2.02336 -0.793658 -1.53534 -2.96924 -0.232165 -1.94883 -1.3806 -0.059041
2.6111 -0.364047 1.49944 1.46644 -0.0642781 -0.67951 0.288116 -1.74518 -2.02336 -0.793658 -1.53534 -2.96924 -0.232165 -1.94883 -1.3806 -0.059041
2.60568 -0.364047 1.49944 1.46644 -0.0642781 -0.67951 0.288116 -1.74518 -2.02336 -0.793658 -1.53534 -2.96924 -0.232165 -1.94883 -1.3806 -0.059041
2.60008 -0.364047 1.49944 1.46644 -0.0642781 -0.67951 0.288116 -1.74518 -2.02336 -0.793658 -1.53534 -2.96924 -0.232165 -1.94883 -1.3806 -0.059041
2.59469 -0.364047 1.49944 1.46644 -0.0642781 -0.67951 0.288116 -1.74518 -2.02336 -0.793658 -1.53534 -2.96924 -0.232165 -1.94883 -1.3806 -0.059041
2.58928 -0.364047 1.49944 1.46644 -0.0642781 -0.67951 0.288116 -1.74518 -2.02336 -0.793658 -1.53534 -2.96924 -0.232165 -1.94883 -1.3806 -0.059041
2.58382 -0.364047 1.49944 1.46644 -0.0642781 -0.67951 0.288116 -1.74518 -2.02336 -0.793658 -1.53534 -2.96924 -0.232165 -1.94883 -1.3806 -0.059041
2.57837 -0.364047 1.49944 1.46644 -0.0642781 -0.67951 0.288116 -1.74518 -2.02336 -0.793658 -1.53534 -2.96924 -0.232165 -1.94883 -1.3806 -0.059041
2.57299 -0.364047 1.49944 1.46644 -0.0642781 -0.67951 0.288116 -1.74518 -2.02336 -0.793658 -1.53534 -2.96924 -0.232165 -1.94883 -1.3806 -0.059041
2.5675 -0.364047 1.49944 1.46644 -0.0642781 -0.67951 0.288116 -1.74518 -2.02336 -0.793658 -1.53534 -2.96924 -0.232165 -1.94883 -1.3806 -0.059041
2.5621 -0.364047 1.49944 1.46644 -0.0642781 -0.67951 0.288116 -1.74518 -2.02336 -0.793658 -1.53534 -2.96924 -0.232165 -1.94883 -1.3806 -0.059041
2.55659 -0.364047 1.49944 1.46644 -0.0642781 -0.67951 0.288116 -1.74518 -2.02336 -0.793658 -1.53534 -2.96924 -0.232165 -1.94883 -1.3806 -0.059041
2.55105 -0.364047 1.49944 1.46644 -0.0642781 -0.67951 0.288116 -1.74518 -2.02336 -0.793658 -1.53534 -2.96924 -0.232165 -1.94883 -1.3806 -0.059041
2.54548 -0.364047 1.49944 1.46644 -0.0642781 -0.67951 0.288116 -1.74518 -2.02336 -0.793658 -1.53534 -2.96924 -0.232165 -1.94883 -1.3806 -0.059041
2.53992 -0.364047 1.49944 1.46644 -0.0642781 -0.67951 0.288116 -1.74518 -2.02336 -0.793658 -1.53534 -2.96924 -0.232165 -1.94883 -1.3806 -0.059041
2.53429 -0.364047 1.49944 1.46644 -0.0642781 -0.67951 0.288116 -1.74518 -2.02336 -0.793658 -1.53534 -2.96924 -0.232165 -1.94883 -1.3806 -0.059041
2.52846 -0.364047 1.49944 1.46644 -0.0642781 -0.67951 0.288116 -1.74518 -2.02336 -0.793658 -1.53534 -2.96924 -0.232165 -1.94883 -1.3806 -0.059041
2.52259 -0.364047 1.49944 1.46644 -0.0642781 -0.67951 0.288116 -1.74518 -2.02336 -0.793658 -1.53534 -2.96924 -0.232165 -1.94883 -1.3806 -0.059041
2.517 -0.364047 1.49944 1.46644 -0.0642781 -0.67951 0.288116 -1.74518 -2.02336 -0.793658 -1.53534 -2.96924 -0.232165 -1.94883 -1.3806 -0.059041
2.49876 -0.364047 1.49944 1.46644 -0.0642781 -0.67951 0.288116 -1.74518 -2.02336 -0.793658 -1.53534 -2.96924 -0.232165 -1.94883 -1.3806 -0.059041
2.4989 -0.364047 1.49944 1.46644 -0.0642781 -0.67951 0.288116 -1.74518 -2.02336 -0.793658 -1.53534 -2.96924 -0.232165 -1.94883 -1.3806 -0.059041
2.49906 -0.364047 1.49944 1.46644 -0.0642781 -0.67951 0.288116 -1.74518 -2.02336 -0.793658 -1.53534 -2.96924 -0.232165 -1.94883 -1.3806 -0.059041
2.49927 -0.364047 1.49944 1.46644 -0.0642781 -0.67951 0.288116 -1.74518 -2.02336 -0.793658 -1.53534 -2.96924 -0.232165 -1.94883 -1.3806 -0.059041
2.4996 -0.364047 1.49944 1.46644 -0.0642781 -0.67951 0.288116 -1.74518 -2.02336 -0.793658 -1.53534 -2.96924 -0.232165 -1.94883 -1.3806 -0.059041
2.50002 -0.364047 1.49944 1.46644 -0.0642781 -0.67951 0.288116 -1.74518 -2.02336 -0.793658 -1.53534 -2.96924 -0.232165 -1.94883 -1.3806 -0.059041
2.50047 -0.364047 1.49944 1.46644 -0.0642781 -0.67951 0.288116 -1.74518 -2.02336 -0.793658 -1.53534 -2.96924 -0.232165 -1.94883 -1.3806 -0.059041
2.50097 -0.364047 1.49944 1.46644 -0.0642781 -0.67951 0.288116 -1.74518 -2.02336 -0.793658 -1.53534 -2.96924 -0.232165 -1.94883 -1.3806 -0.059041
2.50152 -0.364047 1.49944 1.46644 -0.0642781 -0.67951 0.288116 -1.74518 -2.02336 -0.793658 -1.53534 -2.96924 -0.232165 -1.94883 -1.3806 -0.059041
2.5021 -0.364047 1.49944 1.46644 -0.0642781 -0.67951 0.288116 -1.74518 -2.02336 -0.793658 -1.53534 -2.96924 -0.232165 -1.94883 -1.3806 -0.059041
2.50318 -0.364047 1.49944 1.46644 -0.0642781 -0.67951 0.288116 -1.74518 -2.02336 -0.793658 -1.53534 -2.96924 -0.232165 -1.94883 -1.3806 -0.059041
2.50424 -0.364047 1.49944 1.46644 -0.0642781 -0.67951 0.288116 -1.74518 -2.02336 -0.793658 -1.53534 -2.96924 -0.232165 -1.94883 -1.3806 -0.059041
2.50517 -0.364047 1.49944 1.46644 -0.0642781 -0.67951 0.288116 -1.74518 -2.02336 -0.793658 -1.53534 -2.96924 -0.232165 -1.94883 -1.3806 -0.059041
2.50596 -0.364047 1.49944 1.46644 -0.0642781 -0.67951 0.288116 -1.74518 -2.02336 -0.793658 -1.53534 -2.96924 -0.232165 -1.94883 -1.3806 -0.059041
2.50675 -0.364047 1.49944 1.46644 -0.0642781 -0.67951 0.288116 -1.74518 -2.02336 -0.793658 -1.53534 -2.96924 -0.232165 -1.94883 -1.3806 -0.059041
2.5076 -0.364047 1.49944 1.46644 -0.0642781 -0.67951 0.288116 -1.74518 -2.02336 -0.793658 -1.53534 -2.96924 -0.232165 -1.94883 -1.3806 -0.059041
2.50845 -0.364047 1.49944 1.46644 -0.0642781 -0.67951 0.288116 -1.74518 -2.02336 -0.793658 -1.53534 -2.96924 -0.232165 -1.94883 -1.3806 -0.059041
2.50932 -0.364047 1.49944 1.46644 -0.0642781 -0.67951 0.288116 -1.74518 -2.02336 -0.793658 -1.53534 -2.96924 -0.232165 -1.94883 -1.3806 -0.059041
2.51019 -0.364047 1.49944 1.46644 -0.0642781 -0.67951 0.288116 -1.74518 -2.02336 -0.793658 -1.53534 -2.96924 -0.232165 -1.94883 -1.3806 -0.059041
2.51101 -0.364047 1.49944 1.46644 -0.0642781 -0.67951 0.288116 -1.74518 -2.02336 -0.793658 -1.53534 -2.96924 -0.232165 -1.94883 -1.3806 -0.059041
2.51177 -0.364047 1.49944 1.46644 -0.0642781 -0.67951 0.288116 -1.74518 -2.02336 -0.793658 -1.53534 -2.96924 -0.232165 -1.94883 -1.3806 -0.059041
2.5126 -0.364047 1.49944 1.46644 -0.0642781 -0.67951 0.288116 -1.74518 -2.02336 -0.793658 -1.53534 -2.96924 -0.232165 -1.94883 -1.3806 -0.059041
2.51358 -0.364047 1.49944 1.46644 -0.0642781 -0.67951 0.288116 -1.74518 -2.02336 -0.793658 -1.53534 -2.96924 -0.232165 -1.94883 -1.3806 -0.059041
2.5147 -0.364047 1.49944 1.46644 -0.0642781 -0.67951 0.288116 -1.74518 -2.02336 -0.793658 -1.53534 -2.96924 -0.232165 -1.94883 -1.3806 -0.059041
2.516 -0.364047 1.49944 1.46644 -0.0642781 -0.67951 0.288116 -1.74518 -2.02336 -0.793658 -1.53534 -2.96924 -0.232165 -1.94883 -1.3806 -0.059041
2.51727 -0.364047 1.49944 1.46644 -0.0642781 -0.67951 0.288116 -1.74518 -2.02336 -0.793658 -1.53534 -2.96924 -0.232165 -1.94883 -1.3806 -0.059041
2.5185 -0.364047 1.49944 1.46644 -0.0642781 -0.67951 0.288116 -1.74518 -2.02336 -0.793658 -1.53534 -2.96924 -0.232165 -1.94883 -1.3806 -0.059041
2.51974 -0.364047 1.49944 1.46644 -0.0642781 -0.67951 0.288116 -1.74518 -2.02336 -0.793658 -1.53534 -2.96924 -0.232165 -1.94883 -1.3806 -0.059041
2.52101 -0.364047 1.49944 1.46644 -0.0642781 -0.67951 0.288116 -1.74518 -2.02336 -0.793658 -1.53534 -2.96924 -0.232165 -1.94883 -1.3806 -0.059041
2.52215 -0.364047 1.49944 1.46644 -0.0642781 -0.67951 0.288116 -1.74518 -2.02336 -0.793658 -1.53534 -2.96924 -0.232165 -1.94883 -1.3806 -0.059041
2.52329 -0.364047 1.49944 1.46644 -0.0642781 -0.67951 0.288116 -1.74518 -2.02336 -0.793658 -1.53534 -2.96924 -0.232165 -1.94883 -1.3806 -0.059041
2.52446 -0.364047 1.49944 1.46644 -0.0642781 -0.67951 0.288116 -1.74518 -2.02336 -0.793658 -1.53534 -2.96924 -0.232165 -1.94883 -1.3806 -0.059041
2.52563 -0.364047 1.49944 1.46644 -0.0642781 -0.67951 0.288116 -1.74518 -2.02336 -0.793658 -1.53534 -2.96924 -0.232165 -1.94883 -1.3806 -0.059041
2.52695 -0.364047 1.49944 1.46644 -0.0642781 -0.67951 0.288116 -1.74518 -2.02336 -0.793658 -1.53534 -2.96924 -0.232165 -1.94883 -1.3806 -0.059041
2.52827 -0.364047 1.49944 1.46644 -0.0642781 -0.67951 0.288116 -1.74518 -2.02336 -0.793658 -1.53534 -2.96924 -0.232165 -1.94883 -1.3806 -0.059041
2.52958 -0.364047 1.49944 1.46644 -0.0642781 -0.67951 0.288116 -1.74518 -2.02336 -0.793658 -1.53534 -2.96924 -0.232165 -1.94883 -1.3806 -0.059041
2.53088 -0.364047 1.49944 1.46644 -0.0642781 -0.67951 0.288116 -1.74518 -2.02336 -0.793658 -1.53534 -2.96924 -0.232165 -1.94883 -1.3806 -0.059041
2.53211 -0.364047 1.49944 1.46644 -0.0642781 -0.67951 0.288116 -1.74518 -2.02336 -0.793658 -1.53534 -2.96924 -0.232165 -1.94883 -1.3806 -0.059041
2.53347 -0.364047 1.49944 1.46644 -0.0642781 -0.67951 0.288116 -1.74518 -2.02336 -0.793658 -1.53534 -2.96924 -0.232165 -1.94883 -1.3806 -0.059041
2.53495 -0.364047 1.49944 1.46644 -0.0642781 -0.67951 0.288116 -1.74518 -2.02336 -0.793658 -1.53534 -2.96924 -0.232165 -1.94883 -1.3806 -0.059041
2.53664 -0.364047 1.49944 1.46644 -0.0642781 -0.67951 0.288116 -1.74518 -2.02336 -0.793658 -1.53534 -2.96924 -0.232165 -1.94883 -1.3806 -0.059041
2.53827 -0.364047 1.49944 1.46644 -0.0642781 -0.67951 0.288116 -1.74518 -2.02336 -0.793658 -1.53534 -2.96924 -0.232165 -1.94883 -1.3806 -0.059041
2.53991 -0.364047 1.49944 1.46644 -0.0642781 -0.67951 0.288116 -1.74518 -2.02336 -0.793658 -1.53534 -2.96924 -0.232165 -1.94883 -1.3806 -0.059041
2.54137 -0.364047 1.49944 1.46644 -0.0642781 -0.67951 0.288116 -1.74518 -2.02336 -0.793658 -1.53534 -2.96924 -0.232165 -1.94883 -1.3806 -0.059041
2.54292 -0.364047 1.49944 1.46644 -0.0642781 -0.67951 0.288116 -1.74518 -2.02336 -0.793658 -1.53534 -2.96924 -0.232165 -1.94883 -1.3806 -0.059041
2.54448 -0.364047 1.49944 1.46644 -0.0642781 -0.67951 0.288116 -1.74518 -2.02336 -0.793658 -1.53534 -2.96924 -0.232165 -1.94883 -1.3806 -0.059041
2.54615 -0.364047 1.49944 1.46644 -0.0642781 -0.67951 0.288116 -1.74518 -2.02336 -0.793658 -1.53534 -2.96924 -0.232165 -1.94883 -1.3806 -0.059041
2.54785 -0.364047 1.49944 1.46644 -0.0642781 -0.67951 0.288116 -1.74518 -2.02336 -0.793658 -1.53534 -2.96924 -0.232165 -1.94883 -1.3806 -0.059041
2.54949 -0.364047 1.49944 1.46644 -0.0642781 -0.67951 0.288116 -1.74518 -2.02336 -0.793658 -1.53534 -2.96924 -0.232165 -1.94883 -1.3806 -0.059041
2.55103 -0.364047 1.49944 1.46644 -0.0642781 -0.67951 0.288116 -1.74518 -2.02336 -0.793658 -1.53534 -2.96924 -0.232165 -1.94883 -1.3806 -0.059041
2.55268 -0.364047 1.49944 1.46644 -0.0642781 -0.67951 0.288116 -1.74518 -2.02336 -0.793658 -1.53534 -2.96924 -0.232165 -1.94883 -1.3806 -0.059041
2.55461 -0.364047 1.49944 1.46644 -0.0642781 -0.67951 0.288116 -1.74518 -2.02336 -0.793658 -1.53534 -2.96924 -0.232165 -1.94883 -1.3806 -0.059041
2.55665 -0.364047 1.49944 1.46644 -0.0642781 -0.67951 0.288116 -1.74518 -2.02336 -0.793658 -1.53534 -2.96924 -0.232165 -1.94883 -1.3806 -0.059041
2.55871 -0.364047 1.49944 1.46644 -0.0642781 -0.67951 0.288116 -1.74518 -2.02336 -0.793658 -1.53534 -2.96924 -0.232165 -1.94883 -1.3806 -0.059041
2.56075 -0.364047 1.49944 1.46644 -0.0642781 -0.67951 0.288116 -1.74518 -2.02336 -0.793658 -1.53534 -2.96924 -0.232165 -1.94883 -1.3806 -0.059041
2.56283 -0.364047 1.49944 1.46644 -0.0642781 -0.67951 0.288116 -1.74518 -2.02336 -0.793658 -1.53534 -2.96924 -0.232165 -1.94883 -1.3806 -0.059041
2.56489 -0.364047 1.49944 1.46644 -0.0642781 -0.67951 0.288116 -1.74518 -2.02336 -0.793658 -1.53534 -2.96924 -0.232165 -1.94883 -1.3806 -0.059041
2.567 -0.364047 1.49944 1.46644 -0.0642781 -0.67951 0.288116 -1.74518 -2.02336 -0.793658 -1.53534 -2.96924 -0.232165 -1.94883 -1.3806 -0.059041
2.5691 -0.364047 1.49944 1.46644 -0.0642781 -0.67951 0.288116 -1.74518 -2.02336 -0.793658 -1.53534 -2.96924 -0.232165 -1.94883 -1.3806 -0.059041
2.57121 -0.364047 1.49944 1.46644 -0.0642781 -0.67951 0.288116 -1.74518 -2.02336 -0.793658 -1.53534 -2.96924 -0.232165 -1.94883 -1.3806 -0.059041
2.57338 -0.364047 1.49944 1.46644 -0.0642781 -0.67951 0.288116 -1.74518 -2.02336 -0.793658 -1.53534 -2.96924 -0.232165 -1.94883 -1.3806 -0.059041
2.57552 -0.364047 1.49944 1.46644 -0.0642781 -0.67951 0.288116 -1.74518 -2.02336 -0.793658 -1.53534 -2.96924 -0.232165 -1.94883 -1.3806 -0.059041
2.5778 -0.364047 1.49944 1.46644 -0.0642781 -0.67951 0.288116 -1.74518 -2.02336 -0.793658 -1.53534 -2.96924 -0.232165 -1.94883 -1.3806 -0.059041
2.5802 -0.364047 1.49944 1.46644 -0.0642781 -0.67951 0.288116 -1.74518 -2.02336 -0.793658 -1.53534 -2.96924 -0.232165 -1.94883 -1.3806 -0.059041
2.58253 -0.364047 1.49944 1.46644 -0.0642781 -0.67951 0.288116 -1.74518 -2.02336 -0.793658 -1.53534 -2.96924 -0.232165 -1.94883 -1.3806 -0.059041
2.58481 -0.364047 1.49944 1.46644 -0.0642781 -0.67951 0.288116 -1.74518 -2.02336 -0.793658 -1.53534 -2.96924 -0.232165 -1.94883 -1.3806 -0.059041
2.5873 -0.364047 1.49944 1.46644 -0.0642781 -0.67951 0.288116 -1.74518 -2.02336 -0.793658 -1.53534 -2.96924 -0.232165 -1.94883 -1.3806 -0.059041
2.58978 -0.364047 1.49944 1.46644 -0.0642781 -0.67951 0.288116 -1.74518 -2.02336 -0.793658 -1.53534 -2.96924 -0.232165 -1.94883 -1.3806 -0.059041
2.59243 -0.364047 1.49944 1.46644 -0.0642781 -0.67951 0.288116 -1.74518 -2.02336 -0.793658 -1.53534 -2.96924 -0.232165 -1.94883 -1.3806 -0.059041
2.59494 -0.364047 1.49944 1.46644 -0.0642781 -0.67951 0.288116 -1.74518 -2.02336 -0.793658 -1.53534 -2.96924 -0.232165 -1.94883 -1.3806 -0.059041
2.59755 -0.364047 1.49944 1.46644 -0.0642781 -0.67951 0.288116 -1.74518 -2.02336 -0.793658 -1.53534 -2.96924 -0.232165 -1.94883 -1.3806 -0.059041
2.60029 -0.364047 1.49944 1.46644 -0.0642781 -0.67951 0.288116 -1.74518 -2.02336 -0.793658 -1.53534 -2.96924 -0.232165 -1.94883 -1.3806 -0.059041
2.60313 -0.364047 1.49944 1.46644 -0.0642781 -0.67951 0.288116 -1.74518 -2.02336 -0.793658 -1.53534 -2.96924 -0.232165 -1.94883 -1.3806 -0.059041
2.60595 -0.364047 1.49944 1.46644 -0.0642781 -0.67951 0.288116 -1.74518 -2.02336 -0.793658 -1.53534 -2.96924 -0.232165 -1.94883 -1.3806 -0.059041
2.60878 -0.364047 1.49944 1.46644 -0.0642781 -0.67951 0.288116 -1.74518 -2.02336 -0.793658 -1.53534 -2.96924 -0.232165 -1.94883 -1.3806 -0.059041
2.61173 -0.364047 1.49944 1.46644 -0.0642781 -0.67951 0.288116 -1.74518 -2.02336 -0.793658 -1.53534 -2.96924 -0.232165 -1.94883 -1.3806 -0.059041
2.61485 -0.364047 1.49944 1.46644 -0.0642781 -0.67951 0.288116 -1.74518 -2.02336 -0.793658 -1.53534 -2.96924 -0.232165 -1.94883 -1.3806 -0.059041
2.61802 -0.364047 1.49944 1.46644 -0.0642781 -0.67951 0.288116 -1.74518 -2.02336 -0.793658 -1.53534 -2.96924 -0.232165 -1.94883 -1.3806 -0.059041
2.62138 -0.364047 1.49944 1.46644 -0.0642781 -0.67951 0.288116 -1.74518 -2.02336 -0.793658 -1.53534 -2.96924 -0.232165 -1.94883 -1.3806 -0.059041
2.62467 -0.364047 1.49944 1.46644 -0.0642781 -0.67951 0.288116 -1.74518 -2.02336 -0.793658 -1.53534 -2.96924 -0.232165 -1.94883 -1.3806 -0.059041
2.62797 -0.364047 1.49944 1.46644 -0.0642781 -0.67951 0.288116 -1.74518 -2.02336 -0.793658 -1.53534 -2.96924 -0.232165 -1.94883 -1.3806 -0.059041
2.63128 -0.364047 1.49944 1.46644 -0.0642781 -0.67951 0.288116 -1.74518 -2.02336 -0.793658 -1.53534 -2.96924 -0.232165 -1.94883 -1.3806 -0.059041
2.63481 -0.364047 1.49944 1.46644 -0.0642781 -0.67951 0.288116 -1.74518 -2.02336 -0.793658 -1.53534 -2.96924 -0.232165 -1.94883 -1.3806 -0.059041
2.63843 -0.364047 1.49944 1.46644 -0.0642781 -0.67951 0.288116 -1.74518 -2.02336 -0.793658 -1.53534 -2.96924 -0.232165 -1.94883 -1.3806 -0.059041
2.64211 -0.364047 1.49944 1.46644 -0.0642781 -0.67951 0.288116 -1.74518 -2.02336 -0.793658 -1.53534 -2.96924 -0.232165 -1.94883 -1.3806 -0.059041
2.64588 -0.364047 1.49944 1.46644 -0.0642781 -0.67951 0.288116 -1.74518 -2.02336 -0.793658 -1.53534 -2.96924 -0.232165 -1.94883 -1.3806 -0.059041
2.64959 -0.364047 1.49944 1.46644 -0.0642781 -0.67951 0.288116 -1.74518 -2.02336 -0.793658 -1.53534 -2.96924 -0.232165 -1.94883 -1.3806 -0.059041
2.65363 -0.364047 1.49944 1.46644 -0.0642781 -0.67951 0.288116 -1.74518 -2.02336 -0.793658 -1.53534 -2.96924 -0.232165 -1.94883 -1.3806 -0.059041
2.65771 -0.364047 1.49944 1.46644 -0.0642781 -0.67951 0.288116 -1.74518 -2.02336 -0.793658 -1.53534 -2.96924 -0.232165 -1.94883 -1.3806 -0.059041
2.66183 -0.364047 1.49944 1.46644 -0.0642781 -0.67951 0.288116 -1.74518 -2.02336 -0.793658 -1.53534 -2.96924 -0.232165 -1.94883 -1.3806 -0.059041
2.66612 -0.364047 1.49944 1.46644 -0.0642781 -0.67951 0.288116 -1.74518 -2.02336 -0.793658 -1.53534 -2.96924 -0.232165 -1.94883 -1.3806 -0.059041
2.67053 -0.364047 1.49944 1.46644 -0.0642781 -0.67951 0.288116 -1.74518 -2.02336 -0.793658 -1.53534 -2.96924 -0.232165 -1.94883 -1.3806 -0.059041
2.67517 -0.364047 1.49944 1.46644 -0.0642781 -0.67951 0.288116 -1.74518 -2.02336 -0.793658 -1.53534 -2.96924 -0.232165 -1.94883 -1.3806 -0.059041
2.67966 -0.364047 1.49944 1.46644 -0.0642781 -0.67951 0.288116 -1.74518 -2.02336 -0.793658 -1.53534 -2.96924 -0.232165 -1.94883 -1.3806 -0.059041
2.68419 -0.364047 1.49944 1.46644 -0.0642781 -0.67951 0.288116 -1.74518 -2.02336 -0.793658 -1.53534 -2.96924 -0.232165 -1.94883 -1.3806 -0.059041
2.68889 -0.364047 1.49944 1.46644 -0.0642781 -0.67951 0.288116 -1.74518 -2.02336 -0.793658 -1.53534 -2.96924 -0.232165 -1.94883 -1.3806 -0.059041
2.69366 -0.364047 1.49944 1.46644 -0.0642781 -0.67951 0.288116 -1.74518 -2.02336 -0.793658 -1.53534 -2.96924 -0.232165 -1.94883 -1.3806 -0.059041
2.6986 -0.364047 1.49944 1.46644 -0.0642781 -0.67951 0.288116 -1.74518 -2.02336 -0.793658 -1.53534 -2.96924 -0.232165 -1.94883 -1.3806 -0.059041
2.70356 -0.364047 1.49944 1.46644 -0.0642781 -0.67951 0.288116 -1.74518 -2.02336 -0.793658 -1.53534 -2.96924 -0.232165 -1.94883 -1.3806 -0.059041
2.70859 -0.364047 1.49944 1.46644 -0.0642781 -0.67951 0.288116 -1.74518 -2.02336 -0.793658 -1.53534 -2.96924 -0.232165 -1.94883 -1.3806 -0.059041
2.71381 -0.364047 1.49944 1.46644 -0.0642781 -0.67951 0.288116 -1.74518 -2.02336 -0.793658 -1.53534 -2.96924 -0.232165 -1.94883 -1.3806 -0.059041
2.71917 -0.364047 1.49944 1.46644 -0.0642781 -0.67951 0.288116 -1.74518 -2.02336 -0.793658 -1.53534 -2.96924 -0.232165 -1.94883 -1.3806 -0.059041
2.7246 -0.364047 1.49944 1.46644 -0.0642781 -0.67951 0.288116 -1.74518 -2.02336 -0.793658 -1.53534 -2.96924 -0.232165 -1.94883 -1.3806 -0.059041
2.73018 -0.364047 1.49944 1.46644 -0.0642781 -0.67951 0.288116 -1.74518 -2.02336 -0.793658 -1.53534 -2.96924 -0.232165 -1.94883 -1.3806 -0.059041
2.73599 -0.364047 1.49944 1.46644 -0.0642781 -0.67951 0.288116 -1.74518 -2.02336 -0.793658 -1.53534 -2.96924 -0.232165 -1.94883 -1.3806 -0.059041
