13.951
13.961
13.972
13.982
13.993
14.003
14.013
14.024
14.034
14.046
14.067
14.087
14.108
14.129
14.149
14.17
14.191
14.212
14.232
14.253
14.291
14.33
14.369
14.407
14.446
14.484
14.523
14.562
14.601
14.64
14.678
14.717
14.758
14.799
14.84
14.879
14.918
14.957
14.996
15.035
15.073
15.112
15.15
15.19
15.23
15.269
15.308
15.347
15.385
15.424
15.463
15.501
15.539
15.578
15.617
15.656
15.694
15.733
15.775
15.814
15.852
16.557
16.567
16.578
16.589
16.599
16.61
16.621
16.632
16.642
16.655
16.694
16.733
16.772
16.812
16.851
16.89
16.928
16.966
17.005
17.044
17.082
17.121
17.159
17.199
17.238
17.277
17.316
17.355
17.394
17.433
17.472
17.511
17.55
17.589
17.627
17.667
17.706
17.744
17.783
17.824
17.862
17.901
17.94
17.979
18.018
18.056
18.095
18.134
18.173
18.211
18.25
18.29
18.33
18.369
18.409
18.448
18.487
18.525
18.564
18.603
18.642
18.681
18.719
18.758
18.797
18.838
18.877
18.918
18.957
18.996
19.035
19.074
19.113
19.151
19.19
19.228
19.267
19.307
19.346
19.385
19.425
19.463
19.502
19.541
19.579
19.617
19.657
19.696
19.735
19.773
19.813
19.855
19.894
19.932
19.971
20.01
20.049
20.088
20.126
20.165
20.204
20.242
20.281
20.32
20.358
