2.29093 1.05188 1.88693 -1.87441 1.66493 0.576766 2.61516 1.22127 1.31676 -1.18209 0.575078 2.2393 -2.05265 -1.33567 -0.129488 -2.75426
2.29093 1.05188 1.88693 -1.87441 1.66493 0.576766 2.61516 1.22127 1.31676 -1.18209 0.575078 2.2393 -2.05265 -1.33567 -0.129488 -2.75426
2.29093 1.05188 1.88693 -1.87441 1.66493 0.576766 2.61516 1.22127 1.31676 -1.18209 0.575078 2.2393 -2.05265 -1.33567 -0.129488 -2.75426
2.29093 1.05188 1.88693 -1.87441 1.66493 0.576766 2.61516 1.22127 1.31676 -1.18209 0.575078 2.2393 -2.05265 -1.33567 -0.129488 -2.75426
2.29093 1.05188 1.88693 -1.87441 1.66493 0.576766 2.61516 1.22127 1.31676 -1.18209 0.575078 2.2393 -2.05265 -1.33567 -0.129488 -2.75426
2.29159 1.05188 1.88693 -1.87441 1.66493 0.576766 2.61516 1.22127 1.31676 -1.18209 0.575078 2.2393 -2.05265 -1.33567 -0.129488 -2.75426
2.29245 1.05188 1.88693 -1.87441 1.66493 0.576766 2.61516 1.22127 1.31676 -1.18209 0.575078 2.2393 -2.05265 -1.33567 -0.129488 -2.75426
2.29351 1.05188 1.88693 -1.87441 1.66493 0.576766 2.61516 1.22127 1.31676 -1.18209 0.575078 2.2393 -2.05265 -1.33567 -0.129488 -2.75426
2.29469 1.05188 1.88693 -1.87441 1.66493 0.576766 2.61516 1.22127 1.31676 -1.18209 0.575078 2.2393 -2.05265 -1.33567 -0.129488 -2.75426
2.29599 1.05188 1.88693 -1.87441 1.66493 0.576766 2.61516 1.22127 1.31676 -1.18209 0.575078 2.2393 -2.05265 -1.33567 -0.129488 -2.75426
2.29736 1.05188 1.88693 -1.87441 1.66493 0.576766 2.61516 1.22127 1.31676 -1.18209 0.575078 2.2393 -2.05265 -1.33567 -0.129488 -2.75426
2.29882 1.05188 1.88693 -1.87441 1.66493 0.576766 2.61516 1.22127 1.31676 -1.18209 0.575078 2.2393 -2.05265 -1.33567 -0.129488 -2.75426
2.30034 1.05188 1.88693 -1.87441 1.66493 0.576766 2.61516 1.22127 1.31676 -1.18209 0.575078 2.2393 -2.05265 -1.33567 -0.129488 -2.75426
2.30184 1.05188 1.88693 -1.87441 1.66493 0.576766 2.61516 1.22127 1.31676 -1.18209 0.575078 2.2393 -2.05265 -1.33567 -0.129488 -2.75426
2.3033 1.05188 1.88693 -1.87441 1.66493 0.576766 2.61516 1.22127 1.31676 -1.18209 0.575078 2.2393 -2.05265 -1.33567 -0.129488 -2.75426
2.30488 1.05188 1.88693 -1.87441 1.66493 0.576766 2.61516 1.22127 1.31676 -1.18209 0.575078 2.2393 -2.05265 -1.33567 -0.129488 -2.75426
2.30653 1.05188 1.88693 -1.87441 1.66493 0.576766 2.61516 1.22127 1.31676 -1.18209 0.575078 2.2393 -2.05265 -1.33567 -0.129488 -2.75426
2.30822 1.05188 1.88693 -1.87441 1.66493 0.576766 2.61516 1.22127 1.31676 -1.18209 0.575078 2.2393 -2.05265 -1.33567 -0.129488 -2.75426
2.30993 1.05188 1.88693 -1.87441 1.66493 0.576766 2.61516 1.22127 1.31676 -1.18209 0.575078 2.2393 -2.05265 -1.33567 -0.129488 -2.75426
2.31335 1.05188 1.88693 -1.87441 1.66493 0.576766 2.61516 1.22127 1.31676 -1.18209 0.575078 2.2393 -2.05265 -1.33567 -0.129488 -2.75426
2.31698 1.05188 1.88693 -1.87441 1.66493 0.576766 2.61516 1.22127 1.31676 -1.18209 0.575078 2.2393 -2.05265 -1.33567 -0.129488 -2.75426
2.32081 1.05188 1.88693 -1.87441 1.66493 0.576766 2.61516 1.22127 1.31676 -1.18209 0.575078 2.2393 -2.05265 -1.33567 -0.129488 -2.75426
2.32483 1.05188 1.88693 -1.87441 1.66493 0.576766 2.61516 1.22127 1.31676 -1.18209 0.575078 2.2393 -2.05265 -1.33567 -0.129488 -2.75426
2.32901 1.05188 1.88693 -1.87441 1.66493 0.576766 2.61516 1.22127 1.31676 -1.18209 0.575078 2.2393 -2.05265 -1.33567 -0.129488 -2.75426
2.33324 1.05188 1.88693 -1.87441 1.66493 0.576766 2.61516 1.22127 1.31676 -1.18209 0.575078 2.2393 -2.05265 -1.33567 -0.129488 -2.75426
2.33743 1.05188 1.88693 -1.87441 1.66493 0.576766 2.61516 1.22127 1.31676 -1.18209 0.575078 2.2393 -2.05265 -1.33567 -0.129488 -2.75426
2.34203 1.05188 1.88693 -1.87441 1.66493 0.576766 2.61516 1.22127 1.31676 -1.18209 0.575078 2.2393 -2.05265 -1.33567 -0.129488 -2.75426
2.34663 1.05188 1.88693 -1.87441 1.66493 0.576766 2.61516 1.22127 1.31676 -1.18209 0.575078 2.2393 -2.05265 -1.33567 -0.129488 -2.75426
2.3514 1.05188 1.88693 -1.87441 1.66493 0.576766 2.61516 1.22127 1.31676 -1.18209 0.575078 2.2393 -2.05265 -1.33567 -0.129488 -2.75426
2.35623 1.05188 1.88693 -1.87441 1.66493 0.576766 2.61516 1.22127 1.31676 -1.18209 0.575078 2.2393 -2.05265 -1.33567 -0.129488 -2.75426
2.36133 1.05188 1.88693 -1.87441 1.66493 0.576766 2.61516 1.22127 1.31676 -1.18209 0.575078 2.2393 -2.05265 -1.33567 -0.129488 -2.75426
2.36664 1.05188 1.88693 -1.87441 1.66493 0.576766 2.61516 1.22127 1.31676 -1.18209 0.575078 2.2393 -2.05265 -1.33567 -0.129488 -2.75426
2.37211 1.05188 1.88693 -1.87441 1.66493 0.576766 2.61516 1.22127 1.31676 -1.18209 0.575078 2.2393 -2.05265 -1.33567 -0.129488 -2.75426
2.37768 1.05188 1.88693 -1.87441 1.66493 0.576766 2.61516 1.22127 1.31676 -1.18209 0.575078 2.2393 -2.05265 -1.33567 -0.129488 -2.75426
2.38351 1.05188 1.88693 -1.87441 1.66493 0.576766 2.61516 1.22127 1.31676 -1.18209 0.575078 2.2393 -2.05265 -1.33567 -0.129488 -2.75426
2.3896 1.05188 1.88693 -1.87441 1.66493 0.576766 2.61516 1.22127 1.31676 -1.18209 0.575078 2.2393 -2.05265 -1.33567 -0.129488 -2.75426
2.39575 1.05188 1.88693 -1.87441 1.66493 0.576766 2.61516 1.22127 1.31676 -1.18209 0.575078 2.2393 -2.05265 -1.33567 -0.129488 -2.75426
2.40224 1.05188 1.88693 -1.87441 1.66493 0.576766 2.61516 1.22127 1.31676 -1.18209 0.575078 2.2393 -2.05265 -1.33567 -0.129488 -2.75426
2.40926 1.05188 1.88693 -1.87441 1.66493 0.576766 2.61516 1.22127 1.31676 -1.18209 0.575078 2.2393 -2.05265 -1.33567 -0.129488 -2.75426
2.41668 1.05188 1.88693 -1.87441 1.66493 0.576766 2.61516 1.22127 1.31676 -1.18209 0.575078 2.2393 -2.05265 -1.33567 -0.129488 -2.75426
2.42419 1.05188 1.88693 -1.87441 1.66493 0.576766 2.61516 1.22127 1.31676 -1.18209 0.575078 2.2393 -2.05265 -1.33567 -0.129488 -2.75426
2.43165 1.05188 1.88693 -1.87441 1.66493 0.576766 2.61516 1.22127 1.31676 -1.18209 0.575078 2.2393 -2.05265 -1.33567 -0.129488 -2.75426
2.43933 1.05188 1.88693 -1.87441 1.66493 0.576766 2.61516 1.22127 1.31676 -1.18209 0.575078 2.2393 -2.05265 -1.33567 -0.129488 -2.75426
2.44742 1.05188 1.88693 -1.87441 1.66493 0.576766 2.61516 1.22127 1.31676 -1.18209 0.575078 2.2393 -2.05265 -1.33567 -0.129488 -2.75426
2.45582 1.05188 1.88693 -1.87441 1.66493 0.576766 2.61516 1.22127 1.31676 -1.18209 0.575078 2.2393 -2.05265 -1.33567 -0.129488 -2.75426
2.46456 1.05188 1.88693 -1.87441 1.66493 0.576766 2.61516 1.22127 1.31676 -1.18209 0.575078 2.2393 -2.05265 -1.33567 -0.129488 -2.75426
2.4736 1.05188 1.88693 -1.87441 1.66493 0.576766 2.61516 1.22127 1.31676 -1.18209 0.575078 2.2393 -2.05265 -1.33567 -0.129488 -2.75426
2.48307 1.05188 1.88693 -1.87441 1.66493 0.576766 2.61516 1.22127 1.31676 -1.18209 0.575078 2.2393 -2.05265 -1.33567 -0.129488 -2.75426
2.49307 1.05188 1.88693 -1.87441 1.66493 0.576766 2.61516 1.22127 1.31676 -1.18209 0.575078 2.2393 -2.05265 -1.33567 -0.129488 -2.75426
2.50336 1.05188 1.88693 -1.87441 1.66493 0.576766 2.61516 1.22127 1.31676 -1.18209 0.575078 2.2393 -2.05265 -1.33567 -0.129488 -2.75426
2.5139 1.05188 1.88693 -1.87441 1.66493 0.576766 2.61516 1.22127 1.31676 -1.18209 0.575078 2.2393 -2.05265 -1.33567 -0.129488 -2.75426
2.52499 1.05188 1.88693 -1.87441 1.66493 0.576766 2.61516 1.22127 1.31676 -1.18209 0.575078 2.2393 -2.05265 -1.33567 -0.129488 -2.75426
2.53633 1.05188 1.88693 -1.87441 1.66493 0.576766 2.61516 1.22127 1.31676 -1.18209 0.575078 2.2393 -2.05265 -1.33567 -0.129488 -2.75426
2.54851 1.05188 1.88693 -1.87441 1.66493 0.576766 2.61516 1.22127 1.31676 -1.18209 0.575078 2.2393 -2.05265 -1.33567 -0.129488 -2.75426
2.56079 1.05188 1.88693 -1.87441 1.66493 0.576766 2.61516 1.22127 1.31676 -1.18209 0.575078 2.2393 -2.05265 -1.33567 -0.129488 -2.75426
2.57372 1.05188 1.88693 -1.87441 1.66493 0.576766 2.61516 1.22127 1.31676 -1.18209 0.575078 2.2393 -2.05265 -1.33567 -0.129488 -2.75426
2.58712 1.05188 1.88693 -1.87441 1.66493 0.576766 2.61516 1.22127 1.31676 -1.18209 0.575078 2.2393 -2.05265 -1.33567 -0.129488 -2.75426
2.6011 1.05188 1.88693 -1.87441 1.66493 0.576766 2.61516 1.22127 1.31676 -1.18209 0.575078 2.2393 -2.05265 -1.33567 -0.129488 -2.75426
2.61572 1.05188 1.88693 -1.87441 1.66493 0.576766 2.61516 1.22127 1.31676 -1.18209 0.575078 2.2393 -2.05265 -1.33567 -0.129488 -2.75426
2.63071 1.05188 1.88693 -1.87441 1.66493 0.576766 2.61516 1.22127 1.31676 -1.18209 0.575078 2.2393 -2.05265 -1.33567 -0.129488 -2.75426
2.64642 1.05188 1.88693 -1.87441 1.66493 0.576766 2.61516 1.22127 1.31676 -1.18209 0.575078 2.2393 -2.05265 -1.33567 -0.129488 -2.75426
2.66273 1.05188 1.88693 -1.87441 1.66493 0.576766 2.61516 1.22127 1.31676 -1.18209 0.575078 2.2393 -2.05265 -1.33567 -0.129488 -2.75426
