1.3072 1.31267 -1.94356 0.310601 0.565632 -0.968556 -2.80934 0.42317 2.60764 1.96128 -1.33272 -2.29957 -1.5156 1.4876 0.5814 -3.05066
1.30731 1.31267 -1.94356 0.310601 0.565632 -0.968556 -2.80934 0.42317 2.60764 1.96128 -1.33272 -2.29957 -1.5156 1.4876 0.5814 -3.05066
1.3077 1.31267 -1.94356 0.310601 0.565632 -0.968556 -2.80934 0.42317 2.60764 1.96128 -1.33272 -2.29957 -1.5156 1.4876 0.5814 -3.05066
1.30807 1.31267 -1.94356 0.310601 0.565632 -0.968556 -2.80934 0.42317 2.60764 1.96128 -1.33272 -2.29957 -1.5156 1.4876 0.5814 -3.05066
1.30846 1.31267 -1.94356 0.310601 0.565632 -0.968556 -2.80934 0.42317 2.60764 1.96128 -1.33272 -2.29957 -1.5156 1.4876 0.5814 -3.05066
1.30881 1.31267 -1.94356 0.310601 0.565632 -0.968556 -2.80934 0.42317 2.60764 1.96128 -1.33272 -2.29957 -1.5156 1.4876 0.5814 -3.05066
1.30921 1.31267 -1.94356 0.310601 0.565632 -0.968556 -2.80934 0.42317 2.60764 1.96128 -1.33272 -2.29957 -1.5156 1.4876 0.5814 -3.05066
1.30965 1.31267 -1.94356 0.310601 0.565632 -0.968556 -2.80934 0.42317 2.60764 1.96128 -1.33272 -2.29957 -1.5156 1.4876 0.5814 -3.05066
1.3101 1.31267 -1.94356 0.310601 0.565632 -0.968556 -2.80934 0.42317 2.60764 1.96128 -1.33272 -2.29957 -1.5156 1.4876 0.5814 -3.05066
1.31059 1.31267 -1.94356 0.310601 0.565632 -0.968556 -2.80934 0.42317 2.60764 1.96128 -1.33272 -2.29957 -1.5156 1.4876 0.5814 -3.05066
1.31109 1.31267 -1.94356 0.310601 0.565632 -0.968556 -2.80934 0.42317 2.60764 1.96128 -1.33272 -2.29957 -1.5156 1.4876 0.5814 -3.05066
1.31164 1.31267 -1.94356 0.310601 0.565632 -0.968556 -2.80934 0.42317 2.60764 1.96128 -1.33272 -2.29957 -1.5156 1.4876 0.5814 -3.05066
1.31227 1.31267 -1.94356 0.310601 0.565632 -0.968556 -2.80934 0.42317 2.60764 1.96128 -1.33272 -2.29957 -1.5156 1.4876 0.5814 -3.05066
1.3129 1.31267 -1.94356 0.310601 0.565632 -0.968556 -2.80934 0.42317 2.60764 1.96128 -1.33272 -2.29957 -1.5156 1.4876 0.5814 -3.05066
1.31354 1.31267 -1.94356 0.310601 0.565632 -0.968556 -2.80934 0.42317 2.60764 1.96128 -1.33272 -2.29957 -1.5156 1.4876 0.5814 -3.05066
1.31421 1.31267 -1.94356 0.310601 0.565632 -0.968556 -2.80934 0.42317 2.60764 1.96128 -1.33272 -2.29957 -1.5156 1.4876 0.5814 -3.05066
1.31495 1.31267 -1.94356 0.310601 0.565632 -0.968556 -2.80934 0.42317 2.60764 1.96128 -1.33272 -2.29957 -1.5156 1.4876 0.5814 -3.05066
1.31576 1.31267 -1.94356 0.310601 0.565632 -0.968556 -2.80934 0.42317 2.60764 1.96128 -1.33272 -2.29957 -1.5156 1.4876 0.5814 -3.05066
1.31661 1.31267 -1.94356 0.310601 0.565632 -0.968556 -2.80934 0.42317 2.60764 1.96128 -1.33272 -2.29957 -1.5156 1.4876 0.5814 -3.05066
1.3182 1.31267 -1.94356 0.310601 0.565632 -0.968556 -2.80934 0.42317 2.60764 1.96128 -1.33272 -2.29957 -1.5156 1.4876 0.5814 -3.05066
1.31971 1.31267 -1.94356 0.310601 0.565632 -0.968556 -2.80934 0.42317 2.60764 1.96128 -1.33272 -2.29957 -1.5156 1.4876 0.5814 -3.05066
1.32117 1.31267 -1.94356 0.310601 0.565632 -0.968556 -2.80934 0.42317 2.60764 1.96128 -1.33272 -2.29957 -1.5156 1.4876 0.5814 -3.05066
1.32276 1.31267 -1.94356 0.310601 0.565632 -0.968556 -2.80934 0.42317 2.60764 1.96128 -1.33272 -2.29957 -1.5156 1.4876 0.5814 -3.05066
1.32452 1.31267 -1.94356 0.310601 0.565632 -0.968556 -2.80934 0.42317 2.60764 1.96128 -1.33272 -2.29957 -1.5156 1.4876 0.5814 -3.05066
1.32643 1.31267 -1.94356 0.310601 0.565632 -0.968556 -2.80934 0.42317 2.60764 1.96128 -1.33272 -2.29957 -1.5156 1.4876 0.5814 -3.05066
1.32838 1.31267 -1.94356 0.310601 0.565632 -0.968556 -2.80934 0.42317 2.60764 1.96128 -1.33272 -2.29957 -1.5156 1.4876 0.5814 -3.05066
1.33026 1.31267 -1.94356 0.310601 0.565632 -0.968556 -2.80934 0.42317 2.60764 1.96128 -1.33272 -2.29957 -1.5156 1.4876 0.5814 -3.05066
1.33211 1.31267 -1.94356 0.310601 0.565632 -0.968556 -2.80934 0.42317 2.60764 1.96128 -1.33272 -2.29957 -1.5156 1.4876 0.5814 -3.05066
1.33415 1.31267 -1.94356 0.310601 0.565632 -0.968556 -2.80934 0.42317 2.60764 1.96128 -1.33272 -2.29957 -1.5156 1.4876 0.5814 -3.05066
1.33637 1.31267 -1.94356 0.310601 0.565632 -0.968556 -2.80934 0.42317 2.60764 1.96128 -1.33272 -2.29957 -1.5156 1.4876 0.5814 -3.05066
1.33857 1.31267 -1.94356 0.310601 0.565632 -0.968556 -2.80934 0.42317 2.60764 1.96128 -1.33272 -2.29957 -1.5156 1.4876 0.5814 -3.05066
1.34075 1.31267 -1.94356 0.310601 0.565632 -0.968556 -2.80934 0.42317 2.60764 1.96128 -1.33272 -2.29957 -1.5156 1.4876 0.5814 -3.05066
1.34303 1.31267 -1.94356 0.310601 0.565632 -0.968556 -2.80934 0.42317 2.60764 1.96128 -1.33272 -2.29957 -1.5156 1.4876 0.5814 -3.05066
1.34547 1.31267 -1.94356 0.310601 0.565632 -0.968556 -2.80934 0.42317 2.60764 1.96128 -1.33272 -2.29957 -1.5156 1.4876 0.5814 -3.05066
1.34795 1.31267 -1.94356 0.310601 0.565632 -0.968556 -2.80934 0.42317 2.60764 1.96128 -1.33272 -2.29957 -1.5156 1.4876 0.5814 -3.05066
1.35037 1.31267 -1.94356 0.310601 0.565632 -0.968556 -2.80934 0.42317 2.60764 1.96128 -1.33272 -2.29957 -1.5156 1.4876 0.5814 -3.05066
1.35268 1.31267 -1.94356 0.310601 0.565632 -0.968556 -2.80934 0.42317 2.60764 1.96128 -1.33272 -2.29957 -1.5156 1.4876 0.5814 -3.05066
1.35501 1.31267 -1.94356 0.310601 0.565632 -0.968556 -2.80934 0.42317 2.60764 1.96128 -1.33272 -2.29957 -1.5156 1.4876 0.5814 -3.05066
1.35774 1.31267 -1.94356 0.310601 0.565632 -0.968556 -2.80934 0.42317 2.60764 1.96128 -1.33272 -2.29957 -1.5156 1.4876 0.5814 -3.05066
1.3606 1.31267 -1.94356 0.310601 0.565632 -0.968556 -2.80934 0.42317 2.60764 1.96128 -1.33272 -2.29957 -1.5156 1.4876 0.5814 -3.05066
1.36348 1.31267 -1.94356 0.310601 0.565632 -0.968556 -2.80934 0.42317 2.60764 1.96128 -1.33272 -2.29957 -1.5156 1.4876 0.5814 -3.05066
1.36643 1.31267 -1.94356 0.310601 0.565632 -0.968556 -2.80934 0.42317 2.60764 1.96128 -1.33272 -2.29957 -1.5156 1.4876 0.5814 -3.05066
1.36942 1.31267 -1.94356 0.310601 0.565632 -0.968556 -2.80934 0.42317 2.60764 1.96128 -1.33272 -2.29957 -1.5156 1.4876 0.5814 -3.05066
1.37248 1.31267 -1.94356 0.310601 0.565632 -0.968556 -2.80934 0.42317 2.60764 1.96128 -1.33272 -2.29957 -1.5156 1.4876 0.5814 -3.05066
1.3756 1.31267 -1.94356 0.310601 0.565632 -0.968556 -2.80934 0.42317 2.60764 1.96128 -1.33272 -2.29957 -1.5156 1.4876 0.5814 -3.05066
1.3789 1.31267 -1.94356 0.310601 0.565632 -0.968556 -2.80934 0.42317 2.60764 1.96128 -1.33272 -2.29957 -1.5156 1.4876 0.5814 -3.05066
1.38243 1.31267 -1.94356 0.310601 0.565632 -0.968556 -2.80934 0.42317 2.60764 1.96128 -1.33272 -2.29957 -1.5156 1.4876 0.5814 -3.05066
1.38626 1.31267 -1.94356 0.310601 0.565632 -0.968556 -2.80934 0.42317 2.60764 1.96128 -1.33272 -2.29957 -1.5156 1.4876 0.5814 -3.05066
1.38994 1.31267 -1.94356 0.310601 0.565632 -0.968556 -2.80934 0.42317 2.60764 1.96128 -1.33272 -2.29957 -1.5156 1.4876 0.5814 -3.05066
1.39356 1.31267 -1.94356 0.310601 0.565632 -0.968556 -2.80934 0.42317 2.60764 1.96128 -1.33272 -2.29957 -1.5156 1.4876 0.5814 -3.05066
1.39725 1.31267 -1.94356 0.310601 0.565632 -0.968556 -2.80934 0.42317 2.60764 1.96128 -1.33272 -2.29957 -1.5156 1.4876 0.5814 -3.05066
1.40115 1.31267 -1.94356 0.310601 0.565632 -0.968556 -2.80934 0.42317 2.60764 1.96128 -1.33272 -2.29957 -1.5156 1.4876 0.5814 -3.05066
1.40519 1.31267 -1.94356 0.310601 0.565632 -0.968556 -2.80934 0.42317 2.60764 1.96128 -1.33272 -2.29957 -1.5156 1.4876 0.5814 -3.05066
1.40944 1.31267 -1.94356 0.310601 0.565632 -0.968556 -2.80934 0.42317 2.60764 1.96128 -1.33272 -2.29957 -1.5156 1.4876 0.5814 -3.05066
1.41376 1.31267 -1.94356 0.310601 0.565632 -0.968556 -2.80934 0.42317 2.60764 1.96128 -1.33272 -2.29957 -1.5156 1.4876 0.5814 -3.05066
1.41804 1.31267 -1.94356 0.310601 0.565632 -0.968556 -2.80934 0.42317 2.60764 1.96128 -1.33272 -2.29957 -1.5156 1.4876 0.5814 -3.05066
1.42255 1.31267 -1.94356 0.310601 0.565632 -0.968556 -2.80934 0.42317 2.60764 1.96128 -1.33272 -2.29957 -1.5156 1.4876 0.5814 -3.05066
1.42723 1.31267 -1.94356 0.310601 0.565632 -0.968556 -2.80934 0.42317 2.60764 1.96128 -1.33272 -2.29957 -1.5156 1.4876 0.5814 -3.05066
1.432 1.31267 -1.94356 0.310601 0.565632 -0.968556 -2.80934 0.42317 2.60764 1.96128 -1.33272 -2.29957 -1.5156 1.4876 0.5814 -3.05066
1.43677 1.31267 -1.94356 0.310601 0.565632 -0.968556 -2.80934 0.42317 2.60764 1.96128 -1.33272 -2.29957 -1.5156 1.4876 0.5814 -3.05066
1.44172 1.31267 -1.94356 0.310601 0.565632 -0.968556 -2.80934 0.42317 2.60764 1.96128 -1.33272 -2.29957 -1.5156 1.4876 0.5814 -3.05066
1.44694 1.31267 -1.94356 0.310601 0.565632 -0.968556 -2.80934 0.42317 2.60764 1.96128 -1.33272 -2.29957 -1.5156 1.4876 0.5814 -3.05066
1.45223 1.31267 -1.94356 0.310601 0.565632 -0.968556 -2.80934 0.42317 2.60764 1.96128 -1.33272 -2.29957 -1.5156 1.4876 0.5814 -3.05066
1.45784 1.31267 -1.94356 0.310601 0.565632 -0.968556 -2.80934 0.42317 2.60764 1.96128 -1.33272 -2.29957 -1.5156 1.4876 0.5814 -3.05066
1.46352 1.31267 -1.94356 0.310601 0.565632 -0.968556 -2.80934 0.42317 2.60764 1.96128 -1.33272 -2.29957 -1.5156 1.4876 0.5814 -3.05066
1.46941 1.31267 -1.94356 0.310601 0.565632 -0.968556 -2.80934 0.42317 2.60764 1.96128 -1.33272 -2.29957 -1.5156 1.4876 0.5814 -3.05066
1.47538 1.31267 -1.94356 0.310601 0.565632 -0.968556 -2.80934 0.42317 2.60764 1.96128 -1.33272 -2.29957 -1.5156 1.4876 0.5814 -3.05066
1.48149 1.31267 -1.94356 0.310601 0.565632 -0.968556 -2.80934 0.42317 2.60764 1.96128 -1.33272 -2.29957 -1.5156 1.4876 0.5814 -3.05066
1.48787 1.31267 -1.94356 0.310601 0.565632 -0.968556 -2.80934 0.42317 2.60764 1.96128 -1.33272 -2.29957 -1.5156 1.4876 0.5814 -3.05066
1.49463 1.31267 -1.94356 0.310601 0.565632 -0.968556 -2.80934 0.42317 2.60764 1.96128 -1.33272 -2.29957 -1.5156 1.4876 0.5814 -3.05066
1.50154 1.31267 -1.94356 0.310601 0.565632 -0.968556 -2.80934 0.42317 2.60764 1.96128 -1.33272 -2.29957 -1.5156 1.4876 0.5814 -3.05066
1.50899 1.31267 -1.94356 0.310601 0.565632 -0.968556 -2.80934 0.42317 2.60764 1.96128 -1.33272 -2.29957 -1.5156 1.4876 0.5814 -3.05066
1.51653 1.31267 -1.94356 0.310601 0.565632 -0.968556 -2.80934 0.42317 2.60764 1.96128 -1.33272 -2.29957 -1.5156 1.4876 0.5814 -3.05066
1.63987 1.31267 -1.94356 0.310601 0.565632 -0.968556 -2.80934 0.42317 2.60764 1.96128 -1.33272 -2.29957 -1.5156 1.4876 0.5814 -3.05066
1.63907 1.31267 -1.94356 0.310601 0.565632 -0.968556 -2.80934 0.42317 2.60764 1.96128 -1.33272 -2.29957 -1.5156 1.4876 0.5814 -3.05066
1.63799 1.31267 -1.94356 0.310601 0.565632 -0.968556 -2.80934 0.42317 2.60764 1.96128 -1.33272 -2.29957 -1.5156 1.4876 0.5814 -3.05066
1.63681 1.31267 -1.94356 0.310601 0.565632 -0.968556 -2.80934 0.42317 2.60764 1.96128 -1.33272 -2.29957 -1.5156 1.4876 0.5814 -3.05066
1.63513 1.31267 -1.94356 0.310601 0.565632 -0.968556 -2.80934 0.42317 2.60764 1.96128 -1.33272 -2.29957 -1.5156 1.4876 0.5814 -3.05066
1.63361 1.31267 -1.94356 0.310601 0.565632 -0.968556 -2.80934 0.42317 2.60764 1.96128 -1.33272 -2.29957 -1.5156 1.4876 0.5814 -3.05066
1.63215 1.31267 -1.94356 0.310601 0.565632 -0.968556 -2.80934 0.42317 2.60764 1.96128 -1.33272 -2.29957 -1.5156 1.4876 0.5814 -3.05066
1.63067 1.31267 -1.94356 0.310601 0.565632 -0.968556 -2.80934 0.42317 2.60764 1.96128 -1.33272 -2.29957 -1.5156 1.4876 0.5814 -3.05066
1.62921 1.31267 -1.94356 0.310601 0.565632 -0.968556 -2.80934 0.42317 2.60764 1.96128 -1.33272 -2.29957 -1.5156 1.4876 0.5814 -3.05066
1.62766 1.31267 -1.94356 0.310601 0.565632 -0.968556 -2.80934 0.42317 2.60764 1.96128 -1.33272 -2.29957 -1.5156 1.4876 0.5814 -3.05066
1.62612 1.31267 -1.94356 0.310601 0.565632 -0.968556 -2.80934 0.42317 2.60764 1.96128 -1.33272 -2.29957 -1.5156 1.4876 0.5814 -3.05066
1.62405 1.31267 -1.94356 0.310601 0.565632 -0.968556 -2.80934 0.42317 2.60764 1.96128 -1.33272 -2.29957 -1.5156 1.4876 0.5814 -3.05066
1.62176 1.31267 -1.94356 0.310601 0.565632 -0.968556 -2.80934 0.42317 2.60764 1.96128 -1.33272 -2.29957 -1.5156 1.4876 0.5814 -3.05066
1.61718 1.31267 -1.94356 0.310601 0.565632 -0.968556 -2.80934 0.42317 2.60764 1.96128 -1.33272 -2.29957 -1.5156 1.4876 0.5814 -3.05066
1.6127 1.31267 -1.94356 0.310601 0.565632 -0.968556 -2.80934 0.42317 2.60764 1.96128 -1.33272 -2.29957 -1.5156 1.4876 0.5814 -3.05066
1.6083 1.31267 -1.94356 0.310601 0.565632 -0.968556 -2.80934 0.42317 2.60764 1.96128 -1.33272 -2.29957 -1.5156 1.4876 0.5814 -3.05066
1.604 1.31267 -1.94356 0.310601 0.565632 -0.968556 -2.80934 0.42317 2.60764 1.96128 -1.33272 -2.29957 -1.5156 1.4876 0.5814 -3.05066
1.59985 1.31267 -1.94356 0.310601 0.565632 -0.968556 -2.80934 0.42317 2.60764 1.96128 -1.33272 -2.29957 -1.5156 1.4876 0.5814 -3.05066
1.59564 1.31267 -1.94356 0.310601 0.565632 -0.968556 -2.80934 0.42317 2.60764 1.96128 -1.33272 -2.29957 -1.5156 1.4876 0.5814 -3.05066
1.59137 1.31267 -1.94356 0.310601 0.565632 -0.968556 -2.80934 0.42317 2.60764 1.96128 -1.33272 -2.29957 -1.5156 1.4876 0.5814 -3.05066
1.58713 1.31267 -1.94356 0.310601 0.565632 -0.968556 -2.80934 0.42317 2.60764 1.96128 -1.33272 -2.29957 -1.5156 1.4876 0.5814 -3.05066
1.5827 1.31267 -1.94356 0.310601 0.565632 -0.968556 -2.80934 0.42317 2.60764 1.96128 -1.33272 -2.29957 -1.5156 1.4876 0.5814 -3.05066
1.57823 1.31267 -1.94356 0.310601 0.565632 -0.968556 -2.80934 0.42317 2.60764 1.96128 -1.33272 -2.29957 -1.5156 1.4876 0.5814 -3.05066
1.57377 1.31267 -1.94356 0.310601 0.565632 -0.968556 -2.80934 0.42317 2.60764 1.96128 -1.33272 -2.29957 -1.5156 1.4876 0.5814 -3.05066
1.56925 1.31267 -1.94356 0.310601 0.565632 -0.968556 -2.80934 0.42317 2.60764 1.96128 -1.33272 -2.29957 -1.5156 1.4876 0.5814 -3.05066
1.56476 1.31267 -1.94356 0.310601 0.565632 -0.968556 -2.80934 0.42317 2.60764 1.96128 -1.33272 -2.29957 -1.5156 1.4876 0.5814 -3.05066
1.56029 1.31267 -1.94356 0.310601 0.565632 -0.968556 -2.80934 0.42317 2.60764 1.96128 -1.33272 -2.29957 -1.5156 1.4876 0.5814 -3.05066
1.55583 1.31267 -1.94356 0.310601 0.565632 -0.968556 -2.80934 0.42317 2.60764 1.96128 -1.33272 -2.29957 -1.5156 1.4876 0.5814 -3.05066
1.55141 1.31267 -1.94356 0.310601 0.565632 -0.968556 -2.80934 0.42317 2.60764 1.96128 -1.33272 -2.29957 -1.5156 1.4876 0.5814 -3.05066
1.54691 1.31267 -1.94356 0.310601 0.565632 -0.968556 -2.80934 0.42317 2.60764 1.96128 -1.33272 -2.29957 -1.5156 1.4876 0.5814 -3.05066
1.54238 1.31267 -1.94356 0.310601 0.565632 -0.968556 -2.80934 0.42317 2.60764 1.96128 -1.33272 -2.29957 -1.5156 1.4876 0.5814 -3.05066
1.5379 1.31267 -1.94356 0.310601 0.565632 -0.968556 -2.80934 0.42317 2.60764 1.96128 -1.33272 -2.29957 -1.5156 1.4876 0.5814 -3.05066
1.53325 1.31267 -1.94356 0.310601 0.565632 -0.968556 -2.80934 0.42317 2.60764 1.96128 -1.33272 -2.29957 -1.5156 1.4876 0.5814 -3.05066
1.52857 1.31267 -1.94356 0.310601 0.565632 -0.968556 -2.80934 0.42317 2.60764 1.96128 -1.33272 -2.29957 -1.5156 1.4876 0.5814 -3.05066
1.52386 1.31267 -1.94356 0.310601 0.565632 -0.968556 -2.80934 0.42317 2.60764 1.96128 -1.33272 -2.29957 -1.5156 1.4876 0.5814 -3.05066
1.51921 1.31267 -1.94356 0.310601 0.565632 -0.968556 -2.80934 0.42317 2.60764 1.96128 -1.33272 -2.29957 -1.5156 1.4876 0.5814 -3.05066
1.51445 1.31267 -1.94356 0.310601 0.565632 -0.968556 -2.80934 0.42317 2.60764 1.96128 -1.33272 -2.29957 -1.5156 1.4876 0.5814 -3.05066
1.50966 1.31267 -1.94356 0.310601 0.565632 -0.968556 -2.80934 0.42317 2.60764 1.96128 -1.33272 -2.29957 -1.5156 1.4876 0.5814 -3.05066
1.50489 1.31267 -1.94356 0.310601 0.565632 -0.968556 -2.80934 0.42317 2.60764 1.96128 -1.33272 -2.29957 -1.5156 1.4876 0.5814 -3.05066
1.50011 1.31267 -1.94356 0.310601 0.565632 -0.968556 -2.80934 0.42317 2.60764 1.96128 -1.33272 -2.29957 -1.5156 1.4876 0.5814 -3.05066
1.49533 1.31267 -1.94356 0.310601 0.565632 -0.968556 -2.80934 0.42317 2.60764 1.96128 -1.33272 -2.29957 -1.5156 1.4876 0.5814 -3.05066
1.49049 1.31267 -1.94356 0.310601 0.565632 -0.968556 -2.80934 0.42317 2.60764 1.96128 -1.33272 -2.29957 -1.5156 1.4876 0.5814 -3.05066
1.48573 1.31267 -1.94356 0.310601 0.565632 -0.968556 -2.80934 0.42317 2.60764 1.96128 -1.33272 -2.29957 -1.5156 1.4876 0.5814 -3.05066
1.48097 1.31267 -1.94356 0.310601 0.565632 -0.968556 -2.80934 0.42317 2.60764 1.96128 -1.33272 -2.29957 -1.5156 1.4876 0.5814 -3.05066
1.47619 1.31267 -1.94356 0.310601 0.565632 -0.968556 -2.80934 0.42317 2.60764 1.96128 -1.33272 -2.29957 -1.5156 1.4876 0.5814 -3.05066
1.47133 1.31267 -1.94356 0.310601 0.565632 -0.968556 -2.80934 0.42317 2.60764 1.96128 -1.33272 -2.29957 -1.5156 1.4876 0.5814 -3.05066
1.46647 1.31267 -1.94356 0.310601 0.565632 -0.968556 -2.80934 0.42317 2.60764 1.96128 -1.33272 -2.29957 -1.5156 1.4876 0.5814 -3.05066
1.46129 1.31267 -1.94356 0.310601 0.565632 -0.968556 -2.80934 0.42317 2.60764 1.96128 -1.33272 -2.29957 -1.5156 1.4876 0.5814 -3.05066
1.45643 1.31267 -1.94356 0.310601 0.565632 -0.968556 -2.80934 0.42317 2.60764 1.96128 -1.33272 -2.29957 -1.5156 1.4876 0.5814 -3.05066
1.45148 1.31267 -1.94356 0.310601 0.565632 -0.968556 -2.80934 0.42317 2.60764 1.96128 -1.33272 -2.29957 -1.5156 1.4876 0.5814 -3.05066
1.44629 1.31267 -1.94356 0.310601 0.565632 -0.968556 -2.80934 0.42317 2.60764 1.96128 -1.33272 -2.29957 -1.5156 1.4876 0.5814 -3.05066
1.44132 1.31267 -1.94356 0.310601 0.565632 -0.968556 -2.80934 0.42317 2.60764 1.96128 -1.33272 -2.29957 -1.5156 1.4876 0.5814 -3.05066
1.43641 1.31267 -1.94356 0.310601 0.565632 -0.968556 -2.80934 0.42317 2.60764 1.96128 -1.33272 -2.29957 -1.5156 1.4876 0.5814 -3.05066
1.43138 1.31267 -1.94356 0.310601 0.565632 -0.968556 -2.80934 0.42317 2.60764 1.96128 -1.33272 -2.29957 -1.5156 1.4876 0.5814 -3.05066
1.42637 1.31267 -1.94356 0.310601 0.565632 -0.968556 -2.80934 0.42317 2.60764 1.96128 -1.33272 -2.29957 -1.5156 1.4876 0.5814 -3.05066
1.42131 1.31267 -1.94356 0.310601 0.565632 -0.968556 -2.80934 0.42317 2.60764 1.96128 -1.33272 -2.29957 -1.5156 1.4876 0.5814 -3.05066
1.41623 1.31267 -1.94356 0.310601 0.565632 -0.968556 -2.80934 0.42317 2.60764 1.96128 -1.33272 -2.29957 -1.5156 1.4876 0.5814 -3.05066
1.41111 1.31267 -1.94356 0.310601 0.565632 -0.968556 -2.80934 0.42317 2.60764 1.96128 -1.33272 -2.29957 -1.5156 1.4876 0.5814 -3.05066
1.406 1.31267 -1.94356 0.310601 0.565632 -0.968556 -2.80934 0.42317 2.60764 1.96128 -1.33272 -2.29957 -1.5156 1.4876 0.5814 -3.05066
1.40083 1.31267 -1.94356 0.310601 0.565632 -0.968556 -2.80934 0.42317 2.60764 1.96128 -1.33272 -2.29957 -1.5156 1.4876 0.5814 -3.05066
1.39546 1.31267 -1.94356 0.310601 0.565632 -0.968556 -2.80934 0.42317 2.60764 1.96128 -1.33272 -2.29957 -1.5156 1.4876 0.5814 -3.05066
1.39018 1.31267 -1.94356 0.310601 0.565632 -0.968556 -2.80934 0.42317 2.60764 1.96128 -1.33272 -2.29957 -1.5156 1.4876 0.5814 -3.05066
1.38484 1.31267 -1.94356 0.310601 0.565632 -0.968556 -2.80934 0.42317 2.60764 1.96128 -1.33272 -2.29957 -1.5156 1.4876 0.5814 -3.05066
1.37961 1.31267 -1.94356 0.310601 0.565632 -0.968556 -2.80934 0.42317 2.60764 1.96128 -1.33272 -2.29957 -1.5156 1.4876 0.5814 -3.05066
1.37422 1.31267 -1.94356 0.310601 0.565632 -0.968556 -2.80934 0.42317 2.60764 1.96128 -1.33272 -2.29957 -1.5156 1.4876 0.5814 -3.05066
1.36886 1.31267 -1.94356 0.310601 0.565632 -0.968556 -2.80934 0.42317 2.60764 1.96128 -1.33272 -2.29957 -1.5156 1.4876 0.5814 -3.05066
1.36333 1.31267 -1.94356 0.310601 0.565632 -0.968556 -2.80934 0.42317 2.60764 1.96128 -1.33272 -2.29957 -1.5156 1.4876 0.5814 -3.05066
1.35804 1.31267 -1.94356 0.310601 0.565632 -0.968556 -2.80934 0.42317 2.60764 1.96128 -1.33272 -2.29957 -1.5156 1.4876 0.5814 -3.05066
1.35254 1.31267 -1.94356 0.310601 0.565632 -0.968556 -2.80934 0.42317 2.60764 1.96128 -1.33272 -2.29957 -1.5156 1.4876 0.5814 -3.05066
1.34717 1.31267 -1.94356 0.310601 0.565632 -0.968556 -2.80934 0.42317 2.60764 1.96128 -1.33272 -2.29957 -1.5156 1.4876 0.5814 -3.05066
1.34175 1.31267 -1.94356 0.310601 0.565632 -0.968556 -2.80934 0.42317 2.60764 1.96128 -1.33272 -2.29957 -1.5156 1.4876 0.5814 -3.05066
