10.592
10.603
10.613
10.623
10.634
10.644
10.655
10.665
10.677
10.698
10.718
10.739
10.76
10.781
10.801
10.822
10.842
10.862
10.883
10.922
10.961
11.001
11.04
11.08
11.119
11.158
11.196
11.235
11.274
11.313
11.352
11.39
11.429
11.468
11.506
11.545
11.584
11.623
11.662
11.7
11.739
11.778
11.817
11.859
11.899
11.939
11.981
12.02
12.059
12.098
12.137
12.176
12.215
12.255
12.295
12.333
12.372
12.41
12.449
12.488
12.526
12.565
12.604
12.644
12.682
12.721
12.76
12.798
12.837
12.878
12.918
12.96
13.001
16.849
16.859
16.87
16.88
16.891
16.901
16.912
16.922
16.933
16.944
16.965
16.986
17.006
17.047
17.086
17.125
17.164
17.202
17.241
17.279
17.318
17.356
17.395
17.434
17.473
17.511
17.55
17.588
17.627
17.665
17.704
17.742
17.782
17.821
17.859
17.899
17.938
17.977
18.017
18.056
18.096
18.134
18.173
18.211
18.25
18.288
18.329
18.368
18.407
18.446
18.486
18.524
18.562
18.601
18.639
18.678
18.717
18.755
18.794
18.833
18.873
18.913
18.952
18.991
19.03
19.07
19.109
19.148
19.187
19.226
19.264
