1.41201 1.26234 2.95377 0.020972 0.745757 0.93152 -3.108 1.53957 -1.85359 2.82051 0.34547 -2.72829 0.55593 2.97093 -0.608786 1.86322
1.41201 1.26234 2.95377 0.020972 0.745757 0.93152 -3.108 1.53957 -1.85359 2.82051 0.34547 -2.72829 0.55593 2.97093 -0.608786 1.86322
1.41201 1.26234 2.95377 0.020972 0.745757 0.93152 -3.108 1.53957 -1.85359 2.82051 0.34547 -2.72829 0.55593 2.97093 -0.608786 1.86322
1.41201 1.26234 2.95377 0.020972 0.745757 0.93152 -3.108 1.53957 -1.85359 2.82051 0.34547 -2.72829 0.55593 2.97093 -0.608786 1.86322
1.41201 1.26234 2.95377 0.020972 0.745757 0.93152 -3.108 1.53957 -1.85359 2.82051 0.34547 -2.72829 0.55593 2.97093 -0.608786 1.86322
1.41201 1.26234 2.95377 0.020972 0.745757 0.93152 -3.108 1.53957 -1.85359 2.82051 0.34547 -2.72829 0.55593 2.97093 -0.608786 1.86322
1.41201 1.26234 2.95377 0.020972 0.745757 0.93152 -3.108 1.53957 -1.85359 2.82051 0.34547 -2.72829 0.55593 2.97093 -0.608786 1.86322
1.41231 1.26234 2.95377 0.020972 0.745757 0.93152 -3.108 1.53957 -1.85359 2.82051 0.34547 -2.72829 0.55593 2.97093 -0.608786 1.86322
1.41267 1.26234 2.95377 0.020972 0.745757 0.93152 -3.108 1.53957 -1.85359 2.82051 0.34547 -2.72829 0.55593 2.97093 -0.608786 1.86322
1.41305 1.26234 2.95377 0.020972 0.745757 0.93152 -3.108 1.53957 -1.85359 2.82051 0.34547 -2.72829 0.55593 2.97093 -0.608786 1.86322
1.41339 1.26234 2.95377 0.020972 0.745757 0.93152 -3.108 1.53957 -1.85359 2.82051 0.34547 -2.72829 0.55593 2.97093 -0.608786 1.86322
1.41369 1.26234 2.95377 0.020972 0.745757 0.93152 -3.108 1.53957 -1.85359 2.82051 0.34547 -2.72829 0.55593 2.97093 -0.608786 1.86322
1.414 1.26234 2.95377 0.020972 0.745757 0.93152 -3.108 1.53957 -1.85359 2.82051 0.34547 -2.72829 0.55593 2.97093 -0.608786 1.86322
1.41431 1.26234 2.95377 0.020972 0.745757 0.93152 -3.108 1.53957 -1.85359 2.82051 0.34547 -2.72829 0.55593 2.97093 -0.608786 1.86322
1.4147 1.26234 2.95377 0.020972 0.745757 0.93152 -3.108 1.53957 -1.85359 2.82051 0.34547 -2.72829 0.55593 2.97093 -0.608786 1.86322
1.41514 1.26234 2.95377 0.020972 0.745757 0.93152 -3.108 1.53957 -1.85359 2.82051 0.34547 -2.72829 0.55593 2.97093 -0.608786 1.86322
1.41563 1.26234 2.95377 0.020972 0.745757 0.93152 -3.108 1.53957 -1.85359 2.82051 0.34547 -2.72829 0.55593 2.97093 -0.608786 1.86322
1.41619 1.26234 2.95377 0.020972 0.745757 0.93152 -3.108 1.53957 -1.85359 2.82051 0.34547 -2.72829 0.55593 2.97093 -0.608786 1.86322
1.41679 1.26234 2.95377 0.020972 0.745757 0.93152 -3.108 1.53957 -1.85359 2.82051 0.34547 -2.72829 0.55593 2.97093 -0.608786 1.86322
1.41743 1.26234 2.95377 0.020972 0.745757 0.93152 -3.108 1.53957 -1.85359 2.82051 0.34547 -2.72829 0.55593 2.97093 -0.608786 1.86322
1.41864 1.26234 2.95377 0.020972 0.745757 0.93152 -3.108 1.53957 -1.85359 2.82051 0.34547 -2.72829 0.55593 2.97093 -0.608786 1.86322
1.41995 1.26234 2.95377 0.020972 0.745757 0.93152 -3.108 1.53957 -1.85359 2.82051 0.34547 -2.72829 0.55593 2.97093 -0.608786 1.86322
1.42143 1.26234 2.95377 0.020972 0.745757 0.93152 -3.108 1.53957 -1.85359 2.82051 0.34547 -2.72829 0.55593 2.97093 -0.608786 1.86322
1.42296 1.26234 2.95377 0.020972 0.745757 0.93152 -3.108 1.53957 -1.85359 2.82051 0.34547 -2.72829 0.55593 2.97093 -0.608786 1.86322
1.42454 1.26234 2.95377 0.020972 0.745757 0.93152 -3.108 1.53957 -1.85359 2.82051 0.34547 -2.72829 0.55593 2.97093 -0.608786 1.86322
1.42635 1.26234 2.95377 0.020972 0.745757 0.93152 -3.108 1.53957 -1.85359 2.82051 0.34547 -2.72829 0.55593 2.97093 -0.608786 1.86322
1.42817 1.26234 2.95377 0.020972 0.745757 0.93152 -3.108 1.53957 -1.85359 2.82051 0.34547 -2.72829 0.55593 2.97093 -0.608786 1.86322
1.42996 1.26234 2.95377 0.020972 0.745757 0.93152 -3.108 1.53957 -1.85359 2.82051 0.34547 -2.72829 0.55593 2.97093 -0.608786 1.86322
1.43182 1.26234 2.95377 0.020972 0.745757 0.93152 -3.108 1.53957 -1.85359 2.82051 0.34547 -2.72829 0.55593 2.97093 -0.608786 1.86322
1.4339 1.26234 2.95377 0.020972 0.745757 0.93152 -3.108 1.53957 -1.85359 2.82051 0.34547 -2.72829 0.55593 2.97093 -0.608786 1.86322
1.43592 1.26234 2.95377 0.020972 0.745757 0.93152 -3.108 1.53957 -1.85359 2.82051 0.34547 -2.72829 0.55593 2.97093 -0.608786 1.86322
1.43792 1.26234 2.95377 0.020972 0.745757 0.93152 -3.108 1.53957 -1.85359 2.82051 0.34547 -2.72829 0.55593 2.97093 -0.608786 1.86322
1.44019 1.26234 2.95377 0.020972 0.745757 0.93152 -3.108 1.53957 -1.85359 2.82051 0.34547 -2.72829 0.55593 2.97093 -0.608786 1.86322
1.44249 1.26234 2.95377 0.020972 0.745757 0.93152 -3.108 1.53957 -1.85359 2.82051 0.34547 -2.72829 0.55593 2.97093 -0.608786 1.86322
1.44485 1.26234 2.95377 0.020972 0.745757 0.93152 -3.108 1.53957 -1.85359 2.82051 0.34547 -2.72829 0.55593 2.97093 -0.608786 1.86322
1.44714 1.26234 2.95377 0.020972 0.745757 0.93152 -3.108 1.53957 -1.85359 2.82051 0.34547 -2.72829 0.55593 2.97093 -0.608786 1.86322
1.44949 1.26234 2.95377 0.020972 0.745757 0.93152 -3.108 1.53957 -1.85359 2.82051 0.34547 -2.72829 0.55593 2.97093 -0.608786 1.86322
1.45175 1.26234 2.95377 0.020972 0.745757 0.93152 -3.108 1.53957 -1.85359 2.82051 0.34547 -2.72829 0.55593 2.97093 -0.608786 1.86322
1.45422 1.26234 2.95377 0.020972 0.745757 0.93152 -3.108 1.53957 -1.85359 2.82051 0.34547 -2.72829 0.55593 2.97093 -0.608786 1.86322
1.45673 1.26234 2.95377 0.020972 0.745757 0.93152 -3.108 1.53957 -1.85359 2.82051 0.34547 -2.72829 0.55593 2.97093 -0.608786 1.86322
1.45939 1.26234 2.95377 0.020972 0.745757 0.93152 -3.108 1.53957 -1.85359 2.82051 0.34547 -2.72829 0.55593 2.97093 -0.608786 1.86322
1.46229 1.26234 2.95377 0.020972 0.745757 0.93152 -3.108 1.53957 -1.85359 2.82051 0.34547 -2.72829 0.55593 2.97093 -0.608786 1.86322
1.46522 1.26234 2.95377 0.020972 0.745757 0.93152 -3.108 1.53957 -1.85359 2.82051 0.34547 -2.72829 0.55593 2.97093 -0.608786 1.86322
1.46803 1.26234 2.95377 0.020972 0.745757 0.93152 -3.108 1.53957 -1.85359 2.82051 0.34547 -2.72829 0.55593 2.97093 -0.608786 1.86322
1.4707 1.26234 2.95377 0.020972 0.745757 0.93152 -3.108 1.53957 -1.85359 2.82051 0.34547 -2.72829 0.55593 2.97093 -0.608786 1.86322
1.47349 1.26234 2.95377 0.020972 0.745757 0.93152 -3.108 1.53957 -1.85359 2.82051 0.34547 -2.72829 0.55593 2.97093 -0.608786 1.86322
1.47656 1.26234 2.95377 0.020972 0.745757 0.93152 -3.108 1.53957 -1.85359 2.82051 0.34547 -2.72829 0.55593 2.97093 -0.608786 1.86322
1.47972 1.26234 2.95377 0.020972 0.745757 0.93152 -3.108 1.53957 -1.85359 2.82051 0.34547 -2.72829 0.55593 2.97093 -0.608786 1.86322
1.48308 1.26234 2.95377 0.020972 0.745757 0.93152 -3.108 1.53957 -1.85359 2.82051 0.34547 -2.72829 0.55593 2.97093 -0.608786 1.86322
1.48643 1.26234 2.95377 0.020972 0.745757 0.93152 -3.108 1.53957 -1.85359 2.82051 0.34547 -2.72829 0.55593 2.97093 -0.608786 1.86322
1.48966 1.26234 2.95377 0.020972 0.745757 0.93152 -3.108 1.53957 -1.85359 2.82051 0.34547 -2.72829 0.55593 2.97093 -0.608786 1.86322
1.49298 1.26234 2.95377 0.020972 0.745757 0.93152 -3.108 1.53957 -1.85359 2.82051 0.34547 -2.72829 0.55593 2.97093 -0.608786 1.86322
1.49645 1.26234 2.95377 0.020972 0.745757 0.93152 -3.108 1.53957 -1.85359 2.82051 0.34547 -2.72829 0.55593 2.97093 -0.608786 1.86322
1.50012 1.26234 2.95377 0.020972 0.745757 0.93152 -3.108 1.53957 -1.85359 2.82051 0.34547 -2.72829 0.55593 2.97093 -0.608786 1.86322
1.50391 1.26234 2.95377 0.020972 0.745757 0.93152 -3.108 1.53957 -1.85359 2.82051 0.34547 -2.72829 0.55593 2.97093 -0.608786 1.86322
1.50784 1.26234 2.95377 0.020972 0.745757 0.93152 -3.108 1.53957 -1.85359 2.82051 0.34547 -2.72829 0.55593 2.97093 -0.608786 1.86322
1.51167 1.26234 2.95377 0.020972 0.745757 0.93152 -3.108 1.53957 -1.85359 2.82051 0.34547 -2.72829 0.55593 2.97093 -0.608786 1.86322
1.51557 1.26234 2.95377 0.020972 0.745757 0.93152 -3.108 1.53957 -1.85359 2.82051 0.34547 -2.72829 0.55593 2.97093 -0.608786 1.86322
1.51966 1.26234 2.95377 0.020972 0.745757 0.93152 -3.108 1.53957 -1.85359 2.82051 0.34547 -2.72829 0.55593 2.97093 -0.608786 1.86322
1.52395 1.26234 2.95377 0.020972 0.745757 0.93152 -3.108 1.53957 -1.85359 2.82051 0.34547 -2.72829 0.55593 2.97093 -0.608786 1.86322
1.5284 1.26234 2.95377 0.020972 0.745757 0.93152 -3.108 1.53957 -1.85359 2.82051 0.34547 -2.72829 0.55593 2.97093 -0.608786 1.86322
1.53288 1.26234 2.95377 0.020972 0.745757 0.93152 -3.108 1.53957 -1.85359 2.82051 0.34547 -2.72829 0.55593 2.97093 -0.608786 1.86322
1.53748 1.26234 2.95377 0.020972 0.745757 0.93152 -3.108 1.53957 -1.85359 2.82051 0.34547 -2.72829 0.55593 2.97093 -0.608786 1.86322
1.54234 1.26234 2.95377 0.020972 0.745757 0.93152 -3.108 1.53957 -1.85359 2.82051 0.34547 -2.72829 0.55593 2.97093 -0.608786 1.86322
1.54732 1.26234 2.95377 0.020972 0.745757 0.93152 -3.108 1.53957 -1.85359 2.82051 0.34547 -2.72829 0.55593 2.97093 -0.608786 1.86322
1.55229 1.26234 2.95377 0.020972 0.745757 0.93152 -3.108 1.53957 -1.85359 2.82051 0.34547 -2.72829 0.55593 2.97093 -0.608786 1.86322
1.5573 1.26234 2.95377 0.020972 0.745757 0.93152 -3.108 1.53957 -1.85359 2.82051 0.34547 -2.72829 0.55593 2.97093 -0.608786 1.86322
1.56268 1.26234 2.95377 0.020972 0.745757 0.93152 -3.108 1.53957 -1.85359 2.82051 0.34547 -2.72829 0.55593 2.97093 -0.608786 1.86322
1.56814 1.26234 2.95377 0.020972 0.745757 0.93152 -3.108 1.53957 -1.85359 2.82051 0.34547 -2.72829 0.55593 2.97093 -0.608786 1.86322
1.57359 1.26234 2.95377 0.020972 0.745757 0.93152 -3.108 1.53957 -1.85359 2.82051 0.34547 -2.72829 0.55593 2.97093 -0.608786 1.86322
1.57941 1.26234 2.95377 0.020972 0.745757 0.93152 -3.108 1.53957 -1.85359 2.82051 0.34547 -2.72829 0.55593 2.97093 -0.608786 1.86322
1.58535 1.26234 2.95377 0.020972 0.745757 0.93152 -3.108 1.53957 -1.85359 2.82051 0.34547 -2.72829 0.55593 2.97093 -0.608786 1.86322
1.59129 1.26234 2.95377 0.020972 0.745757 0.93152 -3.108 1.53957 -1.85359 2.82051 0.34547 -2.72829 0.55593 2.97093 -0.608786 1.86322
1.59742 1.26234 2.95377 0.020972 0.745757 0.93152 -3.108 1.53957 -1.85359 2.82051 0.34547 -2.72829 0.55593 2.97093 -0.608786 1.86322
1.60386 1.26234 2.95377 0.020972 0.745757 0.93152 -3.108 1.53957 -1.85359 2.82051 0.34547 -2.72829 0.55593 2.97093 -0.608786 1.86322
1.67212 1.26234 2.95377 0.020972 0.745757 0.93152 -3.108 1.53957 -1.85359 2.82051 0.34547 -2.72829 0.55593 2.97093 -0.608786 1.86322
1.671 1.26234 2.95377 0.020972 0.745757 0.93152 -3.108 1.53957 -1.85359 2.82051 0.34547 -2.72829 0.55593 2.97093 -0.608786 1.86322
1.66972 1.26234 2.95377 0.020972 0.745757 0.93152 -3.108 1.53957 -1.85359 2.82051 0.34547 -2.72829 0.55593 2.97093 -0.608786 1.86322
1.66834 1.26234 2.95377 0.020972 0.745757 0.93152 -3.108 1.53957 -1.85359 2.82051 0.34547 -2.72829 0.55593 2.97093 -0.608786 1.86322
1.66668 1.26234 2.95377 0.020972 0.745757 0.93152 -3.108 1.53957 -1.85359 2.82051 0.34547 -2.72829 0.55593 2.97093 -0.608786 1.86322
1.66474 1.26234 2.95377 0.020972 0.745757 0.93152 -3.108 1.53957 -1.85359 2.82051 0.34547 -2.72829 0.55593 2.97093 -0.608786 1.86322
1.66253 1.26234 2.95377 0.020972 0.745757 0.93152 -3.108 1.53957 -1.85359 2.82051 0.34547 -2.72829 0.55593 2.97093 -0.608786 1.86322
1.66015 1.26234 2.95377 0.020972 0.745757 0.93152 -3.108 1.53957 -1.85359 2.82051 0.34547 -2.72829 0.55593 2.97093 -0.608786 1.86322
1.65777 1.26234 2.95377 0.020972 0.745757 0.93152 -3.108 1.53957 -1.85359 2.82051 0.34547 -2.72829 0.55593 2.97093 -0.608786 1.86322
1.65534 1.26234 2.95377 0.020972 0.745757 0.93152 -3.108 1.53957 -1.85359 2.82051 0.34547 -2.72829 0.55593 2.97093 -0.608786 1.86322
1.6529 1.26234 2.95377 0.020972 0.745757 0.93152 -3.108 1.53957 -1.85359 2.82051 0.34547 -2.72829 0.55593 2.97093 -0.608786 1.86322
1.65042 1.26234 2.95377 0.020972 0.745757 0.93152 -3.108 1.53957 -1.85359 2.82051 0.34547 -2.72829 0.55593 2.97093 -0.608786 1.86322
1.64792 1.26234 2.95377 0.020972 0.745757 0.93152 -3.108 1.53957 -1.85359 2.82051 0.34547 -2.72829 0.55593 2.97093 -0.608786 1.86322
1.64317 1.26234 2.95377 0.020972 0.745757 0.93152 -3.108 1.53957 -1.85359 2.82051 0.34547 -2.72829 0.55593 2.97093 -0.608786 1.86322
1.63851 1.26234 2.95377 0.020972 0.745757 0.93152 -3.108 1.53957 -1.85359 2.82051 0.34547 -2.72829 0.55593 2.97093 -0.608786 1.86322
1.63389 1.26234 2.95377 0.020972 0.745757 0.93152 -3.108 1.53957 -1.85359 2.82051 0.34547 -2.72829 0.55593 2.97093 -0.608786 1.86322
1.62919 1.26234 2.95377 0.020972 0.745757 0.93152 -3.108 1.53957 -1.85359 2.82051 0.34547 -2.72829 0.55593 2.97093 -0.608786 1.86322
1.62452 1.26234 2.95377 0.020972 0.745757 0.93152 -3.108 1.53957 -1.85359 2.82051 0.34547 -2.72829 0.55593 2.97093 -0.608786 1.86322
1.61991 1.26234 2.95377 0.020972 0.745757 0.93152 -3.108 1.53957 -1.85359 2.82051 0.34547 -2.72829 0.55593 2.97093 -0.608786 1.86322
1.61497 1.26234 2.95377 0.020972 0.745757 0.93152 -3.108 1.53957 -1.85359 2.82051 0.34547 -2.72829 0.55593 2.97093 -0.608786 1.86322
1.61026 1.26234 2.95377 0.020972 0.745757 0.93152 -3.108 1.53957 -1.85359 2.82051 0.34547 -2.72829 0.55593 2.97093 -0.608786 1.86322
1.60529 1.26234 2.95377 0.020972 0.745757 0.93152 -3.108 1.53957 -1.85359 2.82051 0.34547 -2.72829 0.55593 2.97093 -0.608786 1.86322
1.60054 1.26234 2.95377 0.020972 0.745757 0.93152 -3.108 1.53957 -1.85359 2.82051 0.34547 -2.72829 0.55593 2.97093 -0.608786 1.86322
1.59573 1.26234 2.95377 0.020972 0.745757 0.93152 -3.108 1.53957 -1.85359 2.82051 0.34547 -2.72829 0.55593 2.97093 -0.608786 1.86322
1.59094 1.26234 2.95377 0.020972 0.745757 0.93152 -3.108 1.53957 -1.85359 2.82051 0.34547 -2.72829 0.55593 2.97093 -0.608786 1.86322
1.58616 1.26234 2.95377 0.020972 0.745757 0.93152 -3.108 1.53957 -1.85359 2.82051 0.34547 -2.72829 0.55593 2.97093 -0.608786 1.86322
1.58129 1.26234 2.95377 0.020972 0.745757 0.93152 -3.108 1.53957 -1.85359 2.82051 0.34547 -2.72829 0.55593 2.97093 -0.608786 1.86322
1.57648 1.26234 2.95377 0.020972 0.745757 0.93152 -3.108 1.53957 -1.85359 2.82051 0.34547 -2.72829 0.55593 2.97093 -0.608786 1.86322
1.57159 1.26234 2.95377 0.020972 0.745757 0.93152 -3.108 1.53957 -1.85359 2.82051 0.34547 -2.72829 0.55593 2.97093 -0.608786 1.86322
1.56664 1.26234 2.95377 0.020972 0.745757 0.93152 -3.108 1.53957 -1.85359 2.82051 0.34547 -2.72829 0.55593 2.97093 -0.608786 1.86322
1.56152 1.26234 2.95377 0.020972 0.745757 0.93152 -3.108 1.53957 -1.85359 2.82051 0.34547 -2.72829 0.55593 2.97093 -0.608786 1.86322
1.55651 1.26234 2.95377 0.020972 0.745757 0.93152 -3.108 1.53957 -1.85359 2.82051 0.34547 -2.72829 0.55593 2.97093 -0.608786 1.86322
1.55142 1.26234 2.95377 0.020972 0.745757 0.93152 -3.108 1.53957 -1.85359 2.82051 0.34547 -2.72829 0.55593 2.97093 -0.608786 1.86322
1.54635 1.26234 2.95377 0.020972 0.745757 0.93152 -3.108 1.53957 -1.85359 2.82051 0.34547 -2.72829 0.55593 2.97093 -0.608786 1.86322
1.54139 1.26234 2.95377 0.020972 0.745757 0.93152 -3.108 1.53957 -1.85359 2.82051 0.34547 -2.72829 0.55593 2.97093 -0.608786 1.86322
1.53637 1.26234 2.95377 0.020972 0.745757 0.93152 -3.108 1.53957 -1.85359 2.82051 0.34547 -2.72829 0.55593 2.97093 -0.608786 1.86322
1.53131 1.26234 2.95377 0.020972 0.745757 0.93152 -3.108 1.53957 -1.85359 2.82051 0.34547 -2.72829 0.55593 2.97093 -0.608786 1.86322
1.5263 1.26234 2.95377 0.020972 0.745757 0.93152 -3.108 1.53957 -1.85359 2.82051 0.34547 -2.72829 0.55593 2.97093 -0.608786 1.86322
1.5213 1.26234 2.95377 0.020972 0.745757 0.93152 -3.108 1.53957 -1.85359 2.82051 0.34547 -2.72829 0.55593 2.97093 -0.608786 1.86322
1.5161 1.26234 2.95377 0.020972 0.745757 0.93152 -3.108 1.53957 -1.85359 2.82051 0.34547 -2.72829 0.55593 2.97093 -0.608786 1.86322
1.51097 1.26234 2.95377 0.020972 0.745757 0.93152 -3.108 1.53957 -1.85359 2.82051 0.34547 -2.72829 0.55593 2.97093 -0.608786 1.86322
1.50582 1.26234 2.95377 0.020972 0.745757 0.93152 -3.108 1.53957 -1.85359 2.82051 0.34547 -2.72829 0.55593 2.97093 -0.608786 1.86322
1.50071 1.26234 2.95377 0.020972 0.745757 0.93152 -3.108 1.53957 -1.85359 2.82051 0.34547 -2.72829 0.55593 2.97093 -0.608786 1.86322
1.49558 1.26234 2.95377 0.020972 0.745757 0.93152 -3.108 1.53957 -1.85359 2.82051 0.34547 -2.72829 0.55593 2.97093 -0.608786 1.86322
1.49039 1.26234 2.95377 0.020972 0.745757 0.93152 -3.108 1.53957 -1.85359 2.82051 0.34547 -2.72829 0.55593 2.97093 -0.608786 1.86322
1.4851 1.26234 2.95377 0.020972 0.745757 0.93152 -3.108 1.53957 -1.85359 2.82051 0.34547 -2.72829 0.55593 2.97093 -0.608786 1.86322
1.47983 1.26234 2.95377 0.020972 0.745757 0.93152 -3.108 1.53957 -1.85359 2.82051 0.34547 -2.72829 0.55593 2.97093 -0.608786 1.86322
1.47455 1.26234 2.95377 0.020972 0.745757 0.93152 -3.108 1.53957 -1.85359 2.82051 0.34547 -2.72829 0.55593 2.97093 -0.608786 1.86322
1.46885 1.26234 2.95377 0.020972 0.745757 0.93152 -3.108 1.53957 -1.85359 2.82051 0.34547 -2.72829 0.55593 2.97093 -0.608786 1.86322
1.46355 1.26234 2.95377 0.020972 0.745757 0.93152 -3.108 1.53957 -1.85359 2.82051 0.34547 -2.72829 0.55593 2.97093 -0.608786 1.86322
1.45828 1.26234 2.95377 0.020972 0.745757 0.93152 -3.108 1.53957 -1.85359 2.82051 0.34547 -2.72829 0.55593 2.97093 -0.608786 1.86322
1.45293 1.26234 2.95377 0.020972 0.745757 0.93152 -3.108 1.53957 -1.85359 2.82051 0.34547 -2.72829 0.55593 2.97093 -0.608786 1.86322
1.44751 1.26234 2.95377 0.020972 0.745757 0.93152 -3.108 1.53957 -1.85359 2.82051 0.34547 -2.72829 0.55593 2.97093 -0.608786 1.86322
1.44211 1.26234 2.95377 0.020972 0.745757 0.93152 -3.108 1.53957 -1.85359 2.82051 0.34547 -2.72829 0.55593 2.97093 -0.608786 1.86322
1.43669 1.26234 2.95377 0.020972 0.745757 0.93152 -3.108 1.53957 -1.85359 2.82051 0.34547 -2.72829 0.55593 2.97093 -0.608786 1.86322
1.43115 1.26234 2.95377 0.020972 0.745757 0.93152 -3.108 1.53957 -1.85359 2.82051 0.34547 -2.72829 0.55593 2.97093 -0.608786 1.86322
1.42547 1.26234 2.95377 0.020972 0.745757 0.93152 -3.108 1.53957 -1.85359 2.82051 0.34547 -2.72829 0.55593 2.97093 -0.608786 1.86322
1.41975 1.26234 2.95377 0.020972 0.745757 0.93152 -3.108 1.53957 -1.85359 2.82051 0.34547 -2.72829 0.55593 2.97093 -0.608786 1.86322
1.41421 1.26234 2.95377 0.020972 0.745757 0.93152 -3.108 1.53957 -1.85359 2.82051 0.34547 -2.72829 0.55593 2.97093 -0.608786 1.86322
1.40859 1.26234 2.95377 0.020972 0.745757 0.93152 -3.108 1.53957 -1.85359 2.82051 0.34547 -2.72829 0.55593 2.97093 -0.608786 1.86322
1.40301 1.26234 2.95377 0.020972 0.745757 0.93152 -3.108 1.53957 -1.85359 2.82051 0.34547 -2.72829 0.55593 2.97093 -0.608786 1.86322
1.39742 1.26234 2.95377 0.020972 0.745757 0.93152 -3.108 1.53957 -1.85359 2.82051 0.34547 -2.72829 0.55593 2.97093 -0.608786 1.86322
1.39185 1.26234 2.95377 0.020972 0.745757 0.93152 -3.108 1.53957 -1.85359 2.82051 0.34547 -2.72829 0.55593 2.97093 -0.608786 1.86322
1.38621 1.26234 2.95377 0.020972 0.745757 0.93152 -3.108 1.53957 -1.85359 2.82051 0.34547 -2.72829 0.55593 2.97093 -0.608786 1.86322
1.38057 1.26234 2.95377 0.020972 0.745757 0.93152 -3.108 1.53957 -1.85359 2.82051 0.34547 -2.72829 0.55593 2.97093 -0.608786 1.86322
1.3749 1.26234 2.95377 0.020972 0.745757 0.93152 -3.108 1.53957 -1.85359 2.82051 0.34547 -2.72829 0.55593 2.97093 -0.608786 1.86322
1.36907 1.26234 2.95377 0.020972 0.745757 0.93152 -3.108 1.53957 -1.85359 2.82051 0.34547 -2.72829 0.55593 2.97093 -0.608786 1.86322
1.36327 1.26234 2.95377 0.020972 0.745757 0.93152 -3.108 1.53957 -1.85359 2.82051 0.34547 -2.72829 0.55593 2.97093 -0.608786 1.86322
1.35753 1.26234 2.95377 0.020972 0.745757 0.93152 -3.108 1.53957 -1.85359 2.82051 0.34547 -2.72829 0.55593 2.97093 -0.608786 1.86322
