14.343
14.354
14.364
14.375
14.385
14.396
14.406
14.416
14.427
14.439
14.459
14.48
14.501
14.521
14.542
14.563
14.583
14.604
14.625
14.646
14.685
14.723
14.762
14.8
14.839
14.879
14.917
14.956
14.994
15.034
15.073
15.113
15.152
15.192
15.231
15.27
15.31
15.351
15.389
15.428
15.467
15.506
15.547
15.586
15.625
15.664
15.702
15.741
15.78
15.818
15.857
15.896
15.935
15.973
16.012
16.05
16.089
16.128
16.166
16.205
16.244
16.282
16.323
16.362
16.401
16.44
16.479
16.518
16.557
16.596
16.635
16.673
16.712
16.75
16.789
20.948
20.959
20.969
20.979
20.99
21
21.011
21.021
21.031
21.044
21.064
21.085
21.106
21.145
21.183
21.222
21.261
21.3
21.341
21.38
21.42
21.46
21.498
21.537
21.575
21.613
21.652
21.691
21.73
21.77
21.81
21.849
21.889
21.928
21.967
22.006
22.044
22.083
22.122
22.161
22.2
22.238
22.277
22.315
22.354
22.393
22.432
22.474
22.513
22.551
22.59
22.629
22.668
22.706
22.745
22.785
22.825
22.865
22.904
22.943
22.982
23.021
23.059
23.098
23.136
23.176
23.215
23.254
23.293
