1.10213 -0.0763342 2.9622 1.32499 -1.32963 0.597636 1.29012 -1.54778 -1.18175 1.26355 0.786077 0.0772291 1.02179 -2.06535 1.18137 -2.00884
1.10249 -0.0763342 2.9622 1.32499 -1.32963 0.597636 1.29012 -1.54778 -1.18175 1.26355 0.786077 0.0772291 1.02179 -2.06535 1.18137 -2.00884
1.10285 -0.0763342 2.9622 1.32499 -1.32963 0.597636 1.29012 -1.54778 -1.18175 1.26355 0.786077 0.0772291 1.02179 -2.06535 1.18137 -2.00884
1.10321 -0.0763342 2.9622 1.32499 -1.32963 0.597636 1.29012 -1.54778 -1.18175 1.26355 0.786077 0.0772291 1.02179 -2.06535 1.18137 -2.00884
1.10357 -0.0763342 2.9622 1.32499 -1.32963 0.597636 1.29012 -1.54778 -1.18175 1.26355 0.786077 0.0772291 1.02179 -2.06535 1.18137 -2.00884
1.10399 -0.0763342 2.9622 1.32499 -1.32963 0.597636 1.29012 -1.54778 -1.18175 1.26355 0.786077 0.0772291 1.02179 -2.06535 1.18137 -2.00884
1.10446 -0.0763342 2.9622 1.32499 -1.32963 0.597636 1.29012 -1.54778 -1.18175 1.26355 0.786077 0.0772291 1.02179 -2.06535 1.18137 -2.00884
1.105 -0.0763342 2.9622 1.32499 -1.32963 0.597636 1.29012 -1.54778 -1.18175 1.26355 0.786077 0.0772291 1.02179 -2.06535 1.18137 -2.00884
1.10562 -0.0763342 2.9622 1.32499 -1.32963 0.597636 1.29012 -1.54778 -1.18175 1.26355 0.786077 0.0772291 1.02179 -2.06535 1.18137 -2.00884
1.10632 -0.0763342 2.9622 1.32499 -1.32963 0.597636 1.29012 -1.54778 -1.18175 1.26355 0.786077 0.0772291 1.02179 -2.06535 1.18137 -2.00884
1.10706 -0.0763342 2.9622 1.32499 -1.32963 0.597636 1.29012 -1.54778 -1.18175 1.26355 0.786077 0.0772291 1.02179 -2.06535 1.18137 -2.00884
1.10787 -0.0763342 2.9622 1.32499 -1.32963 0.597636 1.29012 -1.54778 -1.18175 1.26355 0.786077 0.0772291 1.02179 -2.06535 1.18137 -2.00884
1.10869 -0.0763342 2.9622 1.32499 -1.32963 0.597636 1.29012 -1.54778 -1.18175 1.26355 0.786077 0.0772291 1.02179 -2.06535 1.18137 -2.00884
1.10956 -0.0763342 2.9622 1.32499 -1.32963 0.597636 1.29012 -1.54778 -1.18175 1.26355 0.786077 0.0772291 1.02179 -2.06535 1.18137 -2.00884
1.11047 -0.0763342 2.9622 1.32499 -1.32963 0.597636 1.29012 -1.54778 -1.18175 1.26355 0.786077 0.0772291 1.02179 -2.06535 1.18137 -2.00884
1.11141 -0.0763342 2.9622 1.32499 -1.32963 0.597636 1.29012 -1.54778 -1.18175 1.26355 0.786077 0.0772291 1.02179 -2.06535 1.18137 -2.00884
1.11241 -0.0763342 2.9622 1.32499 -1.32963 0.597636 1.29012 -1.54778 -1.18175 1.26355 0.786077 0.0772291 1.02179 -2.06535 1.18137 -2.00884
1.11349 -0.0763342 2.9622 1.32499 -1.32963 0.597636 1.29012 -1.54778 -1.18175 1.26355 0.786077 0.0772291 1.02179 -2.06535 1.18137 -2.00884
1.11454 -0.0763342 2.9622 1.32499 -1.32963 0.597636 1.29012 -1.54778 -1.18175 1.26355 0.786077 0.0772291 1.02179 -2.06535 1.18137 -2.00884
1.11559 -0.0763342 2.9622 1.32499 -1.32963 0.597636 1.29012 -1.54778 -1.18175 1.26355 0.786077 0.0772291 1.02179 -2.06535 1.18137 -2.00884
1.11764 -0.0763342 2.9622 1.32499 -1.32963 0.597636 1.29012 -1.54778 -1.18175 1.26355 0.786077 0.0772291 1.02179 -2.06535 1.18137 -2.00884
1.11974 -0.0763342 2.9622 1.32499 -1.32963 0.597636 1.29012 -1.54778 -1.18175 1.26355 0.786077 0.0772291 1.02179 -2.06535 1.18137 -2.00884
1.12188 -0.0763342 2.9622 1.32499 -1.32963 0.597636 1.29012 -1.54778 -1.18175 1.26355 0.786077 0.0772291 1.02179 -2.06535 1.18137 -2.00884
1.12404 -0.0763342 2.9622 1.32499 -1.32963 0.597636 1.29012 -1.54778 -1.18175 1.26355 0.786077 0.0772291 1.02179 -2.06535 1.18137 -2.00884
1.1263 -0.0763342 2.9622 1.32499 -1.32963 0.597636 1.29012 -1.54778 -1.18175 1.26355 0.786077 0.0772291 1.02179 -2.06535 1.18137 -2.00884
1.12855 -0.0763342 2.9622 1.32499 -1.32963 0.597636 1.29012 -1.54778 -1.18175 1.26355 0.786077 0.0772291 1.02179 -2.06535 1.18137 -2.00884
1.13083 -0.0763342 2.9622 1.32499 -1.32963 0.597636 1.29012 -1.54778 -1.18175 1.26355 0.786077 0.0772291 1.02179 -2.06535 1.18137 -2.00884
1.13321 -0.0763342 2.9622 1.32499 -1.32963 0.597636 1.29012 -1.54778 -1.18175 1.26355 0.786077 0.0772291 1.02179 -2.06535 1.18137 -2.00884
1.13562 -0.0763342 2.9622 1.32499 -1.32963 0.597636 1.29012 -1.54778 -1.18175 1.26355 0.786077 0.0772291 1.02179 -2.06535 1.18137 -2.00884
1.1384 -0.0763342 2.9622 1.32499 -1.32963 0.597636 1.29012 -1.54778 -1.18175 1.26355 0.786077 0.0772291 1.02179 -2.06535 1.18137 -2.00884
1.14117 -0.0763342 2.9622 1.32499 -1.32963 0.597636 1.29012 -1.54778 -1.18175 1.26355 0.786077 0.0772291 1.02179 -2.06535 1.18137 -2.00884
1.1437 -0.0763342 2.9622 1.32499 -1.32963 0.597636 1.29012 -1.54778 -1.18175 1.26355 0.786077 0.0772291 1.02179 -2.06535 1.18137 -2.00884
1.14653 -0.0763342 2.9622 1.32499 -1.32963 0.597636 1.29012 -1.54778 -1.18175 1.26355 0.786077 0.0772291 1.02179 -2.06535 1.18137 -2.00884
1.14942 -0.0763342 2.9622 1.32499 -1.32963 0.597636 1.29012 -1.54778 -1.18175 1.26355 0.786077 0.0772291 1.02179 -2.06535 1.18137 -2.00884
1.1524 -0.0763342 2.9622 1.32499 -1.32963 0.597636 1.29012 -1.54778 -1.18175 1.26355 0.786077 0.0772291 1.02179 -2.06535 1.18137 -2.00884
1.15522 -0.0763342 2.9622 1.32499 -1.32963 0.597636 1.29012 -1.54778 -1.18175 1.26355 0.786077 0.0772291 1.02179 -2.06535 1.18137 -2.00884
1.15801 -0.0763342 2.9622 1.32499 -1.32963 0.597636 1.29012 -1.54778 -1.18175 1.26355 0.786077 0.0772291 1.02179 -2.06535 1.18137 -2.00884
1.16101 -0.0763342 2.9622 1.32499 -1.32963 0.597636 1.29012 -1.54778 -1.18175 1.26355 0.786077 0.0772291 1.02179 -2.06535 1.18137 -2.00884
1.16418 -0.0763342 2.9622 1.32499 -1.32963 0.597636 1.29012 -1.54778 -1.18175 1.26355 0.786077 0.0772291 1.02179 -2.06535 1.18137 -2.00884
1.16743 -0.0763342 2.9622 1.32499 -1.32963 0.597636 1.29012 -1.54778 -1.18175 1.26355 0.786077 0.0772291 1.02179 -2.06535 1.18137 -2.00884
1.17071 -0.0763342 2.9622 1.32499 -1.32963 0.597636 1.29012 -1.54778 -1.18175 1.26355 0.786077 0.0772291 1.02179 -2.06535 1.18137 -2.00884
1.17397 -0.0763342 2.9622 1.32499 -1.32963 0.597636 1.29012 -1.54778 -1.18175 1.26355 0.786077 0.0772291 1.02179 -2.06535 1.18137 -2.00884
1.17712 -0.0763342 2.9622 1.32499 -1.32963 0.597636 1.29012 -1.54778 -1.18175 1.26355 0.786077 0.0772291 1.02179 -2.06535 1.18137 -2.00884
1.18047 -0.0763342 2.9622 1.32499 -1.32963 0.597636 1.29012 -1.54778 -1.18175 1.26355 0.786077 0.0772291 1.02179 -2.06535 1.18137 -2.00884
1.18394 -0.0763342 2.9622 1.32499 -1.32963 0.597636 1.29012 -1.54778 -1.18175 1.26355 0.786077 0.0772291 1.02179 -2.06535 1.18137 -2.00884
1.18751 -0.0763342 2.9622 1.32499 -1.32963 0.597636 1.29012 -1.54778 -1.18175 1.26355 0.786077 0.0772291 1.02179 -2.06535 1.18137 -2.00884
1.19131 -0.0763342 2.9622 1.32499 -1.32963 0.597636 1.29012 -1.54778 -1.18175 1.26355 0.786077 0.0772291 1.02179 -2.06535 1.18137 -2.00884
1.19501 -0.0763342 2.9622 1.32499 -1.32963 0.597636 1.29012 -1.54778 -1.18175 1.26355 0.786077 0.0772291 1.02179 -2.06535 1.18137 -2.00884
1.19893 -0.0763342 2.9622 1.32499 -1.32963 0.597636 1.29012 -1.54778 -1.18175 1.26355 0.786077 0.0772291 1.02179 -2.06535 1.18137 -2.00884
1.20284 -0.0763342 2.9622 1.32499 -1.32963 0.597636 1.29012 -1.54778 -1.18175 1.26355 0.786077 0.0772291 1.02179 -2.06535 1.18137 -2.00884
1.20679 -0.0763342 2.9622 1.32499 -1.32963 0.597636 1.29012 -1.54778 -1.18175 1.26355 0.786077 0.0772291 1.02179 -2.06535 1.18137 -2.00884
1.21097 -0.0763342 2.9622 1.32499 -1.32963 0.597636 1.29012 -1.54778 -1.18175 1.26355 0.786077 0.0772291 1.02179 -2.06535 1.18137 -2.00884
1.21523 -0.0763342 2.9622 1.32499 -1.32963 0.597636 1.29012 -1.54778 -1.18175 1.26355 0.786077 0.0772291 1.02179 -2.06535 1.18137 -2.00884
1.21948 -0.0763342 2.9622 1.32499 -1.32963 0.597636 1.29012 -1.54778 -1.18175 1.26355 0.786077 0.0772291 1.02179 -2.06535 1.18137 -2.00884
1.22383 -0.0763342 2.9622 1.32499 -1.32963 0.597636 1.29012 -1.54778 -1.18175 1.26355 0.786077 0.0772291 1.02179 -2.06535 1.18137 -2.00884
1.22862 -0.0763342 2.9622 1.32499 -1.32963 0.597636 1.29012 -1.54778 -1.18175 1.26355 0.786077 0.0772291 1.02179 -2.06535 1.18137 -2.00884
1.2336 -0.0763342 2.9622 1.32499 -1.32963 0.597636 1.29012 -1.54778 -1.18175 1.26355 0.786077 0.0772291 1.02179 -2.06535 1.18137 -2.00884
1.23832 -0.0763342 2.9622 1.32499 -1.32963 0.597636 1.29012 -1.54778 -1.18175 1.26355 0.786077 0.0772291 1.02179 -2.06535 1.18137 -2.00884
1.24328 -0.0763342 2.9622 1.32499 -1.32963 0.597636 1.29012 -1.54778 -1.18175 1.26355 0.786077 0.0772291 1.02179 -2.06535 1.18137 -2.00884
1.24809 -0.0763342 2.9622 1.32499 -1.32963 0.597636 1.29012 -1.54778 -1.18175 1.26355 0.786077 0.0772291 1.02179 -2.06535 1.18137 -2.00884
1.25309 -0.0763342 2.9622 1.32499 -1.32963 0.597636 1.29012 -1.54778 -1.18175 1.26355 0.786077 0.0772291 1.02179 -2.06535 1.18137 -2.00884
1.25803 -0.0763342 2.9622 1.32499 -1.32963 0.597636 1.29012 -1.54778 -1.18175 1.26355 0.786077 0.0772291 1.02179 -2.06535 1.18137 -2.00884
1.26314 -0.0763342 2.9622 1.32499 -1.32963 0.597636 1.29012 -1.54778 -1.18175 1.26355 0.786077 0.0772291 1.02179 -2.06535 1.18137 -2.00884
1.26843 -0.0763342 2.9622 1.32499 -1.32963 0.597636 1.29012 -1.54778 -1.18175 1.26355 0.786077 0.0772291 1.02179 -2.06535 1.18137 -2.00884
1.27391 -0.0763342 2.9622 1.32499 -1.32963 0.597636 1.29012 -1.54778 -1.18175 1.26355 0.786077 0.0772291 1.02179 -2.06535 1.18137 -2.00884
1.2795 -0.0763342 2.9622 1.32499 -1.32963 0.597636 1.29012 -1.54778 -1.18175 1.26355 0.786077 0.0772291 1.02179 -2.06535 1.18137 -2.00884
1.28517 -0.0763342 2.9622 1.32499 -1.32963 0.597636 1.29012 -1.54778 -1.18175 1.26355 0.786077 0.0772291 1.02179 -2.06535 1.18137 -2.00884
1.29102 -0.0763342 2.9622 1.32499 -1.32963 0.597636 1.29012 -1.54778 -1.18175 1.26355 0.786077 0.0772291 1.02179 -2.06535 1.18137 -2.00884
1.29701 -0.0763342 2.9622 1.32499 -1.32963 0.597636 1.29012 -1.54778 -1.18175 1.26355 0.786077 0.0772291 1.02179 -2.06535 1.18137 -2.00884
1.30313 -0.0763342 2.9622 1.32499 -1.32963 0.597636 1.29012 -1.54778 -1.18175 1.26355 0.786077 0.0772291 1.02179 -2.06535 1.18137 -2.00884
1.3094 -0.0763342 2.9622 1.32499 -1.32963 0.597636 1.29012 -1.54778 -1.18175 1.26355 0.786077 0.0772291 1.02179 -2.06535 1.18137 -2.00884
1.31578 -0.0763342 2.9622 1.32499 -1.32963 0.597636 1.29012 -1.54778 -1.18175 1.26355 0.786077 0.0772291 1.02179 -2.06535 1.18137 -2.00884
1.32226 -0.0763342 2.9622 1.32499 -1.32963 0.597636 1.29012 -1.54778 -1.18175 1.26355 0.786077 0.0772291 1.02179 -2.06535 1.18137 -2.00884
1.32899 -0.0763342 2.9622 1.32499 -1.32963 0.597636 1.29012 -1.54778 -1.18175 1.26355 0.786077 0.0772291 1.02179 -2.06535 1.18137 -2.00884
1.3358 -0.0763342 2.9622 1.32499 -1.32963 0.597636 1.29012 -1.54778 -1.18175 1.26355 0.786077 0.0772291 1.02179 -2.06535 1.18137 -2.00884
1.34291 -0.0763342 2.9622 1.32499 -1.32963 0.597636 1.29012 -1.54778 -1.18175 1.26355 0.786077 0.0772291 1.02179 -2.06535 1.18137 -2.00884
1.35028 -0.0763342 2.9622 1.32499 -1.32963 0.597636 1.29012 -1.54778 -1.18175 1.26355 0.786077 0.0772291 1.02179 -2.06535 1.18137 -2.00884
1.35773 -0.0763342 2.9622 1.32499 -1.32963 0.597636 1.29012 -1.54778 -1.18175 1.26355 0.786077 0.0772291 1.02179 -2.06535 1.18137 -2.00884
1.3653 -0.0763342 2.9622 1.32499 -1.32963 0.597636 1.29012 -1.54778 -1.18175 1.26355 0.786077 0.0772291 1.02179 -2.06535 1.18137 -2.00884
1.37313 -0.0763342 2.9622 1.32499 -1.32963 0.597636 1.29012 -1.54778 -1.18175 1.26355 0.786077 0.0772291 1.02179 -2.06535 1.18137 -2.00884
1.38096 -0.0763342 2.9622 1.32499 -1.32963 0.597636 1.29012 -1.54778 -1.18175 1.26355 0.786077 0.0772291 1.02179 -2.06535 1.18137 -2.00884
1.38899 -0.0763342 2.9622 1.32499 -1.32963 0.597636 1.29012 -1.54778 -1.18175 1.26355 0.786077 0.0772291 1.02179 -2.06535 1.18137 -2.00884
1.39736 -0.0763342 2.9622 1.32499 -1.32963 0.597636 1.29012 -1.54778 -1.18175 1.26355 0.786077 0.0772291 1.02179 -2.06535 1.18137 -2.00884
1.40614 -0.0763342 2.9622 1.32499 -1.32963 0.597636 1.29012 -1.54778 -1.18175 1.26355 0.786077 0.0772291 1.02179 -2.06535 1.18137 -2.00884
1.41476 -0.0763342 2.9622 1.32499 -1.32963 0.597636 1.29012 -1.54778 -1.18175 1.26355 0.786077 0.0772291 1.02179 -2.06535 1.18137 -2.00884
1.42345 -0.0763342 2.9622 1.32499 -1.32963 0.597636 1.29012 -1.54778 -1.18175 1.26355 0.786077 0.0772291 1.02179 -2.06535 1.18137 -2.00884
1.4325 -0.0763342 2.9622 1.32499 -1.32963 0.597636 1.29012 -1.54778 -1.18175 1.26355 0.786077 0.0772291 1.02179 -2.06535 1.18137 -2.00884
1.44177 -0.0763342 2.9622 1.32499 -1.32963 0.597636 1.29012 -1.54778 -1.18175 1.26355 0.786077 0.0772291 1.02179 -2.06535 1.18137 -2.00884
1.45135 -0.0763342 2.9622 1.32499 -1.32963 0.597636 1.29012 -1.54778 -1.18175 1.26355 0.786077 0.0772291 1.02179 -2.06535 1.18137 -2.00884
1.46111 -0.0763342 2.9622 1.32499 -1.32963 0.597636 1.29012 -1.54778 -1.18175 1.26355 0.786077 0.0772291 1.02179 -2.06535 1.18137 -2.00884
1.47114 -0.0763342 2.9622 1.32499 -1.32963 0.597636 1.29012 -1.54778 -1.18175 1.26355 0.786077 0.0772291 1.02179 -2.06535 1.18137 -2.00884
1.48131 -0.0763342 2.9622 1.32499 -1.32963 0.597636 1.29012 -1.54778 -1.18175 1.26355 0.786077 0.0772291 1.02179 -2.06535 1.18137 -2.00884
1.49187 -0.0763342 2.9622 1.32499 -1.32963 0.597636 1.29012 -1.54778 -1.18175 1.26355 0.786077 0.0772291 1.02179 -2.06535 1.18137 -2.00884
1.50265 -0.0763342 2.9622 1.32499 -1.32963 0.597636 1.29012 -1.54778 -1.18175 1.26355 0.786077 0.0772291 1.02179 -2.06535 1.18137 -2.00884
1.51372 -0.0763342 2.9622 1.32499 -1.32963 0.597636 1.29012 -1.54778 -1.18175 1.26355 0.786077 0.0772291 1.02179 -2.06535 1.18137 -2.00884
1.52558 -0.0763342 2.9622 1.32499 -1.32963 0.597636 1.29012 -1.54778 -1.18175 1.26355 0.786077 0.0772291 1.02179 -2.06535 1.18137 -2.00884
1.53787 -0.0763342 2.9622 1.32499 -1.32963 0.597636 1.29012 -1.54778 -1.18175 1.26355 0.786077 0.0772291 1.02179 -2.06535 1.18137 -2.00884
1.41535 -0.0763342 2.9622 1.32499 -1.32963 0.597636 1.29012 -1.54778 -1.18175 1.26355 0.786077 0.0772291 1.02179 -2.06535 1.18137 -2.00884
1.41399 -0.0763342 2.9622 1.32499 -1.32963 0.597636 1.29012 -1.54778 -1.18175 1.26355 0.786077 0.0772291 1.02179 -2.06535 1.18137 -2.00884
1.41263 -0.0763342 2.9622 1.32499 -1.32963 0.597636 1.29012 -1.54778 -1.18175 1.26355 0.786077 0.0772291 1.02179 -2.06535 1.18137 -2.00884
1.41147 -0.0763342 2.9622 1.32499 -1.32963 0.597636 1.29012 -1.54778 -1.18175 1.26355 0.786077 0.0772291 1.02179 -2.06535 1.18137 -2.00884
1.40999 -0.0763342 2.9622 1.32499 -1.32963 0.597636 1.29012 -1.54778 -1.18175 1.26355 0.786077 0.0772291 1.02179 -2.06535 1.18137 -2.00884
1.40792 -0.0763342 2.9622 1.32499 -1.32963 0.597636 1.29012 -1.54778 -1.18175 1.26355 0.786077 0.0772291 1.02179 -2.06535 1.18137 -2.00884
1.40556 -0.0763342 2.9622 1.32499 -1.32963 0.597636 1.29012 -1.54778 -1.18175 1.26355 0.786077 0.0772291 1.02179 -2.06535 1.18137 -2.00884
1.40324 -0.0763342 2.9622 1.32499 -1.32963 0.597636 1.29012 -1.54778 -1.18175 1.26355 0.786077 0.0772291 1.02179 -2.06535 1.18137 -2.00884
1.40086 -0.0763342 2.9622 1.32499 -1.32963 0.597636 1.29012 -1.54778 -1.18175 1.26355 0.786077 0.0772291 1.02179 -2.06535 1.18137 -2.00884
1.39849 -0.0763342 2.9622 1.32499 -1.32963 0.597636 1.29012 -1.54778 -1.18175 1.26355 0.786077 0.0772291 1.02179 -2.06535 1.18137 -2.00884
1.39609 -0.0763342 2.9622 1.32499 -1.32963 0.597636 1.29012 -1.54778 -1.18175 1.26355 0.786077 0.0772291 1.02179 -2.06535 1.18137 -2.00884
1.39369 -0.0763342 2.9622 1.32499 -1.32963 0.597636 1.29012 -1.54778 -1.18175 1.26355 0.786077 0.0772291 1.02179 -2.06535 1.18137 -2.00884
1.3913 -0.0763342 2.9622 1.32499 -1.32963 0.597636 1.29012 -1.54778 -1.18175 1.26355 0.786077 0.0772291 1.02179 -2.06535 1.18137 -2.00884
1.3867 -0.0763342 2.9622 1.32499 -1.32963 0.597636 1.29012 -1.54778 -1.18175 1.26355 0.786077 0.0772291 1.02179 -2.06535 1.18137 -2.00884
1.38198 -0.0763342 2.9622 1.32499 -1.32963 0.597636 1.29012 -1.54778 -1.18175 1.26355 0.786077 0.0772291 1.02179 -2.06535 1.18137 -2.00884
1.37729 -0.0763342 2.9622 1.32499 -1.32963 0.597636 1.29012 -1.54778 -1.18175 1.26355 0.786077 0.0772291 1.02179 -2.06535 1.18137 -2.00884
1.37259 -0.0763342 2.9622 1.32499 -1.32963 0.597636 1.29012 -1.54778 -1.18175 1.26355 0.786077 0.0772291 1.02179 -2.06535 1.18137 -2.00884
1.36777 -0.0763342 2.9622 1.32499 -1.32963 0.597636 1.29012 -1.54778 -1.18175 1.26355 0.786077 0.0772291 1.02179 -2.06535 1.18137 -2.00884
1.3631 -0.0763342 2.9622 1.32499 -1.32963 0.597636 1.29012 -1.54778 -1.18175 1.26355 0.786077 0.0772291 1.02179 -2.06535 1.18137 -2.00884
1.35846 -0.0763342 2.9622 1.32499 -1.32963 0.597636 1.29012 -1.54778 -1.18175 1.26355 0.786077 0.0772291 1.02179 -2.06535 1.18137 -2.00884
1.3538 -0.0763342 2.9622 1.32499 -1.32963 0.597636 1.29012 -1.54778 -1.18175 1.26355 0.786077 0.0772291 1.02179 -2.06535 1.18137 -2.00884
1.34909 -0.0763342 2.9622 1.32499 -1.32963 0.597636 1.29012 -1.54778 -1.18175 1.26355 0.786077 0.0772291 1.02179 -2.06535 1.18137 -2.00884
1.34441 -0.0763342 2.9622 1.32499 -1.32963 0.597636 1.29012 -1.54778 -1.18175 1.26355 0.786077 0.0772291 1.02179 -2.06535 1.18137 -2.00884
1.33979 -0.0763342 2.9622 1.32499 -1.32963 0.597636 1.29012 -1.54778 -1.18175 1.26355 0.786077 0.0772291 1.02179 -2.06535 1.18137 -2.00884
1.33501 -0.0763342 2.9622 1.32499 -1.32963 0.597636 1.29012 -1.54778 -1.18175 1.26355 0.786077 0.0772291 1.02179 -2.06535 1.18137 -2.00884
1.3302 -0.0763342 2.9622 1.32499 -1.32963 0.597636 1.29012 -1.54778 -1.18175 1.26355 0.786077 0.0772291 1.02179 -2.06535 1.18137 -2.00884
1.3253 -0.0763342 2.9622 1.32499 -1.32963 0.597636 1.29012 -1.54778 -1.18175 1.26355 0.786077 0.0772291 1.02179 -2.06535 1.18137 -2.00884
1.3205 -0.0763342 2.9622 1.32499 -1.32963 0.597636 1.29012 -1.54778 -1.18175 1.26355 0.786077 0.0772291 1.02179 -2.06535 1.18137 -2.00884
1.31552 -0.0763342 2.9622 1.32499 -1.32963 0.597636 1.29012 -1.54778 -1.18175 1.26355 0.786077 0.0772291 1.02179 -2.06535 1.18137 -2.00884
1.3105 -0.0763342 2.9622 1.32499 -1.32963 0.597636 1.29012 -1.54778 -1.18175 1.26355 0.786077 0.0772291 1.02179 -2.06535 1.18137 -2.00884
1.30569 -0.0763342 2.9622 1.32499 -1.32963 0.597636 1.29012 -1.54778 -1.18175 1.26355 0.786077 0.0772291 1.02179 -2.06535 1.18137 -2.00884
1.30089 -0.0763342 2.9622 1.32499 -1.32963 0.597636 1.29012 -1.54778 -1.18175 1.26355 0.786077 0.0772291 1.02179 -2.06535 1.18137 -2.00884
1.29599 -0.0763342 2.9622 1.32499 -1.32963 0.597636 1.29012 -1.54778 -1.18175 1.26355 0.786077 0.0772291 1.02179 -2.06535 1.18137 -2.00884
1.29117 -0.0763342 2.9622 1.32499 -1.32963 0.597636 1.29012 -1.54778 -1.18175 1.26355 0.786077 0.0772291 1.02179 -2.06535 1.18137 -2.00884
1.28478 -0.0763342 2.9622 1.32499 -1.32963 0.597636 1.29012 -1.54778 -1.18175 1.26355 0.786077 0.0772291 1.02179 -2.06535 1.18137 -2.00884
1.27986 -0.0763342 2.9622 1.32499 -1.32963 0.597636 1.29012 -1.54778 -1.18175 1.26355 0.786077 0.0772291 1.02179 -2.06535 1.18137 -2.00884
1.2749 -0.0763342 2.9622 1.32499 -1.32963 0.597636 1.29012 -1.54778 -1.18175 1.26355 0.786077 0.0772291 1.02179 -2.06535 1.18137 -2.00884
1.26965 -0.0763342 2.9622 1.32499 -1.32963 0.597636 1.29012 -1.54778 -1.18175 1.26355 0.786077 0.0772291 1.02179 -2.06535 1.18137 -2.00884
1.26471 -0.0763342 2.9622 1.32499 -1.32963 0.597636 1.29012 -1.54778 -1.18175 1.26355 0.786077 0.0772291 1.02179 -2.06535 1.18137 -2.00884
1.25982 -0.0763342 2.9622 1.32499 -1.32963 0.597636 1.29012 -1.54778 -1.18175 1.26355 0.786077 0.0772291 1.02179 -2.06535 1.18137 -2.00884
1.25486 -0.0763342 2.9622 1.32499 -1.32963 0.597636 1.29012 -1.54778 -1.18175 1.26355 0.786077 0.0772291 1.02179 -2.06535 1.18137 -2.00884
1.24958 -0.0763342 2.9622 1.32499 -1.32963 0.597636 1.29012 -1.54778 -1.18175 1.26355 0.786077 0.0772291 1.02179 -2.06535 1.18137 -2.00884
1.2444 -0.0763342 2.9622 1.32499 -1.32963 0.597636 1.29012 -1.54778 -1.18175 1.26355 0.786077 0.0772291 1.02179 -2.06535 1.18137 -2.00884
1.23932 -0.0763342 2.9622 1.32499 -1.32963 0.597636 1.29012 -1.54778 -1.18175 1.26355 0.786077 0.0772291 1.02179 -2.06535 1.18137 -2.00884
1.23428 -0.0763342 2.9622 1.32499 -1.32963 0.597636 1.29012 -1.54778 -1.18175 1.26355 0.786077 0.0772291 1.02179 -2.06535 1.18137 -2.00884
1.22921 -0.0763342 2.9622 1.32499 -1.32963 0.597636 1.29012 -1.54778 -1.18175 1.26355 0.786077 0.0772291 1.02179 -2.06535 1.18137 -2.00884
1.22422 -0.0763342 2.9622 1.32499 -1.32963 0.597636 1.29012 -1.54778 -1.18175 1.26355 0.786077 0.0772291 1.02179 -2.06535 1.18137 -2.00884
1.21918 -0.0763342 2.9622 1.32499 -1.32963 0.597636 1.29012 -1.54778 -1.18175 1.26355 0.786077 0.0772291 1.02179 -2.06535 1.18137 -2.00884
1.21401 -0.0763342 2.9622 1.32499 -1.32963 0.597636 1.29012 -1.54778 -1.18175 1.26355 0.786077 0.0772291 1.02179 -2.06535 1.18137 -2.00884
1.20884 -0.0763342 2.9622 1.32499 -1.32963 0.597636 1.29012 -1.54778 -1.18175 1.26355 0.786077 0.0772291 1.02179 -2.06535 1.18137 -2.00884
1.20371 -0.0763342 2.9622 1.32499 -1.32963 0.597636 1.29012 -1.54778 -1.18175 1.26355 0.786077 0.0772291 1.02179 -2.06535 1.18137 -2.00884
1.1983 -0.0763342 2.9622 1.32499 -1.32963 0.597636 1.29012 -1.54778 -1.18175 1.26355 0.786077 0.0772291 1.02179 -2.06535 1.18137 -2.00884
1.19314 -0.0763342 2.9622 1.32499 -1.32963 0.597636 1.29012 -1.54778 -1.18175 1.26355 0.786077 0.0772291 1.02179 -2.06535 1.18137 -2.00884
1.18791 -0.0763342 2.9622 1.32499 -1.32963 0.597636 1.29012 -1.54778 -1.18175 1.26355 0.786077 0.0772291 1.02179 -2.06535 1.18137 -2.00884
1.1827 -0.0763342 2.9622 1.32499 -1.32963 0.597636 1.29012 -1.54778 -1.18175 1.26355 0.786077 0.0772291 1.02179 -2.06535 1.18137 -2.00884
1.17749 -0.0763342 2.9622 1.32499 -1.32963 0.597636 1.29012 -1.54778 -1.18175 1.26355 0.786077 0.0772291 1.02179 -2.06535 1.18137 -2.00884
1.17223 -0.0763342 2.9622 1.32499 -1.32963 0.597636 1.29012 -1.54778 -1.18175 1.26355 0.786077 0.0772291 1.02179 -2.06535 1.18137 -2.00884
1.16701 -0.0763342 2.9622 1.32499 -1.32963 0.597636 1.29012 -1.54778 -1.18175 1.26355 0.786077 0.0772291 1.02179 -2.06535 1.18137 -2.00884
1.16179 -0.0763342 2.9622 1.32499 -1.32963 0.597636 1.29012 -1.54778 -1.18175 1.26355 0.786077 0.0772291 1.02179 -2.06535 1.18137 -2.00884
1.15643 -0.0763342 2.9622 1.32499 -1.32963 0.597636 1.29012 -1.54778 -1.18175 1.26355 0.786077 0.0772291 1.02179 -2.06535 1.18137 -2.00884
1.15105 -0.0763342 2.9622 1.32499 -1.32963 0.597636 1.29012 -1.54778 -1.18175 1.26355 0.786077 0.0772291 1.02179 -2.06535 1.18137 -2.00884
1.14552 -0.0763342 2.9622 1.32499 -1.32963 0.597636 1.29012 -1.54778 -1.18175 1.26355 0.786077 0.0772291 1.02179 -2.06535 1.18137 -2.00884
1.14005 -0.0763342 2.9622 1.32499 -1.32963 0.597636 1.29012 -1.54778 -1.18175 1.26355 0.786077 0.0772291 1.02179 -2.06535 1.18137 -2.00884
1.13464 -0.0763342 2.9622 1.32499 -1.32963 0.597636 1.29012 -1.54778 -1.18175 1.26355 0.786077 0.0772291 1.02179 -2.06535 1.18137 -2.00884
1.12925 -0.0763342 2.9622 1.32499 -1.32963 0.597636 1.29012 -1.54778 -1.18175 1.26355 0.786077 0.0772291 1.02179 -2.06535 1.18137 -2.00884
1.12391 -0.0763342 2.9622 1.32499 -1.32963 0.597636 1.29012 -1.54778 -1.18175 1.26355 0.786077 0.0772291 1.02179 -2.06535 1.18137 -2.00884
1.11849 -0.0763342 2.9622 1.32499 -1.32963 0.597636 1.29012 -1.54778 -1.18175 1.26355 0.786077 0.0772291 1.02179 -2.06535 1.18137 -2.00884
1.11304 -0.0763342 2.9622 1.32499 -1.32963 0.597636 1.29012 -1.54778 -1.18175 1.26355 0.786077 0.0772291 1.02179 -2.06535 1.18137 -2.00884
1.10762 -0.0763342 2.9622 1.32499 -1.32963 0.597636 1.29012 -1.54778 -1.18175 1.26355 0.786077 0.0772291 1.02179 -2.06535 1.18137 -2.00884
1.10212 -0.0763342 2.9622 1.32499 -1.32963 0.597636 1.29012 -1.54778 -1.18175 1.26355 0.786077 0.0772291 1.02179 -2.06535 1.18137 -2.00884
1.09654 -0.0763342 2.9622 1.32499 -1.32963 0.597636 1.29012 -1.54778 -1.18175 1.26355 0.786077 0.0772291 1.02179 -2.06535 1.18137 -2.00884
1.09098 -0.0763342 2.9622 1.32499 -1.32963 0.597636 1.29012 -1.54778 -1.18175 1.26355 0.786077 0.0772291 1.02179 -2.06535 1.18137 -2.00884
1.08545 -0.0763342 2.9622 1.32499 -1.32963 0.597636 1.29012 -1.54778 -1.18175 1.26355 0.786077 0.0772291 1.02179 -2.06535 1.18137 -2.00884
1.07983 -0.0763342 2.9622 1.32499 -1.32963 0.597636 1.29012 -1.54778 -1.18175 1.26355 0.786077 0.0772291 1.02179 -2.06535 1.18137 -2.00884
1.07419 -0.0763342 2.9622 1.32499 -1.32963 0.597636 1.29012 -1.54778 -1.18175 1.26355 0.786077 0.0772291 1.02179 -2.06535 1.18137 -2.00884
1.06854 -0.0763342 2.9622 1.32499 -1.32963 0.597636 1.29012 -1.54778 -1.18175 1.26355 0.786077 0.0772291 1.02179 -2.06535 1.18137 -2.00884
1.06291 -0.0763342 2.9622 1.32499 -1.32963 0.597636 1.29012 -1.54778 -1.18175 1.26355 0.786077 0.0772291 1.02179 -2.06535 1.18137 -2.00884
1.05731 -0.0763342 2.9622 1.32499 -1.32963 0.597636 1.29012 -1.54778 -1.18175 1.26355 0.786077 0.0772291 1.02179 -2.06535 1.18137 -2.00884
1.05167 -0.0763342 2.9622 1.32499 -1.32963 0.597636 1.29012 -1.54778 -1.18175 1.26355 0.786077 0.0772291 1.02179 -2.06535 1.18137 -2.00884
1.04586 -0.0763342 2.9622 1.32499 -1.32963 0.597636 1.29012 -1.54778 -1.18175 1.26355 0.786077 0.0772291 1.02179 -2.06535 1.18137 -2.00884
1.03982 -0.0763342 2.9622 1.32499 -1.32963 0.597636 1.29012 -1.54778 -1.18175 1.26355 0.786077 0.0772291 1.02179 -2.06535 1.18137 -2.00884
1.03414 -0.0763342 2.9622 1.32499 -1.32963 0.597636 1.29012 -1.54778 -1.18175 1.26355 0.786077 0.0772291 1.02179 -2.06535 1.18137 -2.00884
