41.759
41.769
41.78
41.79
41.801
41.811
41.821
41.832
41.842
41.855
41.875
41.895
41.916
41.937
41.958
41.978
41.999
42.02
42.04
42.061
42.1
42.14
42.179
42.218
42.257
42.296
42.335
42.373
42.412
42.457
42.497
42.538
42.577
42.616
42.655
42.693
42.732
42.772
42.811
42.85
42.889
42.927
42.966
43.005
43.043
43.081
43.12
43.159
43.199
43.238
43.276
43.315
43.354
43.393
43.432
43.475
43.516
43.557
43.595
43.634
43.672
43.71
43.749
43.787
43.826
43.865
43.904
43.943
43.982
44.02
44.059
44.097
44.136
44.174
44.213
44.253
44.292
44.331
44.37
44.41
44.449
44.487
44.527
44.566
44.605
44.643
44.681
44.72
44.759
44.798
44.836
44.875
44.913
44.953
44.993
45.034
45.073
51.647
51.658
51.668
51.678
51.688
51.699
51.709
51.719
51.73
51.742
51.763
51.784
51.804
51.843
51.882
51.922
51.962
52.001
52.039
52.078
52.116
52.155
52.193
52.232
52.271
52.31
52.349
52.388
52.43
52.469
52.507
52.546
52.584
52.623
52.673
52.712
52.754
52.792
52.831
52.869
52.91
52.949
52.989
53.028
53.066
53.104
53.143
53.181
53.22
53.259
53.299
53.339
53.378
53.417
53.455
53.494
53.532
53.571
53.61
53.648
53.688
53.729
53.767
53.806
53.845
53.883
53.922
53.96
53.999
54.038
54.077
54.116
54.155
54.194
54.233
54.272
54.31
54.349
54.388
54.429
54.468
54.506
