2.70593 0.629187 -1.43135 1.59677 2.7143 1.13087 -2.81875 2.00672 0.203885 1.67924 -1.46903 -1.34644 0.691798 3.01828 -1.67981 0.600002
2.70453 0.629187 -1.43135 1.59677 2.7143 1.13087 -2.81875 2.00672 0.203885 1.67924 -1.46903 -1.34644 0.691798 3.01828 -1.67981 0.600002
2.70336 0.629187 -1.43135 1.59677 2.7143 1.13087 -2.81875 2.00672 0.203885 1.67924 -1.46903 -1.34644 0.691798 3.01828 -1.67981 0.600002
2.70198 0.629187 -1.43135 1.59677 2.7143 1.13087 -2.81875 2.00672 0.203885 1.67924 -1.46903 -1.34644 0.691798 3.01828 -1.67981 0.600002
2.70051 0.629187 -1.43135 1.59677 2.7143 1.13087 -2.81875 2.00672 0.203885 1.67924 -1.46903 -1.34644 0.691798 3.01828 -1.67981 0.600002
2.69908 0.629187 -1.43135 1.59677 2.7143 1.13087 -2.81875 2.00672 0.203885 1.67924 -1.46903 -1.34644 0.691798 3.01828 -1.67981 0.600002
2.6976 0.629187 -1.43135 1.59677 2.7143 1.13087 -2.81875 2.00672 0.203885 1.67924 -1.46903 -1.34644 0.691798 3.01828 -1.67981 0.600002
2.6961 0.629187 -1.43135 1.59677 2.7143 1.13087 -2.81875 2.00672 0.203885 1.67924 -1.46903 -1.34644 0.691798 3.01828 -1.67981 0.600002
2.69458 0.629187 -1.43135 1.59677 2.7143 1.13087 -2.81875 2.00672 0.203885 1.67924 -1.46903 -1.34644 0.691798 3.01828 -1.67981 0.600002
2.69309 0.629187 -1.43135 1.59677 2.7143 1.13087 -2.81875 2.00672 0.203885 1.67924 -1.46903 -1.34644 0.691798 3.01828 -1.67981 0.600002
2.69158 0.629187 -1.43135 1.59677 2.7143 1.13087 -2.81875 2.00672 0.203885 1.67924 -1.46903 -1.34644 0.691798 3.01828 -1.67981 0.600002
2.69008 0.629187 -1.43135 1.59677 2.7143 1.13087 -2.81875 2.00672 0.203885 1.67924 -1.46903 -1.34644 0.691798 3.01828 -1.67981 0.600002
2.6885 0.629187 -1.43135 1.59677 2.7143 1.13087 -2.81875 2.00672 0.203885 1.67924 -1.46903 -1.34644 0.691798 3.01828 -1.67981 0.600002
2.68691 0.629187 -1.43135 1.59677 2.7143 1.13087 -2.81875 2.00672 0.203885 1.67924 -1.46903 -1.34644 0.691798 3.01828 -1.67981 0.600002
2.68529 0.629187 -1.43135 1.59677 2.7143 1.13087 -2.81875 2.00672 0.203885 1.67924 -1.46903 -1.34644 0.691798 3.01828 -1.67981 0.600002
2.68367 0.629187 -1.43135 1.59677 2.7143 1.13087 -2.81875 2.00672 0.203885 1.67924 -1.46903 -1.34644 0.691798 3.01828 -1.67981 0.600002
2.68206 0.629187 -1.43135 1.59677 2.7143 1.13087 -2.81875 2.00672 0.203885 1.67924 -1.46903 -1.34644 0.691798 3.01828 -1.67981 0.600002
2.68046 0.629187 -1.43135 1.59677 2.7143 1.13087 -2.81875 2.00672 0.203885 1.67924 -1.46903 -1.34644 0.691798 3.01828 -1.67981 0.600002
2.67886 0.629187 -1.43135 1.59677 2.7143 1.13087 -2.81875 2.00672 0.203885 1.67924 -1.46903 -1.34644 0.691798 3.01828 -1.67981 0.600002
2.67727 0.629187 -1.43135 1.59677 2.7143 1.13087 -2.81875 2.00672 0.203885 1.67924 -1.46903 -1.34644 0.691798 3.01828 -1.67981 0.600002
2.67433 0.629187 -1.43135 1.59677 2.7143 1.13087 -2.81875 2.00672 0.203885 1.67924 -1.46903 -1.34644 0.691798 3.01828 -1.67981 0.600002
2.67136 0.629187 -1.43135 1.59677 2.7143 1.13087 -2.81875 2.00672 0.203885 1.67924 -1.46903 -1.34644 0.691798 3.01828 -1.67981 0.600002
2.66834 0.629187 -1.43135 1.59677 2.7143 1.13087 -2.81875 2.00672 0.203885 1.67924 -1.46903 -1.34644 0.691798 3.01828 -1.67981 0.600002
2.66527 0.629187 -1.43135 1.59677 2.7143 1.13087 -2.81875 2.00672 0.203885 1.67924 -1.46903 -1.34644 0.691798 3.01828 -1.67981 0.600002
2.66221 0.629187 -1.43135 1.59677 2.7143 1.13087 -2.81875 2.00672 0.203885 1.67924 -1.46903 -1.34644 0.691798 3.01828 -1.67981 0.600002
2.65923 0.629187 -1.43135 1.59677 2.7143 1.13087 -2.81875 2.00672 0.203885 1.67924 -1.46903 -1.34644 0.691798 3.01828 -1.67981 0.600002
2.65623 0.629187 -1.43135 1.59677 2.7143 1.13087 -2.81875 2.00672 0.203885 1.67924 -1.46903 -1.34644 0.691798 3.01828 -1.67981 0.600002
2.65316 0.629187 -1.43135 1.59677 2.7143 1.13087 -2.81875 2.00672 0.203885 1.67924 -1.46903 -1.34644 0.691798 3.01828 -1.67981 0.600002
2.65005 0.629187 -1.43135 1.59677 2.7143 1.13087 -2.81875 2.00672 0.203885 1.67924 -1.46903 -1.34644 0.691798 3.01828 -1.67981 0.600002
2.64685 0.629187 -1.43135 1.59677 2.7143 1.13087 -2.81875 2.00672 0.203885 1.67924 -1.46903 -1.34644 0.691798 3.01828 -1.67981 0.600002
2.64365 0.629187 -1.43135 1.59677 2.7143 1.13087 -2.81875 2.00672 0.203885 1.67924 -1.46903 -1.34644 0.691798 3.01828 -1.67981 0.600002
2.6405 0.629187 -1.43135 1.59677 2.7143 1.13087 -2.81875 2.00672 0.203885 1.67924 -1.46903 -1.34644 0.691798 3.01828 -1.67981 0.600002
2.63717 0.629187 -1.43135 1.59677 2.7143 1.13087 -2.81875 2.00672 0.203885 1.67924 -1.46903 -1.34644 0.691798 3.01828 -1.67981 0.600002
2.63402 0.629187 -1.43135 1.59677 2.7143 1.13087 -2.81875 2.00672 0.203885 1.67924 -1.46903 -1.34644 0.691798 3.01828 -1.67981 0.600002
2.63082 0.629187 -1.43135 1.59677 2.7143 1.13087 -2.81875 2.00672 0.203885 1.67924 -1.46903 -1.34644 0.691798 3.01828 -1.67981 0.600002
2.62755 0.629187 -1.43135 1.59677 2.7143 1.13087 -2.81875 2.00672 0.203885 1.67924 -1.46903 -1.34644 0.691798 3.01828 -1.67981 0.600002
2.62427 0.629187 -1.43135 1.59677 2.7143 1.13087 -2.81875 2.00672 0.203885 1.67924 -1.46903 -1.34644 0.691798 3.01828 -1.67981 0.600002
2.62105 0.629187 -1.43135 1.59677 2.7143 1.13087 -2.81875 2.00672 0.203885 1.67924 -1.46903 -1.34644 0.691798 3.01828 -1.67981 0.600002
2.61786 0.629187 -1.43135 1.59677 2.7143 1.13087 -2.81875 2.00672 0.203885 1.67924 -1.46903 -1.34644 0.691798 3.01828 -1.67981 0.600002
2.61462 0.629187 -1.43135 1.59677 2.7143 1.13087 -2.81875 2.00672 0.203885 1.67924 -1.46903 -1.34644 0.691798 3.01828 -1.67981 0.600002
2.61132 0.629187 -1.43135 1.59677 2.7143 1.13087 -2.81875 2.00672 0.203885 1.67924 -1.46903 -1.34644 0.691798 3.01828 -1.67981 0.600002
2.60793 0.629187 -1.43135 1.59677 2.7143 1.13087 -2.81875 2.00672 0.203885 1.67924 -1.46903 -1.34644 0.691798 3.01828 -1.67981 0.600002
2.60433 0.629187 -1.43135 1.59677 2.7143 1.13087 -2.81875 2.00672 0.203885 1.67924 -1.46903 -1.34644 0.691798 3.01828 -1.67981 0.600002
2.60084 0.629187 -1.43135 1.59677 2.7143 1.13087 -2.81875 2.00672 0.203885 1.67924 -1.46903 -1.34644 0.691798 3.01828 -1.67981 0.600002
2.5973 0.629187 -1.43135 1.59677 2.7143 1.13087 -2.81875 2.00672 0.203885 1.67924 -1.46903 -1.34644 0.691798 3.01828 -1.67981 0.600002
2.59397 0.629187 -1.43135 1.59677 2.7143 1.13087 -2.81875 2.00672 0.203885 1.67924 -1.46903 -1.34644 0.691798 3.01828 -1.67981 0.600002
2.59059 0.629187 -1.43135 1.59677 2.7143 1.13087 -2.81875 2.00672 0.203885 1.67924 -1.46903 -1.34644 0.691798 3.01828 -1.67981 0.600002
2.58713 0.629187 -1.43135 1.59677 2.7143 1.13087 -2.81875 2.00672 0.203885 1.67924 -1.46903 -1.34644 0.691798 3.01828 -1.67981 0.600002
2.5837 0.629187 -1.43135 1.59677 2.7143 1.13087 -2.81875 2.00672 0.203885 1.67924 -1.46903 -1.34644 0.691798 3.01828 -1.67981 0.600002
2.58021 0.629187 -1.43135 1.59677 2.7143 1.13087 -2.81875 2.00672 0.203885 1.67924 -1.46903 -1.34644 0.691798 3.01828 -1.67981 0.600002
2.57679 0.629187 -1.43135 1.59677 2.7143 1.13087 -2.81875 2.00672 0.203885 1.67924 -1.46903 -1.34644 0.691798 3.01828 -1.67981 0.600002
2.57336 0.629187 -1.43135 1.59677 2.7143 1.13087 -2.81875 2.00672 0.203885 1.67924 -1.46903 -1.34644 0.691798 3.01828 -1.67981 0.600002
2.5699 0.629187 -1.43135 1.59677 2.7143 1.13087 -2.81875 2.00672 0.203885 1.67924 -1.46903 -1.34644 0.691798 3.01828 -1.67981 0.600002
2.56632 0.629187 -1.43135 1.59677 2.7143 1.13087 -2.81875 2.00672 0.203885 1.67924 -1.46903 -1.34644 0.691798 3.01828 -1.67981 0.600002
2.56281 0.629187 -1.43135 1.59677 2.7143 1.13087 -2.81875 2.00672 0.203885 1.67924 -1.46903 -1.34644 0.691798 3.01828 -1.67981 0.600002
2.55935 0.629187 -1.43135 1.59677 2.7143 1.13087 -2.81875 2.00672 0.203885 1.67924 -1.46903 -1.34644 0.691798 3.01828 -1.67981 0.600002
2.55584 0.629187 -1.43135 1.59677 2.7143 1.13087 -2.81875 2.00672 0.203885 1.67924 -1.46903 -1.34644 0.691798 3.01828 -1.67981 0.600002
2.55231 0.629187 -1.43135 1.59677 2.7143 1.13087 -2.81875 2.00672 0.203885 1.67924 -1.46903 -1.34644 0.691798 3.01828 -1.67981 0.600002
2.54872 0.629187 -1.43135 1.59677 2.7143 1.13087 -2.81875 2.00672 0.203885 1.67924 -1.46903 -1.34644 0.691798 3.01828 -1.67981 0.600002
2.54511 0.629187 -1.43135 1.59677 2.7143 1.13087 -2.81875 2.00672 0.203885 1.67924 -1.46903 -1.34644 0.691798 3.01828 -1.67981 0.600002
2.54154 0.629187 -1.43135 1.59677 2.7143 1.13087 -2.81875 2.00672 0.203885 1.67924 -1.46903 -1.34644 0.691798 3.01828 -1.67981 0.600002
2.53798 0.629187 -1.43135 1.59677 2.7143 1.13087 -2.81875 2.00672 0.203885 1.67924 -1.46903 -1.34644 0.691798 3.01828 -1.67981 0.600002
2.5344 0.629187 -1.43135 1.59677 2.7143 1.13087 -2.81875 2.00672 0.203885 1.67924 -1.46903 -1.34644 0.691798 3.01828 -1.67981 0.600002
2.53061 0.629187 -1.43135 1.59677 2.7143 1.13087 -2.81875 2.00672 0.203885 1.67924 -1.46903 -1.34644 0.691798 3.01828 -1.67981 0.600002
2.52688 0.629187 -1.43135 1.59677 2.7143 1.13087 -2.81875 2.00672 0.203885 1.67924 -1.46903 -1.34644 0.691798 3.01828 -1.67981 0.600002
2.52321 0.629187 -1.43135 1.59677 2.7143 1.13087 -2.81875 2.00672 0.203885 1.67924 -1.46903 -1.34644 0.691798 3.01828 -1.67981 0.600002
2.51953 0.629187 -1.43135 1.59677 2.7143 1.13087 -2.81875 2.00672 0.203885 1.67924 -1.46903 -1.34644 0.691798 3.01828 -1.67981 0.600002
2.51564 0.629187 -1.43135 1.59677 2.7143 1.13087 -2.81875 2.00672 0.203885 1.67924 -1.46903 -1.34644 0.691798 3.01828 -1.67981 0.600002
2.51174 0.629187 -1.43135 1.59677 2.7143 1.13087 -2.81875 2.00672 0.203885 1.67924 -1.46903 -1.34644 0.691798 3.01828 -1.67981 0.600002
2.50787 0.629187 -1.43135 1.59677 2.7143 1.13087 -2.81875 2.00672 0.203885 1.67924 -1.46903 -1.34644 0.691798 3.01828 -1.67981 0.600002
2.5039 0.629187 -1.43135 1.59677 2.7143 1.13087 -2.81875 2.00672 0.203885 1.67924 -1.46903 -1.34644 0.691798 3.01828 -1.67981 0.600002
2.50011 0.629187 -1.43135 1.59677 2.7143 1.13087 -2.81875 2.00672 0.203885 1.67924 -1.46903 -1.34644 0.691798 3.01828 -1.67981 0.600002
2.49627 0.629187 -1.43135 1.59677 2.7143 1.13087 -2.81875 2.00672 0.203885 1.67924 -1.46903 -1.34644 0.691798 3.01828 -1.67981 0.600002
2.49242 0.629187 -1.43135 1.59677 2.7143 1.13087 -2.81875 2.00672 0.203885 1.67924 -1.46903 -1.34644 0.691798 3.01828 -1.67981 0.600002
2.48852 0.629187 -1.43135 1.59677 2.7143 1.13087 -2.81875 2.00672 0.203885 1.67924 -1.46903 -1.34644 0.691798 3.01828 -1.67981 0.600002
2.48462 0.629187 -1.43135 1.59677 2.7143 1.13087 -2.81875 2.00672 0.203885 1.67924 -1.46903 -1.34644 0.691798 3.01828 -1.67981 0.600002
2.48071 0.629187 -1.43135 1.59677 2.7143 1.13087 -2.81875 2.00672 0.203885 1.67924 -1.46903 -1.34644 0.691798 3.01828 -1.67981 0.600002
2.47683 0.629187 -1.43135 1.59677 2.7143 1.13087 -2.81875 2.00672 0.203885 1.67924 -1.46903 -1.34644 0.691798 3.01828 -1.67981 0.600002
2.47283 0.629187 -1.43135 1.59677 2.7143 1.13087 -2.81875 2.00672 0.203885 1.67924 -1.46903 -1.34644 0.691798 3.01828 -1.67981 0.600002
2.46885 0.629187 -1.43135 1.59677 2.7143 1.13087 -2.81875 2.00672 0.203885 1.67924 -1.46903 -1.34644 0.691798 3.01828 -1.67981 0.600002
2.46473 0.629187 -1.43135 1.59677 2.7143 1.13087 -2.81875 2.00672 0.203885 1.67924 -1.46903 -1.34644 0.691798 3.01828 -1.67981 0.600002
2.46076 0.629187 -1.43135 1.59677 2.7143 1.13087 -2.81875 2.00672 0.203885 1.67924 -1.46903 -1.34644 0.691798 3.01828 -1.67981 0.600002
2.45676 0.629187 -1.43135 1.59677 2.7143 1.13087 -2.81875 2.00672 0.203885 1.67924 -1.46903 -1.34644 0.691798 3.01828 -1.67981 0.600002
2.45273 0.629187 -1.43135 1.59677 2.7143 1.13087 -2.81875 2.00672 0.203885 1.67924 -1.46903 -1.34644 0.691798 3.01828 -1.67981 0.600002
2.44864 0.629187 -1.43135 1.59677 2.7143 1.13087 -2.81875 2.00672 0.203885 1.67924 -1.46903 -1.34644 0.691798 3.01828 -1.67981 0.600002
2.44457 0.629187 -1.43135 1.59677 2.7143 1.13087 -2.81875 2.00672 0.203885 1.67924 -1.46903 -1.34644 0.691798 3.01828 -1.67981 0.600002
2.44047 0.629187 -1.43135 1.59677 2.7143 1.13087 -2.81875 2.00672 0.203885 1.67924 -1.46903 -1.34644 0.691798 3.01828 -1.67981 0.600002
2.43641 0.629187 -1.43135 1.59677 2.7143 1.13087 -2.81875 2.00672 0.203885 1.67924 -1.46903 -1.34644 0.691798 3.01828 -1.67981 0.600002
2.43224 0.629187 -1.43135 1.59677 2.7143 1.13087 -2.81875 2.00672 0.203885 1.67924 -1.46903 -1.34644 0.691798 3.01828 -1.67981 0.600002
2.42791 0.629187 -1.43135 1.59677 2.7143 1.13087 -2.81875 2.00672 0.203885 1.67924 -1.46903 -1.34644 0.691798 3.01828 -1.67981 0.600002
2.42372 0.629187 -1.43135 1.59677 2.7143 1.13087 -2.81875 2.00672 0.203885 1.67924 -1.46903 -1.34644 0.691798 3.01828 -1.67981 0.600002
2.41953 0.629187 -1.43135 1.59677 2.7143 1.13087 -2.81875 2.00672 0.203885 1.67924 -1.46903 -1.34644 0.691798 3.01828 -1.67981 0.600002
2.4153 0.629187 -1.43135 1.59677 2.7143 1.13087 -2.81875 2.00672 0.203885 1.67924 -1.46903 -1.34644 0.691798 3.01828 -1.67981 0.600002
2.41013 0.629187 -1.43135 1.59677 2.7143 1.13087 -2.81875 2.00672 0.203885 1.67924 -1.46903 -1.34644 0.691798 3.01828 -1.67981 0.600002
2.40581 0.629187 -1.43135 1.59677 2.7143 1.13087 -2.81875 2.00672 0.203885 1.67924 -1.46903 -1.34644 0.691798 3.01828 -1.67981 0.600002
2.4014 0.629187 -1.43135 1.59677 2.7143 1.13087 -2.81875 2.00672 0.203885 1.67924 -1.46903 -1.34644 0.691798 3.01828 -1.67981 0.600002
2.397 0.629187 -1.43135 1.59677 2.7143 1.13087 -2.81875 2.00672 0.203885 1.67924 -1.46903 -1.34644 0.691798 3.01828 -1.67981 0.600002
2.39268 0.629187 -1.43135 1.59677 2.7143 1.13087 -2.81875 2.00672 0.203885 1.67924 -1.46903 -1.34644 0.691798 3.01828 -1.67981 0.600002
2.38827 0.629187 -1.43135 1.59677 2.7143 1.13087 -2.81875 2.00672 0.203885 1.67924 -1.46903 -1.34644 0.691798 3.01828 -1.67981 0.600002
2.38392 0.629187 -1.43135 1.59677 2.7143 1.13087 -2.81875 2.00672 0.203885 1.67924 -1.46903 -1.34644 0.691798 3.01828 -1.67981 0.600002
2.37957 0.629187 -1.43135 1.59677 2.7143 1.13087 -2.81875 2.00672 0.203885 1.67924 -1.46903 -1.34644 0.691798 3.01828 -1.67981 0.600002
2.37514 0.629187 -1.43135 1.59677 2.7143 1.13087 -2.81875 2.00672 0.203885 1.67924 -1.46903 -1.34644 0.691798 3.01828 -1.67981 0.600002
2.37072 0.629187 -1.43135 1.59677 2.7143 1.13087 -2.81875 2.00672 0.203885 1.67924 -1.46903 -1.34644 0.691798 3.01828 -1.67981 0.600002
2.36622 0.629187 -1.43135 1.59677 2.7143 1.13087 -2.81875 2.00672 0.203885 1.67924 -1.46903 -1.34644 0.691798 3.01828 -1.67981 0.600002
2.36182 0.629187 -1.43135 1.59677 2.7143 1.13087 -2.81875 2.00672 0.203885 1.67924 -1.46903 -1.34644 0.691798 3.01828 -1.67981 0.600002
2.35725 0.629187 -1.43135 1.59677 2.7143 1.13087 -2.81875 2.00672 0.203885 1.67924 -1.46903 -1.34644 0.691798 3.01828 -1.67981 0.600002
2.35274 0.629187 -1.43135 1.59677 2.7143 1.13087 -2.81875 2.00672 0.203885 1.67924 -1.46903 -1.34644 0.691798 3.01828 -1.67981 0.600002
2.34816 0.629187 -1.43135 1.59677 2.7143 1.13087 -2.81875 2.00672 0.203885 1.67924 -1.46903 -1.34644 0.691798 3.01828 -1.67981 0.600002
2.34363 0.629187 -1.43135 1.59677 2.7143 1.13087 -2.81875 2.00672 0.203885 1.67924 -1.46903 -1.34644 0.691798 3.01828 -1.67981 0.600002
2.3391 0.629187 -1.43135 1.59677 2.7143 1.13087 -2.81875 2.00672 0.203885 1.67924 -1.46903 -1.34644 0.691798 3.01828 -1.67981 0.600002
2.33454 0.629187 -1.43135 1.59677 2.7143 1.13087 -2.81875 2.00672 0.203885 1.67924 -1.46903 -1.34644 0.691798 3.01828 -1.67981 0.600002
2.32989 0.629187 -1.43135 1.59677 2.7143 1.13087 -2.81875 2.00672 0.203885 1.67924 -1.46903 -1.34644 0.691798 3.01828 -1.67981 0.600002
2.32521 0.629187 -1.43135 1.59677 2.7143 1.13087 -2.81875 2.00672 0.203885 1.67924 -1.46903 -1.34644 0.691798 3.01828 -1.67981 0.600002
2.32035 0.629187 -1.43135 1.59677 2.7143 1.13087 -2.81875 2.00672 0.203885 1.67924 -1.46903 -1.34644 0.691798 3.01828 -1.67981 0.600002
2.31551 0.629187 -1.43135 1.59677 2.7143 1.13087 -2.81875 2.00672 0.203885 1.67924 -1.46903 -1.34644 0.691798 3.01828 -1.67981 0.600002
2.31073 0.629187 -1.43135 1.59677 2.7143 1.13087 -2.81875 2.00672 0.203885 1.67924 -1.46903 -1.34644 0.691798 3.01828 -1.67981 0.600002
2.30594 0.629187 -1.43135 1.59677 2.7143 1.13087 -2.81875 2.00672 0.203885 1.67924 -1.46903 -1.34644 0.691798 3.01828 -1.67981 0.600002
2.30112 0.629187 -1.43135 1.59677 2.7143 1.13087 -2.81875 2.00672 0.203885 1.67924 -1.46903 -1.34644 0.691798 3.01828 -1.67981 0.600002
2.29634 0.629187 -1.43135 1.59677 2.7143 1.13087 -2.81875 2.00672 0.203885 1.67924 -1.46903 -1.34644 0.691798 3.01828 -1.67981 0.600002
2.29116 0.629187 -1.43135 1.59677 2.7143 1.13087 -2.81875 2.00672 0.203885 1.67924 -1.46903 -1.34644 0.691798 3.01828 -1.67981 0.600002
2.28631 0.629187 -1.43135 1.59677 2.7143 1.13087 -2.81875 2.00672 0.203885 1.67924 -1.46903 -1.34644 0.691798 3.01828 -1.67981 0.600002
2.28126 0.629187 -1.43135 1.59677 2.7143 1.13087 -2.81875 2.00672 0.203885 1.67924 -1.46903 -1.34644 0.691798 3.01828 -1.67981 0.600002
2.27606 0.629187 -1.43135 1.59677 2.7143 1.13087 -2.81875 2.00672 0.203885 1.67924 -1.46903 -1.34644 0.691798 3.01828 -1.67981 0.600002
2.27113 0.629187 -1.43135 1.59677 2.7143 1.13087 -2.81875 2.00672 0.203885 1.67924 -1.46903 -1.34644 0.691798 3.01828 -1.67981 0.600002
2.24822 0.629187 -1.43135 1.59677 2.7143 1.13087 -2.81875 2.00672 0.203885 1.67924 -1.46903 -1.34644 0.691798 3.01828 -1.67981 0.600002
2.24822 0.629187 -1.43135 1.59677 2.7143 1.13087 -2.81875 2.00672 0.203885 1.67924 -1.46903 -1.34644 0.691798 3.01828 -1.67981 0.600002
2.24822 0.629187 -1.43135 1.59677 2.7143 1.13087 -2.81875 2.00672 0.203885 1.67924 -1.46903 -1.34644 0.691798 3.01828 -1.67981 0.600002
2.24879 0.629187 -1.43135 1.59677 2.7143 1.13087 -2.81875 2.00672 0.203885 1.67924 -1.46903 -1.34644 0.691798 3.01828 -1.67981 0.600002
2.24996 0.629187 -1.43135 1.59677 2.7143 1.13087 -2.81875 2.00672 0.203885 1.67924 -1.46903 -1.34644 0.691798 3.01828 -1.67981 0.600002
2.25143 0.629187 -1.43135 1.59677 2.7143 1.13087 -2.81875 2.00672 0.203885 1.67924 -1.46903 -1.34644 0.691798 3.01828 -1.67981 0.600002
2.25308 0.629187 -1.43135 1.59677 2.7143 1.13087 -2.81875 2.00672 0.203885 1.67924 -1.46903 -1.34644 0.691798 3.01828 -1.67981 0.600002
2.25484 0.629187 -1.43135 1.59677 2.7143 1.13087 -2.81875 2.00672 0.203885 1.67924 -1.46903 -1.34644 0.691798 3.01828 -1.67981 0.600002
2.25676 0.629187 -1.43135 1.59677 2.7143 1.13087 -2.81875 2.00672 0.203885 1.67924 -1.46903 -1.34644 0.691798 3.01828 -1.67981 0.600002
2.25888 0.629187 -1.43135 1.59677 2.7143 1.13087 -2.81875 2.00672 0.203885 1.67924 -1.46903 -1.34644 0.691798 3.01828 -1.67981 0.600002
2.26321 0.629187 -1.43135 1.59677 2.7143 1.13087 -2.81875 2.00672 0.203885 1.67924 -1.46903 -1.34644 0.691798 3.01828 -1.67981 0.600002
2.26765 0.629187 -1.43135 1.59677 2.7143 1.13087 -2.81875 2.00672 0.203885 1.67924 -1.46903 -1.34644 0.691798 3.01828 -1.67981 0.600002
2.27202 0.629187 -1.43135 1.59677 2.7143 1.13087 -2.81875 2.00672 0.203885 1.67924 -1.46903 -1.34644 0.691798 3.01828 -1.67981 0.600002
2.27691 0.629187 -1.43135 1.59677 2.7143 1.13087 -2.81875 2.00672 0.203885 1.67924 -1.46903 -1.34644 0.691798 3.01828 -1.67981 0.600002
2.28221 0.629187 -1.43135 1.59677 2.7143 1.13087 -2.81875 2.00672 0.203885 1.67924 -1.46903 -1.34644 0.691798 3.01828 -1.67981 0.600002
2.2879 0.629187 -1.43135 1.59677 2.7143 1.13087 -2.81875 2.00672 0.203885 1.67924 -1.46903 -1.34644 0.691798 3.01828 -1.67981 0.600002
2.29388 0.629187 -1.43135 1.59677 2.7143 1.13087 -2.81875 2.00672 0.203885 1.67924 -1.46903 -1.34644 0.691798 3.01828 -1.67981 0.600002
2.30039 0.629187 -1.43135 1.59677 2.7143 1.13087 -2.81875 2.00672 0.203885 1.67924 -1.46903 -1.34644 0.691798 3.01828 -1.67981 0.600002
2.3074 0.629187 -1.43135 1.59677 2.7143 1.13087 -2.81875 2.00672 0.203885 1.67924 -1.46903 -1.34644 0.691798 3.01828 -1.67981 0.600002
2.31476 0.629187 -1.43135 1.59677 2.7143 1.13087 -2.81875 2.00672 0.203885 1.67924 -1.46903 -1.34644 0.691798 3.01828 -1.67981 0.600002
2.32219 0.629187 -1.43135 1.59677 2.7143 1.13087 -2.81875 2.00672 0.203885 1.67924 -1.46903 -1.34644 0.691798 3.01828 -1.67981 0.600002
2.32999 0.629187 -1.43135 1.59677 2.7143 1.13087 -2.81875 2.00672 0.203885 1.67924 -1.46903 -1.34644 0.691798 3.01828 -1.67981 0.600002
2.33819 0.629187 -1.43135 1.59677 2.7143 1.13087 -2.81875 2.00672 0.203885 1.67924 -1.46903 -1.34644 0.691798 3.01828 -1.67981 0.600002
2.34652 0.629187 -1.43135 1.59677 2.7143 1.13087 -2.81875 2.00672 0.203885 1.67924 -1.46903 -1.34644 0.691798 3.01828 -1.67981 0.600002
2.3551 0.629187 -1.43135 1.59677 2.7143 1.13087 -2.81875 2.00672 0.203885 1.67924 -1.46903 -1.34644 0.691798 3.01828 -1.67981 0.600002
2.36412 0.629187 -1.43135 1.59677 2.7143 1.13087 -2.81875 2.00672 0.203885 1.67924 -1.46903 -1.34644 0.691798 3.01828 -1.67981 0.600002
2.37375 0.629187 -1.43135 1.59677 2.7143 1.13087 -2.81875 2.00672 0.203885 1.67924 -1.46903 -1.34644 0.691798 3.01828 -1.67981 0.600002
2.38381 0.629187 -1.43135 1.59677 2.7143 1.13087 -2.81875 2.00672 0.203885 1.67924 -1.46903 -1.34644 0.691798 3.01828 -1.67981 0.600002
2.39398 0.629187 -1.43135 1.59677 2.7143 1.13087 -2.81875 2.00672 0.203885 1.67924 -1.46903 -1.34644 0.691798 3.01828 -1.67981 0.600002
2.40448 0.629187 -1.43135 1.59677 2.7143 1.13087 -2.81875 2.00672 0.203885 1.67924 -1.46903 -1.34644 0.691798 3.01828 -1.67981 0.600002
2.41555 0.629187 -1.43135 1.59677 2.7143 1.13087 -2.81875 2.00672 0.203885 1.67924 -1.46903 -1.34644 0.691798 3.01828 -1.67981 0.600002
2.42701 0.629187 -1.43135 1.59677 2.7143 1.13087 -2.81875 2.00672 0.203885 1.67924 -1.46903 -1.34644 0.691798 3.01828 -1.67981 0.600002
2.43875 0.629187 -1.43135 1.59677 2.7143 1.13087 -2.81875 2.00672 0.203885 1.67924 -1.46903 -1.34644 0.691798 3.01828 -1.67981 0.600002
2.45124 0.629187 -1.43135 1.59677 2.7143 1.13087 -2.81875 2.00672 0.203885 1.67924 -1.46903 -1.34644 0.691798 3.01828 -1.67981 0.600002
2.46426 0.629187 -1.43135 1.59677 2.7143 1.13087 -2.81875 2.00672 0.203885 1.67924 -1.46903 -1.34644 0.691798 3.01828 -1.67981 0.600002
2.47756 0.629187 -1.43135 1.59677 2.7143 1.13087 -2.81875 2.00672 0.203885 1.67924 -1.46903 -1.34644 0.691798 3.01828 -1.67981 0.600002
2.49166 0.629187 -1.43135 1.59677 2.7143 1.13087 -2.81875 2.00672 0.203885 1.67924 -1.46903 -1.34644 0.691798 3.01828 -1.67981 0.600002
2.50647 0.629187 -1.43135 1.59677 2.7143 1.13087 -2.81875 2.00672 0.203885 1.67924 -1.46903 -1.34644 0.691798 3.01828 -1.67981 0.600002
2.52242 0.629187 -1.43135 1.59677 2.7143 1.13087 -2.81875 2.00672 0.203885 1.67924 -1.46903 -1.34644 0.691798 3.01828 -1.67981 0.600002
