3.693
3.704
3.714
3.725
3.735
3.746
3.756
3.766
3.777
3.788
3.811
3.829
3.85
3.87
3.891
3.912
3.932
3.954
3.974
3.994
4.034
4.073
4.112
4.151
4.19
4.229
4.267
4.306
4.345
4.383
4.422
4.463
4.502
4.54
4.579
4.618
4.658
4.696
4.735
4.774
4.812
4.854
4.894
4.936
4.975
5.014
5.052
5.092
5.131
5.17
5.209
5.248
5.286
5.326
5.364
5.403
5.442
5.48
5.519
5.558
5.596
5.635
5.674
5.713
5.752
5.791
5.83
5.871
5.911
5.952
5.991
6.03
6.069
6.108
6.146
6.185
6.224
6.263
6.302
6.341
6.38
6.419
6.458
6.496
6.535
6.573
6.612
6.651
6.69
6.73
6.768
6.807
6.846
6.894
6.934
6.973
7.012
7.051
7.09
7.129
7.168
7.206
7.245
7.284
7.323
7.362
7.401
7.44
7.478
7.517
7.555
7.594
7.635
7.674
7.713
7.752
7.792
7.831
7.869
7.91
7.95
7.992
8.031
8.069
9.265
9.275
9.286
9.297
9.308
9.318
9.329
9.34
9.351
9.364
9.403
9.442
9.48
9.519
9.558
9.597
9.637
9.676
9.715
9.754
9.792
9.831
9.87
9.908
9.946
9.986
10.027
10.066
10.105
10.143
10.182
10.22
10.259
10.298
10.336
10.374
10.414
10.453
10.493
