0
0
0
0
0
0
0
0
0
0
-1.11546
-1.20352
-1.32094
-1.409
-1.52642
-1.64384
-1.61448
-1.84931
-1.61448
-1.7319
-1.79061
-1.96673
-2.02544
-2.02544
-2.02544
-2.02544
-2.02544
-2.02544
-2.02544
-2.02544
-2.02544
-2.02544
-2.02544
-2.02544
-2.02544
-2.02544
-2.02544
-2.02544
-2.02544
-2.02544
-2.02544
-2.02544
-2.02544
-2.02544
-2.02544
-2.02544
-2.02544
-2.02544
-2.02544
-2.02544
-2.02544
-2.02544
-2.02544
-2.02544
-2.02544
-2.02544
-2.02544
-2.02544
-2.02544
-2.02544
-2.02544
-2.02544
-2.02544
-2.02544
-2.02544
-2.02544
-2.02544
-2.02544
-2.02544
-2.02544
-2.02544
-2.02544
-2.02544
-2.02544
-2.02544
-2.02544
-2.02544
-2.02544
-2.02544
-2.02544
-2.02544
-2.02544
-2.02544
-2.02544
-2.02544
-2.02544
-2.02544
-2.02544
-2.02544
-2.02544
-2.02544
-2.02544
-2.02544
0
0
0
0
0
-0.90998
-0.792563
-0.704501
-0.587084
-0.469667
-0.410959
-0.234834
-0.0293542
0
0
0
0
0
0
0
0
0
0
0
0
0
0
0
0
0
0
0
0
0
0
0
0
0
0
0
0
0
0
0
0
0
0
0
0
0
0
0
0
0
0
0
-1.11546
-1.20352
0
0
0
0
0
0
0
0
0
-1.17417
-1.26223
-1.37965
-1.46771
-1.55577
-1.55577
-1.55577
-1.55577
-1.61448
-1.79061
0
0
0
0
0
0
0
0
-0.851272
-0.763209
-0.645792
-0.55773
-0.440313
-0.35225
-0.264188
0
0
0
0
0
0
0
0
-0.851272
-0.763209
-0.645792
-0.55773
-0.469667
-0.35225
-0.146771
-0.146771
-0.0587084
0
0
0
0
0
0
0
0
0
0
0
0
0
0
-1.17417
-1.26223
-1.37965
-1.46771
-1.55577
-1.67319
0
0
0
0
0
0
0
0
-0.851272
-0.763209
0
0
0
0
0
0
0
0
-0.851272
-0.763209
-0.645792
-0.55773
-0.469667
-0.234834
-0.264188
-0.146771
-0.0587084
0
0
0
0
0
0
0
0
0
-0.851272
-0.763209
-0.645792
-0.55773
-0.440313
-0.35225
-0.264188
-0.146771
-0.0587084
0
0
0
0
0
0
0
0
0
0
0
0
0
0
0
0
0
0
0
0
0
0
-1.17417
-1.26223
-1.37965
-1.46771
0
0
0
0
0
0
0
0
-1.17417
-1.26223
-1.37965
-1.46771
-1.55577
-1.67319
-1.55577
-1.55577
-1.55577
-1.55577
-1.55577
-1.55577
-1.76125
0
0
0
0
0
0
0
0
-0.851272
-0.763209
-0.645792
-0.55773
-0.440313
-0.35225
-0.264188
-0.146771
0
0
0
0
0
0
0
0
-0.851272
-0.763209
-0.645792
-0.55773
-0.469667
-0.35225
-0.264188
-0.146771
0
0
0
0
0
0
0
0
-1.17417
-1.26223
-1.37965
-1.46771
-1.55577
-1.55577
0
0
0
0
0
0
0
0
-1.17417
-1.26223
-1.37965
-1.46771
-1.55577
0
0
0
0
0
0
0
0
-0.851272
-0.763209
-0.645792
-0.55773
-0.469667
-0.35225
0
0
0
0
0
0
0
0
-0.851272
-0.763209
-0.645792
-0.55773
-0.469667
-0.35225
-0.264188
-0.146771
-0.0587084
0
0
0
0
0
0
0
0
0
0
-0.851272
-0.763209
-0.645792
-0.55773
-0.469667
-0.35225
0
0
0
0
0
0
0
0
-1.17417
-1.26223
-1.37965
-1.46771
-1.55577
-1.67319
-1.55577
-1.55577
0
0
0
0
0
0
0
0
0
0
0
0
-1.17417
-1.26223
-1.37965
0
0
0
0
0
0
0
0
-1.17417
-1.26223
-1.37965
-1.46771
-1.55577
0
0
0
0
0
0
0
0
-0.851272
-0.763209
-0.645792
-0.55773
0
0
0
0
0
0
0
0
-0.851272
-0.763209
-0.645792
-0.55773
0
0
0
0
0
0
0
0
-1.17417
-1.26223
-1.37965
-1.46771
-1.55577
-1.55577
-1.46771
-1.55577
-1.43836
-1.55577
-1.43836
-1.55577
