1.57503 1.51668 0.294424 0.560328 2.43452 1.92528 -0.115653 0.878217 -1.28162 -0.971256 -0.516673 1.4578 1.19361 -0.23015 0.746982 0.06279
1.57503 1.51668 0.294424 0.560328 2.43452 1.92528 -0.115653 0.878217 -1.28162 -0.971256 -0.516673 1.4578 1.19361 -0.23015 0.746982 0.06279
1.57503 1.51668 0.294424 0.560328 2.43452 1.92528 -0.115653 0.878217 -1.28162 -0.971256 -0.516673 1.4578 1.19361 -0.23015 0.746982 0.06279
1.57503 1.51668 0.294424 0.560328 2.43452 1.92528 -0.115653 0.878217 -1.28162 -0.971256 -0.516673 1.4578 1.19361 -0.23015 0.746982 0.06279
1.57503 1.51668 0.294424 0.560328 2.43452 1.92528 -0.115653 0.878217 -1.28162 -0.971256 -0.516673 1.4578 1.19361 -0.23015 0.746982 0.06279
1.57503 1.51668 0.294424 0.560328 2.43452 1.92528 -0.115653 0.878217 -1.28162 -0.971256 -0.516673 1.4578 1.19361 -0.23015 0.746982 0.06279
1.57503 1.51668 0.294424 0.560328 2.43452 1.92528 -0.115653 0.878217 -1.28162 -0.971256 -0.516673 1.4578 1.19361 -0.23015 0.746982 0.06279
1.57503 1.51668 0.294424 0.560328 2.43452 1.92528 -0.115653 0.878217 -1.28162 -0.971256 -0.516673 1.4578 1.19361 -0.23015 0.746982 0.06279
1.57503 1.51668 0.294424 0.560328 2.43452 1.92528 -0.115653 0.878217 -1.28162 -0.971256 -0.516673 1.4578 1.19361 -0.23015 0.746982 0.06279
1.57503 1.51668 0.294424 0.560328 2.43452 1.92528 -0.115653 0.878217 -1.28162 -0.971256 -0.516673 1.4578 1.19361 -0.23015 0.746982 0.06279
1.57503 1.51668 0.294424 0.560328 2.43452 1.92528 -0.115653 0.878217 -1.28162 -0.971256 -0.516673 1.4578 1.19361 -0.23015 0.746982 0.06279
1.57501 1.51668 0.294424 0.560328 2.43452 1.92528 -0.115653 0.878217 -1.28162 -0.971256 -0.516673 1.4578 1.19361 -0.23015 0.746982 0.06279
1.57488 1.51668 0.294424 0.560328 2.43452 1.92528 -0.115653 0.878217 -1.28162 -0.971256 -0.516673 1.4578 1.19361 -0.23015 0.746982 0.06279
1.57464 1.51668 0.294424 0.560328 2.43452 1.92528 -0.115653 0.878217 -1.28162 -0.971256 -0.516673 1.4578 1.19361 -0.23015 0.746982 0.06279
1.57405 1.51668 0.294424 0.560328 2.43452 1.92528 -0.115653 0.878217 -1.28162 -0.971256 -0.516673 1.4578 1.19361 -0.23015 0.746982 0.06279
1.5733 1.51668 0.294424 0.560328 2.43452 1.92528 -0.115653 0.878217 -1.28162 -0.971256 -0.516673 1.4578 1.19361 -0.23015 0.746982 0.06279
1.57221 1.51668 0.294424 0.560328 2.43452 1.92528 -0.115653 0.878217 -1.28162 -0.971256 -0.516673 1.4578 1.19361 -0.23015 0.746982 0.06279
1.57095 1.51668 0.294424 0.560328 2.43452 1.92528 -0.115653 0.878217 -1.28162 -0.971256 -0.516673 1.4578 1.19361 -0.23015 0.746982 0.06279
1.56935 1.51668 0.294424 0.560328 2.43452 1.92528 -0.115653 0.878217 -1.28162 -0.971256 -0.516673 1.4578 1.19361 -0.23015 0.746982 0.06279
1.56808 1.51668 0.294424 0.560328 2.43452 1.92528 -0.115653 0.878217 -1.28162 -0.971256 -0.516673 1.4578 1.19361 -0.23015 0.746982 0.06279
1.56551 1.51668 0.294424 0.560328 2.43452 1.92528 -0.115653 0.878217 -1.28162 -0.971256 -0.516673 1.4578 1.19361 -0.23015 0.746982 0.06279
1.56249 1.51668 0.294424 0.560328 2.43452 1.92528 -0.115653 0.878217 -1.28162 -0.971256 -0.516673 1.4578 1.19361 -0.23015 0.746982 0.06279
1.55811 1.51668 0.294424 0.560328 2.43452 1.92528 -0.115653 0.878217 -1.28162 -0.971256 -0.516673 1.4578 1.19361 -0.23015 0.746982 0.06279
1.5537 1.51668 0.294424 0.560328 2.43452 1.92528 -0.115653 0.878217 -1.28162 -0.971256 -0.516673 1.4578 1.19361 -0.23015 0.746982 0.06279
1.54923 1.51668 0.294424 0.560328 2.43452 1.92528 -0.115653 0.878217 -1.28162 -0.971256 -0.516673 1.4578 1.19361 -0.23015 0.746982 0.06279
1.54473 1.51668 0.294424 0.560328 2.43452 1.92528 -0.115653 0.878217 -1.28162 -0.971256 -0.516673 1.4578 1.19361 -0.23015 0.746982 0.06279
1.54022 1.51668 0.294424 0.560328 2.43452 1.92528 -0.115653 0.878217 -1.28162 -0.971256 -0.516673 1.4578 1.19361 -0.23015 0.746982 0.06279
1.53575 1.51668 0.294424 0.560328 2.43452 1.92528 -0.115653 0.878217 -1.28162 -0.971256 -0.516673 1.4578 1.19361 -0.23015 0.746982 0.06279
1.5312 1.51668 0.294424 0.560328 2.43452 1.92528 -0.115653 0.878217 -1.28162 -0.971256 -0.516673 1.4578 1.19361 -0.23015 0.746982 0.06279
1.52664 1.51668 0.294424 0.560328 2.43452 1.92528 -0.115653 0.878217 -1.28162 -0.971256 -0.516673 1.4578 1.19361 -0.23015 0.746982 0.06279
1.52221 1.51668 0.294424 0.560328 2.43452 1.92528 -0.115653 0.878217 -1.28162 -0.971256 -0.516673 1.4578 1.19361 -0.23015 0.746982 0.06279
1.51765 1.51668 0.294424 0.560328 2.43452 1.92528 -0.115653 0.878217 -1.28162 -0.971256 -0.516673 1.4578 1.19361 -0.23015 0.746982 0.06279
1.51306 1.51668 0.294424 0.560328 2.43452 1.92528 -0.115653 0.878217 -1.28162 -0.971256 -0.516673 1.4578 1.19361 -0.23015 0.746982 0.06279
1.50851 1.51668 0.294424 0.560328 2.43452 1.92528 -0.115653 0.878217 -1.28162 -0.971256 -0.516673 1.4578 1.19361 -0.23015 0.746982 0.06279
1.50398 1.51668 0.294424 0.560328 2.43452 1.92528 -0.115653 0.878217 -1.28162 -0.971256 -0.516673 1.4578 1.19361 -0.23015 0.746982 0.06279
1.4994 1.51668 0.294424 0.560328 2.43452 1.92528 -0.115653 0.878217 -1.28162 -0.971256 -0.516673 1.4578 1.19361 -0.23015 0.746982 0.06279
1.4948 1.51668 0.294424 0.560328 2.43452 1.92528 -0.115653 0.878217 -1.28162 -0.971256 -0.516673 1.4578 1.19361 -0.23015 0.746982 0.06279
1.49014 1.51668 0.294424 0.560328 2.43452 1.92528 -0.115653 0.878217 -1.28162 -0.971256 -0.516673 1.4578 1.19361 -0.23015 0.746982 0.06279
1.48551 1.51668 0.294424 0.560328 2.43452 1.92528 -0.115653 0.878217 -1.28162 -0.971256 -0.516673 1.4578 1.19361 -0.23015 0.746982 0.06279
1.48087 1.51668 0.294424 0.560328 2.43452 1.92528 -0.115653 0.878217 -1.28162 -0.971256 -0.516673 1.4578 1.19361 -0.23015 0.746982 0.06279
1.47612 1.51668 0.294424 0.560328 2.43452 1.92528 -0.115653 0.878217 -1.28162 -0.971256 -0.516673 1.4578 1.19361 -0.23015 0.746982 0.06279
1.47132 1.51668 0.294424 0.560328 2.43452 1.92528 -0.115653 0.878217 -1.28162 -0.971256 -0.516673 1.4578 1.19361 -0.23015 0.746982 0.06279
1.46659 1.51668 0.294424 0.560328 2.43452 1.92528 -0.115653 0.878217 -1.28162 -0.971256 -0.516673 1.4578 1.19361 -0.23015 0.746982 0.06279
1.46184 1.51668 0.294424 0.560328 2.43452 1.92528 -0.115653 0.878217 -1.28162 -0.971256 -0.516673 1.4578 1.19361 -0.23015 0.746982 0.06279
1.457 1.51668 0.294424 0.560328 2.43452 1.92528 -0.115653 0.878217 -1.28162 -0.971256 -0.516673 1.4578 1.19361 -0.23015 0.746982 0.06279
1.45214 1.51668 0.294424 0.560328 2.43452 1.92528 -0.115653 0.878217 -1.28162 -0.971256 -0.516673 1.4578 1.19361 -0.23015 0.746982 0.06279
1.44727 1.51668 0.294424 0.560328 2.43452 1.92528 -0.115653 0.878217 -1.28162 -0.971256 -0.516673 1.4578 1.19361 -0.23015 0.746982 0.06279
1.44247 1.51668 0.294424 0.560328 2.43452 1.92528 -0.115653 0.878217 -1.28162 -0.971256 -0.516673 1.4578 1.19361 -0.23015 0.746982 0.06279
1.43768 1.51668 0.294424 0.560328 2.43452 1.92528 -0.115653 0.878217 -1.28162 -0.971256 -0.516673 1.4578 1.19361 -0.23015 0.746982 0.06279
1.43278 1.51668 0.294424 0.560328 2.43452 1.92528 -0.115653 0.878217 -1.28162 -0.971256 -0.516673 1.4578 1.19361 -0.23015 0.746982 0.06279
1.42774 1.51668 0.294424 0.560328 2.43452 1.92528 -0.115653 0.878217 -1.28162 -0.971256 -0.516673 1.4578 1.19361 -0.23015 0.746982 0.06279
1.42294 1.51668 0.294424 0.560328 2.43452 1.92528 -0.115653 0.878217 -1.28162 -0.971256 -0.516673 1.4578 1.19361 -0.23015 0.746982 0.06279
1.41809 1.51668 0.294424 0.560328 2.43452 1.92528 -0.115653 0.878217 -1.28162 -0.971256 -0.516673 1.4578 1.19361 -0.23015 0.746982 0.06279
1.41317 1.51668 0.294424 0.560328 2.43452 1.92528 -0.115653 0.878217 -1.28162 -0.971256 -0.516673 1.4578 1.19361 -0.23015 0.746982 0.06279
1.40822 1.51668 0.294424 0.560328 2.43452 1.92528 -0.115653 0.878217 -1.28162 -0.971256 -0.516673 1.4578 1.19361 -0.23015 0.746982 0.06279
1.40326 1.51668 0.294424 0.560328 2.43452 1.92528 -0.115653 0.878217 -1.28162 -0.971256 -0.516673 1.4578 1.19361 -0.23015 0.746982 0.06279
1.39832 1.51668 0.294424 0.560328 2.43452 1.92528 -0.115653 0.878217 -1.28162 -0.971256 -0.516673 1.4578 1.19361 -0.23015 0.746982 0.06279
1.39329 1.51668 0.294424 0.560328 2.43452 1.92528 -0.115653 0.878217 -1.28162 -0.971256 -0.516673 1.4578 1.19361 -0.23015 0.746982 0.06279
1.38827 1.51668 0.294424 0.560328 2.43452 1.92528 -0.115653 0.878217 -1.28162 -0.971256 -0.516673 1.4578 1.19361 -0.23015 0.746982 0.06279
1.38318 1.51668 0.294424 0.560328 2.43452 1.92528 -0.115653 0.878217 -1.28162 -0.971256 -0.516673 1.4578 1.19361 -0.23015 0.746982 0.06279
1.37809 1.51668 0.294424 0.560328 2.43452 1.92528 -0.115653 0.878217 -1.28162 -0.971256 -0.516673 1.4578 1.19361 -0.23015 0.746982 0.06279
1.37303 1.51668 0.294424 0.560328 2.43452 1.92528 -0.115653 0.878217 -1.28162 -0.971256 -0.516673 1.4578 1.19361 -0.23015 0.746982 0.06279
1.36792 1.51668 0.294424 0.560328 2.43452 1.92528 -0.115653 0.878217 -1.28162 -0.971256 -0.516673 1.4578 1.19361 -0.23015 0.746982 0.06279
1.36286 1.51668 0.294424 0.560328 2.43452 1.92528 -0.115653 0.878217 -1.28162 -0.971256 -0.516673 1.4578 1.19361 -0.23015 0.746982 0.06279
1.35773 1.51668 0.294424 0.560328 2.43452 1.92528 -0.115653 0.878217 -1.28162 -0.971256 -0.516673 1.4578 1.19361 -0.23015 0.746982 0.06279
1.35264 1.51668 0.294424 0.560328 2.43452 1.92528 -0.115653 0.878217 -1.28162 -0.971256 -0.516673 1.4578 1.19361 -0.23015 0.746982 0.06279
1.34744 1.51668 0.294424 0.560328 2.43452 1.92528 -0.115653 0.878217 -1.28162 -0.971256 -0.516673 1.4578 1.19361 -0.23015 0.746982 0.06279
1.3422 1.51668 0.294424 0.560328 2.43452 1.92528 -0.115653 0.878217 -1.28162 -0.971256 -0.516673 1.4578 1.19361 -0.23015 0.746982 0.06279
1.33686 1.51668 0.294424 0.560328 2.43452 1.92528 -0.115653 0.878217 -1.28162 -0.971256 -0.516673 1.4578 1.19361 -0.23015 0.746982 0.06279
1.33156 1.51668 0.294424 0.560328 2.43452 1.92528 -0.115653 0.878217 -1.28162 -0.971256 -0.516673 1.4578 1.19361 -0.23015 0.746982 0.06279
1.32629 1.51668 0.294424 0.560328 2.43452 1.92528 -0.115653 0.878217 -1.28162 -0.971256 -0.516673 1.4578 1.19361 -0.23015 0.746982 0.06279
1.32105 1.51668 0.294424 0.560328 2.43452 1.92528 -0.115653 0.878217 -1.28162 -0.971256 -0.516673 1.4578 1.19361 -0.23015 0.746982 0.06279
1.31572 1.51668 0.294424 0.560328 2.43452 1.92528 -0.115653 0.878217 -1.28162 -0.971256 -0.516673 1.4578 1.19361 -0.23015 0.746982 0.06279
1.31042 1.51668 0.294424 0.560328 2.43452 1.92528 -0.115653 0.878217 -1.28162 -0.971256 -0.516673 1.4578 1.19361 -0.23015 0.746982 0.06279
1.30509 1.51668 0.294424 0.560328 2.43452 1.92528 -0.115653 0.878217 -1.28162 -0.971256 -0.516673 1.4578 1.19361 -0.23015 0.746982 0.06279
1.2998 1.51668 0.294424 0.560328 2.43452 1.92528 -0.115653 0.878217 -1.28162 -0.971256 -0.516673 1.4578 1.19361 -0.23015 0.746982 0.06279
1.29444 1.51668 0.294424 0.560328 2.43452 1.92528 -0.115653 0.878217 -1.28162 -0.971256 -0.516673 1.4578 1.19361 -0.23015 0.746982 0.06279
1.28902 1.51668 0.294424 0.560328 2.43452 1.92528 -0.115653 0.878217 -1.28162 -0.971256 -0.516673 1.4578 1.19361 -0.23015 0.746982 0.06279
1.28363 1.51668 0.294424 0.560328 2.43452 1.92528 -0.115653 0.878217 -1.28162 -0.971256 -0.516673 1.4578 1.19361 -0.23015 0.746982 0.06279
1.27826 1.51668 0.294424 0.560328 2.43452 1.92528 -0.115653 0.878217 -1.28162 -0.971256 -0.516673 1.4578 1.19361 -0.23015 0.746982 0.06279
1.27282 1.51668 0.294424 0.560328 2.43452 1.92528 -0.115653 0.878217 -1.28162 -0.971256 -0.516673 1.4578 1.19361 -0.23015 0.746982 0.06279
1.26738 1.51668 0.294424 0.560328 2.43452 1.92528 -0.115653 0.878217 -1.28162 -0.971256 -0.516673 1.4578 1.19361 -0.23015 0.746982 0.06279
1.26191 1.51668 0.294424 0.560328 2.43452 1.92528 -0.115653 0.878217 -1.28162 -0.971256 -0.516673 1.4578 1.19361 -0.23015 0.746982 0.06279
1.25642 1.51668 0.294424 0.560328 2.43452 1.92528 -0.115653 0.878217 -1.28162 -0.971256 -0.516673 1.4578 1.19361 -0.23015 0.746982 0.06279
1.25087 1.51668 0.294424 0.560328 2.43452 1.92528 -0.115653 0.878217 -1.28162 -0.971256 -0.516673 1.4578 1.19361 -0.23015 0.746982 0.06279
1.2453 1.51668 0.294424 0.560328 2.43452 1.92528 -0.115653 0.878217 -1.28162 -0.971256 -0.516673 1.4578 1.19361 -0.23015 0.746982 0.06279
1.23977 1.51668 0.294424 0.560328 2.43452 1.92528 -0.115653 0.878217 -1.28162 -0.971256 -0.516673 1.4578 1.19361 -0.23015 0.746982 0.06279
1.23407 1.51668 0.294424 0.560328 2.43452 1.92528 -0.115653 0.878217 -1.28162 -0.971256 -0.516673 1.4578 1.19361 -0.23015 0.746982 0.06279
1.22847 1.51668 0.294424 0.560328 2.43452 1.92528 -0.115653 0.878217 -1.28162 -0.971256 -0.516673 1.4578 1.19361 -0.23015 0.746982 0.06279
1.22288 1.51668 0.294424 0.560328 2.43452 1.92528 -0.115653 0.878217 -1.28162 -0.971256 -0.516673 1.4578 1.19361 -0.23015 0.746982 0.06279
1.21723 1.51668 0.294424 0.560328 2.43452 1.92528 -0.115653 0.878217 -1.28162 -0.971256 -0.516673 1.4578 1.19361 -0.23015 0.746982 0.06279
1.2116 1.51668 0.294424 0.560328 2.43452 1.92528 -0.115653 0.878217 -1.28162 -0.971256 -0.516673 1.4578 1.19361 -0.23015 0.746982 0.06279
1.2059 1.51668 0.294424 0.560328 2.43452 1.92528 -0.115653 0.878217 -1.28162 -0.971256 -0.516673 1.4578 1.19361 -0.23015 0.746982 0.06279
1.19046 1.51668 0.294424 0.560328 2.43452 1.92528 -0.115653 0.878217 -1.28162 -0.971256 -0.516673 1.4578 1.19361 -0.23015 0.746982 0.06279
1.19046 1.51668 0.294424 0.560328 2.43452 1.92528 -0.115653 0.878217 -1.28162 -0.971256 -0.516673 1.4578 1.19361 -0.23015 0.746982 0.06279
1.19046 1.51668 0.294424 0.560328 2.43452 1.92528 -0.115653 0.878217 -1.28162 -0.971256 -0.516673 1.4578 1.19361 -0.23015 0.746982 0.06279
1.19046 1.51668 0.294424 0.560328 2.43452 1.92528 -0.115653 0.878217 -1.28162 -0.971256 -0.516673 1.4578 1.19361 -0.23015 0.746982 0.06279
1.19046 1.51668 0.294424 0.560328 2.43452 1.92528 -0.115653 0.878217 -1.28162 -0.971256 -0.516673 1.4578 1.19361 -0.23015 0.746982 0.06279
1.19046 1.51668 0.294424 0.560328 2.43452 1.92528 -0.115653 0.878217 -1.28162 -0.971256 -0.516673 1.4578 1.19361 -0.23015 0.746982 0.06279
1.19043 1.51668 0.294424 0.560328 2.43452 1.92528 -0.115653 0.878217 -1.28162 -0.971256 -0.516673 1.4578 1.19361 -0.23015 0.746982 0.06279
1.19041 1.51668 0.294424 0.560328 2.43452 1.92528 -0.115653 0.878217 -1.28162 -0.971256 -0.516673 1.4578 1.19361 -0.23015 0.746982 0.06279
1.19041 1.51668 0.294424 0.560328 2.43452 1.92528 -0.115653 0.878217 -1.28162 -0.971256 -0.516673 1.4578 1.19361 -0.23015 0.746982 0.06279
1.19041 1.51668 0.294424 0.560328 2.43452 1.92528 -0.115653 0.878217 -1.28162 -0.971256 -0.516673 1.4578 1.19361 -0.23015 0.746982 0.06279
1.1904 1.51668 0.294424 0.560328 2.43452 1.92528 -0.115653 0.878217 -1.28162 -0.971256 -0.516673 1.4578 1.19361 -0.23015 0.746982 0.06279
1.19038 1.51668 0.294424 0.560328 2.43452 1.92528 -0.115653 0.878217 -1.28162 -0.971256 -0.516673 1.4578 1.19361 -0.23015 0.746982 0.06279
1.19036 1.51668 0.294424 0.560328 2.43452 1.92528 -0.115653 0.878217 -1.28162 -0.971256 -0.516673 1.4578 1.19361 -0.23015 0.746982 0.06279
1.19036 1.51668 0.294424 0.560328 2.43452 1.92528 -0.115653 0.878217 -1.28162 -0.971256 -0.516673 1.4578 1.19361 -0.23015 0.746982 0.06279
1.19057 1.51668 0.294424 0.560328 2.43452 1.92528 -0.115653 0.878217 -1.28162 -0.971256 -0.516673 1.4578 1.19361 -0.23015 0.746982 0.06279
1.19063 1.51668 0.294424 0.560328 2.43452 1.92528 -0.115653 0.878217 -1.28162 -0.971256 -0.516673 1.4578 1.19361 -0.23015 0.746982 0.06279
1.19085 1.51668 0.294424 0.560328 2.43452 1.92528 -0.115653 0.878217 -1.28162 -0.971256 -0.516673 1.4578 1.19361 -0.23015 0.746982 0.06279
1.1913 1.51668 0.294424 0.560328 2.43452 1.92528 -0.115653 0.878217 -1.28162 -0.971256 -0.516673 1.4578 1.19361 -0.23015 0.746982 0.06279
1.19191 1.51668 0.294424 0.560328 2.43452 1.92528 -0.115653 0.878217 -1.28162 -0.971256 -0.516673 1.4578 1.19361 -0.23015 0.746982 0.06279
1.1924 1.51668 0.294424 0.560328 2.43452 1.92528 -0.115653 0.878217 -1.28162 -0.971256 -0.516673 1.4578 1.19361 -0.23015 0.746982 0.06279
1.19259 1.51668 0.294424 0.560328 2.43452 1.92528 -0.115653 0.878217 -1.28162 -0.971256 -0.516673 1.4578 1.19361 -0.23015 0.746982 0.06279
1.1926 1.51668 0.294424 0.560328 2.43452 1.92528 -0.115653 0.878217 -1.28162 -0.971256 -0.516673 1.4578 1.19361 -0.23015 0.746982 0.06279
1.1926 1.51668 0.294424 0.560328 2.43452 1.92528 -0.115653 0.878217 -1.28162 -0.971256 -0.516673 1.4578 1.19361 -0.23015 0.746982 0.06279
1.1926 1.51668 0.294424 0.560328 2.43452 1.92528 -0.115653 0.878217 -1.28162 -0.971256 -0.516673 1.4578 1.19361 -0.23015 0.746982 0.06279
1.1926 1.51668 0.294424 0.560328 2.43452 1.92528 -0.115653 0.878217 -1.28162 -0.971256 -0.516673 1.4578 1.19361 -0.23015 0.746982 0.06279
1.19261 1.51668 0.294424 0.560328 2.43452 1.92528 -0.115653 0.878217 -1.28162 -0.971256 -0.516673 1.4578 1.19361 -0.23015 0.746982 0.06279
1.19261 1.51668 0.294424 0.560328 2.43452 1.92528 -0.115653 0.878217 -1.28162 -0.971256 -0.516673 1.4578 1.19361 -0.23015 0.746982 0.06279
1.19262 1.51668 0.294424 0.560328 2.43452 1.92528 -0.115653 0.878217 -1.28162 -0.971256 -0.516673 1.4578 1.19361 -0.23015 0.746982 0.06279
1.19262 1.51668 0.294424 0.560328 2.43452 1.92528 -0.115653 0.878217 -1.28162 -0.971256 -0.516673 1.4578 1.19361 -0.23015 0.746982 0.06279
1.19263 1.51668 0.294424 0.560328 2.43452 1.92528 -0.115653 0.878217 -1.28162 -0.971256 -0.516673 1.4578 1.19361 -0.23015 0.746982 0.06279
1.19263 1.51668 0.294424 0.560328 2.43452 1.92528 -0.115653 0.878217 -1.28162 -0.971256 -0.516673 1.4578 1.19361 -0.23015 0.746982 0.06279
1.19263 1.51668 0.294424 0.560328 2.43452 1.92528 -0.115653 0.878217 -1.28162 -0.971256 -0.516673 1.4578 1.19361 -0.23015 0.746982 0.06279
1.19263 1.51668 0.294424 0.560328 2.43452 1.92528 -0.115653 0.878217 -1.28162 -0.971256 -0.516673 1.4578 1.19361 -0.23015 0.746982 0.06279
1.19263 1.51668 0.294424 0.560328 2.43452 1.92528 -0.115653 0.878217 -1.28162 -0.971256 -0.516673 1.4578 1.19361 -0.23015 0.746982 0.06279
1.19264 1.51668 0.294424 0.560328 2.43452 1.92528 -0.115653 0.878217 -1.28162 -0.971256 -0.516673 1.4578 1.19361 -0.23015 0.746982 0.06279
1.19264 1.51668 0.294424 0.560328 2.43452 1.92528 -0.115653 0.878217 -1.28162 -0.971256 -0.516673 1.4578 1.19361 -0.23015 0.746982 0.06279
1.19264 1.51668 0.294424 0.560328 2.43452 1.92528 -0.115653 0.878217 -1.28162 -0.971256 -0.516673 1.4578 1.19361 -0.23015 0.746982 0.06279
1.19264 1.51668 0.294424 0.560328 2.43452 1.92528 -0.115653 0.878217 -1.28162 -0.971256 -0.516673 1.4578 1.19361 -0.23015 0.746982 0.06279
1.19265 1.51668 0.294424 0.560328 2.43452 1.92528 -0.115653 0.878217 -1.28162 -0.971256 -0.516673 1.4578 1.19361 -0.23015 0.746982 0.06279
1.19265 1.51668 0.294424 0.560328 2.43452 1.92528 -0.115653 0.878217 -1.28162 -0.971256 -0.516673 1.4578 1.19361 -0.23015 0.746982 0.06279
1.19265 1.51668 0.294424 0.560328 2.43452 1.92528 -0.115653 0.878217 -1.28162 -0.971256 -0.516673 1.4578 1.19361 -0.23015 0.746982 0.06279
1.19265 1.51668 0.294424 0.560328 2.43452 1.92528 -0.115653 0.878217 -1.28162 -0.971256 -0.516673 1.4578 1.19361 -0.23015 0.746982 0.06279
1.19265 1.51668 0.294424 0.560328 2.43452 1.92528 -0.115653 0.878217 -1.28162 -0.971256 -0.516673 1.4578 1.19361 -0.23015 0.746982 0.06279
1.19265 1.51668 0.294424 0.560328 2.43452 1.92528 -0.115653 0.878217 -1.28162 -0.971256 -0.516673 1.4578 1.19361 -0.23015 0.746982 0.06279
1.19265 1.51668 0.294424 0.560328 2.43452 1.92528 -0.115653 0.878217 -1.28162 -0.971256 -0.516673 1.4578 1.19361 -0.23015 0.746982 0.06279
1.19265 1.51668 0.294424 0.560328 2.43452 1.92528 -0.115653 0.878217 -1.28162 -0.971256 -0.516673 1.4578 1.19361 -0.23015 0.746982 0.06279
1.19266 1.51668 0.294424 0.560328 2.43452 1.92528 -0.115653 0.878217 -1.28162 -0.971256 -0.516673 1.4578 1.19361 -0.23015 0.746982 0.06279
