31.453
31.464
31.474
31.485
31.495
31.505
31.516
31.526
31.537
31.548
31.568
31.589
31.61
31.63
31.651
31.671
31.693
31.713
31.733
31.754
31.792
31.832
31.873
31.912
31.951
31.989
32.028
32.066
32.105
32.144
32.182
32.222
32.26
32.299
32.337
32.376
32.414
32.452
32.491
32.529
32.568
32.608
32.647
32.686
32.726
32.765
32.804
32.842
32.881
32.92
32.959
32.998
33.036
33.075
33.114
33.152
33.191
33.23
33.269
33.308
33.347
33.386
33.424
33.463
33.501
33.54
33.579
33.618
33.658
33.698
33.737
33.776
33.814
33.853
33.892
33.931
33.969
34.008
34.047
34.085
34.124
34.163
34.201
34.24
34.279
34.318
34.357
34.396
34.435
34.473
34.512
34.55
34.589
34.983
34.993
35.004
35.015
35.026
35.036
35.047
35.058
35.069
35.082
35.121
35.16
35.2
35.245
35.285
35.324
35.362
35.401
35.439
35.477
35.517
35.555
35.594
35.633
35.671
35.709
35.748
35.787
35.825
35.863
35.903
35.941
35.98
36.018
36.057
36.097
36.136
36.175
36.214
36.253
36.292
36.33
36.368
36.407
36.445
36.484
36.522
