2.60712 -1.53824 2.11921 -1.19987 1.06315 -0.944763 1.08351 -1.92532 -1.57817 2.19457 -2.03235 0.349884 -0.223693 0.00582788 -1.39206 -2.93753
2.60602 -1.53824 2.11921 -1.19987 1.06315 -0.944763 1.08351 -1.92532 -1.57817 2.19457 -2.03235 0.349884 -0.223693 0.00582788 -1.39206 -2.93753
2.60486 -1.53824 2.11921 -1.19987 1.06315 -0.944763 1.08351 -1.92532 -1.57817 2.19457 -2.03235 0.349884 -0.223693 0.00582788 -1.39206 -2.93753
2.60364 -1.53824 2.11921 -1.19987 1.06315 -0.944763 1.08351 -1.92532 -1.57817 2.19457 -2.03235 0.349884 -0.223693 0.00582788 -1.39206 -2.93753
2.60236 -1.53824 2.11921 -1.19987 1.06315 -0.944763 1.08351 -1.92532 -1.57817 2.19457 -2.03235 0.349884 -0.223693 0.00582788 -1.39206 -2.93753
2.60107 -1.53824 2.11921 -1.19987 1.06315 -0.944763 1.08351 -1.92532 -1.57817 2.19457 -2.03235 0.349884 -0.223693 0.00582788 -1.39206 -2.93753
2.59943 -1.53824 2.11921 -1.19987 1.06315 -0.944763 1.08351 -1.92532 -1.57817 2.19457 -2.03235 0.349884 -0.223693 0.00582788 -1.39206 -2.93753
2.59786 -1.53824 2.11921 -1.19987 1.06315 -0.944763 1.08351 -1.92532 -1.57817 2.19457 -2.03235 0.349884 -0.223693 0.00582788 -1.39206 -2.93753
2.59602 -1.53824 2.11921 -1.19987 1.06315 -0.944763 1.08351 -1.92532 -1.57817 2.19457 -2.03235 0.349884 -0.223693 0.00582788 -1.39206 -2.93753
2.59411 -1.53824 2.11921 -1.19987 1.06315 -0.944763 1.08351 -1.92532 -1.57817 2.19457 -2.03235 0.349884 -0.223693 0.00582788 -1.39206 -2.93753
2.59217 -1.53824 2.11921 -1.19987 1.06315 -0.944763 1.08351 -1.92532 -1.57817 2.19457 -2.03235 0.349884 -0.223693 0.00582788 -1.39206 -2.93753
2.59017 -1.53824 2.11921 -1.19987 1.06315 -0.944763 1.08351 -1.92532 -1.57817 2.19457 -2.03235 0.349884 -0.223693 0.00582788 -1.39206 -2.93753
2.58808 -1.53824 2.11921 -1.19987 1.06315 -0.944763 1.08351 -1.92532 -1.57817 2.19457 -2.03235 0.349884 -0.223693 0.00582788 -1.39206 -2.93753
2.58596 -1.53824 2.11921 -1.19987 1.06315 -0.944763 1.08351 -1.92532 -1.57817 2.19457 -2.03235 0.349884 -0.223693 0.00582788 -1.39206 -2.93753
2.58382 -1.53824 2.11921 -1.19987 1.06315 -0.944763 1.08351 -1.92532 -1.57817 2.19457 -2.03235 0.349884 -0.223693 0.00582788 -1.39206 -2.93753
2.58167 -1.53824 2.11921 -1.19987 1.06315 -0.944763 1.08351 -1.92532 -1.57817 2.19457 -2.03235 0.349884 -0.223693 0.00582788 -1.39206 -2.93753
2.57948 -1.53824 2.11921 -1.19987 1.06315 -0.944763 1.08351 -1.92532 -1.57817 2.19457 -2.03235 0.349884 -0.223693 0.00582788 -1.39206 -2.93753
2.5773 -1.53824 2.11921 -1.19987 1.06315 -0.944763 1.08351 -1.92532 -1.57817 2.19457 -2.03235 0.349884 -0.223693 0.00582788 -1.39206 -2.93753
2.57511 -1.53824 2.11921 -1.19987 1.06315 -0.944763 1.08351 -1.92532 -1.57817 2.19457 -2.03235 0.349884 -0.223693 0.00582788 -1.39206 -2.93753
2.57288 -1.53824 2.11921 -1.19987 1.06315 -0.944763 1.08351 -1.92532 -1.57817 2.19457 -2.03235 0.349884 -0.223693 0.00582788 -1.39206 -2.93753
2.56863 -1.53824 2.11921 -1.19987 1.06315 -0.944763 1.08351 -1.92532 -1.57817 2.19457 -2.03235 0.349884 -0.223693 0.00582788 -1.39206 -2.93753
2.56418 -1.53824 2.11921 -1.19987 1.06315 -0.944763 1.08351 -1.92532 -1.57817 2.19457 -2.03235 0.349884 -0.223693 0.00582788 -1.39206 -2.93753
2.55968 -1.53824 2.11921 -1.19987 1.06315 -0.944763 1.08351 -1.92532 -1.57817 2.19457 -2.03235 0.349884 -0.223693 0.00582788 -1.39206 -2.93753
2.55498 -1.53824 2.11921 -1.19987 1.06315 -0.944763 1.08351 -1.92532 -1.57817 2.19457 -2.03235 0.349884 -0.223693 0.00582788 -1.39206 -2.93753
2.55044 -1.53824 2.11921 -1.19987 1.06315 -0.944763 1.08351 -1.92532 -1.57817 2.19457 -2.03235 0.349884 -0.223693 0.00582788 -1.39206 -2.93753
2.54602 -1.53824 2.11921 -1.19987 1.06315 -0.944763 1.08351 -1.92532 -1.57817 2.19457 -2.03235 0.349884 -0.223693 0.00582788 -1.39206 -2.93753
2.54174 -1.53824 2.11921 -1.19987 1.06315 -0.944763 1.08351 -1.92532 -1.57817 2.19457 -2.03235 0.349884 -0.223693 0.00582788 -1.39206 -2.93753
2.5376 -1.53824 2.11921 -1.19987 1.06315 -0.944763 1.08351 -1.92532 -1.57817 2.19457 -2.03235 0.349884 -0.223693 0.00582788 -1.39206 -2.93753
2.53334 -1.53824 2.11921 -1.19987 1.06315 -0.944763 1.08351 -1.92532 -1.57817 2.19457 -2.03235 0.349884 -0.223693 0.00582788 -1.39206 -2.93753
2.52905 -1.53824 2.11921 -1.19987 1.06315 -0.944763 1.08351 -1.92532 -1.57817 2.19457 -2.03235 0.349884 -0.223693 0.00582788 -1.39206 -2.93753
2.5248 -1.53824 2.11921 -1.19987 1.06315 -0.944763 1.08351 -1.92532 -1.57817 2.19457 -2.03235 0.349884 -0.223693 0.00582788 -1.39206 -2.93753
2.52053 -1.53824 2.11921 -1.19987 1.06315 -0.944763 1.08351 -1.92532 -1.57817 2.19457 -2.03235 0.349884 -0.223693 0.00582788 -1.39206 -2.93753
2.51608 -1.53824 2.11921 -1.19987 1.06315 -0.944763 1.08351 -1.92532 -1.57817 2.19457 -2.03235 0.349884 -0.223693 0.00582788 -1.39206 -2.93753
2.51172 -1.53824 2.11921 -1.19987 1.06315 -0.944763 1.08351 -1.92532 -1.57817 2.19457 -2.03235 0.349884 -0.223693 0.00582788 -1.39206 -2.93753
2.50715 -1.53824 2.11921 -1.19987 1.06315 -0.944763 1.08351 -1.92532 -1.57817 2.19457 -2.03235 0.349884 -0.223693 0.00582788 -1.39206 -2.93753
2.50269 -1.53824 2.11921 -1.19987 1.06315 -0.944763 1.08351 -1.92532 -1.57817 2.19457 -2.03235 0.349884 -0.223693 0.00582788 -1.39206 -2.93753
2.49814 -1.53824 2.11921 -1.19987 1.06315 -0.944763 1.08351 -1.92532 -1.57817 2.19457 -2.03235 0.349884 -0.223693 0.00582788 -1.39206 -2.93753
2.4936 -1.53824 2.11921 -1.19987 1.06315 -0.944763 1.08351 -1.92532 -1.57817 2.19457 -2.03235 0.349884 -0.223693 0.00582788 -1.39206 -2.93753
2.48903 -1.53824 2.11921 -1.19987 1.06315 -0.944763 1.08351 -1.92532 -1.57817 2.19457 -2.03235 0.349884 -0.223693 0.00582788 -1.39206 -2.93753
2.48447 -1.53824 2.11921 -1.19987 1.06315 -0.944763 1.08351 -1.92532 -1.57817 2.19457 -2.03235 0.349884 -0.223693 0.00582788 -1.39206 -2.93753
2.47986 -1.53824 2.11921 -1.19987 1.06315 -0.944763 1.08351 -1.92532 -1.57817 2.19457 -2.03235 0.349884 -0.223693 0.00582788 -1.39206 -2.93753
2.47518 -1.53824 2.11921 -1.19987 1.06315 -0.944763 1.08351 -1.92532 -1.57817 2.19457 -2.03235 0.349884 -0.223693 0.00582788 -1.39206 -2.93753
2.47031 -1.53824 2.11921 -1.19987 1.06315 -0.944763 1.08351 -1.92532 -1.57817 2.19457 -2.03235 0.349884 -0.223693 0.00582788 -1.39206 -2.93753
2.46558 -1.53824 2.11921 -1.19987 1.06315 -0.944763 1.08351 -1.92532 -1.57817 2.19457 -2.03235 0.349884 -0.223693 0.00582788 -1.39206 -2.93753
2.4608 -1.53824 2.11921 -1.19987 1.06315 -0.944763 1.08351 -1.92532 -1.57817 2.19457 -2.03235 0.349884 -0.223693 0.00582788 -1.39206 -2.93753
2.45608 -1.53824 2.11921 -1.19987 1.06315 -0.944763 1.08351 -1.92532 -1.57817 2.19457 -2.03235 0.349884 -0.223693 0.00582788 -1.39206 -2.93753
2.45131 -1.53824 2.11921 -1.19987 1.06315 -0.944763 1.08351 -1.92532 -1.57817 2.19457 -2.03235 0.349884 -0.223693 0.00582788 -1.39206 -2.93753
2.44659 -1.53824 2.11921 -1.19987 1.06315 -0.944763 1.08351 -1.92532 -1.57817 2.19457 -2.03235 0.349884 -0.223693 0.00582788 -1.39206 -2.93753
2.44187 -1.53824 2.11921 -1.19987 1.06315 -0.944763 1.08351 -1.92532 -1.57817 2.19457 -2.03235 0.349884 -0.223693 0.00582788 -1.39206 -2.93753
2.43706 -1.53824 2.11921 -1.19987 1.06315 -0.944763 1.08351 -1.92532 -1.57817 2.19457 -2.03235 0.349884 -0.223693 0.00582788 -1.39206 -2.93753
2.43217 -1.53824 2.11921 -1.19987 1.06315 -0.944763 1.08351 -1.92532 -1.57817 2.19457 -2.03235 0.349884 -0.223693 0.00582788 -1.39206 -2.93753
2.42684 -1.53824 2.11921 -1.19987 1.06315 -0.944763 1.08351 -1.92532 -1.57817 2.19457 -2.03235 0.349884 -0.223693 0.00582788 -1.39206 -2.93753
2.4219 -1.53824 2.11921 -1.19987 1.06315 -0.944763 1.08351 -1.92532 -1.57817 2.19457 -2.03235 0.349884 -0.223693 0.00582788 -1.39206 -2.93753
2.417 -1.53824 2.11921 -1.19987 1.06315 -0.944763 1.08351 -1.92532 -1.57817 2.19457 -2.03235 0.349884 -0.223693 0.00582788 -1.39206 -2.93753
2.412 -1.53824 2.11921 -1.19987 1.06315 -0.944763 1.08351 -1.92532 -1.57817 2.19457 -2.03235 0.349884 -0.223693 0.00582788 -1.39206 -2.93753
2.40693 -1.53824 2.11921 -1.19987 1.06315 -0.944763 1.08351 -1.92532 -1.57817 2.19457 -2.03235 0.349884 -0.223693 0.00582788 -1.39206 -2.93753
2.40197 -1.53824 2.11921 -1.19987 1.06315 -0.944763 1.08351 -1.92532 -1.57817 2.19457 -2.03235 0.349884 -0.223693 0.00582788 -1.39206 -2.93753
2.39696 -1.53824 2.11921 -1.19987 1.06315 -0.944763 1.08351 -1.92532 -1.57817 2.19457 -2.03235 0.349884 -0.223693 0.00582788 -1.39206 -2.93753
2.39196 -1.53824 2.11921 -1.19987 1.06315 -0.944763 1.08351 -1.92532 -1.57817 2.19457 -2.03235 0.349884 -0.223693 0.00582788 -1.39206 -2.93753
2.38691 -1.53824 2.11921 -1.19987 1.06315 -0.944763 1.08351 -1.92532 -1.57817 2.19457 -2.03235 0.349884 -0.223693 0.00582788 -1.39206 -2.93753
2.38176 -1.53824 2.11921 -1.19987 1.06315 -0.944763 1.08351 -1.92532 -1.57817 2.19457 -2.03235 0.349884 -0.223693 0.00582788 -1.39206 -2.93753
2.37664 -1.53824 2.11921 -1.19987 1.06315 -0.944763 1.08351 -1.92532 -1.57817 2.19457 -2.03235 0.349884 -0.223693 0.00582788 -1.39206 -2.93753
2.37155 -1.53824 2.11921 -1.19987 1.06315 -0.944763 1.08351 -1.92532 -1.57817 2.19457 -2.03235 0.349884 -0.223693 0.00582788 -1.39206 -2.93753
2.36633 -1.53824 2.11921 -1.19987 1.06315 -0.944763 1.08351 -1.92532 -1.57817 2.19457 -2.03235 0.349884 -0.223693 0.00582788 -1.39206 -2.93753
2.36112 -1.53824 2.11921 -1.19987 1.06315 -0.944763 1.08351 -1.92532 -1.57817 2.19457 -2.03235 0.349884 -0.223693 0.00582788 -1.39206 -2.93753
2.35584 -1.53824 2.11921 -1.19987 1.06315 -0.944763 1.08351 -1.92532 -1.57817 2.19457 -2.03235 0.349884 -0.223693 0.00582788 -1.39206 -2.93753
2.35049 -1.53824 2.11921 -1.19987 1.06315 -0.944763 1.08351 -1.92532 -1.57817 2.19457 -2.03235 0.349884 -0.223693 0.00582788 -1.39206 -2.93753
2.34512 -1.53824 2.11921 -1.19987 1.06315 -0.944763 1.08351 -1.92532 -1.57817 2.19457 -2.03235 0.349884 -0.223693 0.00582788 -1.39206 -2.93753
2.33981 -1.53824 2.11921 -1.19987 1.06315 -0.944763 1.08351 -1.92532 -1.57817 2.19457 -2.03235 0.349884 -0.223693 0.00582788 -1.39206 -2.93753
2.33448 -1.53824 2.11921 -1.19987 1.06315 -0.944763 1.08351 -1.92532 -1.57817 2.19457 -2.03235 0.349884 -0.223693 0.00582788 -1.39206 -2.93753
2.32894 -1.53824 2.11921 -1.19987 1.06315 -0.944763 1.08351 -1.92532 -1.57817 2.19457 -2.03235 0.349884 -0.223693 0.00582788 -1.39206 -2.93753
2.32355 -1.53824 2.11921 -1.19987 1.06315 -0.944763 1.08351 -1.92532 -1.57817 2.19457 -2.03235 0.349884 -0.223693 0.00582788 -1.39206 -2.93753
2.31817 -1.53824 2.11921 -1.19987 1.06315 -0.944763 1.08351 -1.92532 -1.57817 2.19457 -2.03235 0.349884 -0.223693 0.00582788 -1.39206 -2.93753
2.3127 -1.53824 2.11921 -1.19987 1.06315 -0.944763 1.08351 -1.92532 -1.57817 2.19457 -2.03235 0.349884 -0.223693 0.00582788 -1.39206 -2.93753
2.30721 -1.53824 2.11921 -1.19987 1.06315 -0.944763 1.08351 -1.92532 -1.57817 2.19457 -2.03235 0.349884 -0.223693 0.00582788 -1.39206 -2.93753
2.3017 -1.53824 2.11921 -1.19987 1.06315 -0.944763 1.08351 -1.92532 -1.57817 2.19457 -2.03235 0.349884 -0.223693 0.00582788 -1.39206 -2.93753
2.29589 -1.53824 2.11921 -1.19987 1.06315 -0.944763 1.08351 -1.92532 -1.57817 2.19457 -2.03235 0.349884 -0.223693 0.00582788 -1.39206 -2.93753
2.2902 -1.53824 2.11921 -1.19987 1.06315 -0.944763 1.08351 -1.92532 -1.57817 2.19457 -2.03235 0.349884 -0.223693 0.00582788 -1.39206 -2.93753
2.28407 -1.53824 2.11921 -1.19987 1.06315 -0.944763 1.08351 -1.92532 -1.57817 2.19457 -2.03235 0.349884 -0.223693 0.00582788 -1.39206 -2.93753
2.27847 -1.53824 2.11921 -1.19987 1.06315 -0.944763 1.08351 -1.92532 -1.57817 2.19457 -2.03235 0.349884 -0.223693 0.00582788 -1.39206 -2.93753
2.27293 -1.53824 2.11921 -1.19987 1.06315 -0.944763 1.08351 -1.92532 -1.57817 2.19457 -2.03235 0.349884 -0.223693 0.00582788 -1.39206 -2.93753
2.26725 -1.53824 2.11921 -1.19987 1.06315 -0.944763 1.08351 -1.92532 -1.57817 2.19457 -2.03235 0.349884 -0.223693 0.00582788 -1.39206 -2.93753
2.26132 -1.53824 2.11921 -1.19987 1.06315 -0.944763 1.08351 -1.92532 -1.57817 2.19457 -2.03235 0.349884 -0.223693 0.00582788 -1.39206 -2.93753
2.25543 -1.53824 2.11921 -1.19987 1.06315 -0.944763 1.08351 -1.92532 -1.57817 2.19457 -2.03235 0.349884 -0.223693 0.00582788 -1.39206 -2.93753
2.24968 -1.53824 2.11921 -1.19987 1.06315 -0.944763 1.08351 -1.92532 -1.57817 2.19457 -2.03235 0.349884 -0.223693 0.00582788 -1.39206 -2.93753
2.2438 -1.53824 2.11921 -1.19987 1.06315 -0.944763 1.08351 -1.92532 -1.57817 2.19457 -2.03235 0.349884 -0.223693 0.00582788 -1.39206 -2.93753
2.22149 -1.53824 2.11921 -1.19987 1.06315 -0.944763 1.08351 -1.92532 -1.57817 2.19457 -2.03235 0.349884 -0.223693 0.00582788 -1.39206 -2.93753
2.2215 -1.53824 2.11921 -1.19987 1.06315 -0.944763 1.08351 -1.92532 -1.57817 2.19457 -2.03235 0.349884 -0.223693 0.00582788 -1.39206 -2.93753
2.2215 -1.53824 2.11921 -1.19987 1.06315 -0.944763 1.08351 -1.92532 -1.57817 2.19457 -2.03235 0.349884 -0.223693 0.00582788 -1.39206 -2.93753
2.2215 -1.53824 2.11921 -1.19987 1.06315 -0.944763 1.08351 -1.92532 -1.57817 2.19457 -2.03235 0.349884 -0.223693 0.00582788 -1.39206 -2.93753
2.2215 -1.53824 2.11921 -1.19987 1.06315 -0.944763 1.08351 -1.92532 -1.57817 2.19457 -2.03235 0.349884 -0.223693 0.00582788 -1.39206 -2.93753
2.2215 -1.53824 2.11921 -1.19987 1.06315 -0.944763 1.08351 -1.92532 -1.57817 2.19457 -2.03235 0.349884 -0.223693 0.00582788 -1.39206 -2.93753
2.2215 -1.53824 2.11921 -1.19987 1.06315 -0.944763 1.08351 -1.92532 -1.57817 2.19457 -2.03235 0.349884 -0.223693 0.00582788 -1.39206 -2.93753
2.2215 -1.53824 2.11921 -1.19987 1.06315 -0.944763 1.08351 -1.92532 -1.57817 2.19457 -2.03235 0.349884 -0.223693 0.00582788 -1.39206 -2.93753
2.2215 -1.53824 2.11921 -1.19987 1.06315 -0.944763 1.08351 -1.92532 -1.57817 2.19457 -2.03235 0.349884 -0.223693 0.00582788 -1.39206 -2.93753
2.2215 -1.53824 2.11921 -1.19987 1.06315 -0.944763 1.08351 -1.92532 -1.57817 2.19457 -2.03235 0.349884 -0.223693 0.00582788 -1.39206 -2.93753
2.2215 -1.53824 2.11921 -1.19987 1.06315 -0.944763 1.08351 -1.92532 -1.57817 2.19457 -2.03235 0.349884 -0.223693 0.00582788 -1.39206 -2.93753
2.2215 -1.53824 2.11921 -1.19987 1.06315 -0.944763 1.08351 -1.92532 -1.57817 2.19457 -2.03235 0.349884 -0.223693 0.00582788 -1.39206 -2.93753
2.22151 -1.53824 2.11921 -1.19987 1.06315 -0.944763 1.08351 -1.92532 -1.57817 2.19457 -2.03235 0.349884 -0.223693 0.00582788 -1.39206 -2.93753
2.22151 -1.53824 2.11921 -1.19987 1.06315 -0.944763 1.08351 -1.92532 -1.57817 2.19457 -2.03235 0.349884 -0.223693 0.00582788 -1.39206 -2.93753
2.22151 -1.53824 2.11921 -1.19987 1.06315 -0.944763 1.08351 -1.92532 -1.57817 2.19457 -2.03235 0.349884 -0.223693 0.00582788 -1.39206 -2.93753
2.22151 -1.53824 2.11921 -1.19987 1.06315 -0.944763 1.08351 -1.92532 -1.57817 2.19457 -2.03235 0.349884 -0.223693 0.00582788 -1.39206 -2.93753
2.22151 -1.53824 2.11921 -1.19987 1.06315 -0.944763 1.08351 -1.92532 -1.57817 2.19457 -2.03235 0.349884 -0.223693 0.00582788 -1.39206 -2.93753
2.22151 -1.53824 2.11921 -1.19987 1.06315 -0.944763 1.08351 -1.92532 -1.57817 2.19457 -2.03235 0.349884 -0.223693 0.00582788 -1.39206 -2.93753
2.22151 -1.53824 2.11921 -1.19987 1.06315 -0.944763 1.08351 -1.92532 -1.57817 2.19457 -2.03235 0.349884 -0.223693 0.00582788 -1.39206 -2.93753
2.22151 -1.53824 2.11921 -1.19987 1.06315 -0.944763 1.08351 -1.92532 -1.57817 2.19457 -2.03235 0.349884 -0.223693 0.00582788 -1.39206 -2.93753
2.22151 -1.53824 2.11921 -1.19987 1.06315 -0.944763 1.08351 -1.92532 -1.57817 2.19457 -2.03235 0.349884 -0.223693 0.00582788 -1.39206 -2.93753
2.22151 -1.53824 2.11921 -1.19987 1.06315 -0.944763 1.08351 -1.92532 -1.57817 2.19457 -2.03235 0.349884 -0.223693 0.00582788 -1.39206 -2.93753
2.22151 -1.53824 2.11921 -1.19987 1.06315 -0.944763 1.08351 -1.92532 -1.57817 2.19457 -2.03235 0.349884 -0.223693 0.00582788 -1.39206 -2.93753
2.22151 -1.53824 2.11921 -1.19987 1.06315 -0.944763 1.08351 -1.92532 -1.57817 2.19457 -2.03235 0.349884 -0.223693 0.00582788 -1.39206 -2.93753
2.22151 -1.53824 2.11921 -1.19987 1.06315 -0.944763 1.08351 -1.92532 -1.57817 2.19457 -2.03235 0.349884 -0.223693 0.00582788 -1.39206 -2.93753
2.22152 -1.53824 2.11921 -1.19987 1.06315 -0.944763 1.08351 -1.92532 -1.57817 2.19457 -2.03235 0.349884 -0.223693 0.00582788 -1.39206 -2.93753
2.22152 -1.53824 2.11921 -1.19987 1.06315 -0.944763 1.08351 -1.92532 -1.57817 2.19457 -2.03235 0.349884 -0.223693 0.00582788 -1.39206 -2.93753
2.22152 -1.53824 2.11921 -1.19987 1.06315 -0.944763 1.08351 -1.92532 -1.57817 2.19457 -2.03235 0.349884 -0.223693 0.00582788 -1.39206 -2.93753
2.29099 -1.53824 2.11921 -1.19987 1.06315 -0.944763 1.08351 -1.92532 -1.57817 2.19457 -2.03235 0.349884 -0.223693 0.00582788 -1.39206 -2.93753
2.29148 -1.53824 2.11921 -1.19987 1.06315 -0.944763 1.08351 -1.92532 -1.57817 2.19457 -2.03235 0.349884 -0.223693 0.00582788 -1.39206 -2.93753
2.29196 -1.53824 2.11921 -1.19987 1.06315 -0.944763 1.08351 -1.92532 -1.57817 2.19457 -2.03235 0.349884 -0.223693 0.00582788 -1.39206 -2.93753
2.29244 -1.53824 2.11921 -1.19987 1.06315 -0.944763 1.08351 -1.92532 -1.57817 2.19457 -2.03235 0.349884 -0.223693 0.00582788 -1.39206 -2.93753
2.29291 -1.53824 2.11921 -1.19987 1.06315 -0.944763 1.08351 -1.92532 -1.57817 2.19457 -2.03235 0.349884 -0.223693 0.00582788 -1.39206 -2.93753
2.29337 -1.53824 2.11921 -1.19987 1.06315 -0.944763 1.08351 -1.92532 -1.57817 2.19457 -2.03235 0.349884 -0.223693 0.00582788 -1.39206 -2.93753
2.2938 -1.53824 2.11921 -1.19987 1.06315 -0.944763 1.08351 -1.92532 -1.57817 2.19457 -2.03235 0.349884 -0.223693 0.00582788 -1.39206 -2.93753
2.29424 -1.53824 2.11921 -1.19987 1.06315 -0.944763 1.08351 -1.92532 -1.57817 2.19457 -2.03235 0.349884 -0.223693 0.00582788 -1.39206 -2.93753
2.29467 -1.53824 2.11921 -1.19987 1.06315 -0.944763 1.08351 -1.92532 -1.57817 2.19457 -2.03235 0.349884 -0.223693 0.00582788 -1.39206 -2.93753
2.29513 -1.53824 2.11921 -1.19987 1.06315 -0.944763 1.08351 -1.92532 -1.57817 2.19457 -2.03235 0.349884 -0.223693 0.00582788 -1.39206 -2.93753
2.29597 -1.53824 2.11921 -1.19987 1.06315 -0.944763 1.08351 -1.92532 -1.57817 2.19457 -2.03235 0.349884 -0.223693 0.00582788 -1.39206 -2.93753
2.29692 -1.53824 2.11921 -1.19987 1.06315 -0.944763 1.08351 -1.92532 -1.57817 2.19457 -2.03235 0.349884 -0.223693 0.00582788 -1.39206 -2.93753
2.29799 -1.53824 2.11921 -1.19987 1.06315 -0.944763 1.08351 -1.92532 -1.57817 2.19457 -2.03235 0.349884 -0.223693 0.00582788 -1.39206 -2.93753
2.29905 -1.53824 2.11921 -1.19987 1.06315 -0.944763 1.08351 -1.92532 -1.57817 2.19457 -2.03235 0.349884 -0.223693 0.00582788 -1.39206 -2.93753
2.30028 -1.53824 2.11921 -1.19987 1.06315 -0.944763 1.08351 -1.92532 -1.57817 2.19457 -2.03235 0.349884 -0.223693 0.00582788 -1.39206 -2.93753
2.30151 -1.53824 2.11921 -1.19987 1.06315 -0.944763 1.08351 -1.92532 -1.57817 2.19457 -2.03235 0.349884 -0.223693 0.00582788 -1.39206 -2.93753
2.30267 -1.53824 2.11921 -1.19987 1.06315 -0.944763 1.08351 -1.92532 -1.57817 2.19457 -2.03235 0.349884 -0.223693 0.00582788 -1.39206 -2.93753
2.30391 -1.53824 2.11921 -1.19987 1.06315 -0.944763 1.08351 -1.92532 -1.57817 2.19457 -2.03235 0.349884 -0.223693 0.00582788 -1.39206 -2.93753
2.30518 -1.53824 2.11921 -1.19987 1.06315 -0.944763 1.08351 -1.92532 -1.57817 2.19457 -2.03235 0.349884 -0.223693 0.00582788 -1.39206 -2.93753
2.30647 -1.53824 2.11921 -1.19987 1.06315 -0.944763 1.08351 -1.92532 -1.57817 2.19457 -2.03235 0.349884 -0.223693 0.00582788 -1.39206 -2.93753
2.30781 -1.53824 2.11921 -1.19987 1.06315 -0.944763 1.08351 -1.92532 -1.57817 2.19457 -2.03235 0.349884 -0.223693 0.00582788 -1.39206 -2.93753
2.30917 -1.53824 2.11921 -1.19987 1.06315 -0.944763 1.08351 -1.92532 -1.57817 2.19457 -2.03235 0.349884 -0.223693 0.00582788 -1.39206 -2.93753
2.31058 -1.53824 2.11921 -1.19987 1.06315 -0.944763 1.08351 -1.92532 -1.57817 2.19457 -2.03235 0.349884 -0.223693 0.00582788 -1.39206 -2.93753
2.31206 -1.53824 2.11921 -1.19987 1.06315 -0.944763 1.08351 -1.92532 -1.57817 2.19457 -2.03235 0.349884 -0.223693 0.00582788 -1.39206 -2.93753
2.31357 -1.53824 2.11921 -1.19987 1.06315 -0.944763 1.08351 -1.92532 -1.57817 2.19457 -2.03235 0.349884 -0.223693 0.00582788 -1.39206 -2.93753
2.31515 -1.53824 2.11921 -1.19987 1.06315 -0.944763 1.08351 -1.92532 -1.57817 2.19457 -2.03235 0.349884 -0.223693 0.00582788 -1.39206 -2.93753
2.31682 -1.53824 2.11921 -1.19987 1.06315 -0.944763 1.08351 -1.92532 -1.57817 2.19457 -2.03235 0.349884 -0.223693 0.00582788 -1.39206 -2.93753
2.31856 -1.53824 2.11921 -1.19987 1.06315 -0.944763 1.08351 -1.92532 -1.57817 2.19457 -2.03235 0.349884 -0.223693 0.00582788 -1.39206 -2.93753
2.32034 -1.53824 2.11921 -1.19987 1.06315 -0.944763 1.08351 -1.92532 -1.57817 2.19457 -2.03235 0.349884 -0.223693 0.00582788 -1.39206 -2.93753
2.32205 -1.53824 2.11921 -1.19987 1.06315 -0.944763 1.08351 -1.92532 -1.57817 2.19457 -2.03235 0.349884 -0.223693 0.00582788 -1.39206 -2.93753
2.32388 -1.53824 2.11921 -1.19987 1.06315 -0.944763 1.08351 -1.92532 -1.57817 2.19457 -2.03235 0.349884 -0.223693 0.00582788 -1.39206 -2.93753
2.32579 -1.53824 2.11921 -1.19987 1.06315 -0.944763 1.08351 -1.92532 -1.57817 2.19457 -2.03235 0.349884 -0.223693 0.00582788 -1.39206 -2.93753
2.32775 -1.53824 2.11921 -1.19987 1.06315 -0.944763 1.08351 -1.92532 -1.57817 2.19457 -2.03235 0.349884 -0.223693 0.00582788 -1.39206 -2.93753
2.3297 -1.53824 2.11921 -1.19987 1.06315 -0.944763 1.08351 -1.92532 -1.57817 2.19457 -2.03235 0.349884 -0.223693 0.00582788 -1.39206 -2.93753
2.3317 -1.53824 2.11921 -1.19987 1.06315 -0.944763 1.08351 -1.92532 -1.57817 2.19457 -2.03235 0.349884 -0.223693 0.00582788 -1.39206 -2.93753
2.33385 -1.53824 2.11921 -1.19987 1.06315 -0.944763 1.08351 -1.92532 -1.57817 2.19457 -2.03235 0.349884 -0.223693 0.00582788 -1.39206 -2.93753
2.336 -1.53824 2.11921 -1.19987 1.06315 -0.944763 1.08351 -1.92532 -1.57817 2.19457 -2.03235 0.349884 -0.223693 0.00582788 -1.39206 -2.93753
2.33823 -1.53824 2.11921 -1.19987 1.06315 -0.944763 1.08351 -1.92532 -1.57817 2.19457 -2.03235 0.349884 -0.223693 0.00582788 -1.39206 -2.93753
2.34054 -1.53824 2.11921 -1.19987 1.06315 -0.944763 1.08351 -1.92532 -1.57817 2.19457 -2.03235 0.349884 -0.223693 0.00582788 -1.39206 -2.93753
2.34296 -1.53824 2.11921 -1.19987 1.06315 -0.944763 1.08351 -1.92532 -1.57817 2.19457 -2.03235 0.349884 -0.223693 0.00582788 -1.39206 -2.93753
2.34543 -1.53824 2.11921 -1.19987 1.06315 -0.944763 1.08351 -1.92532 -1.57817 2.19457 -2.03235 0.349884 -0.223693 0.00582788 -1.39206 -2.93753
2.34802 -1.53824 2.11921 -1.19987 1.06315 -0.944763 1.08351 -1.92532 -1.57817 2.19457 -2.03235 0.349884 -0.223693 0.00582788 -1.39206 -2.93753
2.35067 -1.53824 2.11921 -1.19987 1.06315 -0.944763 1.08351 -1.92532 -1.57817 2.19457 -2.03235 0.349884 -0.223693 0.00582788 -1.39206 -2.93753
2.35328 -1.53824 2.11921 -1.19987 1.06315 -0.944763 1.08351 -1.92532 -1.57817 2.19457 -2.03235 0.349884 -0.223693 0.00582788 -1.39206 -2.93753
2.35592 -1.53824 2.11921 -1.19987 1.06315 -0.944763 1.08351 -1.92532 -1.57817 2.19457 -2.03235 0.349884 -0.223693 0.00582788 -1.39206 -2.93753
2.35899 -1.53824 2.11921 -1.19987 1.06315 -0.944763 1.08351 -1.92532 -1.57817 2.19457 -2.03235 0.349884 -0.223693 0.00582788 -1.39206 -2.93753
2.36193 -1.53824 2.11921 -1.19987 1.06315 -0.944763 1.08351 -1.92532 -1.57817 2.19457 -2.03235 0.349884 -0.223693 0.00582788 -1.39206 -2.93753
2.365 -1.53824 2.11921 -1.19987 1.06315 -0.944763 1.08351 -1.92532 -1.57817 2.19457 -2.03235 0.349884 -0.223693 0.00582788 -1.39206 -2.93753
2.36832 -1.53824 2.11921 -1.19987 1.06315 -0.944763 1.08351 -1.92532 -1.57817 2.19457 -2.03235 0.349884 -0.223693 0.00582788 -1.39206 -2.93753
2.37166 -1.53824 2.11921 -1.19987 1.06315 -0.944763 1.08351 -1.92532 -1.57817 2.19457 -2.03235 0.349884 -0.223693 0.00582788 -1.39206 -2.93753
2.37516 -1.53824 2.11921 -1.19987 1.06315 -0.944763 1.08351 -1.92532 -1.57817 2.19457 -2.03235 0.349884 -0.223693 0.00582788 -1.39206 -2.93753
2.37861 -1.53824 2.11921 -1.19987 1.06315 -0.944763 1.08351 -1.92532 -1.57817 2.19457 -2.03235 0.349884 -0.223693 0.00582788 -1.39206 -2.93753
2.38231 -1.53824 2.11921 -1.19987 1.06315 -0.944763 1.08351 -1.92532 -1.57817 2.19457 -2.03235 0.349884 -0.223693 0.00582788 -1.39206 -2.93753
2.38624 -1.53824 2.11921 -1.19987 1.06315 -0.944763 1.08351 -1.92532 -1.57817 2.19457 -2.03235 0.349884 -0.223693 0.00582788 -1.39206 -2.93753
2.39008 -1.53824 2.11921 -1.19987 1.06315 -0.944763 1.08351 -1.92532 -1.57817 2.19457 -2.03235 0.349884 -0.223693 0.00582788 -1.39206 -2.93753
2.39401 -1.53824 2.11921 -1.19987 1.06315 -0.944763 1.08351 -1.92532 -1.57817 2.19457 -2.03235 0.349884 -0.223693 0.00582788 -1.39206 -2.93753
2.39814 -1.53824 2.11921 -1.19987 1.06315 -0.944763 1.08351 -1.92532 -1.57817 2.19457 -2.03235 0.349884 -0.223693 0.00582788 -1.39206 -2.93753
2.4025 -1.53824 2.11921 -1.19987 1.06315 -0.944763 1.08351 -1.92532 -1.57817 2.19457 -2.03235 0.349884 -0.223693 0.00582788 -1.39206 -2.93753
2.4069 -1.53824 2.11921 -1.19987 1.06315 -0.944763 1.08351 -1.92532 -1.57817 2.19457 -2.03235 0.349884 -0.223693 0.00582788 -1.39206 -2.93753
2.41157 -1.53824 2.11921 -1.19987 1.06315 -0.944763 1.08351 -1.92532 -1.57817 2.19457 -2.03235 0.349884 -0.223693 0.00582788 -1.39206 -2.93753
2.41634 -1.53824 2.11921 -1.19987 1.06315 -0.944763 1.08351 -1.92532 -1.57817 2.19457 -2.03235 0.349884 -0.223693 0.00582788 -1.39206 -2.93753
2.4213 -1.53824 2.11921 -1.19987 1.06315 -0.944763 1.08351 -1.92532 -1.57817 2.19457 -2.03235 0.349884 -0.223693 0.00582788 -1.39206 -2.93753
2.42632 -1.53824 2.11921 -1.19987 1.06315 -0.944763 1.08351 -1.92532 -1.57817 2.19457 -2.03235 0.349884 -0.223693 0.00582788 -1.39206 -2.93753
2.43145 -1.53824 2.11921 -1.19987 1.06315 -0.944763 1.08351 -1.92532 -1.57817 2.19457 -2.03235 0.349884 -0.223693 0.00582788 -1.39206 -2.93753
2.4369 -1.53824 2.11921 -1.19987 1.06315 -0.944763 1.08351 -1.92532 -1.57817 2.19457 -2.03235 0.349884 -0.223693 0.00582788 -1.39206 -2.93753
2.44278 -1.53824 2.11921 -1.19987 1.06315 -0.944763 1.08351 -1.92532 -1.57817 2.19457 -2.03235 0.349884 -0.223693 0.00582788 -1.39206 -2.93753
2.44878 -1.53824 2.11921 -1.19987 1.06315 -0.944763 1.08351 -1.92532 -1.57817 2.19457 -2.03235 0.349884 -0.223693 0.00582788 -1.39206 -2.93753
2.45477 -1.53824 2.11921 -1.19987 1.06315 -0.944763 1.08351 -1.92532 -1.57817 2.19457 -2.03235 0.349884 -0.223693 0.00582788 -1.39206 -2.93753
2.461 -1.53824 2.11921 -1.19987 1.06315 -0.944763 1.08351 -1.92532 -1.57817 2.19457 -2.03235 0.349884 -0.223693 0.00582788 -1.39206 -2.93753
2.46762 -1.53824 2.11921 -1.19987 1.06315 -0.944763 1.08351 -1.92532 -1.57817 2.19457 -2.03235 0.349884 -0.223693 0.00582788 -1.39206 -2.93753
2.47417 -1.53824 2.11921 -1.19987 1.06315 -0.944763 1.08351 -1.92532 -1.57817 2.19457 -2.03235 0.349884 -0.223693 0.00582788 -1.39206 -2.93753
