5.301
5.311
5.322
5.332
5.342
5.353
5.363
5.374
5.384
5.396
5.417
5.438
5.458
5.479
5.499
5.52
5.541
5.561
5.582
5.602
5.641
5.68
5.72
5.762
5.802
5.84
5.878
5.916
5.955
5.994
6.032
6.071
6.11
6.148
6.187
6.225
6.264
6.302
6.34
6.378
6.417
6.456
6.496
6.536
6.575
6.614
6.652
6.69
6.728
6.768
6.809
6.848
6.887
6.925
6.964
7.003
7.042
7.08
7.119
7.157
7.196
7.234
7.273
7.312
7.35
7.39
7.429
7.468
7.507
7.546
7.585
7.623
7.661
7.7
7.739
7.778
7.819
7.861
7.9
7.938
7.976
8.015
8.056
8.095
8.133
8.172
10.093
10.104
10.114
10.125
10.135
10.145
10.156
10.166
10.177
10.189
10.21
10.23
10.269
10.308
10.346
10.385
10.423
10.462
10.501
10.541
10.58
10.619
10.658
10.697
10.736
10.774
10.813
10.853
15.732
15.743
15.753
15.764
15.774
15.784
15.797
15.817
15.838
15.859
15.898
15.936
15.976
16.017
16.056
16.096
16.134
16.173
16.212
16.25
16.288
16.327
16.365
16.403
16.442
16.481
16.52
16.559
16.598
16.637
16.676
16.715
16.754
16.792
16.832
16.871
16.909
16.948
16.989
17.027
17.066
17.105
17.144
17.182
17.224
17.264
17.302
17.341
17.38
17.421
17.46
17.499
17.54
17.58
17.618
17.656
17.695
17.734
17.774
17.813
17.853
17.891
17.929
17.968
18.008
18.05
18.089
18.127
18.167
18.206
18.244
