1.22482 0.905687 2.00161 0.630029 2.89473 1.64946 -2.8874 1.70974 1.95253 -0.712838 1.32835 0.137947 1.98812 -1.34351 -1.5389 1.86924
1.22482 0.905687 2.00161 0.630029 2.89473 1.64946 -2.8874 1.70974 1.95253 -0.712838 1.32835 0.137947 1.98812 -1.34351 -1.5389 1.86924
1.22481 0.905687 2.00161 0.630029 2.89473 1.64946 -2.8874 1.70974 1.95253 -0.712838 1.32835 0.137947 1.98812 -1.34351 -1.5389 1.86924
1.22479 0.905687 2.00161 0.630029 2.89473 1.64946 -2.8874 1.70974 1.95253 -0.712838 1.32835 0.137947 1.98812 -1.34351 -1.5389 1.86924
1.22479 0.905687 2.00161 0.630029 2.89473 1.64946 -2.8874 1.70974 1.95253 -0.712838 1.32835 0.137947 1.98812 -1.34351 -1.5389 1.86924
1.22479 0.905687 2.00161 0.630029 2.89473 1.64946 -2.8874 1.70974 1.95253 -0.712838 1.32835 0.137947 1.98812 -1.34351 -1.5389 1.86924
1.22479 0.905687 2.00161 0.630029 2.89473 1.64946 -2.8874 1.70974 1.95253 -0.712838 1.32835 0.137947 1.98812 -1.34351 -1.5389 1.86924
1.22479 0.905687 2.00161 0.630029 2.89473 1.64946 -2.8874 1.70974 1.95253 -0.712838 1.32835 0.137947 1.98812 -1.34351 -1.5389 1.86924
1.22479 0.905687 2.00161 0.630029 2.89473 1.64946 -2.8874 1.70974 1.95253 -0.712838 1.32835 0.137947 1.98812 -1.34351 -1.5389 1.86924
1.22479 0.905687 2.00161 0.630029 2.89473 1.64946 -2.8874 1.70974 1.95253 -0.712838 1.32835 0.137947 1.98812 -1.34351 -1.5389 1.86924
1.22479 0.905687 2.00161 0.630029 2.89473 1.64946 -2.8874 1.70974 1.95253 -0.712838 1.32835 0.137947 1.98812 -1.34351 -1.5389 1.86924
1.22512 0.905687 2.00161 0.630029 2.89473 1.64946 -2.8874 1.70974 1.95253 -0.712838 1.32835 0.137947 1.98812 -1.34351 -1.5389 1.86924
1.22556 0.905687 2.00161 0.630029 2.89473 1.64946 -2.8874 1.70974 1.95253 -0.712838 1.32835 0.137947 1.98812 -1.34351 -1.5389 1.86924
1.22607 0.905687 2.00161 0.630029 2.89473 1.64946 -2.8874 1.70974 1.95253 -0.712838 1.32835 0.137947 1.98812 -1.34351 -1.5389 1.86924
1.22662 0.905687 2.00161 0.630029 2.89473 1.64946 -2.8874 1.70974 1.95253 -0.712838 1.32835 0.137947 1.98812 -1.34351 -1.5389 1.86924
1.2272 0.905687 2.00161 0.630029 2.89473 1.64946 -2.8874 1.70974 1.95253 -0.712838 1.32835 0.137947 1.98812 -1.34351 -1.5389 1.86924
1.22783 0.905687 2.00161 0.630029 2.89473 1.64946 -2.8874 1.70974 1.95253 -0.712838 1.32835 0.137947 1.98812 -1.34351 -1.5389 1.86924
1.22853 0.905687 2.00161 0.630029 2.89473 1.64946 -2.8874 1.70974 1.95253 -0.712838 1.32835 0.137947 1.98812 -1.34351 -1.5389 1.86924
1.2293 0.905687 2.00161 0.630029 2.89473 1.64946 -2.8874 1.70974 1.95253 -0.712838 1.32835 0.137947 1.98812 -1.34351 -1.5389 1.86924
1.23012 0.905687 2.00161 0.630029 2.89473 1.64946 -2.8874 1.70974 1.95253 -0.712838 1.32835 0.137947 1.98812 -1.34351 -1.5389 1.86924
1.23182 0.905687 2.00161 0.630029 2.89473 1.64946 -2.8874 1.70974 1.95253 -0.712838 1.32835 0.137947 1.98812 -1.34351 -1.5389 1.86924
1.23359 0.905687 2.00161 0.630029 2.89473 1.64946 -2.8874 1.70974 1.95253 -0.712838 1.32835 0.137947 1.98812 -1.34351 -1.5389 1.86924
1.23544 0.905687 2.00161 0.630029 2.89473 1.64946 -2.8874 1.70974 1.95253 -0.712838 1.32835 0.137947 1.98812 -1.34351 -1.5389 1.86924
1.2374 0.905687 2.00161 0.630029 2.89473 1.64946 -2.8874 1.70974 1.95253 -0.712838 1.32835 0.137947 1.98812 -1.34351 -1.5389 1.86924
1.23952 0.905687 2.00161 0.630029 2.89473 1.64946 -2.8874 1.70974 1.95253 -0.712838 1.32835 0.137947 1.98812 -1.34351 -1.5389 1.86924
1.24166 0.905687 2.00161 0.630029 2.89473 1.64946 -2.8874 1.70974 1.95253 -0.712838 1.32835 0.137947 1.98812 -1.34351 -1.5389 1.86924
1.24383 0.905687 2.00161 0.630029 2.89473 1.64946 -2.8874 1.70974 1.95253 -0.712838 1.32835 0.137947 1.98812 -1.34351 -1.5389 1.86924
1.24605 0.905687 2.00161 0.630029 2.89473 1.64946 -2.8874 1.70974 1.95253 -0.712838 1.32835 0.137947 1.98812 -1.34351 -1.5389 1.86924
1.24829 0.905687 2.00161 0.630029 2.89473 1.64946 -2.8874 1.70974 1.95253 -0.712838 1.32835 0.137947 1.98812 -1.34351 -1.5389 1.86924
1.25064 0.905687 2.00161 0.630029 2.89473 1.64946 -2.8874 1.70974 1.95253 -0.712838 1.32835 0.137947 1.98812 -1.34351 -1.5389 1.86924
1.25301 0.905687 2.00161 0.630029 2.89473 1.64946 -2.8874 1.70974 1.95253 -0.712838 1.32835 0.137947 1.98812 -1.34351 -1.5389 1.86924
1.25526 0.905687 2.00161 0.630029 2.89473 1.64946 -2.8874 1.70974 1.95253 -0.712838 1.32835 0.137947 1.98812 -1.34351 -1.5389 1.86924
1.25768 0.905687 2.00161 0.630029 2.89473 1.64946 -2.8874 1.70974 1.95253 -0.712838 1.32835 0.137947 1.98812 -1.34351 -1.5389 1.86924
1.26027 0.905687 2.00161 0.630029 2.89473 1.64946 -2.8874 1.70974 1.95253 -0.712838 1.32835 0.137947 1.98812 -1.34351 -1.5389 1.86924
1.263 0.905687 2.00161 0.630029 2.89473 1.64946 -2.8874 1.70974 1.95253 -0.712838 1.32835 0.137947 1.98812 -1.34351 -1.5389 1.86924
1.26587 0.905687 2.00161 0.630029 2.89473 1.64946 -2.8874 1.70974 1.95253 -0.712838 1.32835 0.137947 1.98812 -1.34351 -1.5389 1.86924
1.26878 0.905687 2.00161 0.630029 2.89473 1.64946 -2.8874 1.70974 1.95253 -0.712838 1.32835 0.137947 1.98812 -1.34351 -1.5389 1.86924
1.27175 0.905687 2.00161 0.630029 2.89473 1.64946 -2.8874 1.70974 1.95253 -0.712838 1.32835 0.137947 1.98812 -1.34351 -1.5389 1.86924
1.2747 0.905687 2.00161 0.630029 2.89473 1.64946 -2.8874 1.70974 1.95253 -0.712838 1.32835 0.137947 1.98812 -1.34351 -1.5389 1.86924
1.27771 0.905687 2.00161 0.630029 2.89473 1.64946 -2.8874 1.70974 1.95253 -0.712838 1.32835 0.137947 1.98812 -1.34351 -1.5389 1.86924
1.28091 0.905687 2.00161 0.630029 2.89473 1.64946 -2.8874 1.70974 1.95253 -0.712838 1.32835 0.137947 1.98812 -1.34351 -1.5389 1.86924
1.28435 0.905687 2.00161 0.630029 2.89473 1.64946 -2.8874 1.70974 1.95253 -0.712838 1.32835 0.137947 1.98812 -1.34351 -1.5389 1.86924
1.2879 0.905687 2.00161 0.630029 2.89473 1.64946 -2.8874 1.70974 1.95253 -0.712838 1.32835 0.137947 1.98812 -1.34351 -1.5389 1.86924
1.29138 0.905687 2.00161 0.630029 2.89473 1.64946 -2.8874 1.70974 1.95253 -0.712838 1.32835 0.137947 1.98812 -1.34351 -1.5389 1.86924
1.29481 0.905687 2.00161 0.630029 2.89473 1.64946 -2.8874 1.70974 1.95253 -0.712838 1.32835 0.137947 1.98812 -1.34351 -1.5389 1.86924
1.29842 0.905687 2.00161 0.630029 2.89473 1.64946 -2.8874 1.70974 1.95253 -0.712838 1.32835 0.137947 1.98812 -1.34351 -1.5389 1.86924
1.30216 0.905687 2.00161 0.630029 2.89473 1.64946 -2.8874 1.70974 1.95253 -0.712838 1.32835 0.137947 1.98812 -1.34351 -1.5389 1.86924
1.30629 0.905687 2.00161 0.630029 2.89473 1.64946 -2.8874 1.70974 1.95253 -0.712838 1.32835 0.137947 1.98812 -1.34351 -1.5389 1.86924
1.31053 0.905687 2.00161 0.630029 2.89473 1.64946 -2.8874 1.70974 1.95253 -0.712838 1.32835 0.137947 1.98812 -1.34351 -1.5389 1.86924
1.31484 0.905687 2.00161 0.630029 2.89473 1.64946 -2.8874 1.70974 1.95253 -0.712838 1.32835 0.137947 1.98812 -1.34351 -1.5389 1.86924
1.31898 0.905687 2.00161 0.630029 2.89473 1.64946 -2.8874 1.70974 1.95253 -0.712838 1.32835 0.137947 1.98812 -1.34351 -1.5389 1.86924
1.32324 0.905687 2.00161 0.630029 2.89473 1.64946 -2.8874 1.70974 1.95253 -0.712838 1.32835 0.137947 1.98812 -1.34351 -1.5389 1.86924
1.32775 0.905687 2.00161 0.630029 2.89473 1.64946 -2.8874 1.70974 1.95253 -0.712838 1.32835 0.137947 1.98812 -1.34351 -1.5389 1.86924
1.33238 0.905687 2.00161 0.630029 2.89473 1.64946 -2.8874 1.70974 1.95253 -0.712838 1.32835 0.137947 1.98812 -1.34351 -1.5389 1.86924
1.33723 0.905687 2.00161 0.630029 2.89473 1.64946 -2.8874 1.70974 1.95253 -0.712838 1.32835 0.137947 1.98812 -1.34351 -1.5389 1.86924
1.34202 0.905687 2.00161 0.630029 2.89473 1.64946 -2.8874 1.70974 1.95253 -0.712838 1.32835 0.137947 1.98812 -1.34351 -1.5389 1.86924
1.34709 0.905687 2.00161 0.630029 2.89473 1.64946 -2.8874 1.70974 1.95253 -0.712838 1.32835 0.137947 1.98812 -1.34351 -1.5389 1.86924
1.35231 0.905687 2.00161 0.630029 2.89473 1.64946 -2.8874 1.70974 1.95253 -0.712838 1.32835 0.137947 1.98812 -1.34351 -1.5389 1.86924
1.35753 0.905687 2.00161 0.630029 2.89473 1.64946 -2.8874 1.70974 1.95253 -0.712838 1.32835 0.137947 1.98812 -1.34351 -1.5389 1.86924
1.36302 0.905687 2.00161 0.630029 2.89473 1.64946 -2.8874 1.70974 1.95253 -0.712838 1.32835 0.137947 1.98812 -1.34351 -1.5389 1.86924
1.36873 0.905687 2.00161 0.630029 2.89473 1.64946 -2.8874 1.70974 1.95253 -0.712838 1.32835 0.137947 1.98812 -1.34351 -1.5389 1.86924
1.37457 0.905687 2.00161 0.630029 2.89473 1.64946 -2.8874 1.70974 1.95253 -0.712838 1.32835 0.137947 1.98812 -1.34351 -1.5389 1.86924
1.38048 0.905687 2.00161 0.630029 2.89473 1.64946 -2.8874 1.70974 1.95253 -0.712838 1.32835 0.137947 1.98812 -1.34351 -1.5389 1.86924
1.38681 0.905687 2.00161 0.630029 2.89473 1.64946 -2.8874 1.70974 1.95253 -0.712838 1.32835 0.137947 1.98812 -1.34351 -1.5389 1.86924
1.50666 0.905687 2.00161 0.630029 2.89473 1.64946 -2.8874 1.70974 1.95253 -0.712838 1.32835 0.137947 1.98812 -1.34351 -1.5389 1.86924
1.50548 0.905687 2.00161 0.630029 2.89473 1.64946 -2.8874 1.70974 1.95253 -0.712838 1.32835 0.137947 1.98812 -1.34351 -1.5389 1.86924
1.50417 0.905687 2.00161 0.630029 2.89473 1.64946 -2.8874 1.70974 1.95253 -0.712838 1.32835 0.137947 1.98812 -1.34351 -1.5389 1.86924
1.50286 0.905687 2.00161 0.630029 2.89473 1.64946 -2.8874 1.70974 1.95253 -0.712838 1.32835 0.137947 1.98812 -1.34351 -1.5389 1.86924
1.50149 0.905687 2.00161 0.630029 2.89473 1.64946 -2.8874 1.70974 1.95253 -0.712838 1.32835 0.137947 1.98812 -1.34351 -1.5389 1.86924
1.50004 0.905687 2.00161 0.630029 2.89473 1.64946 -2.8874 1.70974 1.95253 -0.712838 1.32835 0.137947 1.98812 -1.34351 -1.5389 1.86924
1.49807 0.905687 2.00161 0.630029 2.89473 1.64946 -2.8874 1.70974 1.95253 -0.712838 1.32835 0.137947 1.98812 -1.34351 -1.5389 1.86924
1.49583 0.905687 2.00161 0.630029 2.89473 1.64946 -2.8874 1.70974 1.95253 -0.712838 1.32835 0.137947 1.98812 -1.34351 -1.5389 1.86924
1.49352 0.905687 2.00161 0.630029 2.89473 1.64946 -2.8874 1.70974 1.95253 -0.712838 1.32835 0.137947 1.98812 -1.34351 -1.5389 1.86924
1.49123 0.905687 2.00161 0.630029 2.89473 1.64946 -2.8874 1.70974 1.95253 -0.712838 1.32835 0.137947 1.98812 -1.34351 -1.5389 1.86924
1.48893 0.905687 2.00161 0.630029 2.89473 1.64946 -2.8874 1.70974 1.95253 -0.712838 1.32835 0.137947 1.98812 -1.34351 -1.5389 1.86924
1.48663 0.905687 2.00161 0.630029 2.89473 1.64946 -2.8874 1.70974 1.95253 -0.712838 1.32835 0.137947 1.98812 -1.34351 -1.5389 1.86924
1.48428 0.905687 2.00161 0.630029 2.89473 1.64946 -2.8874 1.70974 1.95253 -0.712838 1.32835 0.137947 1.98812 -1.34351 -1.5389 1.86924
1.47987 0.905687 2.00161 0.630029 2.89473 1.64946 -2.8874 1.70974 1.95253 -0.712838 1.32835 0.137947 1.98812 -1.34351 -1.5389 1.86924
1.47537 0.905687 2.00161 0.630029 2.89473 1.64946 -2.8874 1.70974 1.95253 -0.712838 1.32835 0.137947 1.98812 -1.34351 -1.5389 1.86924
1.47087 0.905687 2.00161 0.630029 2.89473 1.64946 -2.8874 1.70974 1.95253 -0.712838 1.32835 0.137947 1.98812 -1.34351 -1.5389 1.86924
1.46643 0.905687 2.00161 0.630029 2.89473 1.64946 -2.8874 1.70974 1.95253 -0.712838 1.32835 0.137947 1.98812 -1.34351 -1.5389 1.86924
1.46183 0.905687 2.00161 0.630029 2.89473 1.64946 -2.8874 1.70974 1.95253 -0.712838 1.32835 0.137947 1.98812 -1.34351 -1.5389 1.86924
1.45731 0.905687 2.00161 0.630029 2.89473 1.64946 -2.8874 1.70974 1.95253 -0.712838 1.32835 0.137947 1.98812 -1.34351 -1.5389 1.86924
1.45284 0.905687 2.00161 0.630029 2.89473 1.64946 -2.8874 1.70974 1.95253 -0.712838 1.32835 0.137947 1.98812 -1.34351 -1.5389 1.86924
1.44796 0.905687 2.00161 0.630029 2.89473 1.64946 -2.8874 1.70974 1.95253 -0.712838 1.32835 0.137947 1.98812 -1.34351 -1.5389 1.86924
1.44346 0.905687 2.00161 0.630029 2.89473 1.64946 -2.8874 1.70974 1.95253 -0.712838 1.32835 0.137947 1.98812 -1.34351 -1.5389 1.86924
1.43893 0.905687 2.00161 0.630029 2.89473 1.64946 -2.8874 1.70974 1.95253 -0.712838 1.32835 0.137947 1.98812 -1.34351 -1.5389 1.86924
1.43437 0.905687 2.00161 0.630029 2.89473 1.64946 -2.8874 1.70974 1.95253 -0.712838 1.32835 0.137947 1.98812 -1.34351 -1.5389 1.86924
1.42975 0.905687 2.00161 0.630029 2.89473 1.64946 -2.8874 1.70974 1.95253 -0.712838 1.32835 0.137947 1.98812 -1.34351 -1.5389 1.86924
1.4251 0.905687 2.00161 0.630029 2.89473 1.64946 -2.8874 1.70974 1.95253 -0.712838 1.32835 0.137947 1.98812 -1.34351 -1.5389 1.86924
1.4204 0.905687 2.00161 0.630029 2.89473 1.64946 -2.8874 1.70974 1.95253 -0.712838 1.32835 0.137947 1.98812 -1.34351 -1.5389 1.86924
1.41569 0.905687 2.00161 0.630029 2.89473 1.64946 -2.8874 1.70974 1.95253 -0.712838 1.32835 0.137947 1.98812 -1.34351 -1.5389 1.86924
1.41098 0.905687 2.00161 0.630029 2.89473 1.64946 -2.8874 1.70974 1.95253 -0.712838 1.32835 0.137947 1.98812 -1.34351 -1.5389 1.86924
1.40611 0.905687 2.00161 0.630029 2.89473 1.64946 -2.8874 1.70974 1.95253 -0.712838 1.32835 0.137947 1.98812 -1.34351 -1.5389 1.86924
1.40114 0.905687 2.00161 0.630029 2.89473 1.64946 -2.8874 1.70974 1.95253 -0.712838 1.32835 0.137947 1.98812 -1.34351 -1.5389 1.86924
1.39624 0.905687 2.00161 0.630029 2.89473 1.64946 -2.8874 1.70974 1.95253 -0.712838 1.32835 0.137947 1.98812 -1.34351 -1.5389 1.86924
1.39145 0.905687 2.00161 0.630029 2.89473 1.64946 -2.8874 1.70974 1.95253 -0.712838 1.32835 0.137947 1.98812 -1.34351 -1.5389 1.86924
1.38668 0.905687 2.00161 0.630029 2.89473 1.64946 -2.8874 1.70974 1.95253 -0.712838 1.32835 0.137947 1.98812 -1.34351 -1.5389 1.86924
1.38159 0.905687 2.00161 0.630029 2.89473 1.64946 -2.8874 1.70974 1.95253 -0.712838 1.32835 0.137947 1.98812 -1.34351 -1.5389 1.86924
1.37661 0.905687 2.00161 0.630029 2.89473 1.64946 -2.8874 1.70974 1.95253 -0.712838 1.32835 0.137947 1.98812 -1.34351 -1.5389 1.86924
1.37176 0.905687 2.00161 0.630029 2.89473 1.64946 -2.8874 1.70974 1.95253 -0.712838 1.32835 0.137947 1.98812 -1.34351 -1.5389 1.86924
1.36681 0.905687 2.00161 0.630029 2.89473 1.64946 -2.8874 1.70974 1.95253 -0.712838 1.32835 0.137947 1.98812 -1.34351 -1.5389 1.86924
1.3619 0.905687 2.00161 0.630029 2.89473 1.64946 -2.8874 1.70974 1.95253 -0.712838 1.32835 0.137947 1.98812 -1.34351 -1.5389 1.86924
1.35692 0.905687 2.00161 0.630029 2.89473 1.64946 -2.8874 1.70974 1.95253 -0.712838 1.32835 0.137947 1.98812 -1.34351 -1.5389 1.86924
1.35192 0.905687 2.00161 0.630029 2.89473 1.64946 -2.8874 1.70974 1.95253 -0.712838 1.32835 0.137947 1.98812 -1.34351 -1.5389 1.86924
1.34683 0.905687 2.00161 0.630029 2.89473 1.64946 -2.8874 1.70974 1.95253 -0.712838 1.32835 0.137947 1.98812 -1.34351 -1.5389 1.86924
1.34183 0.905687 2.00161 0.630029 2.89473 1.64946 -2.8874 1.70974 1.95253 -0.712838 1.32835 0.137947 1.98812 -1.34351 -1.5389 1.86924
1.33663 0.905687 2.00161 0.630029 2.89473 1.64946 -2.8874 1.70974 1.95253 -0.712838 1.32835 0.137947 1.98812 -1.34351 -1.5389 1.86924
1.33158 0.905687 2.00161 0.630029 2.89473 1.64946 -2.8874 1.70974 1.95253 -0.712838 1.32835 0.137947 1.98812 -1.34351 -1.5389 1.86924
1.32661 0.905687 2.00161 0.630029 2.89473 1.64946 -2.8874 1.70974 1.95253 -0.712838 1.32835 0.137947 1.98812 -1.34351 -1.5389 1.86924
1.32155 0.905687 2.00161 0.630029 2.89473 1.64946 -2.8874 1.70974 1.95253 -0.712838 1.32835 0.137947 1.98812 -1.34351 -1.5389 1.86924
1.31647 0.905687 2.00161 0.630029 2.89473 1.64946 -2.8874 1.70974 1.95253 -0.712838 1.32835 0.137947 1.98812 -1.34351 -1.5389 1.86924
1.31143 0.905687 2.00161 0.630029 2.89473 1.64946 -2.8874 1.70974 1.95253 -0.712838 1.32835 0.137947 1.98812 -1.34351 -1.5389 1.86924
1.30632 0.905687 2.00161 0.630029 2.89473 1.64946 -2.8874 1.70974 1.95253 -0.712838 1.32835 0.137947 1.98812 -1.34351 -1.5389 1.86924
1.30122 0.905687 2.00161 0.630029 2.89473 1.64946 -2.8874 1.70974 1.95253 -0.712838 1.32835 0.137947 1.98812 -1.34351 -1.5389 1.86924
1.29611 0.905687 2.00161 0.630029 2.89473 1.64946 -2.8874 1.70974 1.95253 -0.712838 1.32835 0.137947 1.98812 -1.34351 -1.5389 1.86924
1.29095 0.905687 2.00161 0.630029 2.89473 1.64946 -2.8874 1.70974 1.95253 -0.712838 1.32835 0.137947 1.98812 -1.34351 -1.5389 1.86924
1.28553 0.905687 2.00161 0.630029 2.89473 1.64946 -2.8874 1.70974 1.95253 -0.712838 1.32835 0.137947 1.98812 -1.34351 -1.5389 1.86924
1.28005 0.905687 2.00161 0.630029 2.89473 1.64946 -2.8874 1.70974 1.95253 -0.712838 1.32835 0.137947 1.98812 -1.34351 -1.5389 1.86924
1.27479 0.905687 2.00161 0.630029 2.89473 1.64946 -2.8874 1.70974 1.95253 -0.712838 1.32835 0.137947 1.98812 -1.34351 -1.5389 1.86924
1.26941 0.905687 2.00161 0.630029 2.89473 1.64946 -2.8874 1.70974 1.95253 -0.712838 1.32835 0.137947 1.98812 -1.34351 -1.5389 1.86924
1.26402 0.905687 2.00161 0.630029 2.89473 1.64946 -2.8874 1.70974 1.95253 -0.712838 1.32835 0.137947 1.98812 -1.34351 -1.5389 1.86924
1.25847 0.905687 2.00161 0.630029 2.89473 1.64946 -2.8874 1.70974 1.95253 -0.712838 1.32835 0.137947 1.98812 -1.34351 -1.5389 1.86924
1.2531 0.905687 2.00161 0.630029 2.89473 1.64946 -2.8874 1.70974 1.95253 -0.712838 1.32835 0.137947 1.98812 -1.34351 -1.5389 1.86924
1.24773 0.905687 2.00161 0.630029 2.89473 1.64946 -2.8874 1.70974 1.95253 -0.712838 1.32835 0.137947 1.98812 -1.34351 -1.5389 1.86924
1.24228 0.905687 2.00161 0.630029 2.89473 1.64946 -2.8874 1.70974 1.95253 -0.712838 1.32835 0.137947 1.98812 -1.34351 -1.5389 1.86924
1.23686 0.905687 2.00161 0.630029 2.89473 1.64946 -2.8874 1.70974 1.95253 -0.712838 1.32835 0.137947 1.98812 -1.34351 -1.5389 1.86924
1.23141 0.905687 2.00161 0.630029 2.89473 1.64946 -2.8874 1.70974 1.95253 -0.712838 1.32835 0.137947 1.98812 -1.34351 -1.5389 1.86924
1.22598 0.905687 2.00161 0.630029 2.89473 1.64946 -2.8874 1.70974 1.95253 -0.712838 1.32835 0.137947 1.98812 -1.34351 -1.5389 1.86924
1.22049 0.905687 2.00161 0.630029 2.89473 1.64946 -2.8874 1.70974 1.95253 -0.712838 1.32835 0.137947 1.98812 -1.34351 -1.5389 1.86924
1.21496 0.905687 2.00161 0.630029 2.89473 1.64946 -2.8874 1.70974 1.95253 -0.712838 1.32835 0.137947 1.98812 -1.34351 -1.5389 1.86924
1.20943 0.905687 2.00161 0.630029 2.89473 1.64946 -2.8874 1.70974 1.95253 -0.712838 1.32835 0.137947 1.98812 -1.34351 -1.5389 1.86924
1.20385 0.905687 2.00161 0.630029 2.89473 1.64946 -2.8874 1.70974 1.95253 -0.712838 1.32835 0.137947 1.98812 -1.34351 -1.5389 1.86924
1.19822 0.905687 2.00161 0.630029 2.89473 1.64946 -2.8874 1.70974 1.95253 -0.712838 1.32835 0.137947 1.98812 -1.34351 -1.5389 1.86924
1.19248 0.905687 2.00161 0.630029 2.89473 1.64946 -2.8874 1.70974 1.95253 -0.712838 1.32835 0.137947 1.98812 -1.34351 -1.5389 1.86924
1.18681 0.905687 2.00161 0.630029 2.89473 1.64946 -2.8874 1.70974 1.95253 -0.712838 1.32835 0.137947 1.98812 -1.34351 -1.5389 1.86924
1.18117 0.905687 2.00161 0.630029 2.89473 1.64946 -2.8874 1.70974 1.95253 -0.712838 1.32835 0.137947 1.98812 -1.34351 -1.5389 1.86924
