24.735
24.746
24.756
24.767
24.777
24.788
24.798
24.808
24.819
24.831
24.851
24.872
24.893
24.913
24.934
24.955
24.975
24.996
25.017
25.037
25.078
25.118
25.157
25.195
25.234
25.272
25.311
25.35
25.389
25.428
25.467
25.505
25.545
25.583
25.622
25.661
25.701
25.741
25.78
25.819
25.858
25.897
25.935
25.974
26.013
26.052
26.092
26.132
26.172
26.211
26.249
26.288
26.327
26.366
26.405
26.444
26.483
26.521
26.56
26.6
26.639
26.678
26.718
26.757
33.453
33.464
33.474
33.485
33.495
33.505
33.516
33.526
33.537
33.549
33.57
33.591
33.611
33.65
33.689
33.727
33.765
33.805
33.844
33.884
33.923
33.961
34
34.039
34.077
34.116
34.155
34.194
34.232
34.273
34.314
34.353
34.392
34.432
34.472
34.511
34.549
34.588
34.627
34.666
34.706
34.745
34.785
34.824
34.863
34.901
34.94
34.978
35.017
35.055
35.093
35.132
35.172
35.213
35.251
35.291
35.33
35.371
35.41
35.448
35.488
35.527
35.566
35.604
35.643
35.682
35.72
35.759
35.798
35.838
35.877
35.916
35.955
