2.75123 -0.507487 1.58205 -0.914099 -0.525509 -0.156552 0.817144 1.89335 1.40165 1.61672 -0.672968 2.13206 -0.810311 -0.352399 0.281309 -0.103463
2.75083 -0.507487 1.58205 -0.914099 -0.525509 -0.156552 0.817144 1.89335 1.40165 1.61672 -0.672968 2.13206 -0.810311 -0.352399 0.281309 -0.103463
2.74995 -0.507487 1.58205 -0.914099 -0.525509 -0.156552 0.817144 1.89335 1.40165 1.61672 -0.672968 2.13206 -0.810311 -0.352399 0.281309 -0.103463
2.74881 -0.507487 1.58205 -0.914099 -0.525509 -0.156552 0.817144 1.89335 1.40165 1.61672 -0.672968 2.13206 -0.810311 -0.352399 0.281309 -0.103463
2.74747 -0.507487 1.58205 -0.914099 -0.525509 -0.156552 0.817144 1.89335 1.40165 1.61672 -0.672968 2.13206 -0.810311 -0.352399 0.281309 -0.103463
2.74602 -0.507487 1.58205 -0.914099 -0.525509 -0.156552 0.817144 1.89335 1.40165 1.61672 -0.672968 2.13206 -0.810311 -0.352399 0.281309 -0.103463
2.74456 -0.507487 1.58205 -0.914099 -0.525509 -0.156552 0.817144 1.89335 1.40165 1.61672 -0.672968 2.13206 -0.810311 -0.352399 0.281309 -0.103463
2.74339 -0.507487 1.58205 -0.914099 -0.525509 -0.156552 0.817144 1.89335 1.40165 1.61672 -0.672968 2.13206 -0.810311 -0.352399 0.281309 -0.103463
2.74222 -0.507487 1.58205 -0.914099 -0.525509 -0.156552 0.817144 1.89335 1.40165 1.61672 -0.672968 2.13206 -0.810311 -0.352399 0.281309 -0.103463
2.74077 -0.507487 1.58205 -0.914099 -0.525509 -0.156552 0.817144 1.89335 1.40165 1.61672 -0.672968 2.13206 -0.810311 -0.352399 0.281309 -0.103463
2.73943 -0.507487 1.58205 -0.914099 -0.525509 -0.156552 0.817144 1.89335 1.40165 1.61672 -0.672968 2.13206 -0.810311 -0.352399 0.281309 -0.103463
2.7379 -0.507487 1.58205 -0.914099 -0.525509 -0.156552 0.817144 1.89335 1.40165 1.61672 -0.672968 2.13206 -0.810311 -0.352399 0.281309 -0.103463
2.73641 -0.507487 1.58205 -0.914099 -0.525509 -0.156552 0.817144 1.89335 1.40165 1.61672 -0.672968 2.13206 -0.810311 -0.352399 0.281309 -0.103463
2.73493 -0.507487 1.58205 -0.914099 -0.525509 -0.156552 0.817144 1.89335 1.40165 1.61672 -0.672968 2.13206 -0.810311 -0.352399 0.281309 -0.103463
2.73347 -0.507487 1.58205 -0.914099 -0.525509 -0.156552 0.817144 1.89335 1.40165 1.61672 -0.672968 2.13206 -0.810311 -0.352399 0.281309 -0.103463
2.732 -0.507487 1.58205 -0.914099 -0.525509 -0.156552 0.817144 1.89335 1.40165 1.61672 -0.672968 2.13206 -0.810311 -0.352399 0.281309 -0.103463
2.73044 -0.507487 1.58205 -0.914099 -0.525509 -0.156552 0.817144 1.89335 1.40165 1.61672 -0.672968 2.13206 -0.810311 -0.352399 0.281309 -0.103463
2.72889 -0.507487 1.58205 -0.914099 -0.525509 -0.156552 0.817144 1.89335 1.40165 1.61672 -0.672968 2.13206 -0.810311 -0.352399 0.281309 -0.103463
2.72722 -0.507487 1.58205 -0.914099 -0.525509 -0.156552 0.817144 1.89335 1.40165 1.61672 -0.672968 2.13206 -0.810311 -0.352399 0.281309 -0.103463
2.72554 -0.507487 1.58205 -0.914099 -0.525509 -0.156552 0.817144 1.89335 1.40165 1.61672 -0.672968 2.13206 -0.810311 -0.352399 0.281309 -0.103463
2.72243 -0.507487 1.58205 -0.914099 -0.525509 -0.156552 0.817144 1.89335 1.40165 1.61672 -0.672968 2.13206 -0.810311 -0.352399 0.281309 -0.103463
2.71942 -0.507487 1.58205 -0.914099 -0.525509 -0.156552 0.817144 1.89335 1.40165 1.61672 -0.672968 2.13206 -0.810311 -0.352399 0.281309 -0.103463
2.71644 -0.507487 1.58205 -0.914099 -0.525509 -0.156552 0.817144 1.89335 1.40165 1.61672 -0.672968 2.13206 -0.810311 -0.352399 0.281309 -0.103463
2.71339 -0.507487 1.58205 -0.914099 -0.525509 -0.156552 0.817144 1.89335 1.40165 1.61672 -0.672968 2.13206 -0.810311 -0.352399 0.281309 -0.103463
2.71037 -0.507487 1.58205 -0.914099 -0.525509 -0.156552 0.817144 1.89335 1.40165 1.61672 -0.672968 2.13206 -0.810311 -0.352399 0.281309 -0.103463
2.70717 -0.507487 1.58205 -0.914099 -0.525509 -0.156552 0.817144 1.89335 1.40165 1.61672 -0.672968 2.13206 -0.810311 -0.352399 0.281309 -0.103463
2.70408 -0.507487 1.58205 -0.914099 -0.525509 -0.156552 0.817144 1.89335 1.40165 1.61672 -0.672968 2.13206 -0.810311 -0.352399 0.281309 -0.103463
2.7011 -0.507487 1.58205 -0.914099 -0.525509 -0.156552 0.817144 1.89335 1.40165 1.61672 -0.672968 2.13206 -0.810311 -0.352399 0.281309 -0.103463
2.6981 -0.507487 1.58205 -0.914099 -0.525509 -0.156552 0.817144 1.89335 1.40165 1.61672 -0.672968 2.13206 -0.810311 -0.352399 0.281309 -0.103463
2.69502 -0.507487 1.58205 -0.914099 -0.525509 -0.156552 0.817144 1.89335 1.40165 1.61672 -0.672968 2.13206 -0.810311 -0.352399 0.281309 -0.103463
2.69192 -0.507487 1.58205 -0.914099 -0.525509 -0.156552 0.817144 1.89335 1.40165 1.61672 -0.672968 2.13206 -0.810311 -0.352399 0.281309 -0.103463
2.68876 -0.507487 1.58205 -0.914099 -0.525509 -0.156552 0.817144 1.89335 1.40165 1.61672 -0.672968 2.13206 -0.810311 -0.352399 0.281309 -0.103463
2.68551 -0.507487 1.58205 -0.914099 -0.525509 -0.156552 0.817144 1.89335 1.40165 1.61672 -0.672968 2.13206 -0.810311 -0.352399 0.281309 -0.103463
2.68228 -0.507487 1.58205 -0.914099 -0.525509 -0.156552 0.817144 1.89335 1.40165 1.61672 -0.672968 2.13206 -0.810311 -0.352399 0.281309 -0.103463
2.67898 -0.507487 1.58205 -0.914099 -0.525509 -0.156552 0.817144 1.89335 1.40165 1.61672 -0.672968 2.13206 -0.810311 -0.352399 0.281309 -0.103463
2.67571 -0.507487 1.58205 -0.914099 -0.525509 -0.156552 0.817144 1.89335 1.40165 1.61672 -0.672968 2.13206 -0.810311 -0.352399 0.281309 -0.103463
2.6725 -0.507487 1.58205 -0.914099 -0.525509 -0.156552 0.817144 1.89335 1.40165 1.61672 -0.672968 2.13206 -0.810311 -0.352399 0.281309 -0.103463
2.66929 -0.507487 1.58205 -0.914099 -0.525509 -0.156552 0.817144 1.89335 1.40165 1.61672 -0.672968 2.13206 -0.810311 -0.352399 0.281309 -0.103463
2.666 -0.507487 1.58205 -0.914099 -0.525509 -0.156552 0.817144 1.89335 1.40165 1.61672 -0.672968 2.13206 -0.810311 -0.352399 0.281309 -0.103463
2.66277 -0.507487 1.58205 -0.914099 -0.525509 -0.156552 0.817144 1.89335 1.40165 1.61672 -0.672968 2.13206 -0.810311 -0.352399 0.281309 -0.103463
2.65955 -0.507487 1.58205 -0.914099 -0.525509 -0.156552 0.817144 1.89335 1.40165 1.61672 -0.672968 2.13206 -0.810311 -0.352399 0.281309 -0.103463
2.65634 -0.507487 1.58205 -0.914099 -0.525509 -0.156552 0.817144 1.89335 1.40165 1.61672 -0.672968 2.13206 -0.810311 -0.352399 0.281309 -0.103463
2.65304 -0.507487 1.58205 -0.914099 -0.525509 -0.156552 0.817144 1.89335 1.40165 1.61672 -0.672968 2.13206 -0.810311 -0.352399 0.281309 -0.103463
2.64974 -0.507487 1.58205 -0.914099 -0.525509 -0.156552 0.817144 1.89335 1.40165 1.61672 -0.672968 2.13206 -0.810311 -0.352399 0.281309 -0.103463
2.6462 -0.507487 1.58205 -0.914099 -0.525509 -0.156552 0.817144 1.89335 1.40165 1.61672 -0.672968 2.13206 -0.810311 -0.352399 0.281309 -0.103463
2.64284 -0.507487 1.58205 -0.914099 -0.525509 -0.156552 0.817144 1.89335 1.40165 1.61672 -0.672968 2.13206 -0.810311 -0.352399 0.281309 -0.103463
2.63953 -0.507487 1.58205 -0.914099 -0.525509 -0.156552 0.817144 1.89335 1.40165 1.61672 -0.672968 2.13206 -0.810311 -0.352399 0.281309 -0.103463
2.63619 -0.507487 1.58205 -0.914099 -0.525509 -0.156552 0.817144 1.89335 1.40165 1.61672 -0.672968 2.13206 -0.810311 -0.352399 0.281309 -0.103463
2.63288 -0.507487 1.58205 -0.914099 -0.525509 -0.156552 0.817144 1.89335 1.40165 1.61672 -0.672968 2.13206 -0.810311 -0.352399 0.281309 -0.103463
2.62953 -0.507487 1.58205 -0.914099 -0.525509 -0.156552 0.817144 1.89335 1.40165 1.61672 -0.672968 2.13206 -0.810311 -0.352399 0.281309 -0.103463
2.62609 -0.507487 1.58205 -0.914099 -0.525509 -0.156552 0.817144 1.89335 1.40165 1.61672 -0.672968 2.13206 -0.810311 -0.352399 0.281309 -0.103463
2.62268 -0.507487 1.58205 -0.914099 -0.525509 -0.156552 0.817144 1.89335 1.40165 1.61672 -0.672968 2.13206 -0.810311 -0.352399 0.281309 -0.103463
2.61932 -0.507487 1.58205 -0.914099 -0.525509 -0.156552 0.817144 1.89335 1.40165 1.61672 -0.672968 2.13206 -0.810311 -0.352399 0.281309 -0.103463
2.61595 -0.507487 1.58205 -0.914099 -0.525509 -0.156552 0.817144 1.89335 1.40165 1.61672 -0.672968 2.13206 -0.810311 -0.352399 0.281309 -0.103463
2.61244 -0.507487 1.58205 -0.914099 -0.525509 -0.156552 0.817144 1.89335 1.40165 1.61672 -0.672968 2.13206 -0.810311 -0.352399 0.281309 -0.103463
2.60899 -0.507487 1.58205 -0.914099 -0.525509 -0.156552 0.817144 1.89335 1.40165 1.61672 -0.672968 2.13206 -0.810311 -0.352399 0.281309 -0.103463
2.60545 -0.507487 1.58205 -0.914099 -0.525509 -0.156552 0.817144 1.89335 1.40165 1.61672 -0.672968 2.13206 -0.810311 -0.352399 0.281309 -0.103463
2.60191 -0.507487 1.58205 -0.914099 -0.525509 -0.156552 0.817144 1.89335 1.40165 1.61672 -0.672968 2.13206 -0.810311 -0.352399 0.281309 -0.103463
2.59835 -0.507487 1.58205 -0.914099 -0.525509 -0.156552 0.817144 1.89335 1.40165 1.61672 -0.672968 2.13206 -0.810311 -0.352399 0.281309 -0.103463
2.59481 -0.507487 1.58205 -0.914099 -0.525509 -0.156552 0.817144 1.89335 1.40165 1.61672 -0.672968 2.13206 -0.810311 -0.352399 0.281309 -0.103463
2.59124 -0.507487 1.58205 -0.914099 -0.525509 -0.156552 0.817144 1.89335 1.40165 1.61672 -0.672968 2.13206 -0.810311 -0.352399 0.281309 -0.103463
2.58763 -0.507487 1.58205 -0.914099 -0.525509 -0.156552 0.817144 1.89335 1.40165 1.61672 -0.672968 2.13206 -0.810311 -0.352399 0.281309 -0.103463
2.58405 -0.507487 1.58205 -0.914099 -0.525509 -0.156552 0.817144 1.89335 1.40165 1.61672 -0.672968 2.13206 -0.810311 -0.352399 0.281309 -0.103463
2.58043 -0.507487 1.58205 -0.914099 -0.525509 -0.156552 0.817144 1.89335 1.40165 1.61672 -0.672968 2.13206 -0.810311 -0.352399 0.281309 -0.103463
2.57684 -0.507487 1.58205 -0.914099 -0.525509 -0.156552 0.817144 1.89335 1.40165 1.61672 -0.672968 2.13206 -0.810311 -0.352399 0.281309 -0.103463
2.5732 -0.507487 1.58205 -0.914099 -0.525509 -0.156552 0.817144 1.89335 1.40165 1.61672 -0.672968 2.13206 -0.810311 -0.352399 0.281309 -0.103463
2.56957 -0.507487 1.58205 -0.914099 -0.525509 -0.156552 0.817144 1.89335 1.40165 1.61672 -0.672968 2.13206 -0.810311 -0.352399 0.281309 -0.103463
2.56581 -0.507487 1.58205 -0.914099 -0.525509 -0.156552 0.817144 1.89335 1.40165 1.61672 -0.672968 2.13206 -0.810311 -0.352399 0.281309 -0.103463
2.56211 -0.507487 1.58205 -0.914099 -0.525509 -0.156552 0.817144 1.89335 1.40165 1.61672 -0.672968 2.13206 -0.810311 -0.352399 0.281309 -0.103463
2.55841 -0.507487 1.58205 -0.914099 -0.525509 -0.156552 0.817144 1.89335 1.40165 1.61672 -0.672968 2.13206 -0.810311 -0.352399 0.281309 -0.103463
2.55449 -0.507487 1.58205 -0.914099 -0.525509 -0.156552 0.817144 1.89335 1.40165 1.61672 -0.672968 2.13206 -0.810311 -0.352399 0.281309 -0.103463
2.55075 -0.507487 1.58205 -0.914099 -0.525509 -0.156552 0.817144 1.89335 1.40165 1.61672 -0.672968 2.13206 -0.810311 -0.352399 0.281309 -0.103463
2.54693 -0.507487 1.58205 -0.914099 -0.525509 -0.156552 0.817144 1.89335 1.40165 1.61672 -0.672968 2.13206 -0.810311 -0.352399 0.281309 -0.103463
2.54314 -0.507487 1.58205 -0.914099 -0.525509 -0.156552 0.817144 1.89335 1.40165 1.61672 -0.672968 2.13206 -0.810311 -0.352399 0.281309 -0.103463
2.53935 -0.507487 1.58205 -0.914099 -0.525509 -0.156552 0.817144 1.89335 1.40165 1.61672 -0.672968 2.13206 -0.810311 -0.352399 0.281309 -0.103463
2.53561 -0.507487 1.58205 -0.914099 -0.525509 -0.156552 0.817144 1.89335 1.40165 1.61672 -0.672968 2.13206 -0.810311 -0.352399 0.281309 -0.103463
2.53182 -0.507487 1.58205 -0.914099 -0.525509 -0.156552 0.817144 1.89335 1.40165 1.61672 -0.672968 2.13206 -0.810311 -0.352399 0.281309 -0.103463
2.52791 -0.507487 1.58205 -0.914099 -0.525509 -0.156552 0.817144 1.89335 1.40165 1.61672 -0.672968 2.13206 -0.810311 -0.352399 0.281309 -0.103463
2.5241 -0.507487 1.58205 -0.914099 -0.525509 -0.156552 0.817144 1.89335 1.40165 1.61672 -0.672968 2.13206 -0.810311 -0.352399 0.281309 -0.103463
2.52021 -0.507487 1.58205 -0.914099 -0.525509 -0.156552 0.817144 1.89335 1.40165 1.61672 -0.672968 2.13206 -0.810311 -0.352399 0.281309 -0.103463
2.51634 -0.507487 1.58205 -0.914099 -0.525509 -0.156552 0.817144 1.89335 1.40165 1.61672 -0.672968 2.13206 -0.810311 -0.352399 0.281309 -0.103463
2.51224 -0.507487 1.58205 -0.914099 -0.525509 -0.156552 0.817144 1.89335 1.40165 1.61672 -0.672968 2.13206 -0.810311 -0.352399 0.281309 -0.103463
2.5082 -0.507487 1.58205 -0.914099 -0.525509 -0.156552 0.817144 1.89335 1.40165 1.61672 -0.672968 2.13206 -0.810311 -0.352399 0.281309 -0.103463
2.50423 -0.507487 1.58205 -0.914099 -0.525509 -0.156552 0.817144 1.89335 1.40165 1.61672 -0.672968 2.13206 -0.810311 -0.352399 0.281309 -0.103463
2.50031 -0.507487 1.58205 -0.914099 -0.525509 -0.156552 0.817144 1.89335 1.40165 1.61672 -0.672968 2.13206 -0.810311 -0.352399 0.281309 -0.103463
2.49635 -0.507487 1.58205 -0.914099 -0.525509 -0.156552 0.817144 1.89335 1.40165 1.61672 -0.672968 2.13206 -0.810311 -0.352399 0.281309 -0.103463
2.49241 -0.507487 1.58205 -0.914099 -0.525509 -0.156552 0.817144 1.89335 1.40165 1.61672 -0.672968 2.13206 -0.810311 -0.352399 0.281309 -0.103463
2.48838 -0.507487 1.58205 -0.914099 -0.525509 -0.156552 0.817144 1.89335 1.40165 1.61672 -0.672968 2.13206 -0.810311 -0.352399 0.281309 -0.103463
2.4844 -0.507487 1.58205 -0.914099 -0.525509 -0.156552 0.817144 1.89335 1.40165 1.61672 -0.672968 2.13206 -0.810311 -0.352399 0.281309 -0.103463
2.48039 -0.507487 1.58205 -0.914099 -0.525509 -0.156552 0.817144 1.89335 1.40165 1.61672 -0.672968 2.13206 -0.810311 -0.352399 0.281309 -0.103463
2.47629 -0.507487 1.58205 -0.914099 -0.525509 -0.156552 0.817144 1.89335 1.40165 1.61672 -0.672968 2.13206 -0.810311 -0.352399 0.281309 -0.103463
2.47226 -0.507487 1.58205 -0.914099 -0.525509 -0.156552 0.817144 1.89335 1.40165 1.61672 -0.672968 2.13206 -0.810311 -0.352399 0.281309 -0.103463
2.46815 -0.507487 1.58205 -0.914099 -0.525509 -0.156552 0.817144 1.89335 1.40165 1.61672 -0.672968 2.13206 -0.810311 -0.352399 0.281309 -0.103463
2.46393 -0.507487 1.58205 -0.914099 -0.525509 -0.156552 0.817144 1.89335 1.40165 1.61672 -0.672968 2.13206 -0.810311 -0.352399 0.281309 -0.103463
2.45955 -0.507487 1.58205 -0.914099 -0.525509 -0.156552 0.817144 1.89335 1.40165 1.61672 -0.672968 2.13206 -0.810311 -0.352399 0.281309 -0.103463
2.45532 -0.507487 1.58205 -0.914099 -0.525509 -0.156552 0.817144 1.89335 1.40165 1.61672 -0.672968 2.13206 -0.810311 -0.352399 0.281309 -0.103463
2.45116 -0.507487 1.58205 -0.914099 -0.525509 -0.156552 0.817144 1.89335 1.40165 1.61672 -0.672968 2.13206 -0.810311 -0.352399 0.281309 -0.103463
2.44694 -0.507487 1.58205 -0.914099 -0.525509 -0.156552 0.817144 1.89335 1.40165 1.61672 -0.672968 2.13206 -0.810311 -0.352399 0.281309 -0.103463
2.44266 -0.507487 1.58205 -0.914099 -0.525509 -0.156552 0.817144 1.89335 1.40165 1.61672 -0.672968 2.13206 -0.810311 -0.352399 0.281309 -0.103463
2.43854 -0.507487 1.58205 -0.914099 -0.525509 -0.156552 0.817144 1.89335 1.40165 1.61672 -0.672968 2.13206 -0.810311 -0.352399 0.281309 -0.103463
2.43435 -0.507487 1.58205 -0.914099 -0.525509 -0.156552 0.817144 1.89335 1.40165 1.61672 -0.672968 2.13206 -0.810311 -0.352399 0.281309 -0.103463
2.43006 -0.507487 1.58205 -0.914099 -0.525509 -0.156552 0.817144 1.89335 1.40165 1.61672 -0.672968 2.13206 -0.810311 -0.352399 0.281309 -0.103463
2.42585 -0.507487 1.58205 -0.914099 -0.525509 -0.156552 0.817144 1.89335 1.40165 1.61672 -0.672968 2.13206 -0.810311 -0.352399 0.281309 -0.103463
2.42158 -0.507487 1.58205 -0.914099 -0.525509 -0.156552 0.817144 1.89335 1.40165 1.61672 -0.672968 2.13206 -0.810311 -0.352399 0.281309 -0.103463
2.41725 -0.507487 1.58205 -0.914099 -0.525509 -0.156552 0.817144 1.89335 1.40165 1.61672 -0.672968 2.13206 -0.810311 -0.352399 0.281309 -0.103463
2.41293 -0.507487 1.58205 -0.914099 -0.525509 -0.156552 0.817144 1.89335 1.40165 1.61672 -0.672968 2.13206 -0.810311 -0.352399 0.281309 -0.103463
2.40855 -0.507487 1.58205 -0.914099 -0.525509 -0.156552 0.817144 1.89335 1.40165 1.61672 -0.672968 2.13206 -0.810311 -0.352399 0.281309 -0.103463
2.40404 -0.507487 1.58205 -0.914099 -0.525509 -0.156552 0.817144 1.89335 1.40165 1.61672 -0.672968 2.13206 -0.810311 -0.352399 0.281309 -0.103463
2.39968 -0.507487 1.58205 -0.914099 -0.525509 -0.156552 0.817144 1.89335 1.40165 1.61672 -0.672968 2.13206 -0.810311 -0.352399 0.281309 -0.103463
2.39525 -0.507487 1.58205 -0.914099 -0.525509 -0.156552 0.817144 1.89335 1.40165 1.61672 -0.672968 2.13206 -0.810311 -0.352399 0.281309 -0.103463
2.39082 -0.507487 1.58205 -0.914099 -0.525509 -0.156552 0.817144 1.89335 1.40165 1.61672 -0.672968 2.13206 -0.810311 -0.352399 0.281309 -0.103463
2.3864 -0.507487 1.58205 -0.914099 -0.525509 -0.156552 0.817144 1.89335 1.40165 1.61672 -0.672968 2.13206 -0.810311 -0.352399 0.281309 -0.103463
2.38196 -0.507487 1.58205 -0.914099 -0.525509 -0.156552 0.817144 1.89335 1.40165 1.61672 -0.672968 2.13206 -0.810311 -0.352399 0.281309 -0.103463
2.37753 -0.507487 1.58205 -0.914099 -0.525509 -0.156552 0.817144 1.89335 1.40165 1.61672 -0.672968 2.13206 -0.810311 -0.352399 0.281309 -0.103463
2.37301 -0.507487 1.58205 -0.914099 -0.525509 -0.156552 0.817144 1.89335 1.40165 1.61672 -0.672968 2.13206 -0.810311 -0.352399 0.281309 -0.103463
2.36845 -0.507487 1.58205 -0.914099 -0.525509 -0.156552 0.817144 1.89335 1.40165 1.61672 -0.672968 2.13206 -0.810311 -0.352399 0.281309 -0.103463
2.36389 -0.507487 1.58205 -0.914099 -0.525509 -0.156552 0.817144 1.89335 1.40165 1.61672 -0.672968 2.13206 -0.810311 -0.352399 0.281309 -0.103463
2.35931 -0.507487 1.58205 -0.914099 -0.525509 -0.156552 0.817144 1.89335 1.40165 1.61672 -0.672968 2.13206 -0.810311 -0.352399 0.281309 -0.103463
2.35474 -0.507487 1.58205 -0.914099 -0.525509 -0.156552 0.817144 1.89335 1.40165 1.61672 -0.672968 2.13206 -0.810311 -0.352399 0.281309 -0.103463
2.34992 -0.507487 1.58205 -0.914099 -0.525509 -0.156552 0.817144 1.89335 1.40165 1.61672 -0.672968 2.13206 -0.810311 -0.352399 0.281309 -0.103463
2.34527 -0.507487 1.58205 -0.914099 -0.525509 -0.156552 0.817144 1.89335 1.40165 1.61672 -0.672968 2.13206 -0.810311 -0.352399 0.281309 -0.103463
2.34047 -0.507487 1.58205 -0.914099 -0.525509 -0.156552 0.817144 1.89335 1.40165 1.61672 -0.672968 2.13206 -0.810311 -0.352399 0.281309 -0.103463
2.33559 -0.507487 1.58205 -0.914099 -0.525509 -0.156552 0.817144 1.89335 1.40165 1.61672 -0.672968 2.13206 -0.810311 -0.352399 0.281309 -0.103463
2.33086 -0.507487 1.58205 -0.914099 -0.525509 -0.156552 0.817144 1.89335 1.40165 1.61672 -0.672968 2.13206 -0.810311 -0.352399 0.281309 -0.103463
2.32608 -0.507487 1.58205 -0.914099 -0.525509 -0.156552 0.817144 1.89335 1.40165 1.61672 -0.672968 2.13206 -0.810311 -0.352399 0.281309 -0.103463
2.32258 -0.507487 1.58205 -0.914099 -0.525509 -0.156552 0.817144 1.89335 1.40165 1.61672 -0.672968 2.13206 -0.810311 -0.352399 0.281309 -0.103463
2.32537 -0.507487 1.58205 -0.914099 -0.525509 -0.156552 0.817144 1.89335 1.40165 1.61672 -0.672968 2.13206 -0.810311 -0.352399 0.281309 -0.103463
2.32742 -0.507487 1.58205 -0.914099 -0.525509 -0.156552 0.817144 1.89335 1.40165 1.61672 -0.672968 2.13206 -0.810311 -0.352399 0.281309 -0.103463
2.32858 -0.507487 1.58205 -0.914099 -0.525509 -0.156552 0.817144 1.89335 1.40165 1.61672 -0.672968 2.13206 -0.810311 -0.352399 0.281309 -0.103463
2.32938 -0.507487 1.58205 -0.914099 -0.525509 -0.156552 0.817144 1.89335 1.40165 1.61672 -0.672968 2.13206 -0.810311 -0.352399 0.281309 -0.103463
2.3301 -0.507487 1.58205 -0.914099 -0.525509 -0.156552 0.817144 1.89335 1.40165 1.61672 -0.672968 2.13206 -0.810311 -0.352399 0.281309 -0.103463
2.33095 -0.507487 1.58205 -0.914099 -0.525509 -0.156552 0.817144 1.89335 1.40165 1.61672 -0.672968 2.13206 -0.810311 -0.352399 0.281309 -0.103463
2.33195 -0.507487 1.58205 -0.914099 -0.525509 -0.156552 0.817144 1.89335 1.40165 1.61672 -0.672968 2.13206 -0.810311 -0.352399 0.281309 -0.103463
2.33412 -0.507487 1.58205 -0.914099 -0.525509 -0.156552 0.817144 1.89335 1.40165 1.61672 -0.672968 2.13206 -0.810311 -0.352399 0.281309 -0.103463
2.33686 -0.507487 1.58205 -0.914099 -0.525509 -0.156552 0.817144 1.89335 1.40165 1.61672 -0.672968 2.13206 -0.810311 -0.352399 0.281309 -0.103463
2.34258 -0.507487 1.58205 -0.914099 -0.525509 -0.156552 0.817144 1.89335 1.40165 1.61672 -0.672968 2.13206 -0.810311 -0.352399 0.281309 -0.103463
2.34911 -0.507487 1.58205 -0.914099 -0.525509 -0.156552 0.817144 1.89335 1.40165 1.61672 -0.672968 2.13206 -0.810311 -0.352399 0.281309 -0.103463
2.35634 -0.507487 1.58205 -0.914099 -0.525509 -0.156552 0.817144 1.89335 1.40165 1.61672 -0.672968 2.13206 -0.810311 -0.352399 0.281309 -0.103463
2.3644 -0.507487 1.58205 -0.914099 -0.525509 -0.156552 0.817144 1.89335 1.40165 1.61672 -0.672968 2.13206 -0.810311 -0.352399 0.281309 -0.103463
2.37158 -0.507487 1.58205 -0.914099 -0.525509 -0.156552 0.817144 1.89335 1.40165 1.61672 -0.672968 2.13206 -0.810311 -0.352399 0.281309 -0.103463
2.3793 -0.507487 1.58205 -0.914099 -0.525509 -0.156552 0.817144 1.89335 1.40165 1.61672 -0.672968 2.13206 -0.810311 -0.352399 0.281309 -0.103463
2.38798 -0.507487 1.58205 -0.914099 -0.525509 -0.156552 0.817144 1.89335 1.40165 1.61672 -0.672968 2.13206 -0.810311 -0.352399 0.281309 -0.103463
2.39743 -0.507487 1.58205 -0.914099 -0.525509 -0.156552 0.817144 1.89335 1.40165 1.61672 -0.672968 2.13206 -0.810311 -0.352399 0.281309 -0.103463
2.40723 -0.507487 1.58205 -0.914099 -0.525509 -0.156552 0.817144 1.89335 1.40165 1.61672 -0.672968 2.13206 -0.810311 -0.352399 0.281309 -0.103463
2.41737 -0.507487 1.58205 -0.914099 -0.525509 -0.156552 0.817144 1.89335 1.40165 1.61672 -0.672968 2.13206 -0.810311 -0.352399 0.281309 -0.103463
2.4279 -0.507487 1.58205 -0.914099 -0.525509 -0.156552 0.817144 1.89335 1.40165 1.61672 -0.672968 2.13206 -0.810311 -0.352399 0.281309 -0.103463
2.43934 -0.507487 1.58205 -0.914099 -0.525509 -0.156552 0.817144 1.89335 1.40165 1.61672 -0.672968 2.13206 -0.810311 -0.352399 0.281309 -0.103463
2.4516 -0.507487 1.58205 -0.914099 -0.525509 -0.156552 0.817144 1.89335 1.40165 1.61672 -0.672968 2.13206 -0.810311 -0.352399 0.281309 -0.103463
2.46467 -0.507487 1.58205 -0.914099 -0.525509 -0.156552 0.817144 1.89335 1.40165 1.61672 -0.672968 2.13206 -0.810311 -0.352399 0.281309 -0.103463
2.47845 -0.507487 1.58205 -0.914099 -0.525509 -0.156552 0.817144 1.89335 1.40165 1.61672 -0.672968 2.13206 -0.810311 -0.352399 0.281309 -0.103463
2.49246 -0.507487 1.58205 -0.914099 -0.525509 -0.156552 0.817144 1.89335 1.40165 1.61672 -0.672968 2.13206 -0.810311 -0.352399 0.281309 -0.103463
2.50678 -0.507487 1.58205 -0.914099 -0.525509 -0.156552 0.817144 1.89335 1.40165 1.61672 -0.672968 2.13206 -0.810311 -0.352399 0.281309 -0.103463
2.52159 -0.507487 1.58205 -0.914099 -0.525509 -0.156552 0.817144 1.89335 1.40165 1.61672 -0.672968 2.13206 -0.810311 -0.352399 0.281309 -0.103463
2.53729 -0.507487 1.58205 -0.914099 -0.525509 -0.156552 0.817144 1.89335 1.40165 1.61672 -0.672968 2.13206 -0.810311 -0.352399 0.281309 -0.103463
2.16485 -0.507487 1.58205 -0.914099 -0.525509 -0.156552 0.817144 1.89335 1.40165 1.61672 -0.672968 2.13206 -0.810311 -0.352399 0.281309 -0.103463
2.16486 -0.507487 1.58205 -0.914099 -0.525509 -0.156552 0.817144 1.89335 1.40165 1.61672 -0.672968 2.13206 -0.810311 -0.352399 0.281309 -0.103463
2.16486 -0.507487 1.58205 -0.914099 -0.525509 -0.156552 0.817144 1.89335 1.40165 1.61672 -0.672968 2.13206 -0.810311 -0.352399 0.281309 -0.103463
2.16486 -0.507487 1.58205 -0.914099 -0.525509 -0.156552 0.817144 1.89335 1.40165 1.61672 -0.672968 2.13206 -0.810311 -0.352399 0.281309 -0.103463
2.16501 -0.507487 1.58205 -0.914099 -0.525509 -0.156552 0.817144 1.89335 1.40165 1.61672 -0.672968 2.13206 -0.810311 -0.352399 0.281309 -0.103463
2.16573 -0.507487 1.58205 -0.914099 -0.525509 -0.156552 0.817144 1.89335 1.40165 1.61672 -0.672968 2.13206 -0.810311 -0.352399 0.281309 -0.103463
2.1666 -0.507487 1.58205 -0.914099 -0.525509 -0.156552 0.817144 1.89335 1.40165 1.61672 -0.672968 2.13206 -0.810311 -0.352399 0.281309 -0.103463
2.16754 -0.507487 1.58205 -0.914099 -0.525509 -0.156552 0.817144 1.89335 1.40165 1.61672 -0.672968 2.13206 -0.810311 -0.352399 0.281309 -0.103463
2.16844 -0.507487 1.58205 -0.914099 -0.525509 -0.156552 0.817144 1.89335 1.40165 1.61672 -0.672968 2.13206 -0.810311 -0.352399 0.281309 -0.103463
2.16933 -0.507487 1.58205 -0.914099 -0.525509 -0.156552 0.817144 1.89335 1.40165 1.61672 -0.672968 2.13206 -0.810311 -0.352399 0.281309 -0.103463
2.17026 -0.507487 1.58205 -0.914099 -0.525509 -0.156552 0.817144 1.89335 1.40165 1.61672 -0.672968 2.13206 -0.810311 -0.352399 0.281309 -0.103463
2.17118 -0.507487 1.58205 -0.914099 -0.525509 -0.156552 0.817144 1.89335 1.40165 1.61672 -0.672968 2.13206 -0.810311 -0.352399 0.281309 -0.103463
2.17201 -0.507487 1.58205 -0.914099 -0.525509 -0.156552 0.817144 1.89335 1.40165 1.61672 -0.672968 2.13206 -0.810311 -0.352399 0.281309 -0.103463
2.17316 -0.507487 1.58205 -0.914099 -0.525509 -0.156552 0.817144 1.89335 1.40165 1.61672 -0.672968 2.13206 -0.810311 -0.352399 0.281309 -0.103463
2.17437 -0.507487 1.58205 -0.914099 -0.525509 -0.156552 0.817144 1.89335 1.40165 1.61672 -0.672968 2.13206 -0.810311 -0.352399 0.281309 -0.103463
2.17618 -0.507487 1.58205 -0.914099 -0.525509 -0.156552 0.817144 1.89335 1.40165 1.61672 -0.672968 2.13206 -0.810311 -0.352399 0.281309 -0.103463
2.17845 -0.507487 1.58205 -0.914099 -0.525509 -0.156552 0.817144 1.89335 1.40165 1.61672 -0.672968 2.13206 -0.810311 -0.352399 0.281309 -0.103463
2.18118 -0.507487 1.58205 -0.914099 -0.525509 -0.156552 0.817144 1.89335 1.40165 1.61672 -0.672968 2.13206 -0.810311 -0.352399 0.281309 -0.103463
2.18416 -0.507487 1.58205 -0.914099 -0.525509 -0.156552 0.817144 1.89335 1.40165 1.61672 -0.672968 2.13206 -0.810311 -0.352399 0.281309 -0.103463
2.18752 -0.507487 1.58205 -0.914099 -0.525509 -0.156552 0.817144 1.89335 1.40165 1.61672 -0.672968 2.13206 -0.810311 -0.352399 0.281309 -0.103463
2.19109 -0.507487 1.58205 -0.914099 -0.525509 -0.156552 0.817144 1.89335 1.40165 1.61672 -0.672968 2.13206 -0.810311 -0.352399 0.281309 -0.103463
2.19481 -0.507487 1.58205 -0.914099 -0.525509 -0.156552 0.817144 1.89335 1.40165 1.61672 -0.672968 2.13206 -0.810311 -0.352399 0.281309 -0.103463
2.1983 -0.507487 1.58205 -0.914099 -0.525509 -0.156552 0.817144 1.89335 1.40165 1.61672 -0.672968 2.13206 -0.810311 -0.352399 0.281309 -0.103463
2.2018 -0.507487 1.58205 -0.914099 -0.525509 -0.156552 0.817144 1.89335 1.40165 1.61672 -0.672968 2.13206 -0.810311 -0.352399 0.281309 -0.103463
2.20534 -0.507487 1.58205 -0.914099 -0.525509 -0.156552 0.817144 1.89335 1.40165 1.61672 -0.672968 2.13206 -0.810311 -0.352399 0.281309 -0.103463
2.20891 -0.507487 1.58205 -0.914099 -0.525509 -0.156552 0.817144 1.89335 1.40165 1.61672 -0.672968 2.13206 -0.810311 -0.352399 0.281309 -0.103463
2.21257 -0.507487 1.58205 -0.914099 -0.525509 -0.156552 0.817144 1.89335 1.40165 1.61672 -0.672968 2.13206 -0.810311 -0.352399 0.281309 -0.103463
2.21637 -0.507487 1.58205 -0.914099 -0.525509 -0.156552 0.817144 1.89335 1.40165 1.61672 -0.672968 2.13206 -0.810311 -0.352399 0.281309 -0.103463
2.22026 -0.507487 1.58205 -0.914099 -0.525509 -0.156552 0.817144 1.89335 1.40165 1.61672 -0.672968 2.13206 -0.810311 -0.352399 0.281309 -0.103463
2.2244 -0.507487 1.58205 -0.914099 -0.525509 -0.156552 0.817144 1.89335 1.40165 1.61672 -0.672968 2.13206 -0.810311 -0.352399 0.281309 -0.103463
2.22868 -0.507487 1.58205 -0.914099 -0.525509 -0.156552 0.817144 1.89335 1.40165 1.61672 -0.672968 2.13206 -0.810311 -0.352399 0.281309 -0.103463
2.23317 -0.507487 1.58205 -0.914099 -0.525509 -0.156552 0.817144 1.89335 1.40165 1.61672 -0.672968 2.13206 -0.810311 -0.352399 0.281309 -0.103463
2.23787 -0.507487 1.58205 -0.914099 -0.525509 -0.156552 0.817144 1.89335 1.40165 1.61672 -0.672968 2.13206 -0.810311 -0.352399 0.281309 -0.103463
2.24266 -0.507487 1.58205 -0.914099 -0.525509 -0.156552 0.817144 1.89335 1.40165 1.61672 -0.672968 2.13206 -0.810311 -0.352399 0.281309 -0.103463
2.24768 -0.507487 1.58205 -0.914099 -0.525509 -0.156552 0.817144 1.89335 1.40165 1.61672 -0.672968 2.13206 -0.810311 -0.352399 0.281309 -0.103463
2.25278 -0.507487 1.58205 -0.914099 -0.525509 -0.156552 0.817144 1.89335 1.40165 1.61672 -0.672968 2.13206 -0.810311 -0.352399 0.281309 -0.103463
2.25818 -0.507487 1.58205 -0.914099 -0.525509 -0.156552 0.817144 1.89335 1.40165 1.61672 -0.672968 2.13206 -0.810311 -0.352399 0.281309 -0.103463
2.26372 -0.507487 1.58205 -0.914099 -0.525509 -0.156552 0.817144 1.89335 1.40165 1.61672 -0.672968 2.13206 -0.810311 -0.352399 0.281309 -0.103463
2.26948 -0.507487 1.58205 -0.914099 -0.525509 -0.156552 0.817144 1.89335 1.40165 1.61672 -0.672968 2.13206 -0.810311 -0.352399 0.281309 -0.103463
2.27562 -0.507487 1.58205 -0.914099 -0.525509 -0.156552 0.817144 1.89335 1.40165 1.61672 -0.672968 2.13206 -0.810311 -0.352399 0.281309 -0.103463
2.28218 -0.507487 1.58205 -0.914099 -0.525509 -0.156552 0.817144 1.89335 1.40165 1.61672 -0.672968 2.13206 -0.810311 -0.352399 0.281309 -0.103463
2.28868 -0.507487 1.58205 -0.914099 -0.525509 -0.156552 0.817144 1.89335 1.40165 1.61672 -0.672968 2.13206 -0.810311 -0.352399 0.281309 -0.103463
2.29524 -0.507487 1.58205 -0.914099 -0.525509 -0.156552 0.817144 1.89335 1.40165 1.61672 -0.672968 2.13206 -0.810311 -0.352399 0.281309 -0.103463
2.30211 -0.507487 1.58205 -0.914099 -0.525509 -0.156552 0.817144 1.89335 1.40165 1.61672 -0.672968 2.13206 -0.810311 -0.352399 0.281309 -0.103463
2.30922 -0.507487 1.58205 -0.914099 -0.525509 -0.156552 0.817144 1.89335 1.40165 1.61672 -0.672968 2.13206 -0.810311 -0.352399 0.281309 -0.103463
2.31652 -0.507487 1.58205 -0.914099 -0.525509 -0.156552 0.817144 1.89335 1.40165 1.61672 -0.672968 2.13206 -0.810311 -0.352399 0.281309 -0.103463
2.32397 -0.507487 1.58205 -0.914099 -0.525509 -0.156552 0.817144 1.89335 1.40165 1.61672 -0.672968 2.13206 -0.810311 -0.352399 0.281309 -0.103463
2.33188 -0.507487 1.58205 -0.914099 -0.525509 -0.156552 0.817144 1.89335 1.40165 1.61672 -0.672968 2.13206 -0.810311 -0.352399 0.281309 -0.103463
2.33999 -0.507487 1.58205 -0.914099 -0.525509 -0.156552 0.817144 1.89335 1.40165 1.61672 -0.672968 2.13206 -0.810311 -0.352399 0.281309 -0.103463
2.34853 -0.507487 1.58205 -0.914099 -0.525509 -0.156552 0.817144 1.89335 1.40165 1.61672 -0.672968 2.13206 -0.810311 -0.352399 0.281309 -0.103463
2.3572 -0.507487 1.58205 -0.914099 -0.525509 -0.156552 0.817144 1.89335 1.40165 1.61672 -0.672968 2.13206 -0.810311 -0.352399 0.281309 -0.103463
2.36625 -0.507487 1.58205 -0.914099 -0.525509 -0.156552 0.817144 1.89335 1.40165 1.61672 -0.672968 2.13206 -0.810311 -0.352399 0.281309 -0.103463
2.37583 -0.507487 1.58205 -0.914099 -0.525509 -0.156552 0.817144 1.89335 1.40165 1.61672 -0.672968 2.13206 -0.810311 -0.352399 0.281309 -0.103463
2.38579 -0.507487 1.58205 -0.914099 -0.525509 -0.156552 0.817144 1.89335 1.40165 1.61672 -0.672968 2.13206 -0.810311 -0.352399 0.281309 -0.103463
2.39596 -0.507487 1.58205 -0.914099 -0.525509 -0.156552 0.817144 1.89335 1.40165 1.61672 -0.672968 2.13206 -0.810311 -0.352399 0.281309 -0.103463
2.40637 -0.507487 1.58205 -0.914099 -0.525509 -0.156552 0.817144 1.89335 1.40165 1.61672 -0.672968 2.13206 -0.810311 -0.352399 0.281309 -0.103463
2.41748 -0.507487 1.58205 -0.914099 -0.525509 -0.156552 0.817144 1.89335 1.40165 1.61672 -0.672968 2.13206 -0.810311 -0.352399 0.281309 -0.103463
2.42892 -0.507487 1.58205 -0.914099 -0.525509 -0.156552 0.817144 1.89335 1.40165 1.61672 -0.672968 2.13206 -0.810311 -0.352399 0.281309 -0.103463
2.44053 -0.507487 1.58205 -0.914099 -0.525509 -0.156552 0.817144 1.89335 1.40165 1.61672 -0.672968 2.13206 -0.810311 -0.352399 0.281309 -0.103463
2.45324 -0.507487 1.58205 -0.914099 -0.525509 -0.156552 0.817144 1.89335 1.40165 1.61672 -0.672968 2.13206 -0.810311 -0.352399 0.281309 -0.103463
2.46614 -0.507487 1.58205 -0.914099 -0.525509 -0.156552 0.817144 1.89335 1.40165 1.61672 -0.672968 2.13206 -0.810311 -0.352399 0.281309 -0.103463
2.47946 -0.507487 1.58205 -0.914099 -0.525509 -0.156552 0.817144 1.89335 1.40165 1.61672 -0.672968 2.13206 -0.810311 -0.352399 0.281309 -0.103463
2.49356 -0.507487 1.58205 -0.914099 -0.525509 -0.156552 0.817144 1.89335 1.40165 1.61672 -0.672968 2.13206 -0.810311 -0.352399 0.281309 -0.103463
2.50812 -0.507487 1.58205 -0.914099 -0.525509 -0.156552 0.817144 1.89335 1.40165 1.61672 -0.672968 2.13206 -0.810311 -0.352399 0.281309 -0.103463
2.52314 -0.507487 1.58205 -0.914099 -0.525509 -0.156552 0.817144 1.89335 1.40165 1.61672 -0.672968 2.13206 -0.810311 -0.352399 0.281309 -0.103463
2.53893 -0.507487 1.58205 -0.914099 -0.525509 -0.156552 0.817144 1.89335 1.40165 1.61672 -0.672968 2.13206 -0.810311 -0.352399 0.281309 -0.103463
2.55564 -0.507487 1.58205 -0.914099 -0.525509 -0.156552 0.817144 1.89335 1.40165 1.61672 -0.672968 2.13206 -0.810311 -0.352399 0.281309 -0.103463
