4.788
4.798
4.809
4.819
4.83
4.84
4.85
4.861
4.871
4.883
4.903
4.924
4.945
4.966
4.986
5.007
5.028
5.048
5.069
5.089
5.129
5.167
5.206
5.245
5.283
5.323
5.361
5.4
5.438
5.477
5.515
5.554
5.593
5.632
5.672
5.711
5.75
5.789
5.827
5.866
5.904
5.944
5.982
6.022
6.061
6.1
6.138
6.177
6.216
6.254
6.292
6.331
6.37
6.409
6.448
6.487
6.525
6.565
6.604
6.643
6.682
6.721
6.76
6.799
6.838
6.876
6.915
6.954
6.993
7.034
7.072
7.112
7.15
7.189
7.228
7.266
7.305
7.343
7.382
7.421
7.461
7.501
7.54
7.58
7.618
7.657
7.696
7.734
7.773
7.812
7.851
7.89
7.928
7.97
8.011
8.05
8.089
8.128
8.168
8.206
8.245
8.284
8.322
8.361
8.4
8.439
8.478
8.518
8.557
8.596
8.635
8.674
8.712
8.751
8.79
8.828
8.868
8.906
8.945
8.986
9.025
9.067
9.106
9.144
9.184
9.783
9.794
9.805
9.816
9.826
9.837
9.848
9.859
9.869
9.882
9.922
9.961
10.007
10.046
10.086
10.124
10.163
10.201
10.241
10.279
10.318
10.356
10.395
10.433
10.472
10.511
10.55
10.59
10.63
22.125
22.135
22.146
22.156
22.167
22.177
22.188
22.198
22.208
22.22
22.241
22.262
22.282
22.323
22.362
22.401
22.44
22.479
22.518
22.557
22.596
22.635
22.673
22.711
22.75
22.789
22.827
22.866
22.904
22.942
22.98
23.02
23.058
23.097
23.135
23.174
23.213
23.252
23.292
23.336
23.375
23.414
23.453
23.491
23.529
23.568
23.606
23.644
23.683
23.722
23.76
23.799
23.838
23.877
23.915
23.954
23.993
24.032
24.07
24.11
24.149
24.188
24.227
24.266
24.305
24.345
24.386
