1.35752 -0.528765 -2.85139 1.86333 0.85507 0.997747 -1.68602 -1.85847 2.75539 -2.24017 1.77264 -0.94869 0.255636 -1.8621 0.245465 -1.38411
1.35752 -0.528765 -2.85139 1.86333 0.85507 0.997747 -1.68602 -1.85847 2.75539 -2.24017 1.77264 -0.94869 0.255636 -1.8621 0.245465 -1.38411
1.35752 -0.528765 -2.85139 1.86333 0.85507 0.997747 -1.68602 -1.85847 2.75539 -2.24017 1.77264 -0.94869 0.255636 -1.8621 0.245465 -1.38411
1.35752 -0.528765 -2.85139 1.86333 0.85507 0.997747 -1.68602 -1.85847 2.75539 -2.24017 1.77264 -0.94869 0.255636 -1.8621 0.245465 -1.38411
1.35786 -0.528765 -2.85139 1.86333 0.85507 0.997747 -1.68602 -1.85847 2.75539 -2.24017 1.77264 -0.94869 0.255636 -1.8621 0.245465 -1.38411
1.35835 -0.528765 -2.85139 1.86333 0.85507 0.997747 -1.68602 -1.85847 2.75539 -2.24017 1.77264 -0.94869 0.255636 -1.8621 0.245465 -1.38411
1.35881 -0.528765 -2.85139 1.86333 0.85507 0.997747 -1.68602 -1.85847 2.75539 -2.24017 1.77264 -0.94869 0.255636 -1.8621 0.245465 -1.38411
1.35925 -0.528765 -2.85139 1.86333 0.85507 0.997747 -1.68602 -1.85847 2.75539 -2.24017 1.77264 -0.94869 0.255636 -1.8621 0.245465 -1.38411
1.3597 -0.528765 -2.85139 1.86333 0.85507 0.997747 -1.68602 -1.85847 2.75539 -2.24017 1.77264 -0.94869 0.255636 -1.8621 0.245465 -1.38411
1.36017 -0.528765 -2.85139 1.86333 0.85507 0.997747 -1.68602 -1.85847 2.75539 -2.24017 1.77264 -0.94869 0.255636 -1.8621 0.245465 -1.38411
1.36066 -0.528765 -2.85139 1.86333 0.85507 0.997747 -1.68602 -1.85847 2.75539 -2.24017 1.77264 -0.94869 0.255636 -1.8621 0.245465 -1.38411
1.3612 -0.528765 -2.85139 1.86333 0.85507 0.997747 -1.68602 -1.85847 2.75539 -2.24017 1.77264 -0.94869 0.255636 -1.8621 0.245465 -1.38411
1.36181 -0.528765 -2.85139 1.86333 0.85507 0.997747 -1.68602 -1.85847 2.75539 -2.24017 1.77264 -0.94869 0.255636 -1.8621 0.245465 -1.38411
1.3625 -0.528765 -2.85139 1.86333 0.85507 0.997747 -1.68602 -1.85847 2.75539 -2.24017 1.77264 -0.94869 0.255636 -1.8621 0.245465 -1.38411
1.36325 -0.528765 -2.85139 1.86333 0.85507 0.997747 -1.68602 -1.85847 2.75539 -2.24017 1.77264 -0.94869 0.255636 -1.8621 0.245465 -1.38411
1.36405 -0.528765 -2.85139 1.86333 0.85507 0.997747 -1.68602 -1.85847 2.75539 -2.24017 1.77264 -0.94869 0.255636 -1.8621 0.245465 -1.38411
1.36489 -0.528765 -2.85139 1.86333 0.85507 0.997747 -1.68602 -1.85847 2.75539 -2.24017 1.77264 -0.94869 0.255636 -1.8621 0.245465 -1.38411
1.36673 -0.528765 -2.85139 1.86333 0.85507 0.997747 -1.68602 -1.85847 2.75539 -2.24017 1.77264 -0.94869 0.255636 -1.8621 0.245465 -1.38411
1.36876 -0.528765 -2.85139 1.86333 0.85507 0.997747 -1.68602 -1.85847 2.75539 -2.24017 1.77264 -0.94869 0.255636 -1.8621 0.245465 -1.38411
1.37075 -0.528765 -2.85139 1.86333 0.85507 0.997747 -1.68602 -1.85847 2.75539 -2.24017 1.77264 -0.94869 0.255636 -1.8621 0.245465 -1.38411
1.37285 -0.528765 -2.85139 1.86333 0.85507 0.997747 -1.68602 -1.85847 2.75539 -2.24017 1.77264 -0.94869 0.255636 -1.8621 0.245465 -1.38411
1.37499 -0.528765 -2.85139 1.86333 0.85507 0.997747 -1.68602 -1.85847 2.75539 -2.24017 1.77264 -0.94869 0.255636 -1.8621 0.245465 -1.38411
1.37736 -0.528765 -2.85139 1.86333 0.85507 0.997747 -1.68602 -1.85847 2.75539 -2.24017 1.77264 -0.94869 0.255636 -1.8621 0.245465 -1.38411
1.37978 -0.528765 -2.85139 1.86333 0.85507 0.997747 -1.68602 -1.85847 2.75539 -2.24017 1.77264 -0.94869 0.255636 -1.8621 0.245465 -1.38411
1.38228 -0.528765 -2.85139 1.86333 0.85507 0.997747 -1.68602 -1.85847 2.75539 -2.24017 1.77264 -0.94869 0.255636 -1.8621 0.245465 -1.38411
1.38489 -0.528765 -2.85139 1.86333 0.85507 0.997747 -1.68602 -1.85847 2.75539 -2.24017 1.77264 -0.94869 0.255636 -1.8621 0.245465 -1.38411
1.38756 -0.528765 -2.85139 1.86333 0.85507 0.997747 -1.68602 -1.85847 2.75539 -2.24017 1.77264 -0.94869 0.255636 -1.8621 0.245465 -1.38411
1.39027 -0.528765 -2.85139 1.86333 0.85507 0.997747 -1.68602 -1.85847 2.75539 -2.24017 1.77264 -0.94869 0.255636 -1.8621 0.245465 -1.38411
1.39294 -0.528765 -2.85139 1.86333 0.85507 0.997747 -1.68602 -1.85847 2.75539 -2.24017 1.77264 -0.94869 0.255636 -1.8621 0.245465 -1.38411
1.39579 -0.528765 -2.85139 1.86333 0.85507 0.997747 -1.68602 -1.85847 2.75539 -2.24017 1.77264 -0.94869 0.255636 -1.8621 0.245465 -1.38411
1.39883 -0.528765 -2.85139 1.86333 0.85507 0.997747 -1.68602 -1.85847 2.75539 -2.24017 1.77264 -0.94869 0.255636 -1.8621 0.245465 -1.38411
1.40214 -0.528765 -2.85139 1.86333 0.85507 0.997747 -1.68602 -1.85847 2.75539 -2.24017 1.77264 -0.94869 0.255636 -1.8621 0.245465 -1.38411
1.40544 -0.528765 -2.85139 1.86333 0.85507 0.997747 -1.68602 -1.85847 2.75539 -2.24017 1.77264 -0.94869 0.255636 -1.8621 0.245465 -1.38411
1.40884 -0.528765 -2.85139 1.86333 0.85507 0.997747 -1.68602 -1.85847 2.75539 -2.24017 1.77264 -0.94869 0.255636 -1.8621 0.245465 -1.38411
1.41218 -0.528765 -2.85139 1.86333 0.85507 0.997747 -1.68602 -1.85847 2.75539 -2.24017 1.77264 -0.94869 0.255636 -1.8621 0.245465 -1.38411
1.41558 -0.528765 -2.85139 1.86333 0.85507 0.997747 -1.68602 -1.85847 2.75539 -2.24017 1.77264 -0.94869 0.255636 -1.8621 0.245465 -1.38411
1.41918 -0.528765 -2.85139 1.86333 0.85507 0.997747 -1.68602 -1.85847 2.75539 -2.24017 1.77264 -0.94869 0.255636 -1.8621 0.245465 -1.38411
1.42308 -0.528765 -2.85139 1.86333 0.85507 0.997747 -1.68602 -1.85847 2.75539 -2.24017 1.77264 -0.94869 0.255636 -1.8621 0.245465 -1.38411
1.42721 -0.528765 -2.85139 1.86333 0.85507 0.997747 -1.68602 -1.85847 2.75539 -2.24017 1.77264 -0.94869 0.255636 -1.8621 0.245465 -1.38411
1.4315 -0.528765 -2.85139 1.86333 0.85507 0.997747 -1.68602 -1.85847 2.75539 -2.24017 1.77264 -0.94869 0.255636 -1.8621 0.245465 -1.38411
1.43557 -0.528765 -2.85139 1.86333 0.85507 0.997747 -1.68602 -1.85847 2.75539 -2.24017 1.77264 -0.94869 0.255636 -1.8621 0.245465 -1.38411
1.43989 -0.528765 -2.85139 1.86333 0.85507 0.997747 -1.68602 -1.85847 2.75539 -2.24017 1.77264 -0.94869 0.255636 -1.8621 0.245465 -1.38411
1.44455 -0.528765 -2.85139 1.86333 0.85507 0.997747 -1.68602 -1.85847 2.75539 -2.24017 1.77264 -0.94869 0.255636 -1.8621 0.245465 -1.38411
1.44934 -0.528765 -2.85139 1.86333 0.85507 0.997747 -1.68602 -1.85847 2.75539 -2.24017 1.77264 -0.94869 0.255636 -1.8621 0.245465 -1.38411
1.45411 -0.528765 -2.85139 1.86333 0.85507 0.997747 -1.68602 -1.85847 2.75539 -2.24017 1.77264 -0.94869 0.255636 -1.8621 0.245465 -1.38411
1.45899 -0.528765 -2.85139 1.86333 0.85507 0.997747 -1.68602 -1.85847 2.75539 -2.24017 1.77264 -0.94869 0.255636 -1.8621 0.245465 -1.38411
1.46418 -0.528765 -2.85139 1.86333 0.85507 0.997747 -1.68602 -1.85847 2.75539 -2.24017 1.77264 -0.94869 0.255636 -1.8621 0.245465 -1.38411
1.46955 -0.528765 -2.85139 1.86333 0.85507 0.997747 -1.68602 -1.85847 2.75539 -2.24017 1.77264 -0.94869 0.255636 -1.8621 0.245465 -1.38411
1.47508 -0.528765 -2.85139 1.86333 0.85507 0.997747 -1.68602 -1.85847 2.75539 -2.24017 1.77264 -0.94869 0.255636 -1.8621 0.245465 -1.38411
1.48082 -0.528765 -2.85139 1.86333 0.85507 0.997747 -1.68602 -1.85847 2.75539 -2.24017 1.77264 -0.94869 0.255636 -1.8621 0.245465 -1.38411
1.48678 -0.528765 -2.85139 1.86333 0.85507 0.997747 -1.68602 -1.85847 2.75539 -2.24017 1.77264 -0.94869 0.255636 -1.8621 0.245465 -1.38411
1.49286 -0.528765 -2.85139 1.86333 0.85507 0.997747 -1.68602 -1.85847 2.75539 -2.24017 1.77264 -0.94869 0.255636 -1.8621 0.245465 -1.38411
1.49918 -0.528765 -2.85139 1.86333 0.85507 0.997747 -1.68602 -1.85847 2.75539 -2.24017 1.77264 -0.94869 0.255636 -1.8621 0.245465 -1.38411
1.50582 -0.528765 -2.85139 1.86333 0.85507 0.997747 -1.68602 -1.85847 2.75539 -2.24017 1.77264 -0.94869 0.255636 -1.8621 0.245465 -1.38411
1.51266 -0.528765 -2.85139 1.86333 0.85507 0.997747 -1.68602 -1.85847 2.75539 -2.24017 1.77264 -0.94869 0.255636 -1.8621 0.245465 -1.38411
1.51971 -0.528765 -2.85139 1.86333 0.85507 0.997747 -1.68602 -1.85847 2.75539 -2.24017 1.77264 -0.94869 0.255636 -1.8621 0.245465 -1.38411
1.52703 -0.528765 -2.85139 1.86333 0.85507 0.997747 -1.68602 -1.85847 2.75539 -2.24017 1.77264 -0.94869 0.255636 -1.8621 0.245465 -1.38411
1.53458 -0.528765 -2.85139 1.86333 0.85507 0.997747 -1.68602 -1.85847 2.75539 -2.24017 1.77264 -0.94869 0.255636 -1.8621 0.245465 -1.38411
1.54245 -0.528765 -2.85139 1.86333 0.85507 0.997747 -1.68602 -1.85847 2.75539 -2.24017 1.77264 -0.94869 0.255636 -1.8621 0.245465 -1.38411
1.55092 -0.528765 -2.85139 1.86333 0.85507 0.997747 -1.68602 -1.85847 2.75539 -2.24017 1.77264 -0.94869 0.255636 -1.8621 0.245465 -1.38411
1.5595 -0.528765 -2.85139 1.86333 0.85507 0.997747 -1.68602 -1.85847 2.75539 -2.24017 1.77264 -0.94869 0.255636 -1.8621 0.245465 -1.38411
1.56853 -0.528765 -2.85139 1.86333 0.85507 0.997747 -1.68602 -1.85847 2.75539 -2.24017 1.77264 -0.94869 0.255636 -1.8621 0.245465 -1.38411
1.57784 -0.528765 -2.85139 1.86333 0.85507 0.997747 -1.68602 -1.85847 2.75539 -2.24017 1.77264 -0.94869 0.255636 -1.8621 0.245465 -1.38411
1.58795 -0.528765 -2.85139 1.86333 0.85507 0.997747 -1.68602 -1.85847 2.75539 -2.24017 1.77264 -0.94869 0.255636 -1.8621 0.245465 -1.38411
1.59844 -0.528765 -2.85139 1.86333 0.85507 0.997747 -1.68602 -1.85847 2.75539 -2.24017 1.77264 -0.94869 0.255636 -1.8621 0.245465 -1.38411
1.60909 -0.528765 -2.85139 1.86333 0.85507 0.997747 -1.68602 -1.85847 2.75539 -2.24017 1.77264 -0.94869 0.255636 -1.8621 0.245465 -1.38411
1.62002 -0.528765 -2.85139 1.86333 0.85507 0.997747 -1.68602 -1.85847 2.75539 -2.24017 1.77264 -0.94869 0.255636 -1.8621 0.245465 -1.38411
1.64999 -0.528765 -2.85139 1.86333 0.85507 0.997747 -1.68602 -1.85847 2.75539 -2.24017 1.77264 -0.94869 0.255636 -1.8621 0.245465 -1.38411
1.64918 -0.528765 -2.85139 1.86333 0.85507 0.997747 -1.68602 -1.85847 2.75539 -2.24017 1.77264 -0.94869 0.255636 -1.8621 0.245465 -1.38411
1.64805 -0.528765 -2.85139 1.86333 0.85507 0.997747 -1.68602 -1.85847 2.75539 -2.24017 1.77264 -0.94869 0.255636 -1.8621 0.245465 -1.38411
1.64665 -0.528765 -2.85139 1.86333 0.85507 0.997747 -1.68602 -1.85847 2.75539 -2.24017 1.77264 -0.94869 0.255636 -1.8621 0.245465 -1.38411
1.64505 -0.528765 -2.85139 1.86333 0.85507 0.997747 -1.68602 -1.85847 2.75539 -2.24017 1.77264 -0.94869 0.255636 -1.8621 0.245465 -1.38411
1.64328 -0.528765 -2.85139 1.86333 0.85507 0.997747 -1.68602 -1.85847 2.75539 -2.24017 1.77264 -0.94869 0.255636 -1.8621 0.245465 -1.38411
1.64184 -0.528765 -2.85139 1.86333 0.85507 0.997747 -1.68602 -1.85847 2.75539 -2.24017 1.77264 -0.94869 0.255636 -1.8621 0.245465 -1.38411
1.6399 -0.528765 -2.85139 1.86333 0.85507 0.997747 -1.68602 -1.85847 2.75539 -2.24017 1.77264 -0.94869 0.255636 -1.8621 0.245465 -1.38411
1.63758 -0.528765 -2.85139 1.86333 0.85507 0.997747 -1.68602 -1.85847 2.75539 -2.24017 1.77264 -0.94869 0.255636 -1.8621 0.245465 -1.38411
1.63597 -0.528765 -2.85139 1.86333 0.85507 0.997747 -1.68602 -1.85847 2.75539 -2.24017 1.77264 -0.94869 0.255636 -1.8621 0.245465 -1.38411
1.63304 -0.528765 -2.85139 1.86333 0.85507 0.997747 -1.68602 -1.85847 2.75539 -2.24017 1.77264 -0.94869 0.255636 -1.8621 0.245465 -1.38411
1.62984 -0.528765 -2.85139 1.86333 0.85507 0.997747 -1.68602 -1.85847 2.75539 -2.24017 1.77264 -0.94869 0.255636 -1.8621 0.245465 -1.38411
1.62602 -0.528765 -2.85139 1.86333 0.85507 0.997747 -1.68602 -1.85847 2.75539 -2.24017 1.77264 -0.94869 0.255636 -1.8621 0.245465 -1.38411
1.62174 -0.528765 -2.85139 1.86333 0.85507 0.997747 -1.68602 -1.85847 2.75539 -2.24017 1.77264 -0.94869 0.255636 -1.8621 0.245465 -1.38411
1.61753 -0.528765 -2.85139 1.86333 0.85507 0.997747 -1.68602 -1.85847 2.75539 -2.24017 1.77264 -0.94869 0.255636 -1.8621 0.245465 -1.38411
1.61336 -0.528765 -2.85139 1.86333 0.85507 0.997747 -1.68602 -1.85847 2.75539 -2.24017 1.77264 -0.94869 0.255636 -1.8621 0.245465 -1.38411
1.60918 -0.528765 -2.85139 1.86333 0.85507 0.997747 -1.68602 -1.85847 2.75539 -2.24017 1.77264 -0.94869 0.255636 -1.8621 0.245465 -1.38411
1.60503 -0.528765 -2.85139 1.86333 0.85507 0.997747 -1.68602 -1.85847 2.75539 -2.24017 1.77264 -0.94869 0.255636 -1.8621 0.245465 -1.38411
1.60077 -0.528765 -2.85139 1.86333 0.85507 0.997747 -1.68602 -1.85847 2.75539 -2.24017 1.77264 -0.94869 0.255636 -1.8621 0.245465 -1.38411
1.59645 -0.528765 -2.85139 1.86333 0.85507 0.997747 -1.68602 -1.85847 2.75539 -2.24017 1.77264 -0.94869 0.255636 -1.8621 0.245465 -1.38411
1.59186 -0.528765 -2.85139 1.86333 0.85507 0.997747 -1.68602 -1.85847 2.75539 -2.24017 1.77264 -0.94869 0.255636 -1.8621 0.245465 -1.38411
1.5871 -0.528765 -2.85139 1.86333 0.85507 0.997747 -1.68602 -1.85847 2.75539 -2.24017 1.77264 -0.94869 0.255636 -1.8621 0.245465 -1.38411
1.58236 -0.528765 -2.85139 1.86333 0.85507 0.997747 -1.68602 -1.85847 2.75539 -2.24017 1.77264 -0.94869 0.255636 -1.8621 0.245465 -1.38411
1.57788 -0.528765 -2.85139 1.86333 0.85507 0.997747 -1.68602 -1.85847 2.75539 -2.24017 1.77264 -0.94869 0.255636 -1.8621 0.245465 -1.38411
1.57343 -0.528765 -2.85139 1.86333 0.85507 0.997747 -1.68602 -1.85847 2.75539 -2.24017 1.77264 -0.94869 0.255636 -1.8621 0.245465 -1.38411
1.56895 -0.528765 -2.85139 1.86333 0.85507 0.997747 -1.68602 -1.85847 2.75539 -2.24017 1.77264 -0.94869 0.255636 -1.8621 0.245465 -1.38411
1.56453 -0.528765 -2.85139 1.86333 0.85507 0.997747 -1.68602 -1.85847 2.75539 -2.24017 1.77264 -0.94869 0.255636 -1.8621 0.245465 -1.38411
1.56009 -0.528765 -2.85139 1.86333 0.85507 0.997747 -1.68602 -1.85847 2.75539 -2.24017 1.77264 -0.94869 0.255636 -1.8621 0.245465 -1.38411
1.55553 -0.528765 -2.85139 1.86333 0.85507 0.997747 -1.68602 -1.85847 2.75539 -2.24017 1.77264 -0.94869 0.255636 -1.8621 0.245465 -1.38411
1.55101 -0.528765 -2.85139 1.86333 0.85507 0.997747 -1.68602 -1.85847 2.75539 -2.24017 1.77264 -0.94869 0.255636 -1.8621 0.245465 -1.38411
1.54651 -0.528765 -2.85139 1.86333 0.85507 0.997747 -1.68602 -1.85847 2.75539 -2.24017 1.77264 -0.94869 0.255636 -1.8621 0.245465 -1.38411
1.54192 -0.528765 -2.85139 1.86333 0.85507 0.997747 -1.68602 -1.85847 2.75539 -2.24017 1.77264 -0.94869 0.255636 -1.8621 0.245465 -1.38411
1.5373 -0.528765 -2.85139 1.86333 0.85507 0.997747 -1.68602 -1.85847 2.75539 -2.24017 1.77264 -0.94869 0.255636 -1.8621 0.245465 -1.38411
1.53266 -0.528765 -2.85139 1.86333 0.85507 0.997747 -1.68602 -1.85847 2.75539 -2.24017 1.77264 -0.94869 0.255636 -1.8621 0.245465 -1.38411
1.528 -0.528765 -2.85139 1.86333 0.85507 0.997747 -1.68602 -1.85847 2.75539 -2.24017 1.77264 -0.94869 0.255636 -1.8621 0.245465 -1.38411
1.52334 -0.528765 -2.85139 1.86333 0.85507 0.997747 -1.68602 -1.85847 2.75539 -2.24017 1.77264 -0.94869 0.255636 -1.8621 0.245465 -1.38411
1.51873 -0.528765 -2.85139 1.86333 0.85507 0.997747 -1.68602 -1.85847 2.75539 -2.24017 1.77264 -0.94869 0.255636 -1.8621 0.245465 -1.38411
1.51397 -0.528765 -2.85139 1.86333 0.85507 0.997747 -1.68602 -1.85847 2.75539 -2.24017 1.77264 -0.94869 0.255636 -1.8621 0.245465 -1.38411
1.50912 -0.528765 -2.85139 1.86333 0.85507 0.997747 -1.68602 -1.85847 2.75539 -2.24017 1.77264 -0.94869 0.255636 -1.8621 0.245465 -1.38411
1.5043 -0.528765 -2.85139 1.86333 0.85507 0.997747 -1.68602 -1.85847 2.75539 -2.24017 1.77264 -0.94869 0.255636 -1.8621 0.245465 -1.38411
1.49949 -0.528765 -2.85139 1.86333 0.85507 0.997747 -1.68602 -1.85847 2.75539 -2.24017 1.77264 -0.94869 0.255636 -1.8621 0.245465 -1.38411
1.49466 -0.528765 -2.85139 1.86333 0.85507 0.997747 -1.68602 -1.85847 2.75539 -2.24017 1.77264 -0.94869 0.255636 -1.8621 0.245465 -1.38411
1.48975 -0.528765 -2.85139 1.86333 0.85507 0.997747 -1.68602 -1.85847 2.75539 -2.24017 1.77264 -0.94869 0.255636 -1.8621 0.245465 -1.38411
1.48483 -0.528765 -2.85139 1.86333 0.85507 0.997747 -1.68602 -1.85847 2.75539 -2.24017 1.77264 -0.94869 0.255636 -1.8621 0.245465 -1.38411
1.47972 -0.528765 -2.85139 1.86333 0.85507 0.997747 -1.68602 -1.85847 2.75539 -2.24017 1.77264 -0.94869 0.255636 -1.8621 0.245465 -1.38411
1.47431 -0.528765 -2.85139 1.86333 0.85507 0.997747 -1.68602 -1.85847 2.75539 -2.24017 1.77264 -0.94869 0.255636 -1.8621 0.245465 -1.38411
1.46934 -0.528765 -2.85139 1.86333 0.85507 0.997747 -1.68602 -1.85847 2.75539 -2.24017 1.77264 -0.94869 0.255636 -1.8621 0.245465 -1.38411
1.46414 -0.528765 -2.85139 1.86333 0.85507 0.997747 -1.68602 -1.85847 2.75539 -2.24017 1.77264 -0.94869 0.255636 -1.8621 0.245465 -1.38411
1.4592 -0.528765 -2.85139 1.86333 0.85507 0.997747 -1.68602 -1.85847 2.75539 -2.24017 1.77264 -0.94869 0.255636 -1.8621 0.245465 -1.38411
1.4542 -0.528765 -2.85139 1.86333 0.85507 0.997747 -1.68602 -1.85847 2.75539 -2.24017 1.77264 -0.94869 0.255636 -1.8621 0.245465 -1.38411
1.44913 -0.528765 -2.85139 1.86333 0.85507 0.997747 -1.68602 -1.85847 2.75539 -2.24017 1.77264 -0.94869 0.255636 -1.8621 0.245465 -1.38411
1.44411 -0.528765 -2.85139 1.86333 0.85507 0.997747 -1.68602 -1.85847 2.75539 -2.24017 1.77264 -0.94869 0.255636 -1.8621 0.245465 -1.38411
1.43906 -0.528765 -2.85139 1.86333 0.85507 0.997747 -1.68602 -1.85847 2.75539 -2.24017 1.77264 -0.94869 0.255636 -1.8621 0.245465 -1.38411
1.43395 -0.528765 -2.85139 1.86333 0.85507 0.997747 -1.68602 -1.85847 2.75539 -2.24017 1.77264 -0.94869 0.255636 -1.8621 0.245465 -1.38411
1.42868 -0.528765 -2.85139 1.86333 0.85507 0.997747 -1.68602 -1.85847 2.75539 -2.24017 1.77264 -0.94869 0.255636 -1.8621 0.245465 -1.38411
1.42354 -0.528765 -2.85139 1.86333 0.85507 0.997747 -1.68602 -1.85847 2.75539 -2.24017 1.77264 -0.94869 0.255636 -1.8621 0.245465 -1.38411
1.4184 -0.528765 -2.85139 1.86333 0.85507 0.997747 -1.68602 -1.85847 2.75539 -2.24017 1.77264 -0.94869 0.255636 -1.8621 0.245465 -1.38411
1.41321 -0.528765 -2.85139 1.86333 0.85507 0.997747 -1.68602 -1.85847 2.75539 -2.24017 1.77264 -0.94869 0.255636 -1.8621 0.245465 -1.38411
1.40794 -0.528765 -2.85139 1.86333 0.85507 0.997747 -1.68602 -1.85847 2.75539 -2.24017 1.77264 -0.94869 0.255636 -1.8621 0.245465 -1.38411
1.40267 -0.528765 -2.85139 1.86333 0.85507 0.997747 -1.68602 -1.85847 2.75539 -2.24017 1.77264 -0.94869 0.255636 -1.8621 0.245465 -1.38411
1.39737 -0.528765 -2.85139 1.86333 0.85507 0.997747 -1.68602 -1.85847 2.75539 -2.24017 1.77264 -0.94869 0.255636 -1.8621 0.245465 -1.38411
1.39201 -0.528765 -2.85139 1.86333 0.85507 0.997747 -1.68602 -1.85847 2.75539 -2.24017 1.77264 -0.94869 0.255636 -1.8621 0.245465 -1.38411
1.38666 -0.528765 -2.85139 1.86333 0.85507 0.997747 -1.68602 -1.85847 2.75539 -2.24017 1.77264 -0.94869 0.255636 -1.8621 0.245465 -1.38411
1.38124 -0.528765 -2.85139 1.86333 0.85507 0.997747 -1.68602 -1.85847 2.75539 -2.24017 1.77264 -0.94869 0.255636 -1.8621 0.245465 -1.38411
1.37576 -0.528765 -2.85139 1.86333 0.85507 0.997747 -1.68602 -1.85847 2.75539 -2.24017 1.77264 -0.94869 0.255636 -1.8621 0.245465 -1.38411
1.37028 -0.528765 -2.85139 1.86333 0.85507 0.997747 -1.68602 -1.85847 2.75539 -2.24017 1.77264 -0.94869 0.255636 -1.8621 0.245465 -1.38411
1.36479 -0.528765 -2.85139 1.86333 0.85507 0.997747 -1.68602 -1.85847 2.75539 -2.24017 1.77264 -0.94869 0.255636 -1.8621 0.245465 -1.38411
1.35927 -0.528765 -2.85139 1.86333 0.85507 0.997747 -1.68602 -1.85847 2.75539 -2.24017 1.77264 -0.94869 0.255636 -1.8621 0.245465 -1.38411
1.35373 -0.528765 -2.85139 1.86333 0.85507 0.997747 -1.68602 -1.85847 2.75539 -2.24017 1.77264 -0.94869 0.255636 -1.8621 0.245465 -1.38411
1.34808 -0.528765 -2.85139 1.86333 0.85507 0.997747 -1.68602 -1.85847 2.75539 -2.24017 1.77264 -0.94869 0.255636 -1.8621 0.245465 -1.38411
1.34244 -0.528765 -2.85139 1.86333 0.85507 0.997747 -1.68602 -1.85847 2.75539 -2.24017 1.77264 -0.94869 0.255636 -1.8621 0.245465 -1.38411
1.33665 -0.528765 -2.85139 1.86333 0.85507 0.997747 -1.68602 -1.85847 2.75539 -2.24017 1.77264 -0.94869 0.255636 -1.8621 0.245465 -1.38411
1.33071 -0.528765 -2.85139 1.86333 0.85507 0.997747 -1.68602 -1.85847 2.75539 -2.24017 1.77264 -0.94869 0.255636 -1.8621 0.245465 -1.38411
1.32466 -0.528765 -2.85139 1.86333 0.85507 0.997747 -1.68602 -1.85847 2.75539 -2.24017 1.77264 -0.94869 0.255636 -1.8621 0.245465 -1.38411
1.31906 -0.528765 -2.85139 1.86333 0.85507 0.997747 -1.68602 -1.85847 2.75539 -2.24017 1.77264 -0.94869 0.255636 -1.8621 0.245465 -1.38411
1.31332 -0.528765 -2.85139 1.86333 0.85507 0.997747 -1.68602 -1.85847 2.75539 -2.24017 1.77264 -0.94869 0.255636 -1.8621 0.245465 -1.38411
1.30757 -0.528765 -2.85139 1.86333 0.85507 0.997747 -1.68602 -1.85847 2.75539 -2.24017 1.77264 -0.94869 0.255636 -1.8621 0.245465 -1.38411
1.3018 -0.528765 -2.85139 1.86333 0.85507 0.997747 -1.68602 -1.85847 2.75539 -2.24017 1.77264 -0.94869 0.255636 -1.8621 0.245465 -1.38411
1.29598 -0.528765 -2.85139 1.86333 0.85507 0.997747 -1.68602 -1.85847 2.75539 -2.24017 1.77264 -0.94869 0.255636 -1.8621 0.245465 -1.38411
1.2902 -0.528765 -2.85139 1.86333 0.85507 0.997747 -1.68602 -1.85847 2.75539 -2.24017 1.77264 -0.94869 0.255636 -1.8621 0.245465 -1.38411
1.28427 -0.528765 -2.85139 1.86333 0.85507 0.997747 -1.68602 -1.85847 2.75539 -2.24017 1.77264 -0.94869 0.255636 -1.8621 0.245465 -1.38411
1.27828 -0.528765 -2.85139 1.86333 0.85507 0.997747 -1.68602 -1.85847 2.75539 -2.24017 1.77264 -0.94869 0.255636 -1.8621 0.245465 -1.38411
1.27232 -0.528765 -2.85139 1.86333 0.85507 0.997747 -1.68602 -1.85847 2.75539 -2.24017 1.77264 -0.94869 0.255636 -1.8621 0.245465 -1.38411
1.26635 -0.528765 -2.85139 1.86333 0.85507 0.997747 -1.68602 -1.85847 2.75539 -2.24017 1.77264 -0.94869 0.255636 -1.8621 0.245465 -1.38411
1.26035 -0.528765 -2.85139 1.86333 0.85507 0.997747 -1.68602 -1.85847 2.75539 -2.24017 1.77264 -0.94869 0.255636 -1.8621 0.245465 -1.38411
1.25432 -0.528765 -2.85139 1.86333 0.85507 0.997747 -1.68602 -1.85847 2.75539 -2.24017 1.77264 -0.94869 0.255636 -1.8621 0.245465 -1.38411
1.24827 -0.528765 -2.85139 1.86333 0.85507 0.997747 -1.68602 -1.85847 2.75539 -2.24017 1.77264 -0.94869 0.255636 -1.8621 0.245465 -1.38411
1.2422 -0.528765 -2.85139 1.86333 0.85507 0.997747 -1.68602 -1.85847 2.75539 -2.24017 1.77264 -0.94869 0.255636 -1.8621 0.245465 -1.38411
1.23607 -0.528765 -2.85139 1.86333 0.85507 0.997747 -1.68602 -1.85847 2.75539 -2.24017 1.77264 -0.94869 0.255636 -1.8621 0.245465 -1.38411
1.22986 -0.528765 -2.85139 1.86333 0.85507 0.997747 -1.68602 -1.85847 2.75539 -2.24017 1.77264 -0.94869 0.255636 -1.8621 0.245465 -1.38411
1.22337 -0.528765 -2.85139 1.86333 0.85507 0.997747 -1.68602 -1.85847 2.75539 -2.24017 1.77264 -0.94869 0.255636 -1.8621 0.245465 -1.38411
1.21713 -0.528765 -2.85139 1.86333 0.85507 0.997747 -1.68602 -1.85847 2.75539 -2.24017 1.77264 -0.94869 0.255636 -1.8621 0.245465 -1.38411
1.21086 -0.528765 -2.85139 1.86333 0.85507 0.997747 -1.68602 -1.85847 2.75539 -2.24017 1.77264 -0.94869 0.255636 -1.8621 0.245465 -1.38411
