12.963
12.974
12.984
12.994
13.005
13.015
13.028
13.047
13.068
13.089
13.109
13.13
13.15
13.171
13.192
13.213
13.233
13.272
13.31
13.351
13.391
13.43
13.468
13.507
13.545
13.583
13.622
13.66
13.699
13.738
13.777
13.815
13.853
13.892
13.93
13.969
14.007
14.046
14.085
14.125
14.164
14.204
14.242
14.281
14.319
14.358
14.396
14.434
14.474
14.512
14.551
14.59
14.628
14.666
14.705
14.743
14.782
14.82
14.86
14.899
14.938
14.977
15.017
15.059
15.099
15.138
15.178
17.653
17.663
17.674
17.686
17.697
17.707
17.718
17.728
17.75
17.771
17.81
17.849
17.888
17.927
17.966
18.006
18.045
18.083
18.123
18.163
18.205
18.246
18.284
18.323
18.361
18.4
18.439
18.478
18.517
18.556
18.594
18.633
18.672
18.711
18.749
18.787
18.826
18.865
18.905
18.944
18.983
19.023
19.062
19.101
19.143
19.184
19.225
19.263
19.302
19.341
19.38
19.418
19.457
19.496
19.535
19.574
19.612
19.651
19.69
19.728
19.767
19.806
19.845
19.884
19.923
19.962
20.001
20.04
20.079
20.119
20.158
20.199
20.241
20.28
20.318
20.357
20.396
20.434
20.473
20.512
20.551
20.59
20.629
20.668
20.707
20.745
20.784
20.823
20.862
20.902
20.941
20.98
21.019
