2.65859 1.44431 1.71249 -1.60859 -1.53248 -0.817894 -1.87199 -1.66172 -2.36383 -1.09249 0.81005 -2.72407 2.05245 1.29586 1.85902 -2.48995
2.6585 1.44431 1.71249 -1.60859 -1.53248 -0.817894 -1.87199 -1.66172 -2.36383 -1.09249 0.81005 -2.72407 2.05245 1.29586 1.85902 -2.48995
2.65806 1.44431 1.71249 -1.60859 -1.53248 -0.817894 -1.87199 -1.66172 -2.36383 -1.09249 0.81005 -2.72407 2.05245 1.29586 1.85902 -2.48995
2.65734 1.44431 1.71249 -1.60859 -1.53248 -0.817894 -1.87199 -1.66172 -2.36383 -1.09249 0.81005 -2.72407 2.05245 1.29586 1.85902 -2.48995
2.65637 1.44431 1.71249 -1.60859 -1.53248 -0.817894 -1.87199 -1.66172 -2.36383 -1.09249 0.81005 -2.72407 2.05245 1.29586 1.85902 -2.48995
2.65512 1.44431 1.71249 -1.60859 -1.53248 -0.817894 -1.87199 -1.66172 -2.36383 -1.09249 0.81005 -2.72407 2.05245 1.29586 1.85902 -2.48995
2.6538 1.44431 1.71249 -1.60859 -1.53248 -0.817894 -1.87199 -1.66172 -2.36383 -1.09249 0.81005 -2.72407 2.05245 1.29586 1.85902 -2.48995
2.65225 1.44431 1.71249 -1.60859 -1.53248 -0.817894 -1.87199 -1.66172 -2.36383 -1.09249 0.81005 -2.72407 2.05245 1.29586 1.85902 -2.48995
2.65101 1.44431 1.71249 -1.60859 -1.53248 -0.817894 -1.87199 -1.66172 -2.36383 -1.09249 0.81005 -2.72407 2.05245 1.29586 1.85902 -2.48995
2.64964 1.44431 1.71249 -1.60859 -1.53248 -0.817894 -1.87199 -1.66172 -2.36383 -1.09249 0.81005 -2.72407 2.05245 1.29586 1.85902 -2.48995
2.64818 1.44431 1.71249 -1.60859 -1.53248 -0.817894 -1.87199 -1.66172 -2.36383 -1.09249 0.81005 -2.72407 2.05245 1.29586 1.85902 -2.48995
2.64656 1.44431 1.71249 -1.60859 -1.53248 -0.817894 -1.87199 -1.66172 -2.36383 -1.09249 0.81005 -2.72407 2.05245 1.29586 1.85902 -2.48995
2.64492 1.44431 1.71249 -1.60859 -1.53248 -0.817894 -1.87199 -1.66172 -2.36383 -1.09249 0.81005 -2.72407 2.05245 1.29586 1.85902 -2.48995
2.64323 1.44431 1.71249 -1.60859 -1.53248 -0.817894 -1.87199 -1.66172 -2.36383 -1.09249 0.81005 -2.72407 2.05245 1.29586 1.85902 -2.48995
2.64146 1.44431 1.71249 -1.60859 -1.53248 -0.817894 -1.87199 -1.66172 -2.36383 -1.09249 0.81005 -2.72407 2.05245 1.29586 1.85902 -2.48995
2.63969 1.44431 1.71249 -1.60859 -1.53248 -0.817894 -1.87199 -1.66172 -2.36383 -1.09249 0.81005 -2.72407 2.05245 1.29586 1.85902 -2.48995
2.63785 1.44431 1.71249 -1.60859 -1.53248 -0.817894 -1.87199 -1.66172 -2.36383 -1.09249 0.81005 -2.72407 2.05245 1.29586 1.85902 -2.48995
2.63595 1.44431 1.71249 -1.60859 -1.53248 -0.817894 -1.87199 -1.66172 -2.36383 -1.09249 0.81005 -2.72407 2.05245 1.29586 1.85902 -2.48995
2.63408 1.44431 1.71249 -1.60859 -1.53248 -0.817894 -1.87199 -1.66172 -2.36383 -1.09249 0.81005 -2.72407 2.05245 1.29586 1.85902 -2.48995
2.63213 1.44431 1.71249 -1.60859 -1.53248 -0.817894 -1.87199 -1.66172 -2.36383 -1.09249 0.81005 -2.72407 2.05245 1.29586 1.85902 -2.48995
2.62849 1.44431 1.71249 -1.60859 -1.53248 -0.817894 -1.87199 -1.66172 -2.36383 -1.09249 0.81005 -2.72407 2.05245 1.29586 1.85902 -2.48995
2.62481 1.44431 1.71249 -1.60859 -1.53248 -0.817894 -1.87199 -1.66172 -2.36383 -1.09249 0.81005 -2.72407 2.05245 1.29586 1.85902 -2.48995
2.62119 1.44431 1.71249 -1.60859 -1.53248 -0.817894 -1.87199 -1.66172 -2.36383 -1.09249 0.81005 -2.72407 2.05245 1.29586 1.85902 -2.48995
2.61761 1.44431 1.71249 -1.60859 -1.53248 -0.817894 -1.87199 -1.66172 -2.36383 -1.09249 0.81005 -2.72407 2.05245 1.29586 1.85902 -2.48995
2.61409 1.44431 1.71249 -1.60859 -1.53248 -0.817894 -1.87199 -1.66172 -2.36383 -1.09249 0.81005 -2.72407 2.05245 1.29586 1.85902 -2.48995
2.6105 1.44431 1.71249 -1.60859 -1.53248 -0.817894 -1.87199 -1.66172 -2.36383 -1.09249 0.81005 -2.72407 2.05245 1.29586 1.85902 -2.48995
2.60679 1.44431 1.71249 -1.60859 -1.53248 -0.817894 -1.87199 -1.66172 -2.36383 -1.09249 0.81005 -2.72407 2.05245 1.29586 1.85902 -2.48995
2.60307 1.44431 1.71249 -1.60859 -1.53248 -0.817894 -1.87199 -1.66172 -2.36383 -1.09249 0.81005 -2.72407 2.05245 1.29586 1.85902 -2.48995
2.59931 1.44431 1.71249 -1.60859 -1.53248 -0.817894 -1.87199 -1.66172 -2.36383 -1.09249 0.81005 -2.72407 2.05245 1.29586 1.85902 -2.48995
2.59542 1.44431 1.71249 -1.60859 -1.53248 -0.817894 -1.87199 -1.66172 -2.36383 -1.09249 0.81005 -2.72407 2.05245 1.29586 1.85902 -2.48995
2.59164 1.44431 1.71249 -1.60859 -1.53248 -0.817894 -1.87199 -1.66172 -2.36383 -1.09249 0.81005 -2.72407 2.05245 1.29586 1.85902 -2.48995
2.58783 1.44431 1.71249 -1.60859 -1.53248 -0.817894 -1.87199 -1.66172 -2.36383 -1.09249 0.81005 -2.72407 2.05245 1.29586 1.85902 -2.48995
2.58404 1.44431 1.71249 -1.60859 -1.53248 -0.817894 -1.87199 -1.66172 -2.36383 -1.09249 0.81005 -2.72407 2.05245 1.29586 1.85902 -2.48995
2.58023 1.44431 1.71249 -1.60859 -1.53248 -0.817894 -1.87199 -1.66172 -2.36383 -1.09249 0.81005 -2.72407 2.05245 1.29586 1.85902 -2.48995
2.57643 1.44431 1.71249 -1.60859 -1.53248 -0.817894 -1.87199 -1.66172 -2.36383 -1.09249 0.81005 -2.72407 2.05245 1.29586 1.85902 -2.48995
2.57263 1.44431 1.71249 -1.60859 -1.53248 -0.817894 -1.87199 -1.66172 -2.36383 -1.09249 0.81005 -2.72407 2.05245 1.29586 1.85902 -2.48995
2.56874 1.44431 1.71249 -1.60859 -1.53248 -0.817894 -1.87199 -1.66172 -2.36383 -1.09249 0.81005 -2.72407 2.05245 1.29586 1.85902 -2.48995
2.5649 1.44431 1.71249 -1.60859 -1.53248 -0.817894 -1.87199 -1.66172 -2.36383 -1.09249 0.81005 -2.72407 2.05245 1.29586 1.85902 -2.48995
2.5611 1.44431 1.71249 -1.60859 -1.53248 -0.817894 -1.87199 -1.66172 -2.36383 -1.09249 0.81005 -2.72407 2.05245 1.29586 1.85902 -2.48995
2.55722 1.44431 1.71249 -1.60859 -1.53248 -0.817894 -1.87199 -1.66172 -2.36383 -1.09249 0.81005 -2.72407 2.05245 1.29586 1.85902 -2.48995
2.5534 1.44431 1.71249 -1.60859 -1.53248 -0.817894 -1.87199 -1.66172 -2.36383 -1.09249 0.81005 -2.72407 2.05245 1.29586 1.85902 -2.48995
2.54946 1.44431 1.71249 -1.60859 -1.53248 -0.817894 -1.87199 -1.66172 -2.36383 -1.09249 0.81005 -2.72407 2.05245 1.29586 1.85902 -2.48995
2.54547 1.44431 1.71249 -1.60859 -1.53248 -0.817894 -1.87199 -1.66172 -2.36383 -1.09249 0.81005 -2.72407 2.05245 1.29586 1.85902 -2.48995
2.54151 1.44431 1.71249 -1.60859 -1.53248 -0.817894 -1.87199 -1.66172 -2.36383 -1.09249 0.81005 -2.72407 2.05245 1.29586 1.85902 -2.48995
2.53754 1.44431 1.71249 -1.60859 -1.53248 -0.817894 -1.87199 -1.66172 -2.36383 -1.09249 0.81005 -2.72407 2.05245 1.29586 1.85902 -2.48995
2.53349 1.44431 1.71249 -1.60859 -1.53248 -0.817894 -1.87199 -1.66172 -2.36383 -1.09249 0.81005 -2.72407 2.05245 1.29586 1.85902 -2.48995
2.52943 1.44431 1.71249 -1.60859 -1.53248 -0.817894 -1.87199 -1.66172 -2.36383 -1.09249 0.81005 -2.72407 2.05245 1.29586 1.85902 -2.48995
2.52531 1.44431 1.71249 -1.60859 -1.53248 -0.817894 -1.87199 -1.66172 -2.36383 -1.09249 0.81005 -2.72407 2.05245 1.29586 1.85902 -2.48995
2.52127 1.44431 1.71249 -1.60859 -1.53248 -0.817894 -1.87199 -1.66172 -2.36383 -1.09249 0.81005 -2.72407 2.05245 1.29586 1.85902 -2.48995
2.51714 1.44431 1.71249 -1.60859 -1.53248 -0.817894 -1.87199 -1.66172 -2.36383 -1.09249 0.81005 -2.72407 2.05245 1.29586 1.85902 -2.48995
2.51304 1.44431 1.71249 -1.60859 -1.53248 -0.817894 -1.87199 -1.66172 -2.36383 -1.09249 0.81005 -2.72407 2.05245 1.29586 1.85902 -2.48995
2.50888 1.44431 1.71249 -1.60859 -1.53248 -0.817894 -1.87199 -1.66172 -2.36383 -1.09249 0.81005 -2.72407 2.05245 1.29586 1.85902 -2.48995
2.50473 1.44431 1.71249 -1.60859 -1.53248 -0.817894 -1.87199 -1.66172 -2.36383 -1.09249 0.81005 -2.72407 2.05245 1.29586 1.85902 -2.48995
2.50061 1.44431 1.71249 -1.60859 -1.53248 -0.817894 -1.87199 -1.66172 -2.36383 -1.09249 0.81005 -2.72407 2.05245 1.29586 1.85902 -2.48995
2.4964 1.44431 1.71249 -1.60859 -1.53248 -0.817894 -1.87199 -1.66172 -2.36383 -1.09249 0.81005 -2.72407 2.05245 1.29586 1.85902 -2.48995
2.4922 1.44431 1.71249 -1.60859 -1.53248 -0.817894 -1.87199 -1.66172 -2.36383 -1.09249 0.81005 -2.72407 2.05245 1.29586 1.85902 -2.48995
2.48788 1.44431 1.71249 -1.60859 -1.53248 -0.817894 -1.87199 -1.66172 -2.36383 -1.09249 0.81005 -2.72407 2.05245 1.29586 1.85902 -2.48995
2.48351 1.44431 1.71249 -1.60859 -1.53248 -0.817894 -1.87199 -1.66172 -2.36383 -1.09249 0.81005 -2.72407 2.05245 1.29586 1.85902 -2.48995
2.47926 1.44431 1.71249 -1.60859 -1.53248 -0.817894 -1.87199 -1.66172 -2.36383 -1.09249 0.81005 -2.72407 2.05245 1.29586 1.85902 -2.48995
2.47497 1.44431 1.71249 -1.60859 -1.53248 -0.817894 -1.87199 -1.66172 -2.36383 -1.09249 0.81005 -2.72407 2.05245 1.29586 1.85902 -2.48995
2.4707 1.44431 1.71249 -1.60859 -1.53248 -0.817894 -1.87199 -1.66172 -2.36383 -1.09249 0.81005 -2.72407 2.05245 1.29586 1.85902 -2.48995
2.46634 1.44431 1.71249 -1.60859 -1.53248 -0.817894 -1.87199 -1.66172 -2.36383 -1.09249 0.81005 -2.72407 2.05245 1.29586 1.85902 -2.48995
2.46198 1.44431 1.71249 -1.60859 -1.53248 -0.817894 -1.87199 -1.66172 -2.36383 -1.09249 0.81005 -2.72407 2.05245 1.29586 1.85902 -2.48995
2.45755 1.44431 1.71249 -1.60859 -1.53248 -0.817894 -1.87199 -1.66172 -2.36383 -1.09249 0.81005 -2.72407 2.05245 1.29586 1.85902 -2.48995
2.45319 1.44431 1.71249 -1.60859 -1.53248 -0.817894 -1.87199 -1.66172 -2.36383 -1.09249 0.81005 -2.72407 2.05245 1.29586 1.85902 -2.48995
2.44873 1.44431 1.71249 -1.60859 -1.53248 -0.817894 -1.87199 -1.66172 -2.36383 -1.09249 0.81005 -2.72407 2.05245 1.29586 1.85902 -2.48995
2.44434 1.44431 1.71249 -1.60859 -1.53248 -0.817894 -1.87199 -1.66172 -2.36383 -1.09249 0.81005 -2.72407 2.05245 1.29586 1.85902 -2.48995
2.43992 1.44431 1.71249 -1.60859 -1.53248 -0.817894 -1.87199 -1.66172 -2.36383 -1.09249 0.81005 -2.72407 2.05245 1.29586 1.85902 -2.48995
2.43548 1.44431 1.71249 -1.60859 -1.53248 -0.817894 -1.87199 -1.66172 -2.36383 -1.09249 0.81005 -2.72407 2.05245 1.29586 1.85902 -2.48995
2.43096 1.44431 1.71249 -1.60859 -1.53248 -0.817894 -1.87199 -1.66172 -2.36383 -1.09249 0.81005 -2.72407 2.05245 1.29586 1.85902 -2.48995
2.42639 1.44431 1.71249 -1.60859 -1.53248 -0.817894 -1.87199 -1.66172 -2.36383 -1.09249 0.81005 -2.72407 2.05245 1.29586 1.85902 -2.48995
2.42182 1.44431 1.71249 -1.60859 -1.53248 -0.817894 -1.87199 -1.66172 -2.36383 -1.09249 0.81005 -2.72407 2.05245 1.29586 1.85902 -2.48995
2.41718 1.44431 1.71249 -1.60859 -1.53248 -0.817894 -1.87199 -1.66172 -2.36383 -1.09249 0.81005 -2.72407 2.05245 1.29586 1.85902 -2.48995
2.41249 1.44431 1.71249 -1.60859 -1.53248 -0.817894 -1.87199 -1.66172 -2.36383 -1.09249 0.81005 -2.72407 2.05245 1.29586 1.85902 -2.48995
2.40779 1.44431 1.71249 -1.60859 -1.53248 -0.817894 -1.87199 -1.66172 -2.36383 -1.09249 0.81005 -2.72407 2.05245 1.29586 1.85902 -2.48995
2.40319 1.44431 1.71249 -1.60859 -1.53248 -0.817894 -1.87199 -1.66172 -2.36383 -1.09249 0.81005 -2.72407 2.05245 1.29586 1.85902 -2.48995
2.39852 1.44431 1.71249 -1.60859 -1.53248 -0.817894 -1.87199 -1.66172 -2.36383 -1.09249 0.81005 -2.72407 2.05245 1.29586 1.85902 -2.48995
2.39388 1.44431 1.71249 -1.60859 -1.53248 -0.817894 -1.87199 -1.66172 -2.36383 -1.09249 0.81005 -2.72407 2.05245 1.29586 1.85902 -2.48995
2.38916 1.44431 1.71249 -1.60859 -1.53248 -0.817894 -1.87199 -1.66172 -2.36383 -1.09249 0.81005 -2.72407 2.05245 1.29586 1.85902 -2.48995
2.38449 1.44431 1.71249 -1.60859 -1.53248 -0.817894 -1.87199 -1.66172 -2.36383 -1.09249 0.81005 -2.72407 2.05245 1.29586 1.85902 -2.48995
2.37974 1.44431 1.71249 -1.60859 -1.53248 -0.817894 -1.87199 -1.66172 -2.36383 -1.09249 0.81005 -2.72407 2.05245 1.29586 1.85902 -2.48995
2.37471 1.44431 1.71249 -1.60859 -1.53248 -0.817894 -1.87199 -1.66172 -2.36383 -1.09249 0.81005 -2.72407 2.05245 1.29586 1.85902 -2.48995
2.36979 1.44431 1.71249 -1.60859 -1.53248 -0.817894 -1.87199 -1.66172 -2.36383 -1.09249 0.81005 -2.72407 2.05245 1.29586 1.85902 -2.48995
2.36497 1.44431 1.71249 -1.60859 -1.53248 -0.817894 -1.87199 -1.66172 -2.36383 -1.09249 0.81005 -2.72407 2.05245 1.29586 1.85902 -2.48995
2.36018 1.44431 1.71249 -1.60859 -1.53248 -0.817894 -1.87199 -1.66172 -2.36383 -1.09249 0.81005 -2.72407 2.05245 1.29586 1.85902 -2.48995
2.35532 1.44431 1.71249 -1.60859 -1.53248 -0.817894 -1.87199 -1.66172 -2.36383 -1.09249 0.81005 -2.72407 2.05245 1.29586 1.85902 -2.48995
2.3504 1.44431 1.71249 -1.60859 -1.53248 -0.817894 -1.87199 -1.66172 -2.36383 -1.09249 0.81005 -2.72407 2.05245 1.29586 1.85902 -2.48995
2.34545 1.44431 1.71249 -1.60859 -1.53248 -0.817894 -1.87199 -1.66172 -2.36383 -1.09249 0.81005 -2.72407 2.05245 1.29586 1.85902 -2.48995
2.34052 1.44431 1.71249 -1.60859 -1.53248 -0.817894 -1.87199 -1.66172 -2.36383 -1.09249 0.81005 -2.72407 2.05245 1.29586 1.85902 -2.48995
2.33558 1.44431 1.71249 -1.60859 -1.53248 -0.817894 -1.87199 -1.66172 -2.36383 -1.09249 0.81005 -2.72407 2.05245 1.29586 1.85902 -2.48995
2.33056 1.44431 1.71249 -1.60859 -1.53248 -0.817894 -1.87199 -1.66172 -2.36383 -1.09249 0.81005 -2.72407 2.05245 1.29586 1.85902 -2.48995
2.32548 1.44431 1.71249 -1.60859 -1.53248 -0.817894 -1.87199 -1.66172 -2.36383 -1.09249 0.81005 -2.72407 2.05245 1.29586 1.85902 -2.48995
2.32049 1.44431 1.71249 -1.60859 -1.53248 -0.817894 -1.87199 -1.66172 -2.36383 -1.09249 0.81005 -2.72407 2.05245 1.29586 1.85902 -2.48995
2.31549 1.44431 1.71249 -1.60859 -1.53248 -0.817894 -1.87199 -1.66172 -2.36383 -1.09249 0.81005 -2.72407 2.05245 1.29586 1.85902 -2.48995
2.31037 1.44431 1.71249 -1.60859 -1.53248 -0.817894 -1.87199 -1.66172 -2.36383 -1.09249 0.81005 -2.72407 2.05245 1.29586 1.85902 -2.48995
2.30524 1.44431 1.71249 -1.60859 -1.53248 -0.817894 -1.87199 -1.66172 -2.36383 -1.09249 0.81005 -2.72407 2.05245 1.29586 1.85902 -2.48995
2.30007 1.44431 1.71249 -1.60859 -1.53248 -0.817894 -1.87199 -1.66172 -2.36383 -1.09249 0.81005 -2.72407 2.05245 1.29586 1.85902 -2.48995
2.29481 1.44431 1.71249 -1.60859 -1.53248 -0.817894 -1.87199 -1.66172 -2.36383 -1.09249 0.81005 -2.72407 2.05245 1.29586 1.85902 -2.48995
2.28954 1.44431 1.71249 -1.60859 -1.53248 -0.817894 -1.87199 -1.66172 -2.36383 -1.09249 0.81005 -2.72407 2.05245 1.29586 1.85902 -2.48995
2.2842 1.44431 1.71249 -1.60859 -1.53248 -0.817894 -1.87199 -1.66172 -2.36383 -1.09249 0.81005 -2.72407 2.05245 1.29586 1.85902 -2.48995
2.27895 1.44431 1.71249 -1.60859 -1.53248 -0.817894 -1.87199 -1.66172 -2.36383 -1.09249 0.81005 -2.72407 2.05245 1.29586 1.85902 -2.48995
2.2737 1.44431 1.71249 -1.60859 -1.53248 -0.817894 -1.87199 -1.66172 -2.36383 -1.09249 0.81005 -2.72407 2.05245 1.29586 1.85902 -2.48995
2.2684 1.44431 1.71249 -1.60859 -1.53248 -0.817894 -1.87199 -1.66172 -2.36383 -1.09249 0.81005 -2.72407 2.05245 1.29586 1.85902 -2.48995
2.26311 1.44431 1.71249 -1.60859 -1.53248 -0.817894 -1.87199 -1.66172 -2.36383 -1.09249 0.81005 -2.72407 2.05245 1.29586 1.85902 -2.48995
2.25779 1.44431 1.71249 -1.60859 -1.53248 -0.817894 -1.87199 -1.66172 -2.36383 -1.09249 0.81005 -2.72407 2.05245 1.29586 1.85902 -2.48995
2.25241 1.44431 1.71249 -1.60859 -1.53248 -0.817894 -1.87199 -1.66172 -2.36383 -1.09249 0.81005 -2.72407 2.05245 1.29586 1.85902 -2.48995
2.24705 1.44431 1.71249 -1.60859 -1.53248 -0.817894 -1.87199 -1.66172 -2.36383 -1.09249 0.81005 -2.72407 2.05245 1.29586 1.85902 -2.48995
2.24156 1.44431 1.71249 -1.60859 -1.53248 -0.817894 -1.87199 -1.66172 -2.36383 -1.09249 0.81005 -2.72407 2.05245 1.29586 1.85902 -2.48995
2.236 1.44431 1.71249 -1.60859 -1.53248 -0.817894 -1.87199 -1.66172 -2.36383 -1.09249 0.81005 -2.72407 2.05245 1.29586 1.85902 -2.48995
2.23002 1.44431 1.71249 -1.60859 -1.53248 -0.817894 -1.87199 -1.66172 -2.36383 -1.09249 0.81005 -2.72407 2.05245 1.29586 1.85902 -2.48995
2.21617 1.44431 1.71249 -1.60859 -1.53248 -0.817894 -1.87199 -1.66172 -2.36383 -1.09249 0.81005 -2.72407 2.05245 1.29586 1.85902 -2.48995
2.21617 1.44431 1.71249 -1.60859 -1.53248 -0.817894 -1.87199 -1.66172 -2.36383 -1.09249 0.81005 -2.72407 2.05245 1.29586 1.85902 -2.48995
2.21617 1.44431 1.71249 -1.60859 -1.53248 -0.817894 -1.87199 -1.66172 -2.36383 -1.09249 0.81005 -2.72407 2.05245 1.29586 1.85902 -2.48995
2.21629 1.44431 1.71249 -1.60859 -1.53248 -0.817894 -1.87199 -1.66172 -2.36383 -1.09249 0.81005 -2.72407 2.05245 1.29586 1.85902 -2.48995
2.2167 1.44431 1.71249 -1.60859 -1.53248 -0.817894 -1.87199 -1.66172 -2.36383 -1.09249 0.81005 -2.72407 2.05245 1.29586 1.85902 -2.48995
2.21713 1.44431 1.71249 -1.60859 -1.53248 -0.817894 -1.87199 -1.66172 -2.36383 -1.09249 0.81005 -2.72407 2.05245 1.29586 1.85902 -2.48995
2.21759 1.44431 1.71249 -1.60859 -1.53248 -0.817894 -1.87199 -1.66172 -2.36383 -1.09249 0.81005 -2.72407 2.05245 1.29586 1.85902 -2.48995
2.21802 1.44431 1.71249 -1.60859 -1.53248 -0.817894 -1.87199 -1.66172 -2.36383 -1.09249 0.81005 -2.72407 2.05245 1.29586 1.85902 -2.48995
2.21851 1.44431 1.71249 -1.60859 -1.53248 -0.817894 -1.87199 -1.66172 -2.36383 -1.09249 0.81005 -2.72407 2.05245 1.29586 1.85902 -2.48995
2.219 1.44431 1.71249 -1.60859 -1.53248 -0.817894 -1.87199 -1.66172 -2.36383 -1.09249 0.81005 -2.72407 2.05245 1.29586 1.85902 -2.48995
2.21992 1.44431 1.71249 -1.60859 -1.53248 -0.817894 -1.87199 -1.66172 -2.36383 -1.09249 0.81005 -2.72407 2.05245 1.29586 1.85902 -2.48995
2.22104 1.44431 1.71249 -1.60859 -1.53248 -0.817894 -1.87199 -1.66172 -2.36383 -1.09249 0.81005 -2.72407 2.05245 1.29586 1.85902 -2.48995
2.22247 1.44431 1.71249 -1.60859 -1.53248 -0.817894 -1.87199 -1.66172 -2.36383 -1.09249 0.81005 -2.72407 2.05245 1.29586 1.85902 -2.48995
2.22414 1.44431 1.71249 -1.60859 -1.53248 -0.817894 -1.87199 -1.66172 -2.36383 -1.09249 0.81005 -2.72407 2.05245 1.29586 1.85902 -2.48995
2.22603 1.44431 1.71249 -1.60859 -1.53248 -0.817894 -1.87199 -1.66172 -2.36383 -1.09249 0.81005 -2.72407 2.05245 1.29586 1.85902 -2.48995
2.22805 1.44431 1.71249 -1.60859 -1.53248 -0.817894 -1.87199 -1.66172 -2.36383 -1.09249 0.81005 -2.72407 2.05245 1.29586 1.85902 -2.48995
2.23021 1.44431 1.71249 -1.60859 -1.53248 -0.817894 -1.87199 -1.66172 -2.36383 -1.09249 0.81005 -2.72407 2.05245 1.29586 1.85902 -2.48995
2.2324 1.44431 1.71249 -1.60859 -1.53248 -0.817894 -1.87199 -1.66172 -2.36383 -1.09249 0.81005 -2.72407 2.05245 1.29586 1.85902 -2.48995
2.23462 1.44431 1.71249 -1.60859 -1.53248 -0.817894 -1.87199 -1.66172 -2.36383 -1.09249 0.81005 -2.72407 2.05245 1.29586 1.85902 -2.48995
2.23675 1.44431 1.71249 -1.60859 -1.53248 -0.817894 -1.87199 -1.66172 -2.36383 -1.09249 0.81005 -2.72407 2.05245 1.29586 1.85902 -2.48995
2.23888 1.44431 1.71249 -1.60859 -1.53248 -0.817894 -1.87199 -1.66172 -2.36383 -1.09249 0.81005 -2.72407 2.05245 1.29586 1.85902 -2.48995
2.24121 1.44431 1.71249 -1.60859 -1.53248 -0.817894 -1.87199 -1.66172 -2.36383 -1.09249 0.81005 -2.72407 2.05245 1.29586 1.85902 -2.48995
2.24374 1.44431 1.71249 -1.60859 -1.53248 -0.817894 -1.87199 -1.66172 -2.36383 -1.09249 0.81005 -2.72407 2.05245 1.29586 1.85902 -2.48995
2.24627 1.44431 1.71249 -1.60859 -1.53248 -0.817894 -1.87199 -1.66172 -2.36383 -1.09249 0.81005 -2.72407 2.05245 1.29586 1.85902 -2.48995
2.24876 1.44431 1.71249 -1.60859 -1.53248 -0.817894 -1.87199 -1.66172 -2.36383 -1.09249 0.81005 -2.72407 2.05245 1.29586 1.85902 -2.48995
2.25136 1.44431 1.71249 -1.60859 -1.53248 -0.817894 -1.87199 -1.66172 -2.36383 -1.09249 0.81005 -2.72407 2.05245 1.29586 1.85902 -2.48995
2.25408 1.44431 1.71249 -1.60859 -1.53248 -0.817894 -1.87199 -1.66172 -2.36383 -1.09249 0.81005 -2.72407 2.05245 1.29586 1.85902 -2.48995
2.25679 1.44431 1.71249 -1.60859 -1.53248 -0.817894 -1.87199 -1.66172 -2.36383 -1.09249 0.81005 -2.72407 2.05245 1.29586 1.85902 -2.48995
2.25962 1.44431 1.71249 -1.60859 -1.53248 -0.817894 -1.87199 -1.66172 -2.36383 -1.09249 0.81005 -2.72407 2.05245 1.29586 1.85902 -2.48995
2.26263 1.44431 1.71249 -1.60859 -1.53248 -0.817894 -1.87199 -1.66172 -2.36383 -1.09249 0.81005 -2.72407 2.05245 1.29586 1.85902 -2.48995
2.26577 1.44431 1.71249 -1.60859 -1.53248 -0.817894 -1.87199 -1.66172 -2.36383 -1.09249 0.81005 -2.72407 2.05245 1.29586 1.85902 -2.48995
2.26887 1.44431 1.71249 -1.60859 -1.53248 -0.817894 -1.87199 -1.66172 -2.36383 -1.09249 0.81005 -2.72407 2.05245 1.29586 1.85902 -2.48995
2.27197 1.44431 1.71249 -1.60859 -1.53248 -0.817894 -1.87199 -1.66172 -2.36383 -1.09249 0.81005 -2.72407 2.05245 1.29586 1.85902 -2.48995
2.27523 1.44431 1.71249 -1.60859 -1.53248 -0.817894 -1.87199 -1.66172 -2.36383 -1.09249 0.81005 -2.72407 2.05245 1.29586 1.85902 -2.48995
2.27863 1.44431 1.71249 -1.60859 -1.53248 -0.817894 -1.87199 -1.66172 -2.36383 -1.09249 0.81005 -2.72407 2.05245 1.29586 1.85902 -2.48995
2.2823 1.44431 1.71249 -1.60859 -1.53248 -0.817894 -1.87199 -1.66172 -2.36383 -1.09249 0.81005 -2.72407 2.05245 1.29586 1.85902 -2.48995
2.28606 1.44431 1.71249 -1.60859 -1.53248 -0.817894 -1.87199 -1.66172 -2.36383 -1.09249 0.81005 -2.72407 2.05245 1.29586 1.85902 -2.48995
2.28988 1.44431 1.71249 -1.60859 -1.53248 -0.817894 -1.87199 -1.66172 -2.36383 -1.09249 0.81005 -2.72407 2.05245 1.29586 1.85902 -2.48995
2.29385 1.44431 1.71249 -1.60859 -1.53248 -0.817894 -1.87199 -1.66172 -2.36383 -1.09249 0.81005 -2.72407 2.05245 1.29586 1.85902 -2.48995
2.29795 1.44431 1.71249 -1.60859 -1.53248 -0.817894 -1.87199 -1.66172 -2.36383 -1.09249 0.81005 -2.72407 2.05245 1.29586 1.85902 -2.48995
2.30226 1.44431 1.71249 -1.60859 -1.53248 -0.817894 -1.87199 -1.66172 -2.36383 -1.09249 0.81005 -2.72407 2.05245 1.29586 1.85902 -2.48995
2.30705 1.44431 1.71249 -1.60859 -1.53248 -0.817894 -1.87199 -1.66172 -2.36383 -1.09249 0.81005 -2.72407 2.05245 1.29586 1.85902 -2.48995
2.31158 1.44431 1.71249 -1.60859 -1.53248 -0.817894 -1.87199 -1.66172 -2.36383 -1.09249 0.81005 -2.72407 2.05245 1.29586 1.85902 -2.48995
2.31622 1.44431 1.71249 -1.60859 -1.53248 -0.817894 -1.87199 -1.66172 -2.36383 -1.09249 0.81005 -2.72407 2.05245 1.29586 1.85902 -2.48995
2.32126 1.44431 1.71249 -1.60859 -1.53248 -0.817894 -1.87199 -1.66172 -2.36383 -1.09249 0.81005 -2.72407 2.05245 1.29586 1.85902 -2.48995
2.32644 1.44431 1.71249 -1.60859 -1.53248 -0.817894 -1.87199 -1.66172 -2.36383 -1.09249 0.81005 -2.72407 2.05245 1.29586 1.85902 -2.48995
2.33177 1.44431 1.71249 -1.60859 -1.53248 -0.817894 -1.87199 -1.66172 -2.36383 -1.09249 0.81005 -2.72407 2.05245 1.29586 1.85902 -2.48995
2.33717 1.44431 1.71249 -1.60859 -1.53248 -0.817894 -1.87199 -1.66172 -2.36383 -1.09249 0.81005 -2.72407 2.05245 1.29586 1.85902 -2.48995
2.34265 1.44431 1.71249 -1.60859 -1.53248 -0.817894 -1.87199 -1.66172 -2.36383 -1.09249 0.81005 -2.72407 2.05245 1.29586 1.85902 -2.48995
2.34837 1.44431 1.71249 -1.60859 -1.53248 -0.817894 -1.87199 -1.66172 -2.36383 -1.09249 0.81005 -2.72407 2.05245 1.29586 1.85902 -2.48995
2.35433 1.44431 1.71249 -1.60859 -1.53248 -0.817894 -1.87199 -1.66172 -2.36383 -1.09249 0.81005 -2.72407 2.05245 1.29586 1.85902 -2.48995
2.36051 1.44431 1.71249 -1.60859 -1.53248 -0.817894 -1.87199 -1.66172 -2.36383 -1.09249 0.81005 -2.72407 2.05245 1.29586 1.85902 -2.48995
2.3669 1.44431 1.71249 -1.60859 -1.53248 -0.817894 -1.87199 -1.66172 -2.36383 -1.09249 0.81005 -2.72407 2.05245 1.29586 1.85902 -2.48995
2.37357 1.44431 1.71249 -1.60859 -1.53248 -0.817894 -1.87199 -1.66172 -2.36383 -1.09249 0.81005 -2.72407 2.05245 1.29586 1.85902 -2.48995
2.38049 1.44431 1.71249 -1.60859 -1.53248 -0.817894 -1.87199 -1.66172 -2.36383 -1.09249 0.81005 -2.72407 2.05245 1.29586 1.85902 -2.48995
2.3877 1.44431 1.71249 -1.60859 -1.53248 -0.817894 -1.87199 -1.66172 -2.36383 -1.09249 0.81005 -2.72407 2.05245 1.29586 1.85902 -2.48995
2.39513 1.44431 1.71249 -1.60859 -1.53248 -0.817894 -1.87199 -1.66172 -2.36383 -1.09249 0.81005 -2.72407 2.05245 1.29586 1.85902 -2.48995
2.40281 1.44431 1.71249 -1.60859 -1.53248 -0.817894 -1.87199 -1.66172 -2.36383 -1.09249 0.81005 -2.72407 2.05245 1.29586 1.85902 -2.48995
2.4108 1.44431 1.71249 -1.60859 -1.53248 -0.817894 -1.87199 -1.66172 -2.36383 -1.09249 0.81005 -2.72407 2.05245 1.29586 1.85902 -2.48995
2.41914 1.44431 1.71249 -1.60859 -1.53248 -0.817894 -1.87199 -1.66172 -2.36383 -1.09249 0.81005 -2.72407 2.05245 1.29586 1.85902 -2.48995
2.42774 1.44431 1.71249 -1.60859 -1.53248 -0.817894 -1.87199 -1.66172 -2.36383 -1.09249 0.81005 -2.72407 2.05245 1.29586 1.85902 -2.48995
2.43663 1.44431 1.71249 -1.60859 -1.53248 -0.817894 -1.87199 -1.66172 -2.36383 -1.09249 0.81005 -2.72407 2.05245 1.29586 1.85902 -2.48995
2.44599 1.44431 1.71249 -1.60859 -1.53248 -0.817894 -1.87199 -1.66172 -2.36383 -1.09249 0.81005 -2.72407 2.05245 1.29586 1.85902 -2.48995
2.45585 1.44431 1.71249 -1.60859 -1.53248 -0.817894 -1.87199 -1.66172 -2.36383 -1.09249 0.81005 -2.72407 2.05245 1.29586 1.85902 -2.48995
2.46602 1.44431 1.71249 -1.60859 -1.53248 -0.817894 -1.87199 -1.66172 -2.36383 -1.09249 0.81005 -2.72407 2.05245 1.29586 1.85902 -2.48995
2.47666 1.44431 1.71249 -1.60859 -1.53248 -0.817894 -1.87199 -1.66172 -2.36383 -1.09249 0.81005 -2.72407 2.05245 1.29586 1.85902 -2.48995
2.4875 1.44431 1.71249 -1.60859 -1.53248 -0.817894 -1.87199 -1.66172 -2.36383 -1.09249 0.81005 -2.72407 2.05245 1.29586 1.85902 -2.48995
2.49893 1.44431 1.71249 -1.60859 -1.53248 -0.817894 -1.87199 -1.66172 -2.36383 -1.09249 0.81005 -2.72407 2.05245 1.29586 1.85902 -2.48995
2.51057 1.44431 1.71249 -1.60859 -1.53248 -0.817894 -1.87199 -1.66172 -2.36383 -1.09249 0.81005 -2.72407 2.05245 1.29586 1.85902 -2.48995
2.52274 1.44431 1.71249 -1.60859 -1.53248 -0.817894 -1.87199 -1.66172 -2.36383 -1.09249 0.81005 -2.72407 2.05245 1.29586 1.85902 -2.48995
2.53527 1.44431 1.71249 -1.60859 -1.53248 -0.817894 -1.87199 -1.66172 -2.36383 -1.09249 0.81005 -2.72407 2.05245 1.29586 1.85902 -2.48995
2.54836 1.44431 1.71249 -1.60859 -1.53248 -0.817894 -1.87199 -1.66172 -2.36383 -1.09249 0.81005 -2.72407 2.05245 1.29586 1.85902 -2.48995
