7.88
7.891
7.901
7.912
7.922
7.932
7.943
7.953
7.964
7.975
7.996
8.017
8.037
8.058
8.079
8.099
8.12
8.141
8.162
8.182
8.22
8.259
8.298
8.336
8.375
8.414
8.452
8.492
8.535
8.574
8.613
8.651
8.69
8.729
8.767
8.806
8.846
8.884
8.922
8.961
9
9.039
9.077
9.116
9.155
9.194
9.233
9.272
9.311
9.351
9.39
9.429
9.467
9.506
9.545
9.584
9.624
9.663
9.702
9.741
9.78
9.819
9.858
9.897
9.936
9.974
10.013
10.051
10.09
10.129
10.168
10.207
10.247
10.287
10.326
10.365
10.403
10.442
10.481
10.519
10.558
10.6
10.639
10.677
10.716
10.755
10.794
10.833
10.872
10.91
10.95
10.989
11.027
11.066
11.105
11.144
11.183
11.223
11.262
11.302
11.341
11.379
11.418
11.457
11.495
11.534
11.573
11.612
11.654
11.693
13.402
13.413
13.423
13.434
13.445
13.456
13.466
13.477
13.488
13.501
13.539
13.578
13.616
13.657
13.696
13.734
13.773
13.812
13.85
13.889
13.928
13.968
14.007
14.045
14.084
14.123
14.161
14.199
14.238
14.277
14.316
14.355
14.393
14.431
14.469
14.509
14.547
14.586
14.625
14.664
14.706
14.745
14.783
14.823
14.863
14.902
14.94
14.979
15.017
15.056
15.094
15.133
15.171
15.21
15.249
15.288
15.326
15.365
15.404
15.443
15.481
15.52
15.559
15.598
15.637
15.677
15.716
15.755
15.794
15.832
15.871
15.909
