1.59564 -1.45999 -0.770138 -1.58995 -0.457811 2.04961 3.10445 0.0494175 2.78599 0.334752 -0.658755 -0.0888193 -1.5659 0.557724 -1.54632 -0.573519
1.59654 -1.45999 -0.770138 -1.58995 -0.457811 2.04961 3.10445 0.0494175 2.78599 0.334752 -0.658755 -0.0888193 -1.5659 0.557724 -1.54632 -0.573519
1.59748 -1.45999 -0.770138 -1.58995 -0.457811 2.04961 3.10445 0.0494175 2.78599 0.334752 -0.658755 -0.0888193 -1.5659 0.557724 -1.54632 -0.573519
1.59843 -1.45999 -0.770138 -1.58995 -0.457811 2.04961 3.10445 0.0494175 2.78599 0.334752 -0.658755 -0.0888193 -1.5659 0.557724 -1.54632 -0.573519
1.59938 -1.45999 -0.770138 -1.58995 -0.457811 2.04961 3.10445 0.0494175 2.78599 0.334752 -0.658755 -0.0888193 -1.5659 0.557724 -1.54632 -0.573519
1.60031 -1.45999 -0.770138 -1.58995 -0.457811 2.04961 3.10445 0.0494175 2.78599 0.334752 -0.658755 -0.0888193 -1.5659 0.557724 -1.54632 -0.573519
1.60126 -1.45999 -0.770138 -1.58995 -0.457811 2.04961 3.10445 0.0494175 2.78599 0.334752 -0.658755 -0.0888193 -1.5659 0.557724 -1.54632 -0.573519
1.60221 -1.45999 -0.770138 -1.58995 -0.457811 2.04961 3.10445 0.0494175 2.78599 0.334752 -0.658755 -0.0888193 -1.5659 0.557724 -1.54632 -0.573519
1.60318 -1.45999 -0.770138 -1.58995 -0.457811 2.04961 3.10445 0.0494175 2.78599 0.334752 -0.658755 -0.0888193 -1.5659 0.557724 -1.54632 -0.573519
1.60416 -1.45999 -0.770138 -1.58995 -0.457811 2.04961 3.10445 0.0494175 2.78599 0.334752 -0.658755 -0.0888193 -1.5659 0.557724 -1.54632 -0.573519
1.60518 -1.45999 -0.770138 -1.58995 -0.457811 2.04961 3.10445 0.0494175 2.78599 0.334752 -0.658755 -0.0888193 -1.5659 0.557724 -1.54632 -0.573519
1.60616 -1.45999 -0.770138 -1.58995 -0.457811 2.04961 3.10445 0.0494175 2.78599 0.334752 -0.658755 -0.0888193 -1.5659 0.557724 -1.54632 -0.573519
1.60714 -1.45999 -0.770138 -1.58995 -0.457811 2.04961 3.10445 0.0494175 2.78599 0.334752 -0.658755 -0.0888193 -1.5659 0.557724 -1.54632 -0.573519
1.60816 -1.45999 -0.770138 -1.58995 -0.457811 2.04961 3.10445 0.0494175 2.78599 0.334752 -0.658755 -0.0888193 -1.5659 0.557724 -1.54632 -0.573519
1.60921 -1.45999 -0.770138 -1.58995 -0.457811 2.04961 3.10445 0.0494175 2.78599 0.334752 -0.658755 -0.0888193 -1.5659 0.557724 -1.54632 -0.573519
1.61032 -1.45999 -0.770138 -1.58995 -0.457811 2.04961 3.10445 0.0494175 2.78599 0.334752 -0.658755 -0.0888193 -1.5659 0.557724 -1.54632 -0.573519
1.61145 -1.45999 -0.770138 -1.58995 -0.457811 2.04961 3.10445 0.0494175 2.78599 0.334752 -0.658755 -0.0888193 -1.5659 0.557724 -1.54632 -0.573519
1.61261 -1.45999 -0.770138 -1.58995 -0.457811 2.04961 3.10445 0.0494175 2.78599 0.334752 -0.658755 -0.0888193 -1.5659 0.557724 -1.54632 -0.573519
1.6138 -1.45999 -0.770138 -1.58995 -0.457811 2.04961 3.10445 0.0494175 2.78599 0.334752 -0.658755 -0.0888193 -1.5659 0.557724 -1.54632 -0.573519
1.61494 -1.45999 -0.770138 -1.58995 -0.457811 2.04961 3.10445 0.0494175 2.78599 0.334752 -0.658755 -0.0888193 -1.5659 0.557724 -1.54632 -0.573519
1.61702 -1.45999 -0.770138 -1.58995 -0.457811 2.04961 3.10445 0.0494175 2.78599 0.334752 -0.658755 -0.0888193 -1.5659 0.557724 -1.54632 -0.573519
1.61926 -1.45999 -0.770138 -1.58995 -0.457811 2.04961 3.10445 0.0494175 2.78599 0.334752 -0.658755 -0.0888193 -1.5659 0.557724 -1.54632 -0.573519
1.62171 -1.45999 -0.770138 -1.58995 -0.457811 2.04961 3.10445 0.0494175 2.78599 0.334752 -0.658755 -0.0888193 -1.5659 0.557724 -1.54632 -0.573519
1.62424 -1.45999 -0.770138 -1.58995 -0.457811 2.04961 3.10445 0.0494175 2.78599 0.334752 -0.658755 -0.0888193 -1.5659 0.557724 -1.54632 -0.573519
1.62676 -1.45999 -0.770138 -1.58995 -0.457811 2.04961 3.10445 0.0494175 2.78599 0.334752 -0.658755 -0.0888193 -1.5659 0.557724 -1.54632 -0.573519
1.62926 -1.45999 -0.770138 -1.58995 -0.457811 2.04961 3.10445 0.0494175 2.78599 0.334752 -0.658755 -0.0888193 -1.5659 0.557724 -1.54632 -0.573519
1.63195 -1.45999 -0.770138 -1.58995 -0.457811 2.04961 3.10445 0.0494175 2.78599 0.334752 -0.658755 -0.0888193 -1.5659 0.557724 -1.54632 -0.573519
1.63472 -1.45999 -0.770138 -1.58995 -0.457811 2.04961 3.10445 0.0494175 2.78599 0.334752 -0.658755 -0.0888193 -1.5659 0.557724 -1.54632 -0.573519
1.63752 -1.45999 -0.770138 -1.58995 -0.457811 2.04961 3.10445 0.0494175 2.78599 0.334752 -0.658755 -0.0888193 -1.5659 0.557724 -1.54632 -0.573519
1.64044 -1.45999 -0.770138 -1.58995 -0.457811 2.04961 3.10445 0.0494175 2.78599 0.334752 -0.658755 -0.0888193 -1.5659 0.557724 -1.54632 -0.573519
1.64345 -1.45999 -0.770138 -1.58995 -0.457811 2.04961 3.10445 0.0494175 2.78599 0.334752 -0.658755 -0.0888193 -1.5659 0.557724 -1.54632 -0.573519
1.64641 -1.45999 -0.770138 -1.58995 -0.457811 2.04961 3.10445 0.0494175 2.78599 0.334752 -0.658755 -0.0888193 -1.5659 0.557724 -1.54632 -0.573519
1.64935 -1.45999 -0.770138 -1.58995 -0.457811 2.04961 3.10445 0.0494175 2.78599 0.334752 -0.658755 -0.0888193 -1.5659 0.557724 -1.54632 -0.573519
1.65251 -1.45999 -0.770138 -1.58995 -0.457811 2.04961 3.10445 0.0494175 2.78599 0.334752 -0.658755 -0.0888193 -1.5659 0.557724 -1.54632 -0.573519
1.65585 -1.45999 -0.770138 -1.58995 -0.457811 2.04961 3.10445 0.0494175 2.78599 0.334752 -0.658755 -0.0888193 -1.5659 0.557724 -1.54632 -0.573519
1.65929 -1.45999 -0.770138 -1.58995 -0.457811 2.04961 3.10445 0.0494175 2.78599 0.334752 -0.658755 -0.0888193 -1.5659 0.557724 -1.54632 -0.573519
1.66289 -1.45999 -0.770138 -1.58995 -0.457811 2.04961 3.10445 0.0494175 2.78599 0.334752 -0.658755 -0.0888193 -1.5659 0.557724 -1.54632 -0.573519
1.6665 -1.45999 -0.770138 -1.58995 -0.457811 2.04961 3.10445 0.0494175 2.78599 0.334752 -0.658755 -0.0888193 -1.5659 0.557724 -1.54632 -0.573519
1.67008 -1.45999 -0.770138 -1.58995 -0.457811 2.04961 3.10445 0.0494175 2.78599 0.334752 -0.658755 -0.0888193 -1.5659 0.557724 -1.54632 -0.573519
1.6741 -1.45999 -0.770138 -1.58995 -0.457811 2.04961 3.10445 0.0494175 2.78599 0.334752 -0.658755 -0.0888193 -1.5659 0.557724 -1.54632 -0.573519
1.67808 -1.45999 -0.770138 -1.58995 -0.457811 2.04961 3.10445 0.0494175 2.78599 0.334752 -0.658755 -0.0888193 -1.5659 0.557724 -1.54632 -0.573519
1.6822 -1.45999 -0.770138 -1.58995 -0.457811 2.04961 3.10445 0.0494175 2.78599 0.334752 -0.658755 -0.0888193 -1.5659 0.557724 -1.54632 -0.573519
1.68628 -1.45999 -0.770138 -1.58995 -0.457811 2.04961 3.10445 0.0494175 2.78599 0.334752 -0.658755 -0.0888193 -1.5659 0.557724 -1.54632 -0.573519
1.69046 -1.45999 -0.770138 -1.58995 -0.457811 2.04961 3.10445 0.0494175 2.78599 0.334752 -0.658755 -0.0888193 -1.5659 0.557724 -1.54632 -0.573519
1.69482 -1.45999 -0.770138 -1.58995 -0.457811 2.04961 3.10445 0.0494175 2.78599 0.334752 -0.658755 -0.0888193 -1.5659 0.557724 -1.54632 -0.573519
1.69937 -1.45999 -0.770138 -1.58995 -0.457811 2.04961 3.10445 0.0494175 2.78599 0.334752 -0.658755 -0.0888193 -1.5659 0.557724 -1.54632 -0.573519
1.70402 -1.45999 -0.770138 -1.58995 -0.457811 2.04961 3.10445 0.0494175 2.78599 0.334752 -0.658755 -0.0888193 -1.5659 0.557724 -1.54632 -0.573519
1.7087 -1.45999 -0.770138 -1.58995 -0.457811 2.04961 3.10445 0.0494175 2.78599 0.334752 -0.658755 -0.0888193 -1.5659 0.557724 -1.54632 -0.573519
1.71357 -1.45999 -0.770138 -1.58995 -0.457811 2.04961 3.10445 0.0494175 2.78599 0.334752 -0.658755 -0.0888193 -1.5659 0.557724 -1.54632 -0.573519
1.71865 -1.45999 -0.770138 -1.58995 -0.457811 2.04961 3.10445 0.0494175 2.78599 0.334752 -0.658755 -0.0888193 -1.5659 0.557724 -1.54632 -0.573519
1.72394 -1.45999 -0.770138 -1.58995 -0.457811 2.04961 3.10445 0.0494175 2.78599 0.334752 -0.658755 -0.0888193 -1.5659 0.557724 -1.54632 -0.573519
1.72935 -1.45999 -0.770138 -1.58995 -0.457811 2.04961 3.10445 0.0494175 2.78599 0.334752 -0.658755 -0.0888193 -1.5659 0.557724 -1.54632 -0.573519
1.73525 -1.45999 -0.770138 -1.58995 -0.457811 2.04961 3.10445 0.0494175 2.78599 0.334752 -0.658755 -0.0888193 -1.5659 0.557724 -1.54632 -0.573519
1.74109 -1.45999 -0.770138 -1.58995 -0.457811 2.04961 3.10445 0.0494175 2.78599 0.334752 -0.658755 -0.0888193 -1.5659 0.557724 -1.54632 -0.573519
1.74694 -1.45999 -0.770138 -1.58995 -0.457811 2.04961 3.10445 0.0494175 2.78599 0.334752 -0.658755 -0.0888193 -1.5659 0.557724 -1.54632 -0.573519
1.7529 -1.45999 -0.770138 -1.58995 -0.457811 2.04961 3.10445 0.0494175 2.78599 0.334752 -0.658755 -0.0888193 -1.5659 0.557724 -1.54632 -0.573519
1.75909 -1.45999 -0.770138 -1.58995 -0.457811 2.04961 3.10445 0.0494175 2.78599 0.334752 -0.658755 -0.0888193 -1.5659 0.557724 -1.54632 -0.573519
1.76552 -1.45999 -0.770138 -1.58995 -0.457811 2.04961 3.10445 0.0494175 2.78599 0.334752 -0.658755 -0.0888193 -1.5659 0.557724 -1.54632 -0.573519
1.77199 -1.45999 -0.770138 -1.58995 -0.457811 2.04961 3.10445 0.0494175 2.78599 0.334752 -0.658755 -0.0888193 -1.5659 0.557724 -1.54632 -0.573519
1.77896 -1.45999 -0.770138 -1.58995 -0.457811 2.04961 3.10445 0.0494175 2.78599 0.334752 -0.658755 -0.0888193 -1.5659 0.557724 -1.54632 -0.573519
1.78595 -1.45999 -0.770138 -1.58995 -0.457811 2.04961 3.10445 0.0494175 2.78599 0.334752 -0.658755 -0.0888193 -1.5659 0.557724 -1.54632 -0.573519
1.79311 -1.45999 -0.770138 -1.58995 -0.457811 2.04961 3.10445 0.0494175 2.78599 0.334752 -0.658755 -0.0888193 -1.5659 0.557724 -1.54632 -0.573519
1.80098 -1.45999 -0.770138 -1.58995 -0.457811 2.04961 3.10445 0.0494175 2.78599 0.334752 -0.658755 -0.0888193 -1.5659 0.557724 -1.54632 -0.573519
1.80857 -1.45999 -0.770138 -1.58995 -0.457811 2.04961 3.10445 0.0494175 2.78599 0.334752 -0.658755 -0.0888193 -1.5659 0.557724 -1.54632 -0.573519
1.81651 -1.45999 -0.770138 -1.58995 -0.457811 2.04961 3.10445 0.0494175 2.78599 0.334752 -0.658755 -0.0888193 -1.5659 0.557724 -1.54632 -0.573519
1.82481 -1.45999 -0.770138 -1.58995 -0.457811 2.04961 3.10445 0.0494175 2.78599 0.334752 -0.658755 -0.0888193 -1.5659 0.557724 -1.54632 -0.573519
1.83325 -1.45999 -0.770138 -1.58995 -0.457811 2.04961 3.10445 0.0494175 2.78599 0.334752 -0.658755 -0.0888193 -1.5659 0.557724 -1.54632 -0.573519
1.84225 -1.45999 -0.770138 -1.58995 -0.457811 2.04961 3.10445 0.0494175 2.78599 0.334752 -0.658755 -0.0888193 -1.5659 0.557724 -1.54632 -0.573519
1.85114 -1.45999 -0.770138 -1.58995 -0.457811 2.04961 3.10445 0.0494175 2.78599 0.334752 -0.658755 -0.0888193 -1.5659 0.557724 -1.54632 -0.573519
1.86035 -1.45999 -0.770138 -1.58995 -0.457811 2.04961 3.10445 0.0494175 2.78599 0.334752 -0.658755 -0.0888193 -1.5659 0.557724 -1.54632 -0.573519
1.86987 -1.45999 -0.770138 -1.58995 -0.457811 2.04961 3.10445 0.0494175 2.78599 0.334752 -0.658755 -0.0888193 -1.5659 0.557724 -1.54632 -0.573519
1.87967 -1.45999 -0.770138 -1.58995 -0.457811 2.04961 3.10445 0.0494175 2.78599 0.334752 -0.658755 -0.0888193 -1.5659 0.557724 -1.54632 -0.573519
1.88977 -1.45999 -0.770138 -1.58995 -0.457811 2.04961 3.10445 0.0494175 2.78599 0.334752 -0.658755 -0.0888193 -1.5659 0.557724 -1.54632 -0.573519
1.90027 -1.45999 -0.770138 -1.58995 -0.457811 2.04961 3.10445 0.0494175 2.78599 0.334752 -0.658755 -0.0888193 -1.5659 0.557724 -1.54632 -0.573519
1.9111 -1.45999 -0.770138 -1.58995 -0.457811 2.04961 3.10445 0.0494175 2.78599 0.334752 -0.658755 -0.0888193 -1.5659 0.557724 -1.54632 -0.573519
1.92234 -1.45999 -0.770138 -1.58995 -0.457811 2.04961 3.10445 0.0494175 2.78599 0.334752 -0.658755 -0.0888193 -1.5659 0.557724 -1.54632 -0.573519
1.93408 -1.45999 -0.770138 -1.58995 -0.457811 2.04961 3.10445 0.0494175 2.78599 0.334752 -0.658755 -0.0888193 -1.5659 0.557724 -1.54632 -0.573519
1.94672 -1.45999 -0.770138 -1.58995 -0.457811 2.04961 3.10445 0.0494175 2.78599 0.334752 -0.658755 -0.0888193 -1.5659 0.557724 -1.54632 -0.573519
1.95933 -1.45999 -0.770138 -1.58995 -0.457811 2.04961 3.10445 0.0494175 2.78599 0.334752 -0.658755 -0.0888193 -1.5659 0.557724 -1.54632 -0.573519
1.97236 -1.45999 -0.770138 -1.58995 -0.457811 2.04961 3.10445 0.0494175 2.78599 0.334752 -0.658755 -0.0888193 -1.5659 0.557724 -1.54632 -0.573519
1.9829 -1.45999 -0.770138 -1.58995 -0.457811 2.04961 3.10445 0.0494175 2.78599 0.334752 -0.658755 -0.0888193 -1.5659 0.557724 -1.54632 -0.573519
1.98125 -1.45999 -0.770138 -1.58995 -0.457811 2.04961 3.10445 0.0494175 2.78599 0.334752 -0.658755 -0.0888193 -1.5659 0.557724 -1.54632 -0.573519
1.97993 -1.45999 -0.770138 -1.58995 -0.457811 2.04961 3.10445 0.0494175 2.78599 0.334752 -0.658755 -0.0888193 -1.5659 0.557724 -1.54632 -0.573519
1.97853 -1.45999 -0.770138 -1.58995 -0.457811 2.04961 3.10445 0.0494175 2.78599 0.334752 -0.658755 -0.0888193 -1.5659 0.557724 -1.54632 -0.573519
1.97707 -1.45999 -0.770138 -1.58995 -0.457811 2.04961 3.10445 0.0494175 2.78599 0.334752 -0.658755 -0.0888193 -1.5659 0.557724 -1.54632 -0.573519
1.97558 -1.45999 -0.770138 -1.58995 -0.457811 2.04961 3.10445 0.0494175 2.78599 0.334752 -0.658755 -0.0888193 -1.5659 0.557724 -1.54632 -0.573519
1.97396 -1.45999 -0.770138 -1.58995 -0.457811 2.04961 3.10445 0.0494175 2.78599 0.334752 -0.658755 -0.0888193 -1.5659 0.557724 -1.54632 -0.573519
1.97203 -1.45999 -0.770138 -1.58995 -0.457811 2.04961 3.10445 0.0494175 2.78599 0.334752 -0.658755 -0.0888193 -1.5659 0.557724 -1.54632 -0.573519
1.96971 -1.45999 -0.770138 -1.58995 -0.457811 2.04961 3.10445 0.0494175 2.78599 0.334752 -0.658755 -0.0888193 -1.5659 0.557724 -1.54632 -0.573519
1.96738 -1.45999 -0.770138 -1.58995 -0.457811 2.04961 3.10445 0.0494175 2.78599 0.334752 -0.658755 -0.0888193 -1.5659 0.557724 -1.54632 -0.573519
1.96323 -1.45999 -0.770138 -1.58995 -0.457811 2.04961 3.10445 0.0494175 2.78599 0.334752 -0.658755 -0.0888193 -1.5659 0.557724 -1.54632 -0.573519
1.95903 -1.45999 -0.770138 -1.58995 -0.457811 2.04961 3.10445 0.0494175 2.78599 0.334752 -0.658755 -0.0888193 -1.5659 0.557724 -1.54632 -0.573519
1.95493 -1.45999 -0.770138 -1.58995 -0.457811 2.04961 3.10445 0.0494175 2.78599 0.334752 -0.658755 -0.0888193 -1.5659 0.557724 -1.54632 -0.573519
1.95085 -1.45999 -0.770138 -1.58995 -0.457811 2.04961 3.10445 0.0494175 2.78599 0.334752 -0.658755 -0.0888193 -1.5659 0.557724 -1.54632 -0.573519
1.94677 -1.45999 -0.770138 -1.58995 -0.457811 2.04961 3.10445 0.0494175 2.78599 0.334752 -0.658755 -0.0888193 -1.5659 0.557724 -1.54632 -0.573519
1.94244 -1.45999 -0.770138 -1.58995 -0.457811 2.04961 3.10445 0.0494175 2.78599 0.334752 -0.658755 -0.0888193 -1.5659 0.557724 -1.54632 -0.573519
1.93824 -1.45999 -0.770138 -1.58995 -0.457811 2.04961 3.10445 0.0494175 2.78599 0.334752 -0.658755 -0.0888193 -1.5659 0.557724 -1.54632 -0.573519
1.93404 -1.45999 -0.770138 -1.58995 -0.457811 2.04961 3.10445 0.0494175 2.78599 0.334752 -0.658755 -0.0888193 -1.5659 0.557724 -1.54632 -0.573519
1.92973 -1.45999 -0.770138 -1.58995 -0.457811 2.04961 3.10445 0.0494175 2.78599 0.334752 -0.658755 -0.0888193 -1.5659 0.557724 -1.54632 -0.573519
1.9254 -1.45999 -0.770138 -1.58995 -0.457811 2.04961 3.10445 0.0494175 2.78599 0.334752 -0.658755 -0.0888193 -1.5659 0.557724 -1.54632 -0.573519
1.92083 -1.45999 -0.770138 -1.58995 -0.457811 2.04961 3.10445 0.0494175 2.78599 0.334752 -0.658755 -0.0888193 -1.5659 0.557724 -1.54632 -0.573519
1.91642 -1.45999 -0.770138 -1.58995 -0.457811 2.04961 3.10445 0.0494175 2.78599 0.334752 -0.658755 -0.0888193 -1.5659 0.557724 -1.54632 -0.573519
1.91205 -1.45999 -0.770138 -1.58995 -0.457811 2.04961 3.10445 0.0494175 2.78599 0.334752 -0.658755 -0.0888193 -1.5659 0.557724 -1.54632 -0.573519
1.90771 -1.45999 -0.770138 -1.58995 -0.457811 2.04961 3.10445 0.0494175 2.78599 0.334752 -0.658755 -0.0888193 -1.5659 0.557724 -1.54632 -0.573519
1.90342 -1.45999 -0.770138 -1.58995 -0.457811 2.04961 3.10445 0.0494175 2.78599 0.334752 -0.658755 -0.0888193 -1.5659 0.557724 -1.54632 -0.573519
1.89904 -1.45999 -0.770138 -1.58995 -0.457811 2.04961 3.10445 0.0494175 2.78599 0.334752 -0.658755 -0.0888193 -1.5659 0.557724 -1.54632 -0.573519
1.89463 -1.45999 -0.770138 -1.58995 -0.457811 2.04961 3.10445 0.0494175 2.78599 0.334752 -0.658755 -0.0888193 -1.5659 0.557724 -1.54632 -0.573519
1.8901 -1.45999 -0.770138 -1.58995 -0.457811 2.04961 3.10445 0.0494175 2.78599 0.334752 -0.658755 -0.0888193 -1.5659 0.557724 -1.54632 -0.573519
1.88557 -1.45999 -0.770138 -1.58995 -0.457811 2.04961 3.10445 0.0494175 2.78599 0.334752 -0.658755 -0.0888193 -1.5659 0.557724 -1.54632 -0.573519
1.88109 -1.45999 -0.770138 -1.58995 -0.457811 2.04961 3.10445 0.0494175 2.78599 0.334752 -0.658755 -0.0888193 -1.5659 0.557724 -1.54632 -0.573519
1.87661 -1.45999 -0.770138 -1.58995 -0.457811 2.04961 3.10445 0.0494175 2.78599 0.334752 -0.658755 -0.0888193 -1.5659 0.557724 -1.54632 -0.573519
1.87221 -1.45999 -0.770138 -1.58995 -0.457811 2.04961 3.10445 0.0494175 2.78599 0.334752 -0.658755 -0.0888193 -1.5659 0.557724 -1.54632 -0.573519
1.86782 -1.45999 -0.770138 -1.58995 -0.457811 2.04961 3.10445 0.0494175 2.78599 0.334752 -0.658755 -0.0888193 -1.5659 0.557724 -1.54632 -0.573519
1.86338 -1.45999 -0.770138 -1.58995 -0.457811 2.04961 3.10445 0.0494175 2.78599 0.334752 -0.658755 -0.0888193 -1.5659 0.557724 -1.54632 -0.573519
1.85883 -1.45999 -0.770138 -1.58995 -0.457811 2.04961 3.10445 0.0494175 2.78599 0.334752 -0.658755 -0.0888193 -1.5659 0.557724 -1.54632 -0.573519
1.8543 -1.45999 -0.770138 -1.58995 -0.457811 2.04961 3.10445 0.0494175 2.78599 0.334752 -0.658755 -0.0888193 -1.5659 0.557724 -1.54632 -0.573519
1.8496 -1.45999 -0.770138 -1.58995 -0.457811 2.04961 3.10445 0.0494175 2.78599 0.334752 -0.658755 -0.0888193 -1.5659 0.557724 -1.54632 -0.573519
1.84506 -1.45999 -0.770138 -1.58995 -0.457811 2.04961 3.10445 0.0494175 2.78599 0.334752 -0.658755 -0.0888193 -1.5659 0.557724 -1.54632 -0.573519
1.84041 -1.45999 -0.770138 -1.58995 -0.457811 2.04961 3.10445 0.0494175 2.78599 0.334752 -0.658755 -0.0888193 -1.5659 0.557724 -1.54632 -0.573519
1.83585 -1.45999 -0.770138 -1.58995 -0.457811 2.04961 3.10445 0.0494175 2.78599 0.334752 -0.658755 -0.0888193 -1.5659 0.557724 -1.54632 -0.573519
1.831 -1.45999 -0.770138 -1.58995 -0.457811 2.04961 3.10445 0.0494175 2.78599 0.334752 -0.658755 -0.0888193 -1.5659 0.557724 -1.54632 -0.573519
1.82635 -1.45999 -0.770138 -1.58995 -0.457811 2.04961 3.10445 0.0494175 2.78599 0.334752 -0.658755 -0.0888193 -1.5659 0.557724 -1.54632 -0.573519
1.8217 -1.45999 -0.770138 -1.58995 -0.457811 2.04961 3.10445 0.0494175 2.78599 0.334752 -0.658755 -0.0888193 -1.5659 0.557724 -1.54632 -0.573519
1.81708 -1.45999 -0.770138 -1.58995 -0.457811 2.04961 3.10445 0.0494175 2.78599 0.334752 -0.658755 -0.0888193 -1.5659 0.557724 -1.54632 -0.573519
1.8124 -1.45999 -0.770138 -1.58995 -0.457811 2.04961 3.10445 0.0494175 2.78599 0.334752 -0.658755 -0.0888193 -1.5659 0.557724 -1.54632 -0.573519
1.8077 -1.45999 -0.770138 -1.58995 -0.457811 2.04961 3.10445 0.0494175 2.78599 0.334752 -0.658755 -0.0888193 -1.5659 0.557724 -1.54632 -0.573519
1.80245 -1.45999 -0.770138 -1.58995 -0.457811 2.04961 3.10445 0.0494175 2.78599 0.334752 -0.658755 -0.0888193 -1.5659 0.557724 -1.54632 -0.573519
1.7976 -1.45999 -0.770138 -1.58995 -0.457811 2.04961 3.10445 0.0494175 2.78599 0.334752 -0.658755 -0.0888193 -1.5659 0.557724 -1.54632 -0.573519
1.79264 -1.45999 -0.770138 -1.58995 -0.457811 2.04961 3.10445 0.0494175 2.78599 0.334752 -0.658755 -0.0888193 -1.5659 0.557724 -1.54632 -0.573519
1.78769 -1.45999 -0.770138 -1.58995 -0.457811 2.04961 3.10445 0.0494175 2.78599 0.334752 -0.658755 -0.0888193 -1.5659 0.557724 -1.54632 -0.573519
1.78291 -1.45999 -0.770138 -1.58995 -0.457811 2.04961 3.10445 0.0494175 2.78599 0.334752 -0.658755 -0.0888193 -1.5659 0.557724 -1.54632 -0.573519
1.77807 -1.45999 -0.770138 -1.58995 -0.457811 2.04961 3.10445 0.0494175 2.78599 0.334752 -0.658755 -0.0888193 -1.5659 0.557724 -1.54632 -0.573519
1.77327 -1.45999 -0.770138 -1.58995 -0.457811 2.04961 3.10445 0.0494175 2.78599 0.334752 -0.658755 -0.0888193 -1.5659 0.557724 -1.54632 -0.573519
1.76835 -1.45999 -0.770138 -1.58995 -0.457811 2.04961 3.10445 0.0494175 2.78599 0.334752 -0.658755 -0.0888193 -1.5659 0.557724 -1.54632 -0.573519
1.76333 -1.45999 -0.770138 -1.58995 -0.457811 2.04961 3.10445 0.0494175 2.78599 0.334752 -0.658755 -0.0888193 -1.5659 0.557724 -1.54632 -0.573519
1.75834 -1.45999 -0.770138 -1.58995 -0.457811 2.04961 3.10445 0.0494175 2.78599 0.334752 -0.658755 -0.0888193 -1.5659 0.557724 -1.54632 -0.573519
1.7534 -1.45999 -0.770138 -1.58995 -0.457811 2.04961 3.10445 0.0494175 2.78599 0.334752 -0.658755 -0.0888193 -1.5659 0.557724 -1.54632 -0.573519
1.74838 -1.45999 -0.770138 -1.58995 -0.457811 2.04961 3.10445 0.0494175 2.78599 0.334752 -0.658755 -0.0888193 -1.5659 0.557724 -1.54632 -0.573519
1.74338 -1.45999 -0.770138 -1.58995 -0.457811 2.04961 3.10445 0.0494175 2.78599 0.334752 -0.658755 -0.0888193 -1.5659 0.557724 -1.54632 -0.573519
1.7384 -1.45999 -0.770138 -1.58995 -0.457811 2.04961 3.10445 0.0494175 2.78599 0.334752 -0.658755 -0.0888193 -1.5659 0.557724 -1.54632 -0.573519
1.73343 -1.45999 -0.770138 -1.58995 -0.457811 2.04961 3.10445 0.0494175 2.78599 0.334752 -0.658755 -0.0888193 -1.5659 0.557724 -1.54632 -0.573519
1.72847 -1.45999 -0.770138 -1.58995 -0.457811 2.04961 3.10445 0.0494175 2.78599 0.334752 -0.658755 -0.0888193 -1.5659 0.557724 -1.54632 -0.573519
1.72343 -1.45999 -0.770138 -1.58995 -0.457811 2.04961 3.10445 0.0494175 2.78599 0.334752 -0.658755 -0.0888193 -1.5659 0.557724 -1.54632 -0.573519
1.71832 -1.45999 -0.770138 -1.58995 -0.457811 2.04961 3.10445 0.0494175 2.78599 0.334752 -0.658755 -0.0888193 -1.5659 0.557724 -1.54632 -0.573519
1.71323 -1.45999 -0.770138 -1.58995 -0.457811 2.04961 3.10445 0.0494175 2.78599 0.334752 -0.658755 -0.0888193 -1.5659 0.557724 -1.54632 -0.573519
1.70815 -1.45999 -0.770138 -1.58995 -0.457811 2.04961 3.10445 0.0494175 2.78599 0.334752 -0.658755 -0.0888193 -1.5659 0.557724 -1.54632 -0.573519
1.7031 -1.45999 -0.770138 -1.58995 -0.457811 2.04961 3.10445 0.0494175 2.78599 0.334752 -0.658755 -0.0888193 -1.5659 0.557724 -1.54632 -0.573519
1.69804 -1.45999 -0.770138 -1.58995 -0.457811 2.04961 3.10445 0.0494175 2.78599 0.334752 -0.658755 -0.0888193 -1.5659 0.557724 -1.54632 -0.573519
1.69289 -1.45999 -0.770138 -1.58995 -0.457811 2.04961 3.10445 0.0494175 2.78599 0.334752 -0.658755 -0.0888193 -1.5659 0.557724 -1.54632 -0.573519
1.68776 -1.45999 -0.770138 -1.58995 -0.457811 2.04961 3.10445 0.0494175 2.78599 0.334752 -0.658755 -0.0888193 -1.5659 0.557724 -1.54632 -0.573519
1.68256 -1.45999 -0.770138 -1.58995 -0.457811 2.04961 3.10445 0.0494175 2.78599 0.334752 -0.658755 -0.0888193 -1.5659 0.557724 -1.54632 -0.573519
1.67733 -1.45999 -0.770138 -1.58995 -0.457811 2.04961 3.10445 0.0494175 2.78599 0.334752 -0.658755 -0.0888193 -1.5659 0.557724 -1.54632 -0.573519
1.67208 -1.45999 -0.770138 -1.58995 -0.457811 2.04961 3.10445 0.0494175 2.78599 0.334752 -0.658755 -0.0888193 -1.5659 0.557724 -1.54632 -0.573519
1.66683 -1.45999 -0.770138 -1.58995 -0.457811 2.04961 3.10445 0.0494175 2.78599 0.334752 -0.658755 -0.0888193 -1.5659 0.557724 -1.54632 -0.573519
1.66118 -1.45999 -0.770138 -1.58995 -0.457811 2.04961 3.10445 0.0494175 2.78599 0.334752 -0.658755 -0.0888193 -1.5659 0.557724 -1.54632 -0.573519
1.65569 -1.45999 -0.770138 -1.58995 -0.457811 2.04961 3.10445 0.0494175 2.78599 0.334752 -0.658755 -0.0888193 -1.5659 0.557724 -1.54632 -0.573519
1.65035 -1.45999 -0.770138 -1.58995 -0.457811 2.04961 3.10445 0.0494175 2.78599 0.334752 -0.658755 -0.0888193 -1.5659 0.557724 -1.54632 -0.573519
1.64495 -1.45999 -0.770138 -1.58995 -0.457811 2.04961 3.10445 0.0494175 2.78599 0.334752 -0.658755 -0.0888193 -1.5659 0.557724 -1.54632 -0.573519
1.63951 -1.45999 -0.770138 -1.58995 -0.457811 2.04961 3.10445 0.0494175 2.78599 0.334752 -0.658755 -0.0888193 -1.5659 0.557724 -1.54632 -0.573519
1.63414 -1.45999 -0.770138 -1.58995 -0.457811 2.04961 3.10445 0.0494175 2.78599 0.334752 -0.658755 -0.0888193 -1.5659 0.557724 -1.54632 -0.573519
1.62867 -1.45999 -0.770138 -1.58995 -0.457811 2.04961 3.10445 0.0494175 2.78599 0.334752 -0.658755 -0.0888193 -1.5659 0.557724 -1.54632 -0.573519
1.62307 -1.45999 -0.770138 -1.58995 -0.457811 2.04961 3.10445 0.0494175 2.78599 0.334752 -0.658755 -0.0888193 -1.5659 0.557724 -1.54632 -0.573519
1.61744 -1.45999 -0.770138 -1.58995 -0.457811 2.04961 3.10445 0.0494175 2.78599 0.334752 -0.658755 -0.0888193 -1.5659 0.557724 -1.54632 -0.573519
1.6119 -1.45999 -0.770138 -1.58995 -0.457811 2.04961 3.10445 0.0494175 2.78599 0.334752 -0.658755 -0.0888193 -1.5659 0.557724 -1.54632 -0.573519
1.60637 -1.45999 -0.770138 -1.58995 -0.457811 2.04961 3.10445 0.0494175 2.78599 0.334752 -0.658755 -0.0888193 -1.5659 0.557724 -1.54632 -0.573519
1.60081 -1.45999 -0.770138 -1.58995 -0.457811 2.04961 3.10445 0.0494175 2.78599 0.334752 -0.658755 -0.0888193 -1.5659 0.557724 -1.54632 -0.573519
1.59532 -1.45999 -0.770138 -1.58995 -0.457811 2.04961 3.10445 0.0494175 2.78599 0.334752 -0.658755 -0.0888193 -1.5659 0.557724 -1.54632 -0.573519
1.58977 -1.45999 -0.770138 -1.58995 -0.457811 2.04961 3.10445 0.0494175 2.78599 0.334752 -0.658755 -0.0888193 -1.5659 0.557724 -1.54632 -0.573519
1.58419 -1.45999 -0.770138 -1.58995 -0.457811 2.04961 3.10445 0.0494175 2.78599 0.334752 -0.658755 -0.0888193 -1.5659 0.557724 -1.54632 -0.573519
1.57855 -1.45999 -0.770138 -1.58995 -0.457811 2.04961 3.10445 0.0494175 2.78599 0.334752 -0.658755 -0.0888193 -1.5659 0.557724 -1.54632 -0.573519
1.57287 -1.45999 -0.770138 -1.58995 -0.457811 2.04961 3.10445 0.0494175 2.78599 0.334752 -0.658755 -0.0888193 -1.5659 0.557724 -1.54632 -0.573519
1.56724 -1.45999 -0.770138 -1.58995 -0.457811 2.04961 3.10445 0.0494175 2.78599 0.334752 -0.658755 -0.0888193 -1.5659 0.557724 -1.54632 -0.573519
1.56147 -1.45999 -0.770138 -1.58995 -0.457811 2.04961 3.10445 0.0494175 2.78599 0.334752 -0.658755 -0.0888193 -1.5659 0.557724 -1.54632 -0.573519
1.55576 -1.45999 -0.770138 -1.58995 -0.457811 2.04961 3.10445 0.0494175 2.78599 0.334752 -0.658755 -0.0888193 -1.5659 0.557724 -1.54632 -0.573519
1.5501 -1.45999 -0.770138 -1.58995 -0.457811 2.04961 3.10445 0.0494175 2.78599 0.334752 -0.658755 -0.0888193 -1.5659 0.557724 -1.54632 -0.573519
