5.67
5.68
5.691
5.701
5.712
5.722
5.733
5.743
5.753
5.765
5.787
5.807
5.828
5.848
5.869
5.89
5.911
5.931
5.953
5.972
6.011
6.049
6.088
6.127
6.166
6.205
6.244
6.284
6.323
6.362
6.4
6.439
6.478
6.517
6.556
6.594
6.633
6.673
6.714
6.753
6.791
6.831
6.87
6.908
6.947
6.985
7.024
7.063
7.101
7.14
7.18
7.222
7.261
7.3
7.339
7.377
7.416
7.455
7.494
7.534
7.572
7.613
7.652
7.691
7.73
7.769
7.809
7.848
7.887
7.925
7.964
8.002
8.041
8.08
8.118
8.156
8.197
8.237
8.276
8.315
10.216
10.227
10.237
10.248
10.259
10.27
10.28
10.291
10.302
10.315
10.353
10.392
10.43
10.469
10.51
10.548
10.587
10.625
10.664
10.705
10.744
10.785
10.824
10.863
10.901
10.94
10.979
11.019
11.058
11.097
11.136
11.174
11.212
11.25
11.289
11.328
11.367
11.406
11.444
11.485
11.523
11.562
11.6
11.638
11.677
11.716
11.758
11.798
11.839
11.877
11.916
11.954
11.993
12.032
12.072
12.111
12.15
12.189
12.228
12.266
12.305
12.343
12.381
12.421
12.46
12.498
12.536
12.574
12.613
12.651
12.69
12.729
12.767
12.807
12.848
12.887
12.925
12.964
13.003
13.042
13.081
13.121
13.16
13.199
13.238
13.276
13.314
13.353
13.391
13.43
13.468
13.507
13.546
13.584
13.623
