1.42292 -0.345159 0.0618527 -1.35205 -0.181967 1.97068 3.10631 -1.39058 -0.896162 -2.15887 1.18269 -1.68201 0.727121 2.99038 -2.05248 2.36382
1.42325 -0.345159 0.0618527 -1.35205 -0.181967 1.97068 3.10631 -1.39058 -0.896162 -2.15887 1.18269 -1.68201 0.727121 2.99038 -2.05248 2.36382
1.4237 -0.345159 0.0618527 -1.35205 -0.181967 1.97068 3.10631 -1.39058 -0.896162 -2.15887 1.18269 -1.68201 0.727121 2.99038 -2.05248 2.36382
1.42419 -0.345159 0.0618527 -1.35205 -0.181967 1.97068 3.10631 -1.39058 -0.896162 -2.15887 1.18269 -1.68201 0.727121 2.99038 -2.05248 2.36382
1.42469 -0.345159 0.0618527 -1.35205 -0.181967 1.97068 3.10631 -1.39058 -0.896162 -2.15887 1.18269 -1.68201 0.727121 2.99038 -2.05248 2.36382
1.42516 -0.345159 0.0618527 -1.35205 -0.181967 1.97068 3.10631 -1.39058 -0.896162 -2.15887 1.18269 -1.68201 0.727121 2.99038 -2.05248 2.36382
1.42566 -0.345159 0.0618527 -1.35205 -0.181967 1.97068 3.10631 -1.39058 -0.896162 -2.15887 1.18269 -1.68201 0.727121 2.99038 -2.05248 2.36382
1.42621 -0.345159 0.0618527 -1.35205 -0.181967 1.97068 3.10631 -1.39058 -0.896162 -2.15887 1.18269 -1.68201 0.727121 2.99038 -2.05248 2.36382
1.42683 -0.345159 0.0618527 -1.35205 -0.181967 1.97068 3.10631 -1.39058 -0.896162 -2.15887 1.18269 -1.68201 0.727121 2.99038 -2.05248 2.36382
1.42749 -0.345159 0.0618527 -1.35205 -0.181967 1.97068 3.10631 -1.39058 -0.896162 -2.15887 1.18269 -1.68201 0.727121 2.99038 -2.05248 2.36382
1.42816 -0.345159 0.0618527 -1.35205 -0.181967 1.97068 3.10631 -1.39058 -0.896162 -2.15887 1.18269 -1.68201 0.727121 2.99038 -2.05248 2.36382
1.42886 -0.345159 0.0618527 -1.35205 -0.181967 1.97068 3.10631 -1.39058 -0.896162 -2.15887 1.18269 -1.68201 0.727121 2.99038 -2.05248 2.36382
1.42954 -0.345159 0.0618527 -1.35205 -0.181967 1.97068 3.10631 -1.39058 -0.896162 -2.15887 1.18269 -1.68201 0.727121 2.99038 -2.05248 2.36382
1.43025 -0.345159 0.0618527 -1.35205 -0.181967 1.97068 3.10631 -1.39058 -0.896162 -2.15887 1.18269 -1.68201 0.727121 2.99038 -2.05248 2.36382
1.43099 -0.345159 0.0618527 -1.35205 -0.181967 1.97068 3.10631 -1.39058 -0.896162 -2.15887 1.18269 -1.68201 0.727121 2.99038 -2.05248 2.36382
1.43178 -0.345159 0.0618527 -1.35205 -0.181967 1.97068 3.10631 -1.39058 -0.896162 -2.15887 1.18269 -1.68201 0.727121 2.99038 -2.05248 2.36382
1.43266 -0.345159 0.0618527 -1.35205 -0.181967 1.97068 3.10631 -1.39058 -0.896162 -2.15887 1.18269 -1.68201 0.727121 2.99038 -2.05248 2.36382
1.43359 -0.345159 0.0618527 -1.35205 -0.181967 1.97068 3.10631 -1.39058 -0.896162 -2.15887 1.18269 -1.68201 0.727121 2.99038 -2.05248 2.36382
1.43451 -0.345159 0.0618527 -1.35205 -0.181967 1.97068 3.10631 -1.39058 -0.896162 -2.15887 1.18269 -1.68201 0.727121 2.99038 -2.05248 2.36382
1.43542 -0.345159 0.0618527 -1.35205 -0.181967 1.97068 3.10631 -1.39058 -0.896162 -2.15887 1.18269 -1.68201 0.727121 2.99038 -2.05248 2.36382
1.43714 -0.345159 0.0618527 -1.35205 -0.181967 1.97068 3.10631 -1.39058 -0.896162 -2.15887 1.18269 -1.68201 0.727121 2.99038 -2.05248 2.36382
1.43896 -0.345159 0.0618527 -1.35205 -0.181967 1.97068 3.10631 -1.39058 -0.896162 -2.15887 1.18269 -1.68201 0.727121 2.99038 -2.05248 2.36382
1.44092 -0.345159 0.0618527 -1.35205 -0.181967 1.97068 3.10631 -1.39058 -0.896162 -2.15887 1.18269 -1.68201 0.727121 2.99038 -2.05248 2.36382
1.44301 -0.345159 0.0618527 -1.35205 -0.181967 1.97068 3.10631 -1.39058 -0.896162 -2.15887 1.18269 -1.68201 0.727121 2.99038 -2.05248 2.36382
1.44506 -0.345159 0.0618527 -1.35205 -0.181967 1.97068 3.10631 -1.39058 -0.896162 -2.15887 1.18269 -1.68201 0.727121 2.99038 -2.05248 2.36382
1.44713 -0.345159 0.0618527 -1.35205 -0.181967 1.97068 3.10631 -1.39058 -0.896162 -2.15887 1.18269 -1.68201 0.727121 2.99038 -2.05248 2.36382
1.44922 -0.345159 0.0618527 -1.35205 -0.181967 1.97068 3.10631 -1.39058 -0.896162 -2.15887 1.18269 -1.68201 0.727121 2.99038 -2.05248 2.36382
1.45137 -0.345159 0.0618527 -1.35205 -0.181967 1.97068 3.10631 -1.39058 -0.896162 -2.15887 1.18269 -1.68201 0.727121 2.99038 -2.05248 2.36382
1.45367 -0.345159 0.0618527 -1.35205 -0.181967 1.97068 3.10631 -1.39058 -0.896162 -2.15887 1.18269 -1.68201 0.727121 2.99038 -2.05248 2.36382
1.4561 -0.345159 0.0618527 -1.35205 -0.181967 1.97068 3.10631 -1.39058 -0.896162 -2.15887 1.18269 -1.68201 0.727121 2.99038 -2.05248 2.36382
1.45857 -0.345159 0.0618527 -1.35205 -0.181967 1.97068 3.10631 -1.39058 -0.896162 -2.15887 1.18269 -1.68201 0.727121 2.99038 -2.05248 2.36382
1.46116 -0.345159 0.0618527 -1.35205 -0.181967 1.97068 3.10631 -1.39058 -0.896162 -2.15887 1.18269 -1.68201 0.727121 2.99038 -2.05248 2.36382
1.46385 -0.345159 0.0618527 -1.35205 -0.181967 1.97068 3.10631 -1.39058 -0.896162 -2.15887 1.18269 -1.68201 0.727121 2.99038 -2.05248 2.36382
1.46652 -0.345159 0.0618527 -1.35205 -0.181967 1.97068 3.10631 -1.39058 -0.896162 -2.15887 1.18269 -1.68201 0.727121 2.99038 -2.05248 2.36382
1.46908 -0.345159 0.0618527 -1.35205 -0.181967 1.97068 3.10631 -1.39058 -0.896162 -2.15887 1.18269 -1.68201 0.727121 2.99038 -2.05248 2.36382
1.47162 -0.345159 0.0618527 -1.35205 -0.181967 1.97068 3.10631 -1.39058 -0.896162 -2.15887 1.18269 -1.68201 0.727121 2.99038 -2.05248 2.36382
1.47448 -0.345159 0.0618527 -1.35205 -0.181967 1.97068 3.10631 -1.39058 -0.896162 -2.15887 1.18269 -1.68201 0.727121 2.99038 -2.05248 2.36382
1.47754 -0.345159 0.0618527 -1.35205 -0.181967 1.97068 3.10631 -1.39058 -0.896162 -2.15887 1.18269 -1.68201 0.727121 2.99038 -2.05248 2.36382
1.48056 -0.345159 0.0618527 -1.35205 -0.181967 1.97068 3.10631 -1.39058 -0.896162 -2.15887 1.18269 -1.68201 0.727121 2.99038 -2.05248 2.36382
1.48374 -0.345159 0.0618527 -1.35205 -0.181967 1.97068 3.10631 -1.39058 -0.896162 -2.15887 1.18269 -1.68201 0.727121 2.99038 -2.05248 2.36382
1.48694 -0.345159 0.0618527 -1.35205 -0.181967 1.97068 3.10631 -1.39058 -0.896162 -2.15887 1.18269 -1.68201 0.727121 2.99038 -2.05248 2.36382
1.49018 -0.345159 0.0618527 -1.35205 -0.181967 1.97068 3.10631 -1.39058 -0.896162 -2.15887 1.18269 -1.68201 0.727121 2.99038 -2.05248 2.36382
1.49362 -0.345159 0.0618527 -1.35205 -0.181967 1.97068 3.10631 -1.39058 -0.896162 -2.15887 1.18269 -1.68201 0.727121 2.99038 -2.05248 2.36382
1.49734 -0.345159 0.0618527 -1.35205 -0.181967 1.97068 3.10631 -1.39058 -0.896162 -2.15887 1.18269 -1.68201 0.727121 2.99038 -2.05248 2.36382
1.50101 -0.345159 0.0618527 -1.35205 -0.181967 1.97068 3.10631 -1.39058 -0.896162 -2.15887 1.18269 -1.68201 0.727121 2.99038 -2.05248 2.36382
1.50496 -0.345159 0.0618527 -1.35205 -0.181967 1.97068 3.10631 -1.39058 -0.896162 -2.15887 1.18269 -1.68201 0.727121 2.99038 -2.05248 2.36382
1.50888 -0.345159 0.0618527 -1.35205 -0.181967 1.97068 3.10631 -1.39058 -0.896162 -2.15887 1.18269 -1.68201 0.727121 2.99038 -2.05248 2.36382
1.5127 -0.345159 0.0618527 -1.35205 -0.181967 1.97068 3.10631 -1.39058 -0.896162 -2.15887 1.18269 -1.68201 0.727121 2.99038 -2.05248 2.36382
1.51664 -0.345159 0.0618527 -1.35205 -0.181967 1.97068 3.10631 -1.39058 -0.896162 -2.15887 1.18269 -1.68201 0.727121 2.99038 -2.05248 2.36382
1.52078 -0.345159 0.0618527 -1.35205 -0.181967 1.97068 3.10631 -1.39058 -0.896162 -2.15887 1.18269 -1.68201 0.727121 2.99038 -2.05248 2.36382
1.52533 -0.345159 0.0618527 -1.35205 -0.181967 1.97068 3.10631 -1.39058 -0.896162 -2.15887 1.18269 -1.68201 0.727121 2.99038 -2.05248 2.36382
1.52975 -0.345159 0.0618527 -1.35205 -0.181967 1.97068 3.10631 -1.39058 -0.896162 -2.15887 1.18269 -1.68201 0.727121 2.99038 -2.05248 2.36382
1.53416 -0.345159 0.0618527 -1.35205 -0.181967 1.97068 3.10631 -1.39058 -0.896162 -2.15887 1.18269 -1.68201 0.727121 2.99038 -2.05248 2.36382
1.5388 -0.345159 0.0618527 -1.35205 -0.181967 1.97068 3.10631 -1.39058 -0.896162 -2.15887 1.18269 -1.68201 0.727121 2.99038 -2.05248 2.36382
1.5438 -0.345159 0.0618527 -1.35205 -0.181967 1.97068 3.10631 -1.39058 -0.896162 -2.15887 1.18269 -1.68201 0.727121 2.99038 -2.05248 2.36382
1.54888 -0.345159 0.0618527 -1.35205 -0.181967 1.97068 3.10631 -1.39058 -0.896162 -2.15887 1.18269 -1.68201 0.727121 2.99038 -2.05248 2.36382
1.55392 -0.345159 0.0618527 -1.35205 -0.181967 1.97068 3.10631 -1.39058 -0.896162 -2.15887 1.18269 -1.68201 0.727121 2.99038 -2.05248 2.36382
1.55919 -0.345159 0.0618527 -1.35205 -0.181967 1.97068 3.10631 -1.39058 -0.896162 -2.15887 1.18269 -1.68201 0.727121 2.99038 -2.05248 2.36382
1.56479 -0.345159 0.0618527 -1.35205 -0.181967 1.97068 3.10631 -1.39058 -0.896162 -2.15887 1.18269 -1.68201 0.727121 2.99038 -2.05248 2.36382
1.57044 -0.345159 0.0618527 -1.35205 -0.181967 1.97068 3.10631 -1.39058 -0.896162 -2.15887 1.18269 -1.68201 0.727121 2.99038 -2.05248 2.36382
1.57641 -0.345159 0.0618527 -1.35205 -0.181967 1.97068 3.10631 -1.39058 -0.896162 -2.15887 1.18269 -1.68201 0.727121 2.99038 -2.05248 2.36382
1.58255 -0.345159 0.0618527 -1.35205 -0.181967 1.97068 3.10631 -1.39058 -0.896162 -2.15887 1.18269 -1.68201 0.727121 2.99038 -2.05248 2.36382
1.5888 -0.345159 0.0618527 -1.35205 -0.181967 1.97068 3.10631 -1.39058 -0.896162 -2.15887 1.18269 -1.68201 0.727121 2.99038 -2.05248 2.36382
1.59511 -0.345159 0.0618527 -1.35205 -0.181967 1.97068 3.10631 -1.39058 -0.896162 -2.15887 1.18269 -1.68201 0.727121 2.99038 -2.05248 2.36382
1.60174 -0.345159 0.0618527 -1.35205 -0.181967 1.97068 3.10631 -1.39058 -0.896162 -2.15887 1.18269 -1.68201 0.727121 2.99038 -2.05248 2.36382
1.60857 -0.345159 0.0618527 -1.35205 -0.181967 1.97068 3.10631 -1.39058 -0.896162 -2.15887 1.18269 -1.68201 0.727121 2.99038 -2.05248 2.36382
1.61558 -0.345159 0.0618527 -1.35205 -0.181967 1.97068 3.10631 -1.39058 -0.896162 -2.15887 1.18269 -1.68201 0.727121 2.99038 -2.05248 2.36382
1.62293 -0.345159 0.0618527 -1.35205 -0.181967 1.97068 3.10631 -1.39058 -0.896162 -2.15887 1.18269 -1.68201 0.727121 2.99038 -2.05248 2.36382
1.63081 -0.345159 0.0618527 -1.35205 -0.181967 1.97068 3.10631 -1.39058 -0.896162 -2.15887 1.18269 -1.68201 0.727121 2.99038 -2.05248 2.36382
1.63903 -0.345159 0.0618527 -1.35205 -0.181967 1.97068 3.10631 -1.39058 -0.896162 -2.15887 1.18269 -1.68201 0.727121 2.99038 -2.05248 2.36382
1.64731 -0.345159 0.0618527 -1.35205 -0.181967 1.97068 3.10631 -1.39058 -0.896162 -2.15887 1.18269 -1.68201 0.727121 2.99038 -2.05248 2.36382
1.65553 -0.345159 0.0618527 -1.35205 -0.181967 1.97068 3.10631 -1.39058 -0.896162 -2.15887 1.18269 -1.68201 0.727121 2.99038 -2.05248 2.36382
1.66404 -0.345159 0.0618527 -1.35205 -0.181967 1.97068 3.10631 -1.39058 -0.896162 -2.15887 1.18269 -1.68201 0.727121 2.99038 -2.05248 2.36382
1.67286 -0.345159 0.0618527 -1.35205 -0.181967 1.97068 3.10631 -1.39058 -0.896162 -2.15887 1.18269 -1.68201 0.727121 2.99038 -2.05248 2.36382
1.6819 -0.345159 0.0618527 -1.35205 -0.181967 1.97068 3.10631 -1.39058 -0.896162 -2.15887 1.18269 -1.68201 0.727121 2.99038 -2.05248 2.36382
1.69136 -0.345159 0.0618527 -1.35205 -0.181967 1.97068 3.10631 -1.39058 -0.896162 -2.15887 1.18269 -1.68201 0.727121 2.99038 -2.05248 2.36382
1.70108 -0.345159 0.0618527 -1.35205 -0.181967 1.97068 3.10631 -1.39058 -0.896162 -2.15887 1.18269 -1.68201 0.727121 2.99038 -2.05248 2.36382
1.71119 -0.345159 0.0618527 -1.35205 -0.181967 1.97068 3.10631 -1.39058 -0.896162 -2.15887 1.18269 -1.68201 0.727121 2.99038 -2.05248 2.36382
1.72174 -0.345159 0.0618527 -1.35205 -0.181967 1.97068 3.10631 -1.39058 -0.896162 -2.15887 1.18269 -1.68201 0.727121 2.99038 -2.05248 2.36382
1.73262 -0.345159 0.0618527 -1.35205 -0.181967 1.97068 3.10631 -1.39058 -0.896162 -2.15887 1.18269 -1.68201 0.727121 2.99038 -2.05248 2.36382
1.74385 -0.345159 0.0618527 -1.35205 -0.181967 1.97068 3.10631 -1.39058 -0.896162 -2.15887 1.18269 -1.68201 0.727121 2.99038 -2.05248 2.36382
1.75563 -0.345159 0.0618527 -1.35205 -0.181967 1.97068 3.10631 -1.39058 -0.896162 -2.15887 1.18269 -1.68201 0.727121 2.99038 -2.05248 2.36382
1.76759 -0.345159 0.0618527 -1.35205 -0.181967 1.97068 3.10631 -1.39058 -0.896162 -2.15887 1.18269 -1.68201 0.727121 2.99038 -2.05248 2.36382
1.78002 -0.345159 0.0618527 -1.35205 -0.181967 1.97068 3.10631 -1.39058 -0.896162 -2.15887 1.18269 -1.68201 0.727121 2.99038 -2.05248 2.36382
1.79293 -0.345159 0.0618527 -1.35205 -0.181967 1.97068 3.10631 -1.39058 -0.896162 -2.15887 1.18269 -1.68201 0.727121 2.99038 -2.05248 2.36382
1.80622 -0.345159 0.0618527 -1.35205 -0.181967 1.97068 3.10631 -1.39058 -0.896162 -2.15887 1.18269 -1.68201 0.727121 2.99038 -2.05248 2.36382
1.80841 -0.345159 0.0618527 -1.35205 -0.181967 1.97068 3.10631 -1.39058 -0.896162 -2.15887 1.18269 -1.68201 0.727121 2.99038 -2.05248 2.36382
1.80807 -0.345159 0.0618527 -1.35205 -0.181967 1.97068 3.10631 -1.39058 -0.896162 -2.15887 1.18269 -1.68201 0.727121 2.99038 -2.05248 2.36382
1.80745 -0.345159 0.0618527 -1.35205 -0.181967 1.97068 3.10631 -1.39058 -0.896162 -2.15887 1.18269 -1.68201 0.727121 2.99038 -2.05248 2.36382
1.80651 -0.345159 0.0618527 -1.35205 -0.181967 1.97068 3.10631 -1.39058 -0.896162 -2.15887 1.18269 -1.68201 0.727121 2.99038 -2.05248 2.36382
1.80526 -0.345159 0.0618527 -1.35205 -0.181967 1.97068 3.10631 -1.39058 -0.896162 -2.15887 1.18269 -1.68201 0.727121 2.99038 -2.05248 2.36382
1.8037 -0.345159 0.0618527 -1.35205 -0.181967 1.97068 3.10631 -1.39058 -0.896162 -2.15887 1.18269 -1.68201 0.727121 2.99038 -2.05248 2.36382
1.80196 -0.345159 0.0618527 -1.35205 -0.181967 1.97068 3.10631 -1.39058 -0.896162 -2.15887 1.18269 -1.68201 0.727121 2.99038 -2.05248 2.36382
1.80066 -0.345159 0.0618527 -1.35205 -0.181967 1.97068 3.10631 -1.39058 -0.896162 -2.15887 1.18269 -1.68201 0.727121 2.99038 -2.05248 2.36382
1.79934 -0.345159 0.0618527 -1.35205 -0.181967 1.97068 3.10631 -1.39058 -0.896162 -2.15887 1.18269 -1.68201 0.727121 2.99038 -2.05248 2.36382
1.798 -0.345159 0.0618527 -1.35205 -0.181967 1.97068 3.10631 -1.39058 -0.896162 -2.15887 1.18269 -1.68201 0.727121 2.99038 -2.05248 2.36382
1.79538 -0.345159 0.0618527 -1.35205 -0.181967 1.97068 3.10631 -1.39058 -0.896162 -2.15887 1.18269 -1.68201 0.727121 2.99038 -2.05248 2.36382
1.79252 -0.345159 0.0618527 -1.35205 -0.181967 1.97068 3.10631 -1.39058 -0.896162 -2.15887 1.18269 -1.68201 0.727121 2.99038 -2.05248 2.36382
1.78866 -0.345159 0.0618527 -1.35205 -0.181967 1.97068 3.10631 -1.39058 -0.896162 -2.15887 1.18269 -1.68201 0.727121 2.99038 -2.05248 2.36382
1.78468 -0.345159 0.0618527 -1.35205 -0.181967 1.97068 3.10631 -1.39058 -0.896162 -2.15887 1.18269 -1.68201 0.727121 2.99038 -2.05248 2.36382
1.78072 -0.345159 0.0618527 -1.35205 -0.181967 1.97068 3.10631 -1.39058 -0.896162 -2.15887 1.18269 -1.68201 0.727121 2.99038 -2.05248 2.36382
1.77692 -0.345159 0.0618527 -1.35205 -0.181967 1.97068 3.10631 -1.39058 -0.896162 -2.15887 1.18269 -1.68201 0.727121 2.99038 -2.05248 2.36382
1.77289 -0.345159 0.0618527 -1.35205 -0.181967 1.97068 3.10631 -1.39058 -0.896162 -2.15887 1.18269 -1.68201 0.727121 2.99038 -2.05248 2.36382
1.76897 -0.345159 0.0618527 -1.35205 -0.181967 1.97068 3.10631 -1.39058 -0.896162 -2.15887 1.18269 -1.68201 0.727121 2.99038 -2.05248 2.36382
1.76496 -0.345159 0.0618527 -1.35205 -0.181967 1.97068 3.10631 -1.39058 -0.896162 -2.15887 1.18269 -1.68201 0.727121 2.99038 -2.05248 2.36382
1.76083 -0.345159 0.0618527 -1.35205 -0.181967 1.97068 3.10631 -1.39058 -0.896162 -2.15887 1.18269 -1.68201 0.727121 2.99038 -2.05248 2.36382
1.75658 -0.345159 0.0618527 -1.35205 -0.181967 1.97068 3.10631 -1.39058 -0.896162 -2.15887 1.18269 -1.68201 0.727121 2.99038 -2.05248 2.36382
1.75245 -0.345159 0.0618527 -1.35205 -0.181967 1.97068 3.10631 -1.39058 -0.896162 -2.15887 1.18269 -1.68201 0.727121 2.99038 -2.05248 2.36382
1.74828 -0.345159 0.0618527 -1.35205 -0.181967 1.97068 3.10631 -1.39058 -0.896162 -2.15887 1.18269 -1.68201 0.727121 2.99038 -2.05248 2.36382
1.74414 -0.345159 0.0618527 -1.35205 -0.181967 1.97068 3.10631 -1.39058 -0.896162 -2.15887 1.18269 -1.68201 0.727121 2.99038 -2.05248 2.36382
1.74005 -0.345159 0.0618527 -1.35205 -0.181967 1.97068 3.10631 -1.39058 -0.896162 -2.15887 1.18269 -1.68201 0.727121 2.99038 -2.05248 2.36382
1.73597 -0.345159 0.0618527 -1.35205 -0.181967 1.97068 3.10631 -1.39058 -0.896162 -2.15887 1.18269 -1.68201 0.727121 2.99038 -2.05248 2.36382
1.73195 -0.345159 0.0618527 -1.35205 -0.181967 1.97068 3.10631 -1.39058 -0.896162 -2.15887 1.18269 -1.68201 0.727121 2.99038 -2.05248 2.36382
1.72778 -0.345159 0.0618527 -1.35205 -0.181967 1.97068 3.10631 -1.39058 -0.896162 -2.15887 1.18269 -1.68201 0.727121 2.99038 -2.05248 2.36382
1.7236 -0.345159 0.0618527 -1.35205 -0.181967 1.97068 3.10631 -1.39058 -0.896162 -2.15887 1.18269 -1.68201 0.727121 2.99038 -2.05248 2.36382
1.7193 -0.345159 0.0618527 -1.35205 -0.181967 1.97068 3.10631 -1.39058 -0.896162 -2.15887 1.18269 -1.68201 0.727121 2.99038 -2.05248 2.36382
1.71516 -0.345159 0.0618527 -1.35205 -0.181967 1.97068 3.10631 -1.39058 -0.896162 -2.15887 1.18269 -1.68201 0.727121 2.99038 -2.05248 2.36382
1.7109 -0.345159 0.0618527 -1.35205 -0.181967 1.97068 3.10631 -1.39058 -0.896162 -2.15887 1.18269 -1.68201 0.727121 2.99038 -2.05248 2.36382
1.70659 -0.345159 0.0618527 -1.35205 -0.181967 1.97068 3.10631 -1.39058 -0.896162 -2.15887 1.18269 -1.68201 0.727121 2.99038 -2.05248 2.36382
1.70235 -0.345159 0.0618527 -1.35205 -0.181967 1.97068 3.10631 -1.39058 -0.896162 -2.15887 1.18269 -1.68201 0.727121 2.99038 -2.05248 2.36382
1.6981 -0.345159 0.0618527 -1.35205 -0.181967 1.97068 3.10631 -1.39058 -0.896162 -2.15887 1.18269 -1.68201 0.727121 2.99038 -2.05248 2.36382
1.69384 -0.345159 0.0618527 -1.35205 -0.181967 1.97068 3.10631 -1.39058 -0.896162 -2.15887 1.18269 -1.68201 0.727121 2.99038 -2.05248 2.36382
1.68954 -0.345159 0.0618527 -1.35205 -0.181967 1.97068 3.10631 -1.39058 -0.896162 -2.15887 1.18269 -1.68201 0.727121 2.99038 -2.05248 2.36382
1.6852 -0.345159 0.0618527 -1.35205 -0.181967 1.97068 3.10631 -1.39058 -0.896162 -2.15887 1.18269 -1.68201 0.727121 2.99038 -2.05248 2.36382
1.68088 -0.345159 0.0618527 -1.35205 -0.181967 1.97068 3.10631 -1.39058 -0.896162 -2.15887 1.18269 -1.68201 0.727121 2.99038 -2.05248 2.36382
1.67644 -0.345159 0.0618527 -1.35205 -0.181967 1.97068 3.10631 -1.39058 -0.896162 -2.15887 1.18269 -1.68201 0.727121 2.99038 -2.05248 2.36382
1.67205 -0.345159 0.0618527 -1.35205 -0.181967 1.97068 3.10631 -1.39058 -0.896162 -2.15887 1.18269 -1.68201 0.727121 2.99038 -2.05248 2.36382
1.66761 -0.345159 0.0618527 -1.35205 -0.181967 1.97068 3.10631 -1.39058 -0.896162 -2.15887 1.18269 -1.68201 0.727121 2.99038 -2.05248 2.36382
1.66324 -0.345159 0.0618527 -1.35205 -0.181967 1.97068 3.10631 -1.39058 -0.896162 -2.15887 1.18269 -1.68201 0.727121 2.99038 -2.05248 2.36382
1.65871 -0.345159 0.0618527 -1.35205 -0.181967 1.97068 3.10631 -1.39058 -0.896162 -2.15887 1.18269 -1.68201 0.727121 2.99038 -2.05248 2.36382
1.65428 -0.345159 0.0618527 -1.35205 -0.181967 1.97068 3.10631 -1.39058 -0.896162 -2.15887 1.18269 -1.68201 0.727121 2.99038 -2.05248 2.36382
1.64977 -0.345159 0.0618527 -1.35205 -0.181967 1.97068 3.10631 -1.39058 -0.896162 -2.15887 1.18269 -1.68201 0.727121 2.99038 -2.05248 2.36382
1.64522 -0.345159 0.0618527 -1.35205 -0.181967 1.97068 3.10631 -1.39058 -0.896162 -2.15887 1.18269 -1.68201 0.727121 2.99038 -2.05248 2.36382
1.64066 -0.345159 0.0618527 -1.35205 -0.181967 1.97068 3.10631 -1.39058 -0.896162 -2.15887 1.18269 -1.68201 0.727121 2.99038 -2.05248 2.36382
1.63598 -0.345159 0.0618527 -1.35205 -0.181967 1.97068 3.10631 -1.39058 -0.896162 -2.15887 1.18269 -1.68201 0.727121 2.99038 -2.05248 2.36382
1.63139 -0.345159 0.0618527 -1.35205 -0.181967 1.97068 3.10631 -1.39058 -0.896162 -2.15887 1.18269 -1.68201 0.727121 2.99038 -2.05248 2.36382
1.62676 -0.345159 0.0618527 -1.35205 -0.181967 1.97068 3.10631 -1.39058 -0.896162 -2.15887 1.18269 -1.68201 0.727121 2.99038 -2.05248 2.36382
1.62209 -0.345159 0.0618527 -1.35205 -0.181967 1.97068 3.10631 -1.39058 -0.896162 -2.15887 1.18269 -1.68201 0.727121 2.99038 -2.05248 2.36382
1.6175 -0.345159 0.0618527 -1.35205 -0.181967 1.97068 3.10631 -1.39058 -0.896162 -2.15887 1.18269 -1.68201 0.727121 2.99038 -2.05248 2.36382
1.61294 -0.345159 0.0618527 -1.35205 -0.181967 1.97068 3.10631 -1.39058 -0.896162 -2.15887 1.18269 -1.68201 0.727121 2.99038 -2.05248 2.36382
1.6083 -0.345159 0.0618527 -1.35205 -0.181967 1.97068 3.10631 -1.39058 -0.896162 -2.15887 1.18269 -1.68201 0.727121 2.99038 -2.05248 2.36382
1.60364 -0.345159 0.0618527 -1.35205 -0.181967 1.97068 3.10631 -1.39058 -0.896162 -2.15887 1.18269 -1.68201 0.727121 2.99038 -2.05248 2.36382
1.599 -0.345159 0.0618527 -1.35205 -0.181967 1.97068 3.10631 -1.39058 -0.896162 -2.15887 1.18269 -1.68201 0.727121 2.99038 -2.05248 2.36382
1.5942 -0.345159 0.0618527 -1.35205 -0.181967 1.97068 3.10631 -1.39058 -0.896162 -2.15887 1.18269 -1.68201 0.727121 2.99038 -2.05248 2.36382
1.58944 -0.345159 0.0618527 -1.35205 -0.181967 1.97068 3.10631 -1.39058 -0.896162 -2.15887 1.18269 -1.68201 0.727121 2.99038 -2.05248 2.36382
1.58469 -0.345159 0.0618527 -1.35205 -0.181967 1.97068 3.10631 -1.39058 -0.896162 -2.15887 1.18269 -1.68201 0.727121 2.99038 -2.05248 2.36382
1.57989 -0.345159 0.0618527 -1.35205 -0.181967 1.97068 3.10631 -1.39058 -0.896162 -2.15887 1.18269 -1.68201 0.727121 2.99038 -2.05248 2.36382
1.57512 -0.345159 0.0618527 -1.35205 -0.181967 1.97068 3.10631 -1.39058 -0.896162 -2.15887 1.18269 -1.68201 0.727121 2.99038 -2.05248 2.36382
1.57031 -0.345159 0.0618527 -1.35205 -0.181967 1.97068 3.10631 -1.39058 -0.896162 -2.15887 1.18269 -1.68201 0.727121 2.99038 -2.05248 2.36382
1.56547 -0.345159 0.0618527 -1.35205 -0.181967 1.97068 3.10631 -1.39058 -0.896162 -2.15887 1.18269 -1.68201 0.727121 2.99038 -2.05248 2.36382
1.56062 -0.345159 0.0618527 -1.35205 -0.181967 1.97068 3.10631 -1.39058 -0.896162 -2.15887 1.18269 -1.68201 0.727121 2.99038 -2.05248 2.36382
1.55578 -0.345159 0.0618527 -1.35205 -0.181967 1.97068 3.10631 -1.39058 -0.896162 -2.15887 1.18269 -1.68201 0.727121 2.99038 -2.05248 2.36382
1.55091 -0.345159 0.0618527 -1.35205 -0.181967 1.97068 3.10631 -1.39058 -0.896162 -2.15887 1.18269 -1.68201 0.727121 2.99038 -2.05248 2.36382
1.54583 -0.345159 0.0618527 -1.35205 -0.181967 1.97068 3.10631 -1.39058 -0.896162 -2.15887 1.18269 -1.68201 0.727121 2.99038 -2.05248 2.36382
1.54088 -0.345159 0.0618527 -1.35205 -0.181967 1.97068 3.10631 -1.39058 -0.896162 -2.15887 1.18269 -1.68201 0.727121 2.99038 -2.05248 2.36382
1.53581 -0.345159 0.0618527 -1.35205 -0.181967 1.97068 3.10631 -1.39058 -0.896162 -2.15887 1.18269 -1.68201 0.727121 2.99038 -2.05248 2.36382
1.53071 -0.345159 0.0618527 -1.35205 -0.181967 1.97068 3.10631 -1.39058 -0.896162 -2.15887 1.18269 -1.68201 0.727121 2.99038 -2.05248 2.36382
1.52563 -0.345159 0.0618527 -1.35205 -0.181967 1.97068 3.10631 -1.39058 -0.896162 -2.15887 1.18269 -1.68201 0.727121 2.99038 -2.05248 2.36382
1.52061 -0.345159 0.0618527 -1.35205 -0.181967 1.97068 3.10631 -1.39058 -0.896162 -2.15887 1.18269 -1.68201 0.727121 2.99038 -2.05248 2.36382
1.51555 -0.345159 0.0618527 -1.35205 -0.181967 1.97068 3.10631 -1.39058 -0.896162 -2.15887 1.18269 -1.68201 0.727121 2.99038 -2.05248 2.36382
1.51039 -0.345159 0.0618527 -1.35205 -0.181967 1.97068 3.10631 -1.39058 -0.896162 -2.15887 1.18269 -1.68201 0.727121 2.99038 -2.05248 2.36382
1.50522 -0.345159 0.0618527 -1.35205 -0.181967 1.97068 3.10631 -1.39058 -0.896162 -2.15887 1.18269 -1.68201 0.727121 2.99038 -2.05248 2.36382
1.49991 -0.345159 0.0618527 -1.35205 -0.181967 1.97068 3.10631 -1.39058 -0.896162 -2.15887 1.18269 -1.68201 0.727121 2.99038 -2.05248 2.36382
1.49467 -0.345159 0.0618527 -1.35205 -0.181967 1.97068 3.10631 -1.39058 -0.896162 -2.15887 1.18269 -1.68201 0.727121 2.99038 -2.05248 2.36382
1.48949 -0.345159 0.0618527 -1.35205 -0.181967 1.97068 3.10631 -1.39058 -0.896162 -2.15887 1.18269 -1.68201 0.727121 2.99038 -2.05248 2.36382
1.48434 -0.345159 0.0618527 -1.35205 -0.181967 1.97068 3.10631 -1.39058 -0.896162 -2.15887 1.18269 -1.68201 0.727121 2.99038 -2.05248 2.36382
1.47914 -0.345159 0.0618527 -1.35205 -0.181967 1.97068 3.10631 -1.39058 -0.896162 -2.15887 1.18269 -1.68201 0.727121 2.99038 -2.05248 2.36382
1.47392 -0.345159 0.0618527 -1.35205 -0.181967 1.97068 3.10631 -1.39058 -0.896162 -2.15887 1.18269 -1.68201 0.727121 2.99038 -2.05248 2.36382
1.46868 -0.345159 0.0618527 -1.35205 -0.181967 1.97068 3.10631 -1.39058 -0.896162 -2.15887 1.18269 -1.68201 0.727121 2.99038 -2.05248 2.36382
1.46338 -0.345159 0.0618527 -1.35205 -0.181967 1.97068 3.10631 -1.39058 -0.896162 -2.15887 1.18269 -1.68201 0.727121 2.99038 -2.05248 2.36382
1.45804 -0.345159 0.0618527 -1.35205 -0.181967 1.97068 3.10631 -1.39058 -0.896162 -2.15887 1.18269 -1.68201 0.727121 2.99038 -2.05248 2.36382
1.45267 -0.345159 0.0618527 -1.35205 -0.181967 1.97068 3.10631 -1.39058 -0.896162 -2.15887 1.18269 -1.68201 0.727121 2.99038 -2.05248 2.36382
1.4473 -0.345159 0.0618527 -1.35205 -0.181967 1.97068 3.10631 -1.39058 -0.896162 -2.15887 1.18269 -1.68201 0.727121 2.99038 -2.05248 2.36382
1.44193 -0.345159 0.0618527 -1.35205 -0.181967 1.97068 3.10631 -1.39058 -0.896162 -2.15887 1.18269 -1.68201 0.727121 2.99038 -2.05248 2.36382
1.43662 -0.345159 0.0618527 -1.35205 -0.181967 1.97068 3.10631 -1.39058 -0.896162 -2.15887 1.18269 -1.68201 0.727121 2.99038 -2.05248 2.36382
1.43116 -0.345159 0.0618527 -1.35205 -0.181967 1.97068 3.10631 -1.39058 -0.896162 -2.15887 1.18269 -1.68201 0.727121 2.99038 -2.05248 2.36382
1.42572 -0.345159 0.0618527 -1.35205 -0.181967 1.97068 3.10631 -1.39058 -0.896162 -2.15887 1.18269 -1.68201 0.727121 2.99038 -2.05248 2.36382
1.42028 -0.345159 0.0618527 -1.35205 -0.181967 1.97068 3.10631 -1.39058 -0.896162 -2.15887 1.18269 -1.68201 0.727121 2.99038 -2.05248 2.36382
1.41476 -0.345159 0.0618527 -1.35205 -0.181967 1.97068 3.10631 -1.39058 -0.896162 -2.15887 1.18269 -1.68201 0.727121 2.99038 -2.05248 2.36382
1.40926 -0.345159 0.0618527 -1.35205 -0.181967 1.97068 3.10631 -1.39058 -0.896162 -2.15887 1.18269 -1.68201 0.727121 2.99038 -2.05248 2.36382
1.40329 -0.345159 0.0618527 -1.35205 -0.181967 1.97068 3.10631 -1.39058 -0.896162 -2.15887 1.18269 -1.68201 0.727121 2.99038 -2.05248 2.36382
1.3976 -0.345159 0.0618527 -1.35205 -0.181967 1.97068 3.10631 -1.39058 -0.896162 -2.15887 1.18269 -1.68201 0.727121 2.99038 -2.05248 2.36382
1.39194 -0.345159 0.0618527 -1.35205 -0.181967 1.97068 3.10631 -1.39058 -0.896162 -2.15887 1.18269 -1.68201 0.727121 2.99038 -2.05248 2.36382
1.38634 -0.345159 0.0618527 -1.35205 -0.181967 1.97068 3.10631 -1.39058 -0.896162 -2.15887 1.18269 -1.68201 0.727121 2.99038 -2.05248 2.36382
1.38073 -0.345159 0.0618527 -1.35205 -0.181967 1.97068 3.10631 -1.39058 -0.896162 -2.15887 1.18269 -1.68201 0.727121 2.99038 -2.05248 2.36382
1.37509 -0.345159 0.0618527 -1.35205 -0.181967 1.97068 3.10631 -1.39058 -0.896162 -2.15887 1.18269 -1.68201 0.727121 2.99038 -2.05248 2.36382
1.36937 -0.345159 0.0618527 -1.35205 -0.181967 1.97068 3.10631 -1.39058 -0.896162 -2.15887 1.18269 -1.68201 0.727121 2.99038 -2.05248 2.36382
1.36357 -0.345159 0.0618527 -1.35205 -0.181967 1.97068 3.10631 -1.39058 -0.896162 -2.15887 1.18269 -1.68201 0.727121 2.99038 -2.05248 2.36382
1.35774 -0.345159 0.0618527 -1.35205 -0.181967 1.97068 3.10631 -1.39058 -0.896162 -2.15887 1.18269 -1.68201 0.727121 2.99038 -2.05248 2.36382
1.35171 -0.345159 0.0618527 -1.35205 -0.181967 1.97068 3.10631 -1.39058 -0.896162 -2.15887 1.18269 -1.68201 0.727121 2.99038 -2.05248 2.36382
1.34582 -0.345159 0.0618527 -1.35205 -0.181967 1.97068 3.10631 -1.39058 -0.896162 -2.15887 1.18269 -1.68201 0.727121 2.99038 -2.05248 2.36382
1.33995 -0.345159 0.0618527 -1.35205 -0.181967 1.97068 3.10631 -1.39058 -0.896162 -2.15887 1.18269 -1.68201 0.727121 2.99038 -2.05248 2.36382
1.33409 -0.345159 0.0618527 -1.35205 -0.181967 1.97068 3.10631 -1.39058 -0.896162 -2.15887 1.18269 -1.68201 0.727121 2.99038 -2.05248 2.36382
1.32826 -0.345159 0.0618527 -1.35205 -0.181967 1.97068 3.10631 -1.39058 -0.896162 -2.15887 1.18269 -1.68201 0.727121 2.99038 -2.05248 2.36382
