15.598
15.608
15.619
15.629
15.64
15.65
15.66
15.671
15.681
15.693
15.714
15.737
15.755
15.775
15.796
15.817
15.837
15.858
15.879
15.899
15.938
15.978
16.017
16.057
16.096
16.134
16.172
16.21
16.249
16.287
16.325
16.364
16.403
16.441
16.48
16.518
16.557
16.595
16.633
16.672
16.711
16.75
16.793
16.832
16.871
16.911
16.95
16.988
17.027
17.066
17.105
17.143
17.181
17.22
17.259
17.297
17.336
17.374
17.413
17.452
17.492
17.531
17.569
17.608
17.646
17.685
17.724
17.763
17.805
17.845
17.884
17.922
17.96
17.998
18.037
18.075
18.113
18.152
18.191
18.23
18.268
18.307
18.346
18.384
18.423
18.461
21.507
21.518
21.528
21.539
21.55
21.56
21.571
21.582
21.593
21.606
21.644
21.684
21.723
21.761
21.8
21.839
21.879
21.918
21.957
21.997
22.037
22.076
22.116
22.155
22.193
22.232
22.27
22.308
22.348
22.387
22.425
22.464
22.503
22.541
22.58
22.619
22.657
22.696
22.735
22.774
22.813
22.852
22.891
22.93
22.969
23.008
23.047
23.086
23.126
23.165
23.204
23.244
23.282
23.321
23.359
23.398
23.436
23.476
23.515
23.553
23.592
23.63
23.669
23.708
23.746
23.785
23.824
23.863
23.902
23.942
23.981
24.02
24.058
24.097
24.137
24.177
24.217
24.256
24.294
24.333
24.371
24.41
24.448
24.487
24.526
24.565
24.604
24.642
24.681
24.72
24.758
24.797
24.835
24.874
24.916
24.956
24.994
25.032
25.071
25.109
25.148
25.187
25.227
25.267
25.306
25.344
25.383
25.421
