2.54708 1.20469 0.309195 -0.394394 2.76461 -1.69278 -1.86396 -2.04748 -3.06157 -0.280322 -0.148183 2.81168 0.0609839 -1.88254 1.47783 2.05665
2.54708 1.20469 0.309195 -0.394394 2.76461 -1.69278 -1.86396 -2.04748 -3.06157 -0.280322 -0.148183 2.81168 0.0609839 -1.88254 1.47783 2.05665
2.54708 1.20469 0.309195 -0.394394 2.76461 -1.69278 -1.86396 -2.04748 -3.06157 -0.280322 -0.148183 2.81168 0.0609839 -1.88254 1.47783 2.05665
2.54708 1.20469 0.309195 -0.394394 2.76461 -1.69278 -1.86396 -2.04748 -3.06157 -0.280322 -0.148183 2.81168 0.0609839 -1.88254 1.47783 2.05665
2.54708 1.20469 0.309195 -0.394394 2.76461 -1.69278 -1.86396 -2.04748 -3.06157 -0.280322 -0.148183 2.81168 0.0609839 -1.88254 1.47783 2.05665
2.54708 1.20469 0.309195 -0.394394 2.76461 -1.69278 -1.86396 -2.04748 -3.06157 -0.280322 -0.148183 2.81168 0.0609839 -1.88254 1.47783 2.05665
2.54708 1.20469 0.309195 -0.394394 2.76461 -1.69278 -1.86396 -2.04748 -3.06157 -0.280322 -0.148183 2.81168 0.0609839 -1.88254 1.47783 2.05665
2.54708 1.20469 0.309195 -0.394394 2.76461 -1.69278 -1.86396 -2.04748 -3.06157 -0.280322 -0.148183 2.81168 0.0609839 -1.88254 1.47783 2.05665
2.54706 1.20469 0.309195 -0.394394 2.76461 -1.69278 -1.86396 -2.04748 -3.06157 -0.280322 -0.148183 2.81168 0.0609839 -1.88254 1.47783 2.05665
2.54691 1.20469 0.309195 -0.394394 2.76461 -1.69278 -1.86396 -2.04748 -3.06157 -0.280322 -0.148183 2.81168 0.0609839 -1.88254 1.47783 2.05665
2.54671 1.20469 0.309195 -0.394394 2.76461 -1.69278 -1.86396 -2.04748 -3.06157 -0.280322 -0.148183 2.81168 0.0609839 -1.88254 1.47783 2.05665
2.54627 1.20469 0.309195 -0.394394 2.76461 -1.69278 -1.86396 -2.04748 -3.06157 -0.280322 -0.148183 2.81168 0.0609839 -1.88254 1.47783 2.05665
2.54556 1.20469 0.309195 -0.394394 2.76461 -1.69278 -1.86396 -2.04748 -3.06157 -0.280322 -0.148183 2.81168 0.0609839 -1.88254 1.47783 2.05665
2.54453 1.20469 0.309195 -0.394394 2.76461 -1.69278 -1.86396 -2.04748 -3.06157 -0.280322 -0.148183 2.81168 0.0609839 -1.88254 1.47783 2.05665
2.54337 1.20469 0.309195 -0.394394 2.76461 -1.69278 -1.86396 -2.04748 -3.06157 -0.280322 -0.148183 2.81168 0.0609839 -1.88254 1.47783 2.05665
2.54192 1.20469 0.309195 -0.394394 2.76461 -1.69278 -1.86396 -2.04748 -3.06157 -0.280322 -0.148183 2.81168 0.0609839 -1.88254 1.47783 2.05665
2.54023 1.20469 0.309195 -0.394394 2.76461 -1.69278 -1.86396 -2.04748 -3.06157 -0.280322 -0.148183 2.81168 0.0609839 -1.88254 1.47783 2.05665
2.53876 1.20469 0.309195 -0.394394 2.76461 -1.69278 -1.86396 -2.04748 -3.06157 -0.280322 -0.148183 2.81168 0.0609839 -1.88254 1.47783 2.05665
2.53741 1.20469 0.309195 -0.394394 2.76461 -1.69278 -1.86396 -2.04748 -3.06157 -0.280322 -0.148183 2.81168 0.0609839 -1.88254 1.47783 2.05665
2.53599 1.20469 0.309195 -0.394394 2.76461 -1.69278 -1.86396 -2.04748 -3.06157 -0.280322 -0.148183 2.81168 0.0609839 -1.88254 1.47783 2.05665
2.5332 1.20469 0.309195 -0.394394 2.76461 -1.69278 -1.86396 -2.04748 -3.06157 -0.280322 -0.148183 2.81168 0.0609839 -1.88254 1.47783 2.05665
2.52988 1.20469 0.309195 -0.394394 2.76461 -1.69278 -1.86396 -2.04748 -3.06157 -0.280322 -0.148183 2.81168 0.0609839 -1.88254 1.47783 2.05665
2.52567 1.20469 0.309195 -0.394394 2.76461 -1.69278 -1.86396 -2.04748 -3.06157 -0.280322 -0.148183 2.81168 0.0609839 -1.88254 1.47783 2.05665
2.52106 1.20469 0.309195 -0.394394 2.76461 -1.69278 -1.86396 -2.04748 -3.06157 -0.280322 -0.148183 2.81168 0.0609839 -1.88254 1.47783 2.05665
2.51676 1.20469 0.309195 -0.394394 2.76461 -1.69278 -1.86396 -2.04748 -3.06157 -0.280322 -0.148183 2.81168 0.0609839 -1.88254 1.47783 2.05665
2.51237 1.20469 0.309195 -0.394394 2.76461 -1.69278 -1.86396 -2.04748 -3.06157 -0.280322 -0.148183 2.81168 0.0609839 -1.88254 1.47783 2.05665
2.50798 1.20469 0.309195 -0.394394 2.76461 -1.69278 -1.86396 -2.04748 -3.06157 -0.280322 -0.148183 2.81168 0.0609839 -1.88254 1.47783 2.05665
2.50347 1.20469 0.309195 -0.394394 2.76461 -1.69278 -1.86396 -2.04748 -3.06157 -0.280322 -0.148183 2.81168 0.0609839 -1.88254 1.47783 2.05665
2.49891 1.20469 0.309195 -0.394394 2.76461 -1.69278 -1.86396 -2.04748 -3.06157 -0.280322 -0.148183 2.81168 0.0609839 -1.88254 1.47783 2.05665
2.49443 1.20469 0.309195 -0.394394 2.76461 -1.69278 -1.86396 -2.04748 -3.06157 -0.280322 -0.148183 2.81168 0.0609839 -1.88254 1.47783 2.05665
2.48999 1.20469 0.309195 -0.394394 2.76461 -1.69278 -1.86396 -2.04748 -3.06157 -0.280322 -0.148183 2.81168 0.0609839 -1.88254 1.47783 2.05665
2.48532 1.20469 0.309195 -0.394394 2.76461 -1.69278 -1.86396 -2.04748 -3.06157 -0.280322 -0.148183 2.81168 0.0609839 -1.88254 1.47783 2.05665
2.48083 1.20469 0.309195 -0.394394 2.76461 -1.69278 -1.86396 -2.04748 -3.06157 -0.280322 -0.148183 2.81168 0.0609839 -1.88254 1.47783 2.05665
2.47628 1.20469 0.309195 -0.394394 2.76461 -1.69278 -1.86396 -2.04748 -3.06157 -0.280322 -0.148183 2.81168 0.0609839 -1.88254 1.47783 2.05665
2.47163 1.20469 0.309195 -0.394394 2.76461 -1.69278 -1.86396 -2.04748 -3.06157 -0.280322 -0.148183 2.81168 0.0609839 -1.88254 1.47783 2.05665
2.46697 1.20469 0.309195 -0.394394 2.76461 -1.69278 -1.86396 -2.04748 -3.06157 -0.280322 -0.148183 2.81168 0.0609839 -1.88254 1.47783 2.05665
2.46232 1.20469 0.309195 -0.394394 2.76461 -1.69278 -1.86396 -2.04748 -3.06157 -0.280322 -0.148183 2.81168 0.0609839 -1.88254 1.47783 2.05665
2.45767 1.20469 0.309195 -0.394394 2.76461 -1.69278 -1.86396 -2.04748 -3.06157 -0.280322 -0.148183 2.81168 0.0609839 -1.88254 1.47783 2.05665
2.45294 1.20469 0.309195 -0.394394 2.76461 -1.69278 -1.86396 -2.04748 -3.06157 -0.280322 -0.148183 2.81168 0.0609839 -1.88254 1.47783 2.05665
2.44818 1.20469 0.309195 -0.394394 2.76461 -1.69278 -1.86396 -2.04748 -3.06157 -0.280322 -0.148183 2.81168 0.0609839 -1.88254 1.47783 2.05665
2.4433 1.20469 0.309195 -0.394394 2.76461 -1.69278 -1.86396 -2.04748 -3.06157 -0.280322 -0.148183 2.81168 0.0609839 -1.88254 1.47783 2.05665
2.43849 1.20469 0.309195 -0.394394 2.76461 -1.69278 -1.86396 -2.04748 -3.06157 -0.280322 -0.148183 2.81168 0.0609839 -1.88254 1.47783 2.05665
2.4336 1.20469 0.309195 -0.394394 2.76461 -1.69278 -1.86396 -2.04748 -3.06157 -0.280322 -0.148183 2.81168 0.0609839 -1.88254 1.47783 2.05665
2.42878 1.20469 0.309195 -0.394394 2.76461 -1.69278 -1.86396 -2.04748 -3.06157 -0.280322 -0.148183 2.81168 0.0609839 -1.88254 1.47783 2.05665
2.424 1.20469 0.309195 -0.394394 2.76461 -1.69278 -1.86396 -2.04748 -3.06157 -0.280322 -0.148183 2.81168 0.0609839 -1.88254 1.47783 2.05665
2.4192 1.20469 0.309195 -0.394394 2.76461 -1.69278 -1.86396 -2.04748 -3.06157 -0.280322 -0.148183 2.81168 0.0609839 -1.88254 1.47783 2.05665
2.41435 1.20469 0.309195 -0.394394 2.76461 -1.69278 -1.86396 -2.04748 -3.06157 -0.280322 -0.148183 2.81168 0.0609839 -1.88254 1.47783 2.05665
2.4094 1.20469 0.309195 -0.394394 2.76461 -1.69278 -1.86396 -2.04748 -3.06157 -0.280322 -0.148183 2.81168 0.0609839 -1.88254 1.47783 2.05665
2.40444 1.20469 0.309195 -0.394394 2.76461 -1.69278 -1.86396 -2.04748 -3.06157 -0.280322 -0.148183 2.81168 0.0609839 -1.88254 1.47783 2.05665
2.39908 1.20469 0.309195 -0.394394 2.76461 -1.69278 -1.86396 -2.04748 -3.06157 -0.280322 -0.148183 2.81168 0.0609839 -1.88254 1.47783 2.05665
2.39405 1.20469 0.309195 -0.394394 2.76461 -1.69278 -1.86396 -2.04748 -3.06157 -0.280322 -0.148183 2.81168 0.0609839 -1.88254 1.47783 2.05665
2.38879 1.20469 0.309195 -0.394394 2.76461 -1.69278 -1.86396 -2.04748 -3.06157 -0.280322 -0.148183 2.81168 0.0609839 -1.88254 1.47783 2.05665
2.38382 1.20469 0.309195 -0.394394 2.76461 -1.69278 -1.86396 -2.04748 -3.06157 -0.280322 -0.148183 2.81168 0.0609839 -1.88254 1.47783 2.05665
2.37886 1.20469 0.309195 -0.394394 2.76461 -1.69278 -1.86396 -2.04748 -3.06157 -0.280322 -0.148183 2.81168 0.0609839 -1.88254 1.47783 2.05665
2.37392 1.20469 0.309195 -0.394394 2.76461 -1.69278 -1.86396 -2.04748 -3.06157 -0.280322 -0.148183 2.81168 0.0609839 -1.88254 1.47783 2.05665
2.36884 1.20469 0.309195 -0.394394 2.76461 -1.69278 -1.86396 -2.04748 -3.06157 -0.280322 -0.148183 2.81168 0.0609839 -1.88254 1.47783 2.05665
2.36373 1.20469 0.309195 -0.394394 2.76461 -1.69278 -1.86396 -2.04748 -3.06157 -0.280322 -0.148183 2.81168 0.0609839 -1.88254 1.47783 2.05665
2.35862 1.20469 0.309195 -0.394394 2.76461 -1.69278 -1.86396 -2.04748 -3.06157 -0.280322 -0.148183 2.81168 0.0609839 -1.88254 1.47783 2.05665
2.35347 1.20469 0.309195 -0.394394 2.76461 -1.69278 -1.86396 -2.04748 -3.06157 -0.280322 -0.148183 2.81168 0.0609839 -1.88254 1.47783 2.05665
2.34832 1.20469 0.309195 -0.394394 2.76461 -1.69278 -1.86396 -2.04748 -3.06157 -0.280322 -0.148183 2.81168 0.0609839 -1.88254 1.47783 2.05665
2.34318 1.20469 0.309195 -0.394394 2.76461 -1.69278 -1.86396 -2.04748 -3.06157 -0.280322 -0.148183 2.81168 0.0609839 -1.88254 1.47783 2.05665
2.33803 1.20469 0.309195 -0.394394 2.76461 -1.69278 -1.86396 -2.04748 -3.06157 -0.280322 -0.148183 2.81168 0.0609839 -1.88254 1.47783 2.05665
2.3328 1.20469 0.309195 -0.394394 2.76461 -1.69278 -1.86396 -2.04748 -3.06157 -0.280322 -0.148183 2.81168 0.0609839 -1.88254 1.47783 2.05665
2.32756 1.20469 0.309195 -0.394394 2.76461 -1.69278 -1.86396 -2.04748 -3.06157 -0.280322 -0.148183 2.81168 0.0609839 -1.88254 1.47783 2.05665
2.32235 1.20469 0.309195 -0.394394 2.76461 -1.69278 -1.86396 -2.04748 -3.06157 -0.280322 -0.148183 2.81168 0.0609839 -1.88254 1.47783 2.05665
2.31702 1.20469 0.309195 -0.394394 2.76461 -1.69278 -1.86396 -2.04748 -3.06157 -0.280322 -0.148183 2.81168 0.0609839 -1.88254 1.47783 2.05665
2.29792 1.20469 0.309195 -0.394394 2.76461 -1.69278 -1.86396 -2.04748 -3.06157 -0.280322 -0.148183 2.81168 0.0609839 -1.88254 1.47783 2.05665
2.29792 1.20469 0.309195 -0.394394 2.76461 -1.69278 -1.86396 -2.04748 -3.06157 -0.280322 -0.148183 2.81168 0.0609839 -1.88254 1.47783 2.05665
2.29792 1.20469 0.309195 -0.394394 2.76461 -1.69278 -1.86396 -2.04748 -3.06157 -0.280322 -0.148183 2.81168 0.0609839 -1.88254 1.47783 2.05665
2.2979 1.20469 0.309195 -0.394394 2.76461 -1.69278 -1.86396 -2.04748 -3.06157 -0.280322 -0.148183 2.81168 0.0609839 -1.88254 1.47783 2.05665
2.29789 1.20469 0.309195 -0.394394 2.76461 -1.69278 -1.86396 -2.04748 -3.06157 -0.280322 -0.148183 2.81168 0.0609839 -1.88254 1.47783 2.05665
2.29789 1.20469 0.309195 -0.394394 2.76461 -1.69278 -1.86396 -2.04748 -3.06157 -0.280322 -0.148183 2.81168 0.0609839 -1.88254 1.47783 2.05665
2.29789 1.20469 0.309195 -0.394394 2.76461 -1.69278 -1.86396 -2.04748 -3.06157 -0.280322 -0.148183 2.81168 0.0609839 -1.88254 1.47783 2.05665
2.29789 1.20469 0.309195 -0.394394 2.76461 -1.69278 -1.86396 -2.04748 -3.06157 -0.280322 -0.148183 2.81168 0.0609839 -1.88254 1.47783 2.05665
2.29789 1.20469 0.309195 -0.394394 2.76461 -1.69278 -1.86396 -2.04748 -3.06157 -0.280322 -0.148183 2.81168 0.0609839 -1.88254 1.47783 2.05665
2.29789 1.20469 0.309195 -0.394394 2.76461 -1.69278 -1.86396 -2.04748 -3.06157 -0.280322 -0.148183 2.81168 0.0609839 -1.88254 1.47783 2.05665
2.29789 1.20469 0.309195 -0.394394 2.76461 -1.69278 -1.86396 -2.04748 -3.06157 -0.280322 -0.148183 2.81168 0.0609839 -1.88254 1.47783 2.05665
2.29789 1.20469 0.309195 -0.394394 2.76461 -1.69278 -1.86396 -2.04748 -3.06157 -0.280322 -0.148183 2.81168 0.0609839 -1.88254 1.47783 2.05665
2.29853 1.20469 0.309195 -0.394394 2.76461 -1.69278 -1.86396 -2.04748 -3.06157 -0.280322 -0.148183 2.81168 0.0609839 -1.88254 1.47783 2.05665
2.2996 1.20469 0.309195 -0.394394 2.76461 -1.69278 -1.86396 -2.04748 -3.06157 -0.280322 -0.148183 2.81168 0.0609839 -1.88254 1.47783 2.05665
2.30121 1.20469 0.309195 -0.394394 2.76461 -1.69278 -1.86396 -2.04748 -3.06157 -0.280322 -0.148183 2.81168 0.0609839 -1.88254 1.47783 2.05665
2.30296 1.20469 0.309195 -0.394394 2.76461 -1.69278 -1.86396 -2.04748 -3.06157 -0.280322 -0.148183 2.81168 0.0609839 -1.88254 1.47783 2.05665
2.30487 1.20469 0.309195 -0.394394 2.76461 -1.69278 -1.86396 -2.04748 -3.06157 -0.280322 -0.148183 2.81168 0.0609839 -1.88254 1.47783 2.05665
2.30702 1.20469 0.309195 -0.394394 2.76461 -1.69278 -1.86396 -2.04748 -3.06157 -0.280322 -0.148183 2.81168 0.0609839 -1.88254 1.47783 2.05665
2.30936 1.20469 0.309195 -0.394394 2.76461 -1.69278 -1.86396 -2.04748 -3.06157 -0.280322 -0.148183 2.81168 0.0609839 -1.88254 1.47783 2.05665
2.31176 1.20469 0.309195 -0.394394 2.76461 -1.69278 -1.86396 -2.04748 -3.06157 -0.280322 -0.148183 2.81168 0.0609839 -1.88254 1.47783 2.05665
2.31418 1.20469 0.309195 -0.394394 2.76461 -1.69278 -1.86396 -2.04748 -3.06157 -0.280322 -0.148183 2.81168 0.0609839 -1.88254 1.47783 2.05665
2.31671 1.20469 0.309195 -0.394394 2.76461 -1.69278 -1.86396 -2.04748 -3.06157 -0.280322 -0.148183 2.81168 0.0609839 -1.88254 1.47783 2.05665
2.31932 1.20469 0.309195 -0.394394 2.76461 -1.69278 -1.86396 -2.04748 -3.06157 -0.280322 -0.148183 2.81168 0.0609839 -1.88254 1.47783 2.05665
2.3219 1.20469 0.309195 -0.394394 2.76461 -1.69278 -1.86396 -2.04748 -3.06157 -0.280322 -0.148183 2.81168 0.0609839 -1.88254 1.47783 2.05665
2.32457 1.20469 0.309195 -0.394394 2.76461 -1.69278 -1.86396 -2.04748 -3.06157 -0.280322 -0.148183 2.81168 0.0609839 -1.88254 1.47783 2.05665
2.32779 1.20469 0.309195 -0.394394 2.76461 -1.69278 -1.86396 -2.04748 -3.06157 -0.280322 -0.148183 2.81168 0.0609839 -1.88254 1.47783 2.05665
2.33052 1.20469 0.309195 -0.394394 2.76461 -1.69278 -1.86396 -2.04748 -3.06157 -0.280322 -0.148183 2.81168 0.0609839 -1.88254 1.47783 2.05665
2.33339 1.20469 0.309195 -0.394394 2.76461 -1.69278 -1.86396 -2.04748 -3.06157 -0.280322 -0.148183 2.81168 0.0609839 -1.88254 1.47783 2.05665
2.33636 1.20469 0.309195 -0.394394 2.76461 -1.69278 -1.86396 -2.04748 -3.06157 -0.280322 -0.148183 2.81168 0.0609839 -1.88254 1.47783 2.05665
2.33947 1.20469 0.309195 -0.394394 2.76461 -1.69278 -1.86396 -2.04748 -3.06157 -0.280322 -0.148183 2.81168 0.0609839 -1.88254 1.47783 2.05665
2.34263 1.20469 0.309195 -0.394394 2.76461 -1.69278 -1.86396 -2.04748 -3.06157 -0.280322 -0.148183 2.81168 0.0609839 -1.88254 1.47783 2.05665
2.34579 1.20469 0.309195 -0.394394 2.76461 -1.69278 -1.86396 -2.04748 -3.06157 -0.280322 -0.148183 2.81168 0.0609839 -1.88254 1.47783 2.05665
2.34895 1.20469 0.309195 -0.394394 2.76461 -1.69278 -1.86396 -2.04748 -3.06157 -0.280322 -0.148183 2.81168 0.0609839 -1.88254 1.47783 2.05665
2.35221 1.20469 0.309195 -0.394394 2.76461 -1.69278 -1.86396 -2.04748 -3.06157 -0.280322 -0.148183 2.81168 0.0609839 -1.88254 1.47783 2.05665
2.3554 1.20469 0.309195 -0.394394 2.76461 -1.69278 -1.86396 -2.04748 -3.06157 -0.280322 -0.148183 2.81168 0.0609839 -1.88254 1.47783 2.05665
2.35899 1.20469 0.309195 -0.394394 2.76461 -1.69278 -1.86396 -2.04748 -3.06157 -0.280322 -0.148183 2.81168 0.0609839 -1.88254 1.47783 2.05665
2.3627 1.20469 0.309195 -0.394394 2.76461 -1.69278 -1.86396 -2.04748 -3.06157 -0.280322 -0.148183 2.81168 0.0609839 -1.88254 1.47783 2.05665
2.36652 1.20469 0.309195 -0.394394 2.76461 -1.69278 -1.86396 -2.04748 -3.06157 -0.280322 -0.148183 2.81168 0.0609839 -1.88254 1.47783 2.05665
2.37043 1.20469 0.309195 -0.394394 2.76461 -1.69278 -1.86396 -2.04748 -3.06157 -0.280322 -0.148183 2.81168 0.0609839 -1.88254 1.47783 2.05665
2.37425 1.20469 0.309195 -0.394394 2.76461 -1.69278 -1.86396 -2.04748 -3.06157 -0.280322 -0.148183 2.81168 0.0609839 -1.88254 1.47783 2.05665
2.3782 1.20469 0.309195 -0.394394 2.76461 -1.69278 -1.86396 -2.04748 -3.06157 -0.280322 -0.148183 2.81168 0.0609839 -1.88254 1.47783 2.05665
2.38245 1.20469 0.309195 -0.394394 2.76461 -1.69278 -1.86396 -2.04748 -3.06157 -0.280322 -0.148183 2.81168 0.0609839 -1.88254 1.47783 2.05665
2.38677 1.20469 0.309195 -0.394394 2.76461 -1.69278 -1.86396 -2.04748 -3.06157 -0.280322 -0.148183 2.81168 0.0609839 -1.88254 1.47783 2.05665
2.39122 1.20469 0.309195 -0.394394 2.76461 -1.69278 -1.86396 -2.04748 -3.06157 -0.280322 -0.148183 2.81168 0.0609839 -1.88254 1.47783 2.05665
2.39568 1.20469 0.309195 -0.394394 2.76461 -1.69278 -1.86396 -2.04748 -3.06157 -0.280322 -0.148183 2.81168 0.0609839 -1.88254 1.47783 2.05665
2.40032 1.20469 0.309195 -0.394394 2.76461 -1.69278 -1.86396 -2.04748 -3.06157 -0.280322 -0.148183 2.81168 0.0609839 -1.88254 1.47783 2.05665
2.40507 1.20469 0.309195 -0.394394 2.76461 -1.69278 -1.86396 -2.04748 -3.06157 -0.280322 -0.148183 2.81168 0.0609839 -1.88254 1.47783 2.05665
2.41012 1.20469 0.309195 -0.394394 2.76461 -1.69278 -1.86396 -2.04748 -3.06157 -0.280322 -0.148183 2.81168 0.0609839 -1.88254 1.47783 2.05665
2.41531 1.20469 0.309195 -0.394394 2.76461 -1.69278 -1.86396 -2.04748 -3.06157 -0.280322 -0.148183 2.81168 0.0609839 -1.88254 1.47783 2.05665
2.42053 1.20469 0.309195 -0.394394 2.76461 -1.69278 -1.86396 -2.04748 -3.06157 -0.280322 -0.148183 2.81168 0.0609839 -1.88254 1.47783 2.05665
2.42631 1.20469 0.309195 -0.394394 2.76461 -1.69278 -1.86396 -2.04748 -3.06157 -0.280322 -0.148183 2.81168 0.0609839 -1.88254 1.47783 2.05665
2.4318 1.20469 0.309195 -0.394394 2.76461 -1.69278 -1.86396 -2.04748 -3.06157 -0.280322 -0.148183 2.81168 0.0609839 -1.88254 1.47783 2.05665
2.43753 1.20469 0.309195 -0.394394 2.76461 -1.69278 -1.86396 -2.04748 -3.06157 -0.280322 -0.148183 2.81168 0.0609839 -1.88254 1.47783 2.05665
2.4435 1.20469 0.309195 -0.394394 2.76461 -1.69278 -1.86396 -2.04748 -3.06157 -0.280322 -0.148183 2.81168 0.0609839 -1.88254 1.47783 2.05665
2.44992 1.20469 0.309195 -0.394394 2.76461 -1.69278 -1.86396 -2.04748 -3.06157 -0.280322 -0.148183 2.81168 0.0609839 -1.88254 1.47783 2.05665
2.45604 1.20469 0.309195 -0.394394 2.76461 -1.69278 -1.86396 -2.04748 -3.06157 -0.280322 -0.148183 2.81168 0.0609839 -1.88254 1.47783 2.05665
2.46231 1.20469 0.309195 -0.394394 2.76461 -1.69278 -1.86396 -2.04748 -3.06157 -0.280322 -0.148183 2.81168 0.0609839 -1.88254 1.47783 2.05665
2.46882 1.20469 0.309195 -0.394394 2.76461 -1.69278 -1.86396 -2.04748 -3.06157 -0.280322 -0.148183 2.81168 0.0609839 -1.88254 1.47783 2.05665
2.47539 1.20469 0.309195 -0.394394 2.76461 -1.69278 -1.86396 -2.04748 -3.06157 -0.280322 -0.148183 2.81168 0.0609839 -1.88254 1.47783 2.05665
2.48233 1.20469 0.309195 -0.394394 2.76461 -1.69278 -1.86396 -2.04748 -3.06157 -0.280322 -0.148183 2.81168 0.0609839 -1.88254 1.47783 2.05665
2.48945 1.20469 0.309195 -0.394394 2.76461 -1.69278 -1.86396 -2.04748 -3.06157 -0.280322 -0.148183 2.81168 0.0609839 -1.88254 1.47783 2.05665
2.49668 1.20469 0.309195 -0.394394 2.76461 -1.69278 -1.86396 -2.04748 -3.06157 -0.280322 -0.148183 2.81168 0.0609839 -1.88254 1.47783 2.05665
2.50445 1.20469 0.309195 -0.394394 2.76461 -1.69278 -1.86396 -2.04748 -3.06157 -0.280322 -0.148183 2.81168 0.0609839 -1.88254 1.47783 2.05665
2.51225 1.20469 0.309195 -0.394394 2.76461 -1.69278 -1.86396 -2.04748 -3.06157 -0.280322 -0.148183 2.81168 0.0609839 -1.88254 1.47783 2.05665
2.52026 1.20469 0.309195 -0.394394 2.76461 -1.69278 -1.86396 -2.04748 -3.06157 -0.280322 -0.148183 2.81168 0.0609839 -1.88254 1.47783 2.05665
2.52862 1.20469 0.309195 -0.394394 2.76461 -1.69278 -1.86396 -2.04748 -3.06157 -0.280322 -0.148183 2.81168 0.0609839 -1.88254 1.47783 2.05665
2.53715 1.20469 0.309195 -0.394394 2.76461 -1.69278 -1.86396 -2.04748 -3.06157 -0.280322 -0.148183 2.81168 0.0609839 -1.88254 1.47783 2.05665
