2.448
2.459
2.469
2.48
2.49
2.5
2.511
2.521
2.531
2.544
2.564
2.585
2.605
2.626
2.646
2.668
2.688
2.709
2.729
2.75
2.79
2.831
2.871
2.91
2.948
2.987
3.025
3.064
3.102
3.141
3.18
3.219
3.257
3.296
3.335
3.373
3.412
3.45
3.489
3.528
3.568
3.608
3.647
3.686
3.724
3.763
3.801
3.841
3.88
3.923
3.963
4.002
4.041
4.079
4.117
4.156
4.195
4.234
4.273
4.311
4.35
4.389
4.427
4.466
4.504
4.543
5.2
5.211
5.222
5.233
5.243
5.254
5.265
5.275
5.286
5.299
5.338
5.376
5.415
5.456
5.495
5.533
5.572
5.611
5.65
5.689
5.728
5.767
5.805
5.845
5.886
5.93
5.969
6.007
6.046
6.085
6.123
6.161
6.2
6.239
6.278
6.317
6.356
6.395
6.434
6.472
6.511
6.55
6.589
6.627
6.667
6.705
6.744
6.783
6.823
6.863
6.904
6.944
6.984
7.025
7.064
7.102
7.141
7.179
7.218
7.257
7.295
7.334
7.373
7.412
7.451
7.49
7.529
