2.84627 0.112193 0.978837 -1.32754 3.08131 0.282497 2.35811 1.79968 -1.27549 -0.789425 -1.17761 1.55361 -1.2577 3.07258 -0.873966 2.89148
2.84624 0.112193 0.978837 -1.32754 3.08131 0.282497 2.35811 1.79968 -1.27549 -0.789425 -1.17761 1.55361 -1.2577 3.07258 -0.873966 2.89148
2.84613 0.112193 0.978837 -1.32754 3.08131 0.282497 2.35811 1.79968 -1.27549 -0.789425 -1.17761 1.55361 -1.2577 3.07258 -0.873966 2.89148
2.84602 0.112193 0.978837 -1.32754 3.08131 0.282497 2.35811 1.79968 -1.27549 -0.789425 -1.17761 1.55361 -1.2577 3.07258 -0.873966 2.89148
2.84552 0.112193 0.978837 -1.32754 3.08131 0.282497 2.35811 1.79968 -1.27549 -0.789425 -1.17761 1.55361 -1.2577 3.07258 -0.873966 2.89148
2.8447 0.112193 0.978837 -1.32754 3.08131 0.282497 2.35811 1.79968 -1.27549 -0.789425 -1.17761 1.55361 -1.2577 3.07258 -0.873966 2.89148
2.84355 0.112193 0.978837 -1.32754 3.08131 0.282497 2.35811 1.79968 -1.27549 -0.789425 -1.17761 1.55361 -1.2577 3.07258 -0.873966 2.89148
2.84233 0.112193 0.978837 -1.32754 3.08131 0.282497 2.35811 1.79968 -1.27549 -0.789425 -1.17761 1.55361 -1.2577 3.07258 -0.873966 2.89148
2.84088 0.112193 0.978837 -1.32754 3.08131 0.282497 2.35811 1.79968 -1.27549 -0.789425 -1.17761 1.55361 -1.2577 3.07258 -0.873966 2.89148
2.83941 0.112193 0.978837 -1.32754 3.08131 0.282497 2.35811 1.79968 -1.27549 -0.789425 -1.17761 1.55361 -1.2577 3.07258 -0.873966 2.89148
2.83805 0.112193 0.978837 -1.32754 3.08131 0.282497 2.35811 1.79968 -1.27549 -0.789425 -1.17761 1.55361 -1.2577 3.07258 -0.873966 2.89148
2.83676 0.112193 0.978837 -1.32754 3.08131 0.282497 2.35811 1.79968 -1.27549 -0.789425 -1.17761 1.55361 -1.2577 3.07258 -0.873966 2.89148
2.83544 0.112193 0.978837 -1.32754 3.08131 0.282497 2.35811 1.79968 -1.27549 -0.789425 -1.17761 1.55361 -1.2577 3.07258 -0.873966 2.89148
2.83401 0.112193 0.978837 -1.32754 3.08131 0.282497 2.35811 1.79968 -1.27549 -0.789425 -1.17761 1.55361 -1.2577 3.07258 -0.873966 2.89148
2.83254 0.112193 0.978837 -1.32754 3.08131 0.282497 2.35811 1.79968 -1.27549 -0.789425 -1.17761 1.55361 -1.2577 3.07258 -0.873966 2.89148
2.8309 0.112193 0.978837 -1.32754 3.08131 0.282497 2.35811 1.79968 -1.27549 -0.789425 -1.17761 1.55361 -1.2577 3.07258 -0.873966 2.89148
2.82934 0.112193 0.978837 -1.32754 3.08131 0.282497 2.35811 1.79968 -1.27549 -0.789425 -1.17761 1.55361 -1.2577 3.07258 -0.873966 2.89148
2.82776 0.112193 0.978837 -1.32754 3.08131 0.282497 2.35811 1.79968 -1.27549 -0.789425 -1.17761 1.55361 -1.2577 3.07258 -0.873966 2.89148
2.82615 0.112193 0.978837 -1.32754 3.08131 0.282497 2.35811 1.79968 -1.27549 -0.789425 -1.17761 1.55361 -1.2577 3.07258 -0.873966 2.89148
2.82445 0.112193 0.978837 -1.32754 3.08131 0.282497 2.35811 1.79968 -1.27549 -0.789425 -1.17761 1.55361 -1.2577 3.07258 -0.873966 2.89148
2.82111 0.112193 0.978837 -1.32754 3.08131 0.282497 2.35811 1.79968 -1.27549 -0.789425 -1.17761 1.55361 -1.2577 3.07258 -0.873966 2.89148
2.81764 0.112193 0.978837 -1.32754 3.08131 0.282497 2.35811 1.79968 -1.27549 -0.789425 -1.17761 1.55361 -1.2577 3.07258 -0.873966 2.89148
2.81424 0.112193 0.978837 -1.32754 3.08131 0.282497 2.35811 1.79968 -1.27549 -0.789425 -1.17761 1.55361 -1.2577 3.07258 -0.873966 2.89148
2.81098 0.112193 0.978837 -1.32754 3.08131 0.282497 2.35811 1.79968 -1.27549 -0.789425 -1.17761 1.55361 -1.2577 3.07258 -0.873966 2.89148
2.80761 0.112193 0.978837 -1.32754 3.08131 0.282497 2.35811 1.79968 -1.27549 -0.789425 -1.17761 1.55361 -1.2577 3.07258 -0.873966 2.89148
2.80431 0.112193 0.978837 -1.32754 3.08131 0.282497 2.35811 1.79968 -1.27549 -0.789425 -1.17761 1.55361 -1.2577 3.07258 -0.873966 2.89148
2.80081 0.112193 0.978837 -1.32754 3.08131 0.282497 2.35811 1.79968 -1.27549 -0.789425 -1.17761 1.55361 -1.2577 3.07258 -0.873966 2.89148
2.79757 0.112193 0.978837 -1.32754 3.08131 0.282497 2.35811 1.79968 -1.27549 -0.789425 -1.17761 1.55361 -1.2577 3.07258 -0.873966 2.89148
2.79437 0.112193 0.978837 -1.32754 3.08131 0.282497 2.35811 1.79968 -1.27549 -0.789425 -1.17761 1.55361 -1.2577 3.07258 -0.873966 2.89148
2.79106 0.112193 0.978837 -1.32754 3.08131 0.282497 2.35811 1.79968 -1.27549 -0.789425 -1.17761 1.55361 -1.2577 3.07258 -0.873966 2.89148
2.78775 0.112193 0.978837 -1.32754 3.08131 0.282497 2.35811 1.79968 -1.27549 -0.789425 -1.17761 1.55361 -1.2577 3.07258 -0.873966 2.89148
2.78433 0.112193 0.978837 -1.32754 3.08131 0.282497 2.35811 1.79968 -1.27549 -0.789425 -1.17761 1.55361 -1.2577 3.07258 -0.873966 2.89148
2.78088 0.112193 0.978837 -1.32754 3.08131 0.282497 2.35811 1.79968 -1.27549 -0.789425 -1.17761 1.55361 -1.2577 3.07258 -0.873966 2.89148
2.77743 0.112193 0.978837 -1.32754 3.08131 0.282497 2.35811 1.79968 -1.27549 -0.789425 -1.17761 1.55361 -1.2577 3.07258 -0.873966 2.89148
2.77403 0.112193 0.978837 -1.32754 3.08131 0.282497 2.35811 1.79968 -1.27549 -0.789425 -1.17761 1.55361 -1.2577 3.07258 -0.873966 2.89148
2.77064 0.112193 0.978837 -1.32754 3.08131 0.282497 2.35811 1.79968 -1.27549 -0.789425 -1.17761 1.55361 -1.2577 3.07258 -0.873966 2.89148
2.76721 0.112193 0.978837 -1.32754 3.08131 0.282497 2.35811 1.79968 -1.27549 -0.789425 -1.17761 1.55361 -1.2577 3.07258 -0.873966 2.89148
2.76377 0.112193 0.978837 -1.32754 3.08131 0.282497 2.35811 1.79968 -1.27549 -0.789425 -1.17761 1.55361 -1.2577 3.07258 -0.873966 2.89148
2.76026 0.112193 0.978837 -1.32754 3.08131 0.282497 2.35811 1.79968 -1.27549 -0.789425 -1.17761 1.55361 -1.2577 3.07258 -0.873966 2.89148
2.75679 0.112193 0.978837 -1.32754 3.08131 0.282497 2.35811 1.79968 -1.27549 -0.789425 -1.17761 1.55361 -1.2577 3.07258 -0.873966 2.89148
2.75337 0.112193 0.978837 -1.32754 3.08131 0.282497 2.35811 1.79968 -1.27549 -0.789425 -1.17761 1.55361 -1.2577 3.07258 -0.873966 2.89148
2.74978 0.112193 0.978837 -1.32754 3.08131 0.282497 2.35811 1.79968 -1.27549 -0.789425 -1.17761 1.55361 -1.2577 3.07258 -0.873966 2.89148
2.7462 0.112193 0.978837 -1.32754 3.08131 0.282497 2.35811 1.79968 -1.27549 -0.789425 -1.17761 1.55361 -1.2577 3.07258 -0.873966 2.89148
2.74262 0.112193 0.978837 -1.32754 3.08131 0.282497 2.35811 1.79968 -1.27549 -0.789425 -1.17761 1.55361 -1.2577 3.07258 -0.873966 2.89148
2.7391 0.112193 0.978837 -1.32754 3.08131 0.282497 2.35811 1.79968 -1.27549 -0.789425 -1.17761 1.55361 -1.2577 3.07258 -0.873966 2.89148
2.73556 0.112193 0.978837 -1.32754 3.08131 0.282497 2.35811 1.79968 -1.27549 -0.789425 -1.17761 1.55361 -1.2577 3.07258 -0.873966 2.89148
2.73175 0.112193 0.978837 -1.32754 3.08131 0.282497 2.35811 1.79968 -1.27549 -0.789425 -1.17761 1.55361 -1.2577 3.07258 -0.873966 2.89148
2.72809 0.112193 0.978837 -1.32754 3.08131 0.282497 2.35811 1.79968 -1.27549 -0.789425 -1.17761 1.55361 -1.2577 3.07258 -0.873966 2.89148
2.72443 0.112193 0.978837 -1.32754 3.08131 0.282497 2.35811 1.79968 -1.27549 -0.789425 -1.17761 1.55361 -1.2577 3.07258 -0.873966 2.89148
2.72064 0.112193 0.978837 -1.32754 3.08131 0.282497 2.35811 1.79968 -1.27549 -0.789425 -1.17761 1.55361 -1.2577 3.07258 -0.873966 2.89148
2.71702 0.112193 0.978837 -1.32754 3.08131 0.282497 2.35811 1.79968 -1.27549 -0.789425 -1.17761 1.55361 -1.2577 3.07258 -0.873966 2.89148
2.71349 0.112193 0.978837 -1.32754 3.08131 0.282497 2.35811 1.79968 -1.27549 -0.789425 -1.17761 1.55361 -1.2577 3.07258 -0.873966 2.89148
2.70984 0.112193 0.978837 -1.32754 3.08131 0.282497 2.35811 1.79968 -1.27549 -0.789425 -1.17761 1.55361 -1.2577 3.07258 -0.873966 2.89148
2.70614 0.112193 0.978837 -1.32754 3.08131 0.282497 2.35811 1.79968 -1.27549 -0.789425 -1.17761 1.55361 -1.2577 3.07258 -0.873966 2.89148
2.70243 0.112193 0.978837 -1.32754 3.08131 0.282497 2.35811 1.79968 -1.27549 -0.789425 -1.17761 1.55361 -1.2577 3.07258 -0.873966 2.89148
2.69872 0.112193 0.978837 -1.32754 3.08131 0.282497 2.35811 1.79968 -1.27549 -0.789425 -1.17761 1.55361 -1.2577 3.07258 -0.873966 2.89148
2.69498 0.112193 0.978837 -1.32754 3.08131 0.282497 2.35811 1.79968 -1.27549 -0.789425 -1.17761 1.55361 -1.2577 3.07258 -0.873966 2.89148
2.69123 0.112193 0.978837 -1.32754 3.08131 0.282497 2.35811 1.79968 -1.27549 -0.789425 -1.17761 1.55361 -1.2577 3.07258 -0.873966 2.89148
2.68751 0.112193 0.978837 -1.32754 3.08131 0.282497 2.35811 1.79968 -1.27549 -0.789425 -1.17761 1.55361 -1.2577 3.07258 -0.873966 2.89148
2.68363 0.112193 0.978837 -1.32754 3.08131 0.282497 2.35811 1.79968 -1.27549 -0.789425 -1.17761 1.55361 -1.2577 3.07258 -0.873966 2.89148
2.67986 0.112193 0.978837 -1.32754 3.08131 0.282497 2.35811 1.79968 -1.27549 -0.789425 -1.17761 1.55361 -1.2577 3.07258 -0.873966 2.89148
2.67609 0.112193 0.978837 -1.32754 3.08131 0.282497 2.35811 1.79968 -1.27549 -0.789425 -1.17761 1.55361 -1.2577 3.07258 -0.873966 2.89148
2.67232 0.112193 0.978837 -1.32754 3.08131 0.282497 2.35811 1.79968 -1.27549 -0.789425 -1.17761 1.55361 -1.2577 3.07258 -0.873966 2.89148
2.66852 0.112193 0.978837 -1.32754 3.08131 0.282497 2.35811 1.79968 -1.27549 -0.789425 -1.17761 1.55361 -1.2577 3.07258 -0.873966 2.89148
2.66466 0.112193 0.978837 -1.32754 3.08131 0.282497 2.35811 1.79968 -1.27549 -0.789425 -1.17761 1.55361 -1.2577 3.07258 -0.873966 2.89148
2.66077 0.112193 0.978837 -1.32754 3.08131 0.282497 2.35811 1.79968 -1.27549 -0.789425 -1.17761 1.55361 -1.2577 3.07258 -0.873966 2.89148
2.65685 0.112193 0.978837 -1.32754 3.08131 0.282497 2.35811 1.79968 -1.27549 -0.789425 -1.17761 1.55361 -1.2577 3.07258 -0.873966 2.89148
2.65293 0.112193 0.978837 -1.32754 3.08131 0.282497 2.35811 1.79968 -1.27549 -0.789425 -1.17761 1.55361 -1.2577 3.07258 -0.873966 2.89148
2.6489 0.112193 0.978837 -1.32754 3.08131 0.282497 2.35811 1.79968 -1.27549 -0.789425 -1.17761 1.55361 -1.2577 3.07258 -0.873966 2.89148
2.64492 0.112193 0.978837 -1.32754 3.08131 0.282497 2.35811 1.79968 -1.27549 -0.789425 -1.17761 1.55361 -1.2577 3.07258 -0.873966 2.89148
2.64093 0.112193 0.978837 -1.32754 3.08131 0.282497 2.35811 1.79968 -1.27549 -0.789425 -1.17761 1.55361 -1.2577 3.07258 -0.873966 2.89148
2.637 0.112193 0.978837 -1.32754 3.08131 0.282497 2.35811 1.79968 -1.27549 -0.789425 -1.17761 1.55361 -1.2577 3.07258 -0.873966 2.89148
2.63308 0.112193 0.978837 -1.32754 3.08131 0.282497 2.35811 1.79968 -1.27549 -0.789425 -1.17761 1.55361 -1.2577 3.07258 -0.873966 2.89148
2.62906 0.112193 0.978837 -1.32754 3.08131 0.282497 2.35811 1.79968 -1.27549 -0.789425 -1.17761 1.55361 -1.2577 3.07258 -0.873966 2.89148
2.62495 0.112193 0.978837 -1.32754 3.08131 0.282497 2.35811 1.79968 -1.27549 -0.789425 -1.17761 1.55361 -1.2577 3.07258 -0.873966 2.89148
2.62101 0.112193 0.978837 -1.32754 3.08131 0.282497 2.35811 1.79968 -1.27549 -0.789425 -1.17761 1.55361 -1.2577 3.07258 -0.873966 2.89148
2.61693 0.112193 0.978837 -1.32754 3.08131 0.282497 2.35811 1.79968 -1.27549 -0.789425 -1.17761 1.55361 -1.2577 3.07258 -0.873966 2.89148
2.61289 0.112193 0.978837 -1.32754 3.08131 0.282497 2.35811 1.79968 -1.27549 -0.789425 -1.17761 1.55361 -1.2577 3.07258 -0.873966 2.89148
2.60884 0.112193 0.978837 -1.32754 3.08131 0.282497 2.35811 1.79968 -1.27549 -0.789425 -1.17761 1.55361 -1.2577 3.07258 -0.873966 2.89148
2.60475 0.112193 0.978837 -1.32754 3.08131 0.282497 2.35811 1.79968 -1.27549 -0.789425 -1.17761 1.55361 -1.2577 3.07258 -0.873966 2.89148
2.60066 0.112193 0.978837 -1.32754 3.08131 0.282497 2.35811 1.79968 -1.27549 -0.789425 -1.17761 1.55361 -1.2577 3.07258 -0.873966 2.89148
2.59659 0.112193 0.978837 -1.32754 3.08131 0.282497 2.35811 1.79968 -1.27549 -0.789425 -1.17761 1.55361 -1.2577 3.07258 -0.873966 2.89148
2.59251 0.112193 0.978837 -1.32754 3.08131 0.282497 2.35811 1.79968 -1.27549 -0.789425 -1.17761 1.55361 -1.2577 3.07258 -0.873966 2.89148
2.5884 0.112193 0.978837 -1.32754 3.08131 0.282497 2.35811 1.79968 -1.27549 -0.789425 -1.17761 1.55361 -1.2577 3.07258 -0.873966 2.89148
2.58428 0.112193 0.978837 -1.32754 3.08131 0.282497 2.35811 1.79968 -1.27549 -0.789425 -1.17761 1.55361 -1.2577 3.07258 -0.873966 2.89148
2.58013 0.112193 0.978837 -1.32754 3.08131 0.282497 2.35811 1.79968 -1.27549 -0.789425 -1.17761 1.55361 -1.2577 3.07258 -0.873966 2.89148
2.57587 0.112193 0.978837 -1.32754 3.08131 0.282497 2.35811 1.79968 -1.27549 -0.789425 -1.17761 1.55361 -1.2577 3.07258 -0.873966 2.89148
2.57171 0.112193 0.978837 -1.32754 3.08131 0.282497 2.35811 1.79968 -1.27549 -0.789425 -1.17761 1.55361 -1.2577 3.07258 -0.873966 2.89148
2.56743 0.112193 0.978837 -1.32754 3.08131 0.282497 2.35811 1.79968 -1.27549 -0.789425 -1.17761 1.55361 -1.2577 3.07258 -0.873966 2.89148
2.56314 0.112193 0.978837 -1.32754 3.08131 0.282497 2.35811 1.79968 -1.27549 -0.789425 -1.17761 1.55361 -1.2577 3.07258 -0.873966 2.89148
2.55884 0.112193 0.978837 -1.32754 3.08131 0.282497 2.35811 1.79968 -1.27549 -0.789425 -1.17761 1.55361 -1.2577 3.07258 -0.873966 2.89148
2.55445 0.112193 0.978837 -1.32754 3.08131 0.282497 2.35811 1.79968 -1.27549 -0.789425 -1.17761 1.55361 -1.2577 3.07258 -0.873966 2.89148
2.55018 0.112193 0.978837 -1.32754 3.08131 0.282497 2.35811 1.79968 -1.27549 -0.789425 -1.17761 1.55361 -1.2577 3.07258 -0.873966 2.89148
2.54579 0.112193 0.978837 -1.32754 3.08131 0.282497 2.35811 1.79968 -1.27549 -0.789425 -1.17761 1.55361 -1.2577 3.07258 -0.873966 2.89148
2.5415 0.112193 0.978837 -1.32754 3.08131 0.282497 2.35811 1.79968 -1.27549 -0.789425 -1.17761 1.55361 -1.2577 3.07258 -0.873966 2.89148
2.53709 0.112193 0.978837 -1.32754 3.08131 0.282497 2.35811 1.79968 -1.27549 -0.789425 -1.17761 1.55361 -1.2577 3.07258 -0.873966 2.89148
2.53279 0.112193 0.978837 -1.32754 3.08131 0.282497 2.35811 1.79968 -1.27549 -0.789425 -1.17761 1.55361 -1.2577 3.07258 -0.873966 2.89148
2.52839 0.112193 0.978837 -1.32754 3.08131 0.282497 2.35811 1.79968 -1.27549 -0.789425 -1.17761 1.55361 -1.2577 3.07258 -0.873966 2.89148
2.52398 0.112193 0.978837 -1.32754 3.08131 0.282497 2.35811 1.79968 -1.27549 -0.789425 -1.17761 1.55361 -1.2577 3.07258 -0.873966 2.89148
2.51958 0.112193 0.978837 -1.32754 3.08131 0.282497 2.35811 1.79968 -1.27549 -0.789425 -1.17761 1.55361 -1.2577 3.07258 -0.873966 2.89148
2.51511 0.112193 0.978837 -1.32754 3.08131 0.282497 2.35811 1.79968 -1.27549 -0.789425 -1.17761 1.55361 -1.2577 3.07258 -0.873966 2.89148
2.51065 0.112193 0.978837 -1.32754 3.08131 0.282497 2.35811 1.79968 -1.27549 -0.789425 -1.17761 1.55361 -1.2577 3.07258 -0.873966 2.89148
2.50616 0.112193 0.978837 -1.32754 3.08131 0.282497 2.35811 1.79968 -1.27549 -0.789425 -1.17761 1.55361 -1.2577 3.07258 -0.873966 2.89148
2.50171 0.112193 0.978837 -1.32754 3.08131 0.282497 2.35811 1.79968 -1.27549 -0.789425 -1.17761 1.55361 -1.2577 3.07258 -0.873966 2.89148
2.49719 0.112193 0.978837 -1.32754 3.08131 0.282497 2.35811 1.79968 -1.27549 -0.789425 -1.17761 1.55361 -1.2577 3.07258 -0.873966 2.89148
2.49265 0.112193 0.978837 -1.32754 3.08131 0.282497 2.35811 1.79968 -1.27549 -0.789425 -1.17761 1.55361 -1.2577 3.07258 -0.873966 2.89148
2.48805 0.112193 0.978837 -1.32754 3.08131 0.282497 2.35811 1.79968 -1.27549 -0.789425 -1.17761 1.55361 -1.2577 3.07258 -0.873966 2.89148
2.4835 0.112193 0.978837 -1.32754 3.08131 0.282497 2.35811 1.79968 -1.27549 -0.789425 -1.17761 1.55361 -1.2577 3.07258 -0.873966 2.89148
2.47891 0.112193 0.978837 -1.32754 3.08131 0.282497 2.35811 1.79968 -1.27549 -0.789425 -1.17761 1.55361 -1.2577 3.07258 -0.873966 2.89148
2.46372 0.112193 0.978837 -1.32754 3.08131 0.282497 2.35811 1.79968 -1.27549 -0.789425 -1.17761 1.55361 -1.2577 3.07258 -0.873966 2.89148
2.46372 0.112193 0.978837 -1.32754 3.08131 0.282497 2.35811 1.79968 -1.27549 -0.789425 -1.17761 1.55361 -1.2577 3.07258 -0.873966 2.89148
2.46374 0.112193 0.978837 -1.32754 3.08131 0.282497 2.35811 1.79968 -1.27549 -0.789425 -1.17761 1.55361 -1.2577 3.07258 -0.873966 2.89148
2.46381 0.112193 0.978837 -1.32754 3.08131 0.282497 2.35811 1.79968 -1.27549 -0.789425 -1.17761 1.55361 -1.2577 3.07258 -0.873966 2.89148
2.46416 0.112193 0.978837 -1.32754 3.08131 0.282497 2.35811 1.79968 -1.27549 -0.789425 -1.17761 1.55361 -1.2577 3.07258 -0.873966 2.89148
2.46567 0.112193 0.978837 -1.32754 3.08131 0.282497 2.35811 1.79968 -1.27549 -0.789425 -1.17761 1.55361 -1.2577 3.07258 -0.873966 2.89148
2.46773 0.112193 0.978837 -1.32754 3.08131 0.282497 2.35811 1.79968 -1.27549 -0.789425 -1.17761 1.55361 -1.2577 3.07258 -0.873966 2.89148
2.47013 0.112193 0.978837 -1.32754 3.08131 0.282497 2.35811 1.79968 -1.27549 -0.789425 -1.17761 1.55361 -1.2577 3.07258 -0.873966 2.89148
2.47269 0.112193 0.978837 -1.32754 3.08131 0.282497 2.35811 1.79968 -1.27549 -0.789425 -1.17761 1.55361 -1.2577 3.07258 -0.873966 2.89148
2.47542 0.112193 0.978837 -1.32754 3.08131 0.282497 2.35811 1.79968 -1.27549 -0.789425 -1.17761 1.55361 -1.2577 3.07258 -0.873966 2.89148
2.48078 0.112193 0.978837 -1.32754 3.08131 0.282497 2.35811 1.79968 -1.27549 -0.789425 -1.17761 1.55361 -1.2577 3.07258 -0.873966 2.89148
2.48653 0.112193 0.978837 -1.32754 3.08131 0.282497 2.35811 1.79968 -1.27549 -0.789425 -1.17761 1.55361 -1.2577 3.07258 -0.873966 2.89148
2.49209 0.112193 0.978837 -1.32754 3.08131 0.282497 2.35811 1.79968 -1.27549 -0.789425 -1.17761 1.55361 -1.2577 3.07258 -0.873966 2.89148
2.49827 0.112193 0.978837 -1.32754 3.08131 0.282497 2.35811 1.79968 -1.27549 -0.789425 -1.17761 1.55361 -1.2577 3.07258 -0.873966 2.89148
2.50541 0.112193 0.978837 -1.32754 3.08131 0.282497 2.35811 1.79968 -1.27549 -0.789425 -1.17761 1.55361 -1.2577 3.07258 -0.873966 2.89148
2.51324 0.112193 0.978837 -1.32754 3.08131 0.282497 2.35811 1.79968 -1.27549 -0.789425 -1.17761 1.55361 -1.2577 3.07258 -0.873966 2.89148
2.52148 0.112193 0.978837 -1.32754 3.08131 0.282497 2.35811 1.79968 -1.27549 -0.789425 -1.17761 1.55361 -1.2577 3.07258 -0.873966 2.89148
2.53073 0.112193 0.978837 -1.32754 3.08131 0.282497 2.35811 1.79968 -1.27549 -0.789425 -1.17761 1.55361 -1.2577 3.07258 -0.873966 2.89148
2.54068 0.112193 0.978837 -1.32754 3.08131 0.282497 2.35811 1.79968 -1.27549 -0.789425 -1.17761 1.55361 -1.2577 3.07258 -0.873966 2.89148
2.55104 0.112193 0.978837 -1.32754 3.08131 0.282497 2.35811 1.79968 -1.27549 -0.789425 -1.17761 1.55361 -1.2577 3.07258 -0.873966 2.89148
2.562 0.112193 0.978837 -1.32754 3.08131 0.282497 2.35811 1.79968 -1.27549 -0.789425 -1.17761 1.55361 -1.2577 3.07258 -0.873966 2.89148
2.57311 0.112193 0.978837 -1.32754 3.08131 0.282497 2.35811 1.79968 -1.27549 -0.789425 -1.17761 1.55361 -1.2577 3.07258 -0.873966 2.89148
2.58431 0.112193 0.978837 -1.32754 3.08131 0.282497 2.35811 1.79968 -1.27549 -0.789425 -1.17761 1.55361 -1.2577 3.07258 -0.873966 2.89148
2.59566 0.112193 0.978837 -1.32754 3.08131 0.282497 2.35811 1.79968 -1.27549 -0.789425 -1.17761 1.55361 -1.2577 3.07258 -0.873966 2.89148
2.60765 0.112193 0.978837 -1.32754 3.08131 0.282497 2.35811 1.79968 -1.27549 -0.789425 -1.17761 1.55361 -1.2577 3.07258 -0.873966 2.89148
2.62014 0.112193 0.978837 -1.32754 3.08131 0.282497 2.35811 1.79968 -1.27549 -0.789425 -1.17761 1.55361 -1.2577 3.07258 -0.873966 2.89148
2.63286 0.112193 0.978837 -1.32754 3.08131 0.282497 2.35811 1.79968 -1.27549 -0.789425 -1.17761 1.55361 -1.2577 3.07258 -0.873966 2.89148
2.64626 0.112193 0.978837 -1.32754 3.08131 0.282497 2.35811 1.79968 -1.27549 -0.789425 -1.17761 1.55361 -1.2577 3.07258 -0.873966 2.89148
2.66026 0.112193 0.978837 -1.32754 3.08131 0.282497 2.35811 1.79968 -1.27549 -0.789425 -1.17761 1.55361 -1.2577 3.07258 -0.873966 2.89148
2.67468 0.112193 0.978837 -1.32754 3.08131 0.282497 2.35811 1.79968 -1.27549 -0.789425 -1.17761 1.55361 -1.2577 3.07258 -0.873966 2.89148
2.68969 0.112193 0.978837 -1.32754 3.08131 0.282497 2.35811 1.79968 -1.27549 -0.789425 -1.17761 1.55361 -1.2577 3.07258 -0.873966 2.89148
2.7054 0.112193 0.978837 -1.32754 3.08131 0.282497 2.35811 1.79968 -1.27549 -0.789425 -1.17761 1.55361 -1.2577 3.07258 -0.873966 2.89148
2.72156 0.112193 0.978837 -1.32754 3.08131 0.282497 2.35811 1.79968 -1.27549 -0.789425 -1.17761 1.55361 -1.2577 3.07258 -0.873966 2.89148
2.73867 0.112193 0.978837 -1.32754 3.08131 0.282497 2.35811 1.79968 -1.27549 -0.789425 -1.17761 1.55361 -1.2577 3.07258 -0.873966 2.89148
