4.544
4.555
4.565
4.576
4.586
4.597
4.607
4.617
4.628
4.64
4.66
4.681
4.701
4.722
4.743
4.764
4.784
4.805
4.826
4.846
4.887
4.927
4.966
5.006
5.045
5.086
5.125
5.163
5.202
5.241
5.28
5.319
5.358
5.397
5.435
5.474
5.513
5.552
5.591
5.63
5.669
5.709
5.748
5.787
5.825
5.864
5.906
5.946
5.986
6.025
6.064
6.102
6.141
6.179
6.218
6.258
6.297
6.336
6.374
6.413
6.452
6.491
6.53
6.568
6.607
6.646
6.685
6.725
6.765
6.804
6.843
6.882
6.921
6.961
7
7.038
7.078
7.117
7.155
7.194
7.233
7.272
7.31
7.348
7.387
7.426
7.465
7.504
7.543
7.582
7.622
7.661
7.7
7.739
7.778
7.817
7.856
7.894
7.933
7.972
8.011
8.05
8.088
8.126
8.166
8.205
8.243
8.282
8.323
8.89
8.901
8.912
8.922
8.933
8.944
8.955
8.965
8.976
8.99
9.03
9.068
9.107
9.145
9.185
9.224
9.263
9.302
9.341
9.38
9.419
9.458
9.496
9.535
9.574
9.613
9.652
9.691
9.729
9.768
9.807
9.845
9.885
9.926
