1.40407 -0.45053 1.31722 -1.57493 2.0625 1.24362 -2.83935 1.15351 -2.16989 -1.52726 -1.68088 -1.14475 1.65249 -2.30082 -1.86364 1.82717
1.40407 -0.45053 1.31722 -1.57493 2.0625 1.24362 -2.83935 1.15351 -2.16989 -1.52726 -1.68088 -1.14475 1.65249 -2.30082 -1.86364 1.82717
1.40407 -0.45053 1.31722 -1.57493 2.0625 1.24362 -2.83935 1.15351 -2.16989 -1.52726 -1.68088 -1.14475 1.65249 -2.30082 -1.86364 1.82717
1.40407 -0.45053 1.31722 -1.57493 2.0625 1.24362 -2.83935 1.15351 -2.16989 -1.52726 -1.68088 -1.14475 1.65249 -2.30082 -1.86364 1.82717
1.40407 -0.45053 1.31722 -1.57493 2.0625 1.24362 -2.83935 1.15351 -2.16989 -1.52726 -1.68088 -1.14475 1.65249 -2.30082 -1.86364 1.82717
1.40407 -0.45053 1.31722 -1.57493 2.0625 1.24362 -2.83935 1.15351 -2.16989 -1.52726 -1.68088 -1.14475 1.65249 -2.30082 -1.86364 1.82717
1.40407 -0.45053 1.31722 -1.57493 2.0625 1.24362 -2.83935 1.15351 -2.16989 -1.52726 -1.68088 -1.14475 1.65249 -2.30082 -1.86364 1.82717
1.40407 -0.45053 1.31722 -1.57493 2.0625 1.24362 -2.83935 1.15351 -2.16989 -1.52726 -1.68088 -1.14475 1.65249 -2.30082 -1.86364 1.82717
1.40407 -0.45053 1.31722 -1.57493 2.0625 1.24362 -2.83935 1.15351 -2.16989 -1.52726 -1.68088 -1.14475 1.65249 -2.30082 -1.86364 1.82717
1.40407 -0.45053 1.31722 -1.57493 2.0625 1.24362 -2.83935 1.15351 -2.16989 -1.52726 -1.68088 -1.14475 1.65249 -2.30082 -1.86364 1.82717
1.40407 -0.45053 1.31722 -1.57493 2.0625 1.24362 -2.83935 1.15351 -2.16989 -1.52726 -1.68088 -1.14475 1.65249 -2.30082 -1.86364 1.82717
1.40407 -0.45053 1.31722 -1.57493 2.0625 1.24362 -2.83935 1.15351 -2.16989 -1.52726 -1.68088 -1.14475 1.65249 -2.30082 -1.86364 1.82717
1.40407 -0.45053 1.31722 -1.57493 2.0625 1.24362 -2.83935 1.15351 -2.16989 -1.52726 -1.68088 -1.14475 1.65249 -2.30082 -1.86364 1.82717
1.40407 -0.45053 1.31722 -1.57493 2.0625 1.24362 -2.83935 1.15351 -2.16989 -1.52726 -1.68088 -1.14475 1.65249 -2.30082 -1.86364 1.82717
1.40407 -0.45053 1.31722 -1.57493 2.0625 1.24362 -2.83935 1.15351 -2.16989 -1.52726 -1.68088 -1.14475 1.65249 -2.30082 -1.86364 1.82717
1.40407 -0.45053 1.31722 -1.57493 2.0625 1.24362 -2.83935 1.15351 -2.16989 -1.52726 -1.68088 -1.14475 1.65249 -2.30082 -1.86364 1.82717
1.40407 -0.45053 1.31722 -1.57493 2.0625 1.24362 -2.83935 1.15351 -2.16989 -1.52726 -1.68088 -1.14475 1.65249 -2.30082 -1.86364 1.82717
1.40407 -0.45053 1.31722 -1.57493 2.0625 1.24362 -2.83935 1.15351 -2.16989 -1.52726 -1.68088 -1.14475 1.65249 -2.30082 -1.86364 1.82717
1.40446 -0.45053 1.31722 -1.57493 2.0625 1.24362 -2.83935 1.15351 -2.16989 -1.52726 -1.68088 -1.14475 1.65249 -2.30082 -1.86364 1.82717
1.40523 -0.45053 1.31722 -1.57493 2.0625 1.24362 -2.83935 1.15351 -2.16989 -1.52726 -1.68088 -1.14475 1.65249 -2.30082 -1.86364 1.82717
1.40715 -0.45053 1.31722 -1.57493 2.0625 1.24362 -2.83935 1.15351 -2.16989 -1.52726 -1.68088 -1.14475 1.65249 -2.30082 -1.86364 1.82717
1.40924 -0.45053 1.31722 -1.57493 2.0625 1.24362 -2.83935 1.15351 -2.16989 -1.52726 -1.68088 -1.14475 1.65249 -2.30082 -1.86364 1.82717
1.41142 -0.45053 1.31722 -1.57493 2.0625 1.24362 -2.83935 1.15351 -2.16989 -1.52726 -1.68088 -1.14475 1.65249 -2.30082 -1.86364 1.82717
1.41385 -0.45053 1.31722 -1.57493 2.0625 1.24362 -2.83935 1.15351 -2.16989 -1.52726 -1.68088 -1.14475 1.65249 -2.30082 -1.86364 1.82717
1.41677 -0.45053 1.31722 -1.57493 2.0625 1.24362 -2.83935 1.15351 -2.16989 -1.52726 -1.68088 -1.14475 1.65249 -2.30082 -1.86364 1.82717
1.42012 -0.45053 1.31722 -1.57493 2.0625 1.24362 -2.83935 1.15351 -2.16989 -1.52726 -1.68088 -1.14475 1.65249 -2.30082 -1.86364 1.82717
1.42417 -0.45053 1.31722 -1.57493 2.0625 1.24362 -2.83935 1.15351 -2.16989 -1.52726 -1.68088 -1.14475 1.65249 -2.30082 -1.86364 1.82717
1.42839 -0.45053 1.31722 -1.57493 2.0625 1.24362 -2.83935 1.15351 -2.16989 -1.52726 -1.68088 -1.14475 1.65249 -2.30082 -1.86364 1.82717
1.43293 -0.45053 1.31722 -1.57493 2.0625 1.24362 -2.83935 1.15351 -2.16989 -1.52726 -1.68088 -1.14475 1.65249 -2.30082 -1.86364 1.82717
1.43714 -0.45053 1.31722 -1.57493 2.0625 1.24362 -2.83935 1.15351 -2.16989 -1.52726 -1.68088 -1.14475 1.65249 -2.30082 -1.86364 1.82717
1.44151 -0.45053 1.31722 -1.57493 2.0625 1.24362 -2.83935 1.15351 -2.16989 -1.52726 -1.68088 -1.14475 1.65249 -2.30082 -1.86364 1.82717
1.44609 -0.45053 1.31722 -1.57493 2.0625 1.24362 -2.83935 1.15351 -2.16989 -1.52726 -1.68088 -1.14475 1.65249 -2.30082 -1.86364 1.82717
1.45058 -0.45053 1.31722 -1.57493 2.0625 1.24362 -2.83935 1.15351 -2.16989 -1.52726 -1.68088 -1.14475 1.65249 -2.30082 -1.86364 1.82717
1.45513 -0.45053 1.31722 -1.57493 2.0625 1.24362 -2.83935 1.15351 -2.16989 -1.52726 -1.68088 -1.14475 1.65249 -2.30082 -1.86364 1.82717
1.45989 -0.45053 1.31722 -1.57493 2.0625 1.24362 -2.83935 1.15351 -2.16989 -1.52726 -1.68088 -1.14475 1.65249 -2.30082 -1.86364 1.82717
1.46509 -0.45053 1.31722 -1.57493 2.0625 1.24362 -2.83935 1.15351 -2.16989 -1.52726 -1.68088 -1.14475 1.65249 -2.30082 -1.86364 1.82717
1.47034 -0.45053 1.31722 -1.57493 2.0625 1.24362 -2.83935 1.15351 -2.16989 -1.52726 -1.68088 -1.14475 1.65249 -2.30082 -1.86364 1.82717
1.47555 -0.45053 1.31722 -1.57493 2.0625 1.24362 -2.83935 1.15351 -2.16989 -1.52726 -1.68088 -1.14475 1.65249 -2.30082 -1.86364 1.82717
1.48123 -0.45053 1.31722 -1.57493 2.0625 1.24362 -2.83935 1.15351 -2.16989 -1.52726 -1.68088 -1.14475 1.65249 -2.30082 -1.86364 1.82717
1.48707 -0.45053 1.31722 -1.57493 2.0625 1.24362 -2.83935 1.15351 -2.16989 -1.52726 -1.68088 -1.14475 1.65249 -2.30082 -1.86364 1.82717
1.4929 -0.45053 1.31722 -1.57493 2.0625 1.24362 -2.83935 1.15351 -2.16989 -1.52726 -1.68088 -1.14475 1.65249 -2.30082 -1.86364 1.82717
1.49895 -0.45053 1.31722 -1.57493 2.0625 1.24362 -2.83935 1.15351 -2.16989 -1.52726 -1.68088 -1.14475 1.65249 -2.30082 -1.86364 1.82717
1.50535 -0.45053 1.31722 -1.57493 2.0625 1.24362 -2.83935 1.15351 -2.16989 -1.52726 -1.68088 -1.14475 1.65249 -2.30082 -1.86364 1.82717
1.51184 -0.45053 1.31722 -1.57493 2.0625 1.24362 -2.83935 1.15351 -2.16989 -1.52726 -1.68088 -1.14475 1.65249 -2.30082 -1.86364 1.82717
1.5186 -0.45053 1.31722 -1.57493 2.0625 1.24362 -2.83935 1.15351 -2.16989 -1.52726 -1.68088 -1.14475 1.65249 -2.30082 -1.86364 1.82717
1.52539 -0.45053 1.31722 -1.57493 2.0625 1.24362 -2.83935 1.15351 -2.16989 -1.52726 -1.68088 -1.14475 1.65249 -2.30082 -1.86364 1.82717
1.53236 -0.45053 1.31722 -1.57493 2.0625 1.24362 -2.83935 1.15351 -2.16989 -1.52726 -1.68088 -1.14475 1.65249 -2.30082 -1.86364 1.82717
1.53961 -0.45053 1.31722 -1.57493 2.0625 1.24362 -2.83935 1.15351 -2.16989 -1.52726 -1.68088 -1.14475 1.65249 -2.30082 -1.86364 1.82717
1.54721 -0.45053 1.31722 -1.57493 2.0625 1.24362 -2.83935 1.15351 -2.16989 -1.52726 -1.68088 -1.14475 1.65249 -2.30082 -1.86364 1.82717
1.55493 -0.45053 1.31722 -1.57493 2.0625 1.24362 -2.83935 1.15351 -2.16989 -1.52726 -1.68088 -1.14475 1.65249 -2.30082 -1.86364 1.82717
1.56288 -0.45053 1.31722 -1.57493 2.0625 1.24362 -2.83935 1.15351 -2.16989 -1.52726 -1.68088 -1.14475 1.65249 -2.30082 -1.86364 1.82717
1.57107 -0.45053 1.31722 -1.57493 2.0625 1.24362 -2.83935 1.15351 -2.16989 -1.52726 -1.68088 -1.14475 1.65249 -2.30082 -1.86364 1.82717
1.5804 -0.45053 1.31722 -1.57493 2.0625 1.24362 -2.83935 1.15351 -2.16989 -1.52726 -1.68088 -1.14475 1.65249 -2.30082 -1.86364 1.82717
1.58947 -0.45053 1.31722 -1.57493 2.0625 1.24362 -2.83935 1.15351 -2.16989 -1.52726 -1.68088 -1.14475 1.65249 -2.30082 -1.86364 1.82717
1.599 -0.45053 1.31722 -1.57493 2.0625 1.24362 -2.83935 1.15351 -2.16989 -1.52726 -1.68088 -1.14475 1.65249 -2.30082 -1.86364 1.82717
1.60852 -0.45053 1.31722 -1.57493 2.0625 1.24362 -2.83935 1.15351 -2.16989 -1.52726 -1.68088 -1.14475 1.65249 -2.30082 -1.86364 1.82717
1.61811 -0.45053 1.31722 -1.57493 2.0625 1.24362 -2.83935 1.15351 -2.16989 -1.52726 -1.68088 -1.14475 1.65249 -2.30082 -1.86364 1.82717
1.62813 -0.45053 1.31722 -1.57493 2.0625 1.24362 -2.83935 1.15351 -2.16989 -1.52726 -1.68088 -1.14475 1.65249 -2.30082 -1.86364 1.82717
1.63837 -0.45053 1.31722 -1.57493 2.0625 1.24362 -2.83935 1.15351 -2.16989 -1.52726 -1.68088 -1.14475 1.65249 -2.30082 -1.86364 1.82717
1.64897 -0.45053 1.31722 -1.57493 2.0625 1.24362 -2.83935 1.15351 -2.16989 -1.52726 -1.68088 -1.14475 1.65249 -2.30082 -1.86364 1.82717
1.65998 -0.45053 1.31722 -1.57493 2.0625 1.24362 -2.83935 1.15351 -2.16989 -1.52726 -1.68088 -1.14475 1.65249 -2.30082 -1.86364 1.82717
1.67127 -0.45053 1.31722 -1.57493 2.0625 1.24362 -2.83935 1.15351 -2.16989 -1.52726 -1.68088 -1.14475 1.65249 -2.30082 -1.86364 1.82717
1.68299 -0.45053 1.31722 -1.57493 2.0625 1.24362 -2.83935 1.15351 -2.16989 -1.52726 -1.68088 -1.14475 1.65249 -2.30082 -1.86364 1.82717
1.69518 -0.45053 1.31722 -1.57493 2.0625 1.24362 -2.83935 1.15351 -2.16989 -1.52726 -1.68088 -1.14475 1.65249 -2.30082 -1.86364 1.82717
1.70764 -0.45053 1.31722 -1.57493 2.0625 1.24362 -2.83935 1.15351 -2.16989 -1.52726 -1.68088 -1.14475 1.65249 -2.30082 -1.86364 1.82717
1.72106 -0.45053 1.31722 -1.57493 2.0625 1.24362 -2.83935 1.15351 -2.16989 -1.52726 -1.68088 -1.14475 1.65249 -2.30082 -1.86364 1.82717
1.73476 -0.45053 1.31722 -1.57493 2.0625 1.24362 -2.83935 1.15351 -2.16989 -1.52726 -1.68088 -1.14475 1.65249 -2.30082 -1.86364 1.82717
1.74887 -0.45053 1.31722 -1.57493 2.0625 1.24362 -2.83935 1.15351 -2.16989 -1.52726 -1.68088 -1.14475 1.65249 -2.30082 -1.86364 1.82717
1.76351 -0.45053 1.31722 -1.57493 2.0625 1.24362 -2.83935 1.15351 -2.16989 -1.52726 -1.68088 -1.14475 1.65249 -2.30082 -1.86364 1.82717
1.77952 -0.45053 1.31722 -1.57493 2.0625 1.24362 -2.83935 1.15351 -2.16989 -1.52726 -1.68088 -1.14475 1.65249 -2.30082 -1.86364 1.82717
1.79535 -0.45053 1.31722 -1.57493 2.0625 1.24362 -2.83935 1.15351 -2.16989 -1.52726 -1.68088 -1.14475 1.65249 -2.30082 -1.86364 1.82717
1.81273 -0.45053 1.31722 -1.57493 2.0625 1.24362 -2.83935 1.15351 -2.16989 -1.52726 -1.68088 -1.14475 1.65249 -2.30082 -1.86364 1.82717
1.81271 -0.45053 1.31722 -1.57493 2.0625 1.24362 -2.83935 1.15351 -2.16989 -1.52726 -1.68088 -1.14475 1.65249 -2.30082 -1.86364 1.82717
1.81262 -0.45053 1.31722 -1.57493 2.0625 1.24362 -2.83935 1.15351 -2.16989 -1.52726 -1.68088 -1.14475 1.65249 -2.30082 -1.86364 1.82717
1.81244 -0.45053 1.31722 -1.57493 2.0625 1.24362 -2.83935 1.15351 -2.16989 -1.52726 -1.68088 -1.14475 1.65249 -2.30082 -1.86364 1.82717
1.81207 -0.45053 1.31722 -1.57493 2.0625 1.24362 -2.83935 1.15351 -2.16989 -1.52726 -1.68088 -1.14475 1.65249 -2.30082 -1.86364 1.82717
1.81154 -0.45053 1.31722 -1.57493 2.0625 1.24362 -2.83935 1.15351 -2.16989 -1.52726 -1.68088 -1.14475 1.65249 -2.30082 -1.86364 1.82717
1.81074 -0.45053 1.31722 -1.57493 2.0625 1.24362 -2.83935 1.15351 -2.16989 -1.52726 -1.68088 -1.14475 1.65249 -2.30082 -1.86364 1.82717
1.80958 -0.45053 1.31722 -1.57493 2.0625 1.24362 -2.83935 1.15351 -2.16989 -1.52726 -1.68088 -1.14475 1.65249 -2.30082 -1.86364 1.82717
1.80832 -0.45053 1.31722 -1.57493 2.0625 1.24362 -2.83935 1.15351 -2.16989 -1.52726 -1.68088 -1.14475 1.65249 -2.30082 -1.86364 1.82717
1.80704 -0.45053 1.31722 -1.57493 2.0625 1.24362 -2.83935 1.15351 -2.16989 -1.52726 -1.68088 -1.14475 1.65249 -2.30082 -1.86364 1.82717
1.80579 -0.45053 1.31722 -1.57493 2.0625 1.24362 -2.83935 1.15351 -2.16989 -1.52726 -1.68088 -1.14475 1.65249 -2.30082 -1.86364 1.82717
1.80427 -0.45053 1.31722 -1.57493 2.0625 1.24362 -2.83935 1.15351 -2.16989 -1.52726 -1.68088 -1.14475 1.65249 -2.30082 -1.86364 1.82717
1.80295 -0.45053 1.31722 -1.57493 2.0625 1.24362 -2.83935 1.15351 -2.16989 -1.52726 -1.68088 -1.14475 1.65249 -2.30082 -1.86364 1.82717
1.8011 -0.45053 1.31722 -1.57493 2.0625 1.24362 -2.83935 1.15351 -2.16989 -1.52726 -1.68088 -1.14475 1.65249 -2.30082 -1.86364 1.82717
1.79883 -0.45053 1.31722 -1.57493 2.0625 1.24362 -2.83935 1.15351 -2.16989 -1.52726 -1.68088 -1.14475 1.65249 -2.30082 -1.86364 1.82717
1.79563 -0.45053 1.31722 -1.57493 2.0625 1.24362 -2.83935 1.15351 -2.16989 -1.52726 -1.68088 -1.14475 1.65249 -2.30082 -1.86364 1.82717
1.79203 -0.45053 1.31722 -1.57493 2.0625 1.24362 -2.83935 1.15351 -2.16989 -1.52726 -1.68088 -1.14475 1.65249 -2.30082 -1.86364 1.82717
1.7884 -0.45053 1.31722 -1.57493 2.0625 1.24362 -2.83935 1.15351 -2.16989 -1.52726 -1.68088 -1.14475 1.65249 -2.30082 -1.86364 1.82717
1.78472 -0.45053 1.31722 -1.57493 2.0625 1.24362 -2.83935 1.15351 -2.16989 -1.52726 -1.68088 -1.14475 1.65249 -2.30082 -1.86364 1.82717
1.78105 -0.45053 1.31722 -1.57493 2.0625 1.24362 -2.83935 1.15351 -2.16989 -1.52726 -1.68088 -1.14475 1.65249 -2.30082 -1.86364 1.82717
1.77732 -0.45053 1.31722 -1.57493 2.0625 1.24362 -2.83935 1.15351 -2.16989 -1.52726 -1.68088 -1.14475 1.65249 -2.30082 -1.86364 1.82717
1.77353 -0.45053 1.31722 -1.57493 2.0625 1.24362 -2.83935 1.15351 -2.16989 -1.52726 -1.68088 -1.14475 1.65249 -2.30082 -1.86364 1.82717
1.76967 -0.45053 1.31722 -1.57493 2.0625 1.24362 -2.83935 1.15351 -2.16989 -1.52726 -1.68088 -1.14475 1.65249 -2.30082 -1.86364 1.82717
1.76579 -0.45053 1.31722 -1.57493 2.0625 1.24362 -2.83935 1.15351 -2.16989 -1.52726 -1.68088 -1.14475 1.65249 -2.30082 -1.86364 1.82717
1.7619 -0.45053 1.31722 -1.57493 2.0625 1.24362 -2.83935 1.15351 -2.16989 -1.52726 -1.68088 -1.14475 1.65249 -2.30082 -1.86364 1.82717
1.75804 -0.45053 1.31722 -1.57493 2.0625 1.24362 -2.83935 1.15351 -2.16989 -1.52726 -1.68088 -1.14475 1.65249 -2.30082 -1.86364 1.82717
1.75413 -0.45053 1.31722 -1.57493 2.0625 1.24362 -2.83935 1.15351 -2.16989 -1.52726 -1.68088 -1.14475 1.65249 -2.30082 -1.86364 1.82717
1.75019 -0.45053 1.31722 -1.57493 2.0625 1.24362 -2.83935 1.15351 -2.16989 -1.52726 -1.68088 -1.14475 1.65249 -2.30082 -1.86364 1.82717
1.74625 -0.45053 1.31722 -1.57493 2.0625 1.24362 -2.83935 1.15351 -2.16989 -1.52726 -1.68088 -1.14475 1.65249 -2.30082 -1.86364 1.82717
1.74231 -0.45053 1.31722 -1.57493 2.0625 1.24362 -2.83935 1.15351 -2.16989 -1.52726 -1.68088 -1.14475 1.65249 -2.30082 -1.86364 1.82717
1.73834 -0.45053 1.31722 -1.57493 2.0625 1.24362 -2.83935 1.15351 -2.16989 -1.52726 -1.68088 -1.14475 1.65249 -2.30082 -1.86364 1.82717
1.7345 -0.45053 1.31722 -1.57493 2.0625 1.24362 -2.83935 1.15351 -2.16989 -1.52726 -1.68088 -1.14475 1.65249 -2.30082 -1.86364 1.82717
1.7306 -0.45053 1.31722 -1.57493 2.0625 1.24362 -2.83935 1.15351 -2.16989 -1.52726 -1.68088 -1.14475 1.65249 -2.30082 -1.86364 1.82717
1.72659 -0.45053 1.31722 -1.57493 2.0625 1.24362 -2.83935 1.15351 -2.16989 -1.52726 -1.68088 -1.14475 1.65249 -2.30082 -1.86364 1.82717
1.72261 -0.45053 1.31722 -1.57493 2.0625 1.24362 -2.83935 1.15351 -2.16989 -1.52726 -1.68088 -1.14475 1.65249 -2.30082 -1.86364 1.82717
1.71855 -0.45053 1.31722 -1.57493 2.0625 1.24362 -2.83935 1.15351 -2.16989 -1.52726 -1.68088 -1.14475 1.65249 -2.30082 -1.86364 1.82717
1.71461 -0.45053 1.31722 -1.57493 2.0625 1.24362 -2.83935 1.15351 -2.16989 -1.52726 -1.68088 -1.14475 1.65249 -2.30082 -1.86364 1.82717
1.71062 -0.45053 1.31722 -1.57493 2.0625 1.24362 -2.83935 1.15351 -2.16989 -1.52726 -1.68088 -1.14475 1.65249 -2.30082 -1.86364 1.82717
1.70657 -0.45053 1.31722 -1.57493 2.0625 1.24362 -2.83935 1.15351 -2.16989 -1.52726 -1.68088 -1.14475 1.65249 -2.30082 -1.86364 1.82717
1.70256 -0.45053 1.31722 -1.57493 2.0625 1.24362 -2.83935 1.15351 -2.16989 -1.52726 -1.68088 -1.14475 1.65249 -2.30082 -1.86364 1.82717
1.6985 -0.45053 1.31722 -1.57493 2.0625 1.24362 -2.83935 1.15351 -2.16989 -1.52726 -1.68088 -1.14475 1.65249 -2.30082 -1.86364 1.82717
1.69444 -0.45053 1.31722 -1.57493 2.0625 1.24362 -2.83935 1.15351 -2.16989 -1.52726 -1.68088 -1.14475 1.65249 -2.30082 -1.86364 1.82717
1.69041 -0.45053 1.31722 -1.57493 2.0625 1.24362 -2.83935 1.15351 -2.16989 -1.52726 -1.68088 -1.14475 1.65249 -2.30082 -1.86364 1.82717
1.68631 -0.45053 1.31722 -1.57493 2.0625 1.24362 -2.83935 1.15351 -2.16989 -1.52726 -1.68088 -1.14475 1.65249 -2.30082 -1.86364 1.82717
1.68213 -0.45053 1.31722 -1.57493 2.0625 1.24362 -2.83935 1.15351 -2.16989 -1.52726 -1.68088 -1.14475 1.65249 -2.30082 -1.86364 1.82717
1.67785 -0.45053 1.31722 -1.57493 2.0625 1.24362 -2.83935 1.15351 -2.16989 -1.52726 -1.68088 -1.14475 1.65249 -2.30082 -1.86364 1.82717
1.67369 -0.45053 1.31722 -1.57493 2.0625 1.24362 -2.83935 1.15351 -2.16989 -1.52726 -1.68088 -1.14475 1.65249 -2.30082 -1.86364 1.82717
1.66945 -0.45053 1.31722 -1.57493 2.0625 1.24362 -2.83935 1.15351 -2.16989 -1.52726 -1.68088 -1.14475 1.65249 -2.30082 -1.86364 1.82717
1.66522 -0.45053 1.31722 -1.57493 2.0625 1.24362 -2.83935 1.15351 -2.16989 -1.52726 -1.68088 -1.14475 1.65249 -2.30082 -1.86364 1.82717
1.661 -0.45053 1.31722 -1.57493 2.0625 1.24362 -2.83935 1.15351 -2.16989 -1.52726 -1.68088 -1.14475 1.65249 -2.30082 -1.86364 1.82717
1.6568 -0.45053 1.31722 -1.57493 2.0625 1.24362 -2.83935 1.15351 -2.16989 -1.52726 -1.68088 -1.14475 1.65249 -2.30082 -1.86364 1.82717
1.65258 -0.45053 1.31722 -1.57493 2.0625 1.24362 -2.83935 1.15351 -2.16989 -1.52726 -1.68088 -1.14475 1.65249 -2.30082 -1.86364 1.82717
1.64833 -0.45053 1.31722 -1.57493 2.0625 1.24362 -2.83935 1.15351 -2.16989 -1.52726 -1.68088 -1.14475 1.65249 -2.30082 -1.86364 1.82717
1.64406 -0.45053 1.31722 -1.57493 2.0625 1.24362 -2.83935 1.15351 -2.16989 -1.52726 -1.68088 -1.14475 1.65249 -2.30082 -1.86364 1.82717
1.63941 -0.45053 1.31722 -1.57493 2.0625 1.24362 -2.83935 1.15351 -2.16989 -1.52726 -1.68088 -1.14475 1.65249 -2.30082 -1.86364 1.82717
1.63509 -0.45053 1.31722 -1.57493 2.0625 1.24362 -2.83935 1.15351 -2.16989 -1.52726 -1.68088 -1.14475 1.65249 -2.30082 -1.86364 1.82717
1.63057 -0.45053 1.31722 -1.57493 2.0625 1.24362 -2.83935 1.15351 -2.16989 -1.52726 -1.68088 -1.14475 1.65249 -2.30082 -1.86364 1.82717
1.62631 -0.45053 1.31722 -1.57493 2.0625 1.24362 -2.83935 1.15351 -2.16989 -1.52726 -1.68088 -1.14475 1.65249 -2.30082 -1.86364 1.82717
1.62171 -0.45053 1.31722 -1.57493 2.0625 1.24362 -2.83935 1.15351 -2.16989 -1.52726 -1.68088 -1.14475 1.65249 -2.30082 -1.86364 1.82717
1.61742 -0.45053 1.31722 -1.57493 2.0625 1.24362 -2.83935 1.15351 -2.16989 -1.52726 -1.68088 -1.14475 1.65249 -2.30082 -1.86364 1.82717
1.61307 -0.45053 1.31722 -1.57493 2.0625 1.24362 -2.83935 1.15351 -2.16989 -1.52726 -1.68088 -1.14475 1.65249 -2.30082 -1.86364 1.82717
1.60875 -0.45053 1.31722 -1.57493 2.0625 1.24362 -2.83935 1.15351 -2.16989 -1.52726 -1.68088 -1.14475 1.65249 -2.30082 -1.86364 1.82717
1.60422 -0.45053 1.31722 -1.57493 2.0625 1.24362 -2.83935 1.15351 -2.16989 -1.52726 -1.68088 -1.14475 1.65249 -2.30082 -1.86364 1.82717
1.59984 -0.45053 1.31722 -1.57493 2.0625 1.24362 -2.83935 1.15351 -2.16989 -1.52726 -1.68088 -1.14475 1.65249 -2.30082 -1.86364 1.82717
1.59545 -0.45053 1.31722 -1.57493 2.0625 1.24362 -2.83935 1.15351 -2.16989 -1.52726 -1.68088 -1.14475 1.65249 -2.30082 -1.86364 1.82717
1.59102 -0.45053 1.31722 -1.57493 2.0625 1.24362 -2.83935 1.15351 -2.16989 -1.52726 -1.68088 -1.14475 1.65249 -2.30082 -1.86364 1.82717
1.5866 -0.45053 1.31722 -1.57493 2.0625 1.24362 -2.83935 1.15351 -2.16989 -1.52726 -1.68088 -1.14475 1.65249 -2.30082 -1.86364 1.82717
1.58214 -0.45053 1.31722 -1.57493 2.0625 1.24362 -2.83935 1.15351 -2.16989 -1.52726 -1.68088 -1.14475 1.65249 -2.30082 -1.86364 1.82717
1.57765 -0.45053 1.31722 -1.57493 2.0625 1.24362 -2.83935 1.15351 -2.16989 -1.52726 -1.68088 -1.14475 1.65249 -2.30082 -1.86364 1.82717
1.57319 -0.45053 1.31722 -1.57493 2.0625 1.24362 -2.83935 1.15351 -2.16989 -1.52726 -1.68088 -1.14475 1.65249 -2.30082 -1.86364 1.82717
1.56868 -0.45053 1.31722 -1.57493 2.0625 1.24362 -2.83935 1.15351 -2.16989 -1.52726 -1.68088 -1.14475 1.65249 -2.30082 -1.86364 1.82717
1.56407 -0.45053 1.31722 -1.57493 2.0625 1.24362 -2.83935 1.15351 -2.16989 -1.52726 -1.68088 -1.14475 1.65249 -2.30082 -1.86364 1.82717
1.55934 -0.45053 1.31722 -1.57493 2.0625 1.24362 -2.83935 1.15351 -2.16989 -1.52726 -1.68088 -1.14475 1.65249 -2.30082 -1.86364 1.82717
1.55471 -0.45053 1.31722 -1.57493 2.0625 1.24362 -2.83935 1.15351 -2.16989 -1.52726 -1.68088 -1.14475 1.65249 -2.30082 -1.86364 1.82717
1.55009 -0.45053 1.31722 -1.57493 2.0625 1.24362 -2.83935 1.15351 -2.16989 -1.52726 -1.68088 -1.14475 1.65249 -2.30082 -1.86364 1.82717
1.54542 -0.45053 1.31722 -1.57493 2.0625 1.24362 -2.83935 1.15351 -2.16989 -1.52726 -1.68088 -1.14475 1.65249 -2.30082 -1.86364 1.82717
1.54081 -0.45053 1.31722 -1.57493 2.0625 1.24362 -2.83935 1.15351 -2.16989 -1.52726 -1.68088 -1.14475 1.65249 -2.30082 -1.86364 1.82717
1.53623 -0.45053 1.31722 -1.57493 2.0625 1.24362 -2.83935 1.15351 -2.16989 -1.52726 -1.68088 -1.14475 1.65249 -2.30082 -1.86364 1.82717
1.53163 -0.45053 1.31722 -1.57493 2.0625 1.24362 -2.83935 1.15351 -2.16989 -1.52726 -1.68088 -1.14475 1.65249 -2.30082 -1.86364 1.82717
1.52696 -0.45053 1.31722 -1.57493 2.0625 1.24362 -2.83935 1.15351 -2.16989 -1.52726 -1.68088 -1.14475 1.65249 -2.30082 -1.86364 1.82717
1.52222 -0.45053 1.31722 -1.57493 2.0625 1.24362 -2.83935 1.15351 -2.16989 -1.52726 -1.68088 -1.14475 1.65249 -2.30082 -1.86364 1.82717
1.51738 -0.45053 1.31722 -1.57493 2.0625 1.24362 -2.83935 1.15351 -2.16989 -1.52726 -1.68088 -1.14475 1.65249 -2.30082 -1.86364 1.82717
1.51252 -0.45053 1.31722 -1.57493 2.0625 1.24362 -2.83935 1.15351 -2.16989 -1.52726 -1.68088 -1.14475 1.65249 -2.30082 -1.86364 1.82717
1.50774 -0.45053 1.31722 -1.57493 2.0625 1.24362 -2.83935 1.15351 -2.16989 -1.52726 -1.68088 -1.14475 1.65249 -2.30082 -1.86364 1.82717
1.50302 -0.45053 1.31722 -1.57493 2.0625 1.24362 -2.83935 1.15351 -2.16989 -1.52726 -1.68088 -1.14475 1.65249 -2.30082 -1.86364 1.82717
1.49827 -0.45053 1.31722 -1.57493 2.0625 1.24362 -2.83935 1.15351 -2.16989 -1.52726 -1.68088 -1.14475 1.65249 -2.30082 -1.86364 1.82717
1.49346 -0.45053 1.31722 -1.57493 2.0625 1.24362 -2.83935 1.15351 -2.16989 -1.52726 -1.68088 -1.14475 1.65249 -2.30082 -1.86364 1.82717
1.48859 -0.45053 1.31722 -1.57493 2.0625 1.24362 -2.83935 1.15351 -2.16989 -1.52726 -1.68088 -1.14475 1.65249 -2.30082 -1.86364 1.82717
1.48373 -0.45053 1.31722 -1.57493 2.0625 1.24362 -2.83935 1.15351 -2.16989 -1.52726 -1.68088 -1.14475 1.65249 -2.30082 -1.86364 1.82717
1.47889 -0.45053 1.31722 -1.57493 2.0625 1.24362 -2.83935 1.15351 -2.16989 -1.52726 -1.68088 -1.14475 1.65249 -2.30082 -1.86364 1.82717
1.47401 -0.45053 1.31722 -1.57493 2.0625 1.24362 -2.83935 1.15351 -2.16989 -1.52726 -1.68088 -1.14475 1.65249 -2.30082 -1.86364 1.82717
1.46909 -0.45053 1.31722 -1.57493 2.0625 1.24362 -2.83935 1.15351 -2.16989 -1.52726 -1.68088 -1.14475 1.65249 -2.30082 -1.86364 1.82717
1.46392 -0.45053 1.31722 -1.57493 2.0625 1.24362 -2.83935 1.15351 -2.16989 -1.52726 -1.68088 -1.14475 1.65249 -2.30082 -1.86364 1.82717
1.45893 -0.45053 1.31722 -1.57493 2.0625 1.24362 -2.83935 1.15351 -2.16989 -1.52726 -1.68088 -1.14475 1.65249 -2.30082 -1.86364 1.82717
1.45388 -0.45053 1.31722 -1.57493 2.0625 1.24362 -2.83935 1.15351 -2.16989 -1.52726 -1.68088 -1.14475 1.65249 -2.30082 -1.86364 1.82717
1.44878 -0.45053 1.31722 -1.57493 2.0625 1.24362 -2.83935 1.15351 -2.16989 -1.52726 -1.68088 -1.14475 1.65249 -2.30082 -1.86364 1.82717
1.44373 -0.45053 1.31722 -1.57493 2.0625 1.24362 -2.83935 1.15351 -2.16989 -1.52726 -1.68088 -1.14475 1.65249 -2.30082 -1.86364 1.82717
1.43866 -0.45053 1.31722 -1.57493 2.0625 1.24362 -2.83935 1.15351 -2.16989 -1.52726 -1.68088 -1.14475 1.65249 -2.30082 -1.86364 1.82717
1.4336 -0.45053 1.31722 -1.57493 2.0625 1.24362 -2.83935 1.15351 -2.16989 -1.52726 -1.68088 -1.14475 1.65249 -2.30082 -1.86364 1.82717
1.42849 -0.45053 1.31722 -1.57493 2.0625 1.24362 -2.83935 1.15351 -2.16989 -1.52726 -1.68088 -1.14475 1.65249 -2.30082 -1.86364 1.82717
1.42343 -0.45053 1.31722 -1.57493 2.0625 1.24362 -2.83935 1.15351 -2.16989 -1.52726 -1.68088 -1.14475 1.65249 -2.30082 -1.86364 1.82717
1.41819 -0.45053 1.31722 -1.57493 2.0625 1.24362 -2.83935 1.15351 -2.16989 -1.52726 -1.68088 -1.14475 1.65249 -2.30082 -1.86364 1.82717
1.41305 -0.45053 1.31722 -1.57493 2.0625 1.24362 -2.83935 1.15351 -2.16989 -1.52726 -1.68088 -1.14475 1.65249 -2.30082 -1.86364 1.82717
1.40782 -0.45053 1.31722 -1.57493 2.0625 1.24362 -2.83935 1.15351 -2.16989 -1.52726 -1.68088 -1.14475 1.65249 -2.30082 -1.86364 1.82717
1.4027 -0.45053 1.31722 -1.57493 2.0625 1.24362 -2.83935 1.15351 -2.16989 -1.52726 -1.68088 -1.14475 1.65249 -2.30082 -1.86364 1.82717
1.39749 -0.45053 1.31722 -1.57493 2.0625 1.24362 -2.83935 1.15351 -2.16989 -1.52726 -1.68088 -1.14475 1.65249 -2.30082 -1.86364 1.82717
1.39193 -0.45053 1.31722 -1.57493 2.0625 1.24362 -2.83935 1.15351 -2.16989 -1.52726 -1.68088 -1.14475 1.65249 -2.30082 -1.86364 1.82717
1.38661 -0.45053 1.31722 -1.57493 2.0625 1.24362 -2.83935 1.15351 -2.16989 -1.52726 -1.68088 -1.14475 1.65249 -2.30082 -1.86364 1.82717
1.38099 -0.45053 1.31722 -1.57493 2.0625 1.24362 -2.83935 1.15351 -2.16989 -1.52726 -1.68088 -1.14475 1.65249 -2.30082 -1.86364 1.82717
1.37571 -0.45053 1.31722 -1.57493 2.0625 1.24362 -2.83935 1.15351 -2.16989 -1.52726 -1.68088 -1.14475 1.65249 -2.30082 -1.86364 1.82717
1.37046 -0.45053 1.31722 -1.57493 2.0625 1.24362 -2.83935 1.15351 -2.16989 -1.52726 -1.68088 -1.14475 1.65249 -2.30082 -1.86364 1.82717
1.36488 -0.45053 1.31722 -1.57493 2.0625 1.24362 -2.83935 1.15351 -2.16989 -1.52726 -1.68088 -1.14475 1.65249 -2.30082 -1.86364 1.82717
1.35949 -0.45053 1.31722 -1.57493 2.0625 1.24362 -2.83935 1.15351 -2.16989 -1.52726 -1.68088 -1.14475 1.65249 -2.30082 -1.86364 1.82717
1.3541 -0.45053 1.31722 -1.57493 2.0625 1.24362 -2.83935 1.15351 -2.16989 -1.52726 -1.68088 -1.14475 1.65249 -2.30082 -1.86364 1.82717
1.34873 -0.45053 1.31722 -1.57493 2.0625 1.24362 -2.83935 1.15351 -2.16989 -1.52726 -1.68088 -1.14475 1.65249 -2.30082 -1.86364 1.82717
1.34328 -0.45053 1.31722 -1.57493 2.0625 1.24362 -2.83935 1.15351 -2.16989 -1.52726 -1.68088 -1.14475 1.65249 -2.30082 -1.86364 1.82717
1.33775 -0.45053 1.31722 -1.57493 2.0625 1.24362 -2.83935 1.15351 -2.16989 -1.52726 -1.68088 -1.14475 1.65249 -2.30082 -1.86364 1.82717
1.33217 -0.45053 1.31722 -1.57493 2.0625 1.24362 -2.83935 1.15351 -2.16989 -1.52726 -1.68088 -1.14475 1.65249 -2.30082 -1.86364 1.82717
1.32661 -0.45053 1.31722 -1.57493 2.0625 1.24362 -2.83935 1.15351 -2.16989 -1.52726 -1.68088 -1.14475 1.65249 -2.30082 -1.86364 1.82717
1.32112 -0.45053 1.31722 -1.57493 2.0625 1.24362 -2.83935 1.15351 -2.16989 -1.52726 -1.68088 -1.14475 1.65249 -2.30082 -1.86364 1.82717
1.31542 -0.45053 1.31722 -1.57493 2.0625 1.24362 -2.83935 1.15351 -2.16989 -1.52726 -1.68088 -1.14475 1.65249 -2.30082 -1.86364 1.82717
1.30988 -0.45053 1.31722 -1.57493 2.0625 1.24362 -2.83935 1.15351 -2.16989 -1.52726 -1.68088 -1.14475 1.65249 -2.30082 -1.86364 1.82717
1.3043 -0.45053 1.31722 -1.57493 2.0625 1.24362 -2.83935 1.15351 -2.16989 -1.52726 -1.68088 -1.14475 1.65249 -2.30082 -1.86364 1.82717
1.29857 -0.45053 1.31722 -1.57493 2.0625 1.24362 -2.83935 1.15351 -2.16989 -1.52726 -1.68088 -1.14475 1.65249 -2.30082 -1.86364 1.82717
