16.638
16.648
16.658
16.669
16.679
16.69
16.7
16.711
16.721
16.733
16.753
16.774
16.795
16.816
16.836
16.857
16.877
16.898
16.918
16.94
16.979
17.018
17.056
17.095
17.134
17.175
17.215
17.257
17.297
17.335
17.373
17.412
17.45
17.488
17.527
17.565
17.604
17.643
17.682
17.721
17.759
17.799
17.838
17.877
17.916
17.954
17.993
18.031
18.07
18.109
18.148
18.19
18.229
18.27
18.309
18.349
18.387
18.426
18.464
18.502
18.541
18.579
18.618
18.656
18.694
18.735
18.774
18.813
18.854
18.894
18.933
24.609
24.62
24.63
24.641
24.651
24.662
24.672
24.682
24.693
24.705
24.726
24.746
24.767
24.807
24.846
24.885
24.923
24.962
25.002
25.041
25.079
25.118
25.158
25.197
25.237
25.276
25.316
25.356
25.395
25.435
25.474
25.512
25.551
25.589
25.628
25.667
25.706
25.744
25.783
25.822
25.861
25.899
25.938
25.976
26.016
26.056
26.095
26.134
26.173
26.212
26.251
26.289
26.328
26.369
26.409
26.45
26.488
26.529
26.567
26.606
26.645
26.683
26.723
26.761
26.799
26.838
26.876
26.915
26.953
26.992
27.03
27.07
27.11
27.149
27.188
27.226
27.265
27.303
27.341
27.38
27.419
27.459
27.498
27.536
27.574
27.613
27.651
27.69
27.729
27.767
27.805
27.845
27.884
27.923
27.962
28.002
28.04
28.079
28.117
28.156
28.195
28.234
28.273
28.311
28.35
28.391
28.43
28.471
28.509
28.548
28.587
28.626
28.665
28.704
28.742
28.781
28.821
28.86
28.898
28.937
28.976
29.014
29.053
29.092
