0
0
0
0
0
0
0
0
0
0
-0.924825
-0.821495
-0.718475
-0.615546
-0.512656
-0.409676
-0.306678
-0.203661
-0.100901
-0.027
0
-0.923753
-0.870535
-0.81581
-0.762278
-0.707953
-0.653491
-0.599222
-0.545584
-0.491236
-0.437539
-0.24059
-0.0473978
-0.027
-0.027
-0.027
-0.027
-0.027
-0.027
-0.027
-0.027
-0.027
-0.027
0
-1.13047
-1.18394
-1.23729
-1.29142
-1.34534
-1.39892
-1.4527
-1.506
-1.55947
-1.61319
-1.81269
-2.00483
-2.027
-2.027
-2.027
-2.027
-2.027
-2.027
-2.027
-2.027
-2.027
-2.027
-2.027
-2.027
-2.027
-2.027
-2.027
-2.027
-2.027
-2.027
-2.027
-2.027
-2.027
-2.027
-2.027
-2.027
-2.027
-2.027
-2.027
-2.027
-2.027
-2.027
-2.027
-2.027
-2.027
-2.027
-2.027
-2.027
-2.027
-2.027
-2.027
-2.027
-2.027
-2.027
-2.027
-2.027
-2.027
-2.027
-2.027
-2.027
-2.027
-2.027
0
-0.923582
-0.87025
-0.816581
-0.762608
-0.707599
-0.654051
-0.600264
-0.545593
-0.492726
-0.438348
-0.241463
-0.0487356
-0.027
-0.027
-0.027
-0.027
-0.027
-0.027
-0.027
-0.027
-0.027
-0.027
-0.027
-0.027
-0.027
-0.027
-0.027
-0.027
-0.027
-0.027
-0.027
-0.027
-0.027
-0.027
-0.027
-0.027
-0.027
-0.027
-0.027
-0.027
-0.027
-0.027
-0.027
-0.027
-0.027
-0.027
-0.027
-0.027
-0.027
-0.027
-0.027
-0.027
-0.027
-0.027
-0.027
-0.027
-0.027
-0.027
-0.027
-0.027
-0.027
-0.027
-0.027
-0.027
-0.027
-0.027
-0.027
-0.027
-0.027
-0.027
-0.027
-0.027
-0.027
-0.027
-0.027
-0.027
-0.027
-0.027
-0.027
