1.45992 -1.38864 1.70661 1.48609 -0.830815 1.67262 0.535869 -1.52706 -1.59889 -2.13239 -0.576573 -2.39355 0.905202 -0.328627 1.56327 2.02922
1.45992 -1.38864 1.70661 1.48609 -0.830815 1.67262 0.535869 -1.52706 -1.59889 -2.13239 -0.576573 -2.39355 0.905202 -0.328627 1.56327 2.02922
1.45992 -1.38864 1.70661 1.48609 -0.830815 1.67262 0.535869 -1.52706 -1.59889 -2.13239 -0.576573 -2.39355 0.905202 -0.328627 1.56327 2.02922
1.45992 -1.38864 1.70661 1.48609 -0.830815 1.67262 0.535869 -1.52706 -1.59889 -2.13239 -0.576573 -2.39355 0.905202 -0.328627 1.56327 2.02922
1.45992 -1.38864 1.70661 1.48609 -0.830815 1.67262 0.535869 -1.52706 -1.59889 -2.13239 -0.576573 -2.39355 0.905202 -0.328627 1.56327 2.02922
1.45992 -1.38864 1.70661 1.48609 -0.830815 1.67262 0.535869 -1.52706 -1.59889 -2.13239 -0.576573 -2.39355 0.905202 -0.328627 1.56327 2.02922
1.45992 -1.38864 1.70661 1.48609 -0.830815 1.67262 0.535869 -1.52706 -1.59889 -2.13239 -0.576573 -2.39355 0.905202 -0.328627 1.56327 2.02922
1.45992 -1.38864 1.70661 1.48609 -0.830815 1.67262 0.535869 -1.52706 -1.59889 -2.13239 -0.576573 -2.39355 0.905202 -0.328627 1.56327 2.02922
1.45992 -1.38864 1.70661 1.48609 -0.830815 1.67262 0.535869 -1.52706 -1.59889 -2.13239 -0.576573 -2.39355 0.905202 -0.328627 1.56327 2.02922
1.45992 -1.38864 1.70661 1.48609 -0.830815 1.67262 0.535869 -1.52706 -1.59889 -2.13239 -0.576573 -2.39355 0.905202 -0.328627 1.56327 2.02922
1.45992 -1.38864 1.70661 1.48609 -0.830815 1.67262 0.535869 -1.52706 -1.59889 -2.13239 -0.576573 -2.39355 0.905202 -0.328627 1.56327 2.02922
1.45993 -1.38864 1.70661 1.48609 -0.830815 1.67262 0.535869 -1.52706 -1.59889 -2.13239 -0.576573 -2.39355 0.905202 -0.328627 1.56327 2.02922
1.45993 -1.38864 1.70661 1.48609 -0.830815 1.67262 0.535869 -1.52706 -1.59889 -2.13239 -0.576573 -2.39355 0.905202 -0.328627 1.56327 2.02922
1.45994 -1.38864 1.70661 1.48609 -0.830815 1.67262 0.535869 -1.52706 -1.59889 -2.13239 -0.576573 -2.39355 0.905202 -0.328627 1.56327 2.02922
1.45994 -1.38864 1.70661 1.48609 -0.830815 1.67262 0.535869 -1.52706 -1.59889 -2.13239 -0.576573 -2.39355 0.905202 -0.328627 1.56327 2.02922
1.45995 -1.38864 1.70661 1.48609 -0.830815 1.67262 0.535869 -1.52706 -1.59889 -2.13239 -0.576573 -2.39355 0.905202 -0.328627 1.56327 2.02922
1.45995 -1.38864 1.70661 1.48609 -0.830815 1.67262 0.535869 -1.52706 -1.59889 -2.13239 -0.576573 -2.39355 0.905202 -0.328627 1.56327 2.02922
1.45995 -1.38864 1.70661 1.48609 -0.830815 1.67262 0.535869 -1.52706 -1.59889 -2.13239 -0.576573 -2.39355 0.905202 -0.328627 1.56327 2.02922
1.45996 -1.38864 1.70661 1.48609 -0.830815 1.67262 0.535869 -1.52706 -1.59889 -2.13239 -0.576573 -2.39355 0.905202 -0.328627 1.56327 2.02922
1.45997 -1.38864 1.70661 1.48609 -0.830815 1.67262 0.535869 -1.52706 -1.59889 -2.13239 -0.576573 -2.39355 0.905202 -0.328627 1.56327 2.02922
1.46056 -1.38864 1.70661 1.48609 -0.830815 1.67262 0.535869 -1.52706 -1.59889 -2.13239 -0.576573 -2.39355 0.905202 -0.328627 1.56327 2.02922
1.46056 -1.38864 1.70661 1.48609 -0.830815 1.67262 0.535869 -1.52706 -1.59889 -2.13239 -0.576573 -2.39355 0.905202 -0.328627 1.56327 2.02922
1.46056 -1.38864 1.70661 1.48609 -0.830815 1.67262 0.535869 -1.52706 -1.59889 -2.13239 -0.576573 -2.39355 0.905202 -0.328627 1.56327 2.02922
1.46056 -1.38864 1.70661 1.48609 -0.830815 1.67262 0.535869 -1.52706 -1.59889 -2.13239 -0.576573 -2.39355 0.905202 -0.328627 1.56327 2.02922
1.46056 -1.38864 1.70661 1.48609 -0.830815 1.67262 0.535869 -1.52706 -1.59889 -2.13239 -0.576573 -2.39355 0.905202 -0.328627 1.56327 2.02922
1.46056 -1.38864 1.70661 1.48609 -0.830815 1.67262 0.535869 -1.52706 -1.59889 -2.13239 -0.576573 -2.39355 0.905202 -0.328627 1.56327 2.02922
1.46056 -1.38864 1.70661 1.48609 -0.830815 1.67262 0.535869 -1.52706 -1.59889 -2.13239 -0.576573 -2.39355 0.905202 -0.328627 1.56327 2.02922
1.46056 -1.38864 1.70661 1.48609 -0.830815 1.67262 0.535869 -1.52706 -1.59889 -2.13239 -0.576573 -2.39355 0.905202 -0.328627 1.56327 2.02922
1.46056 -1.38864 1.70661 1.48609 -0.830815 1.67262 0.535869 -1.52706 -1.59889 -2.13239 -0.576573 -2.39355 0.905202 -0.328627 1.56327 2.02922
1.46056 -1.38864 1.70661 1.48609 -0.830815 1.67262 0.535869 -1.52706 -1.59889 -2.13239 -0.576573 -2.39355 0.905202 -0.328627 1.56327 2.02922
1.46056 -1.38864 1.70661 1.48609 -0.830815 1.67262 0.535869 -1.52706 -1.59889 -2.13239 -0.576573 -2.39355 0.905202 -0.328627 1.56327 2.02922
1.46056 -1.38864 1.70661 1.48609 -0.830815 1.67262 0.535869 -1.52706 -1.59889 -2.13239 -0.576573 -2.39355 0.905202 -0.328627 1.56327 2.02922
1.46056 -1.38864 1.70661 1.48609 -0.830815 1.67262 0.535869 -1.52706 -1.59889 -2.13239 -0.576573 -2.39355 0.905202 -0.328627 1.56327 2.02922
1.46056 -1.38864 1.70661 1.48609 -0.830815 1.67262 0.535869 -1.52706 -1.59889 -2.13239 -0.576573 -2.39355 0.905202 -0.328627 1.56327 2.02922
1.46208 -1.38864 1.70661 1.48609 -0.830815 1.67262 0.535869 -1.52706 -1.59889 -2.13239 -0.576573 -2.39355 0.905202 -0.328627 1.56327 2.02922
1.46503 -1.38864 1.70661 1.48609 -0.830815 1.67262 0.535869 -1.52706 -1.59889 -2.13239 -0.576573 -2.39355 0.905202 -0.328627 1.56327 2.02922
1.46853 -1.38864 1.70661 1.48609 -0.830815 1.67262 0.535869 -1.52706 -1.59889 -2.13239 -0.576573 -2.39355 0.905202 -0.328627 1.56327 2.02922
1.47229 -1.38864 1.70661 1.48609 -0.830815 1.67262 0.535869 -1.52706 -1.59889 -2.13239 -0.576573 -2.39355 0.905202 -0.328627 1.56327 2.02922
1.47663 -1.38864 1.70661 1.48609 -0.830815 1.67262 0.535869 -1.52706 -1.59889 -2.13239 -0.576573 -2.39355 0.905202 -0.328627 1.56327 2.02922
1.48177 -1.38864 1.70661 1.48609 -0.830815 1.67262 0.535869 -1.52706 -1.59889 -2.13239 -0.576573 -2.39355 0.905202 -0.328627 1.56327 2.02922
1.48761 -1.38864 1.70661 1.48609 -0.830815 1.67262 0.535869 -1.52706 -1.59889 -2.13239 -0.576573 -2.39355 0.905202 -0.328627 1.56327 2.02922
1.49394 -1.38864 1.70661 1.48609 -0.830815 1.67262 0.535869 -1.52706 -1.59889 -2.13239 -0.576573 -2.39355 0.905202 -0.328627 1.56327 2.02922
1.50038 -1.38864 1.70661 1.48609 -0.830815 1.67262 0.535869 -1.52706 -1.59889 -2.13239 -0.576573 -2.39355 0.905202 -0.328627 1.56327 2.02922
1.50129 -1.38864 1.70661 1.48609 -0.830815 1.67262 0.535869 -1.52706 -1.59889 -2.13239 -0.576573 -2.39355 0.905202 -0.328627 1.56327 2.02922
1.50129 -1.38864 1.70661 1.48609 -0.830815 1.67262 0.535869 -1.52706 -1.59889 -2.13239 -0.576573 -2.39355 0.905202 -0.328627 1.56327 2.02922
1.50129 -1.38864 1.70661 1.48609 -0.830815 1.67262 0.535869 -1.52706 -1.59889 -2.13239 -0.576573 -2.39355 0.905202 -0.328627 1.56327 2.02922
1.50129 -1.38864 1.70661 1.48609 -0.830815 1.67262 0.535869 -1.52706 -1.59889 -2.13239 -0.576573 -2.39355 0.905202 -0.328627 1.56327 2.02922
1.50129 -1.38864 1.70661 1.48609 -0.830815 1.67262 0.535869 -1.52706 -1.59889 -2.13239 -0.576573 -2.39355 0.905202 -0.328627 1.56327 2.02922
1.50129 -1.38864 1.70661 1.48609 -0.830815 1.67262 0.535869 -1.52706 -1.59889 -2.13239 -0.576573 -2.39355 0.905202 -0.328627 1.56327 2.02922
1.50124 -1.38864 1.70661 1.48609 -0.830815 1.67262 0.535869 -1.52706 -1.59889 -2.13239 -0.576573 -2.39355 0.905202 -0.328627 1.56327 2.02922
1.50101 -1.38864 1.70661 1.48609 -0.830815 1.67262 0.535869 -1.52706 -1.59889 -2.13239 -0.576573 -2.39355 0.905202 -0.328627 1.56327 2.02922
1.50057 -1.38864 1.70661 1.48609 -0.830815 1.67262 0.535869 -1.52706 -1.59889 -2.13239 -0.576573 -2.39355 0.905202 -0.328627 1.56327 2.02922
1.49993 -1.38864 1.70661 1.48609 -0.830815 1.67262 0.535869 -1.52706 -1.59889 -2.13239 -0.576573 -2.39355 0.905202 -0.328627 1.56327 2.02922
1.49791 -1.38864 1.70661 1.48609 -0.830815 1.67262 0.535869 -1.52706 -1.59889 -2.13239 -0.576573 -2.39355 0.905202 -0.328627 1.56327 2.02922
1.4959 -1.38864 1.70661 1.48609 -0.830815 1.67262 0.535869 -1.52706 -1.59889 -2.13239 -0.576573 -2.39355 0.905202 -0.328627 1.56327 2.02922
1.4929 -1.38864 1.70661 1.48609 -0.830815 1.67262 0.535869 -1.52706 -1.59889 -2.13239 -0.576573 -2.39355 0.905202 -0.328627 1.56327 2.02922
1.48875 -1.38864 1.70661 1.48609 -0.830815 1.67262 0.535869 -1.52706 -1.59889 -2.13239 -0.576573 -2.39355 0.905202 -0.328627 1.56327 2.02922
1.48421 -1.38864 1.70661 1.48609 -0.830815 1.67262 0.535869 -1.52706 -1.59889 -2.13239 -0.576573 -2.39355 0.905202 -0.328627 1.56327 2.02922
1.47964 -1.38864 1.70661 1.48609 -0.830815 1.67262 0.535869 -1.52706 -1.59889 -2.13239 -0.576573 -2.39355 0.905202 -0.328627 1.56327 2.02922
1.47503 -1.38864 1.70661 1.48609 -0.830815 1.67262 0.535869 -1.52706 -1.59889 -2.13239 -0.576573 -2.39355 0.905202 -0.328627 1.56327 2.02922
1.47034 -1.38864 1.70661 1.48609 -0.830815 1.67262 0.535869 -1.52706 -1.59889 -2.13239 -0.576573 -2.39355 0.905202 -0.328627 1.56327 2.02922
1.46561 -1.38864 1.70661 1.48609 -0.830815 1.67262 0.535869 -1.52706 -1.59889 -2.13239 -0.576573 -2.39355 0.905202 -0.328627 1.56327 2.02922
1.46085 -1.38864 1.70661 1.48609 -0.830815 1.67262 0.535869 -1.52706 -1.59889 -2.13239 -0.576573 -2.39355 0.905202 -0.328627 1.56327 2.02922
1.45618 -1.38864 1.70661 1.48609 -0.830815 1.67262 0.535869 -1.52706 -1.59889 -2.13239 -0.576573 -2.39355 0.905202 -0.328627 1.56327 2.02922
1.45143 -1.38864 1.70661 1.48609 -0.830815 1.67262 0.535869 -1.52706 -1.59889 -2.13239 -0.576573 -2.39355 0.905202 -0.328627 1.56327 2.02922
1.44674 -1.38864 1.70661 1.48609 -0.830815 1.67262 0.535869 -1.52706 -1.59889 -2.13239 -0.576573 -2.39355 0.905202 -0.328627 1.56327 2.02922
1.44207 -1.38864 1.70661 1.48609 -0.830815 1.67262 0.535869 -1.52706 -1.59889 -2.13239 -0.576573 -2.39355 0.905202 -0.328627 1.56327 2.02922
1.43734 -1.38864 1.70661 1.48609 -0.830815 1.67262 0.535869 -1.52706 -1.59889 -2.13239 -0.576573 -2.39355 0.905202 -0.328627 1.56327 2.02922
1.43254 -1.38864 1.70661 1.48609 -0.830815 1.67262 0.535869 -1.52706 -1.59889 -2.13239 -0.576573 -2.39355 0.905202 -0.328627 1.56327 2.02922
1.42779 -1.38864 1.70661 1.48609 -0.830815 1.67262 0.535869 -1.52706 -1.59889 -2.13239 -0.576573 -2.39355 0.905202 -0.328627 1.56327 2.02922
1.42303 -1.38864 1.70661 1.48609 -0.830815 1.67262 0.535869 -1.52706 -1.59889 -2.13239 -0.576573 -2.39355 0.905202 -0.328627 1.56327 2.02922
1.41821 -1.38864 1.70661 1.48609 -0.830815 1.67262 0.535869 -1.52706 -1.59889 -2.13239 -0.576573 -2.39355 0.905202 -0.328627 1.56327 2.02922
1.41339 -1.38864 1.70661 1.48609 -0.830815 1.67262 0.535869 -1.52706 -1.59889 -2.13239 -0.576573 -2.39355 0.905202 -0.328627 1.56327 2.02922
1.40866 -1.38864 1.70661 1.48609 -0.830815 1.67262 0.535869 -1.52706 -1.59889 -2.13239 -0.576573 -2.39355 0.905202 -0.328627 1.56327 2.02922
1.40385 -1.38864 1.70661 1.48609 -0.830815 1.67262 0.535869 -1.52706 -1.59889 -2.13239 -0.576573 -2.39355 0.905202 -0.328627 1.56327 2.02922
1.39901 -1.38864 1.70661 1.48609 -0.830815 1.67262 0.535869 -1.52706 -1.59889 -2.13239 -0.576573 -2.39355 0.905202 -0.328627 1.56327 2.02922
1.39419 -1.38864 1.70661 1.48609 -0.830815 1.67262 0.535869 -1.52706 -1.59889 -2.13239 -0.576573 -2.39355 0.905202 -0.328627 1.56327 2.02922
1.3893 -1.38864 1.70661 1.48609 -0.830815 1.67262 0.535869 -1.52706 -1.59889 -2.13239 -0.576573 -2.39355 0.905202 -0.328627 1.56327 2.02922
1.38445 -1.38864 1.70661 1.48609 -0.830815 1.67262 0.535869 -1.52706 -1.59889 -2.13239 -0.576573 -2.39355 0.905202 -0.328627 1.56327 2.02922
1.37957 -1.38864 1.70661 1.48609 -0.830815 1.67262 0.535869 -1.52706 -1.59889 -2.13239 -0.576573 -2.39355 0.905202 -0.328627 1.56327 2.02922
1.37469 -1.38864 1.70661 1.48609 -0.830815 1.67262 0.535869 -1.52706 -1.59889 -2.13239 -0.576573 -2.39355 0.905202 -0.328627 1.56327 2.02922
1.36973 -1.38864 1.70661 1.48609 -0.830815 1.67262 0.535869 -1.52706 -1.59889 -2.13239 -0.576573 -2.39355 0.905202 -0.328627 1.56327 2.02922
1.36478 -1.38864 1.70661 1.48609 -0.830815 1.67262 0.535869 -1.52706 -1.59889 -2.13239 -0.576573 -2.39355 0.905202 -0.328627 1.56327 2.02922
1.3598 -1.38864 1.70661 1.48609 -0.830815 1.67262 0.535869 -1.52706 -1.59889 -2.13239 -0.576573 -2.39355 0.905202 -0.328627 1.56327 2.02922
1.35478 -1.38864 1.70661 1.48609 -0.830815 1.67262 0.535869 -1.52706 -1.59889 -2.13239 -0.576573 -2.39355 0.905202 -0.328627 1.56327 2.02922
1.34967 -1.38864 1.70661 1.48609 -0.830815 1.67262 0.535869 -1.52706 -1.59889 -2.13239 -0.576573 -2.39355 0.905202 -0.328627 1.56327 2.02922
1.34462 -1.38864 1.70661 1.48609 -0.830815 1.67262 0.535869 -1.52706 -1.59889 -2.13239 -0.576573 -2.39355 0.905202 -0.328627 1.56327 2.02922
1.33963 -1.38864 1.70661 1.48609 -0.830815 1.67262 0.535869 -1.52706 -1.59889 -2.13239 -0.576573 -2.39355 0.905202 -0.328627 1.56327 2.02922
1.33465 -1.38864 1.70661 1.48609 -0.830815 1.67262 0.535869 -1.52706 -1.59889 -2.13239 -0.576573 -2.39355 0.905202 -0.328627 1.56327 2.02922
1.32959 -1.38864 1.70661 1.48609 -0.830815 1.67262 0.535869 -1.52706 -1.59889 -2.13239 -0.576573 -2.39355 0.905202 -0.328627 1.56327 2.02922
1.32451 -1.38864 1.70661 1.48609 -0.830815 1.67262 0.535869 -1.52706 -1.59889 -2.13239 -0.576573 -2.39355 0.905202 -0.328627 1.56327 2.02922
1.31946 -1.38864 1.70661 1.48609 -0.830815 1.67262 0.535869 -1.52706 -1.59889 -2.13239 -0.576573 -2.39355 0.905202 -0.328627 1.56327 2.02922
1.31439 -1.38864 1.70661 1.48609 -0.830815 1.67262 0.535869 -1.52706 -1.59889 -2.13239 -0.576573 -2.39355 0.905202 -0.328627 1.56327 2.02922
1.30931 -1.38864 1.70661 1.48609 -0.830815 1.67262 0.535869 -1.52706 -1.59889 -2.13239 -0.576573 -2.39355 0.905202 -0.328627 1.56327 2.02922
1.30419 -1.38864 1.70661 1.48609 -0.830815 1.67262 0.535869 -1.52706 -1.59889 -2.13239 -0.576573 -2.39355 0.905202 -0.328627 1.56327 2.02922
1.29902 -1.38864 1.70661 1.48609 -0.830815 1.67262 0.535869 -1.52706 -1.59889 -2.13239 -0.576573 -2.39355 0.905202 -0.328627 1.56327 2.02922
1.29388 -1.38864 1.70661 1.48609 -0.830815 1.67262 0.535869 -1.52706 -1.59889 -2.13239 -0.576573 -2.39355 0.905202 -0.328627 1.56327 2.02922
1.28874 -1.38864 1.70661 1.48609 -0.830815 1.67262 0.535869 -1.52706 -1.59889 -2.13239 -0.576573 -2.39355 0.905202 -0.328627 1.56327 2.02922
1.28357 -1.38864 1.70661 1.48609 -0.830815 1.67262 0.535869 -1.52706 -1.59889 -2.13239 -0.576573 -2.39355 0.905202 -0.328627 1.56327 2.02922
1.2784 -1.38864 1.70661 1.48609 -0.830815 1.67262 0.535869 -1.52706 -1.59889 -2.13239 -0.576573 -2.39355 0.905202 -0.328627 1.56327 2.02922
1.27301 -1.38864 1.70661 1.48609 -0.830815 1.67262 0.535869 -1.52706 -1.59889 -2.13239 -0.576573 -2.39355 0.905202 -0.328627 1.56327 2.02922
1.26778 -1.38864 1.70661 1.48609 -0.830815 1.67262 0.535869 -1.52706 -1.59889 -2.13239 -0.576573 -2.39355 0.905202 -0.328627 1.56327 2.02922
1.26255 -1.38864 1.70661 1.48609 -0.830815 1.67262 0.535869 -1.52706 -1.59889 -2.13239 -0.576573 -2.39355 0.905202 -0.328627 1.56327 2.02922
1.25731 -1.38864 1.70661 1.48609 -0.830815 1.67262 0.535869 -1.52706 -1.59889 -2.13239 -0.576573 -2.39355 0.905202 -0.328627 1.56327 2.02922
1.25204 -1.38864 1.70661 1.48609 -0.830815 1.67262 0.535869 -1.52706 -1.59889 -2.13239 -0.576573 -2.39355 0.905202 -0.328627 1.56327 2.02922
1.24669 -1.38864 1.70661 1.48609 -0.830815 1.67262 0.535869 -1.52706 -1.59889 -2.13239 -0.576573 -2.39355 0.905202 -0.328627 1.56327 2.02922
1.23351 -1.38864 1.70661 1.48609 -0.830815 1.67262 0.535869 -1.52706 -1.59889 -2.13239 -0.576573 -2.39355 0.905202 -0.328627 1.56327 2.02922
1.23351 -1.38864 1.70661 1.48609 -0.830815 1.67262 0.535869 -1.52706 -1.59889 -2.13239 -0.576573 -2.39355 0.905202 -0.328627 1.56327 2.02922
1.23351 -1.38864 1.70661 1.48609 -0.830815 1.67262 0.535869 -1.52706 -1.59889 -2.13239 -0.576573 -2.39355 0.905202 -0.328627 1.56327 2.02922
1.23351 -1.38864 1.70661 1.48609 -0.830815 1.67262 0.535869 -1.52706 -1.59889 -2.13239 -0.576573 -2.39355 0.905202 -0.328627 1.56327 2.02922
1.23351 -1.38864 1.70661 1.48609 -0.830815 1.67262 0.535869 -1.52706 -1.59889 -2.13239 -0.576573 -2.39355 0.905202 -0.328627 1.56327 2.02922
1.23351 -1.38864 1.70661 1.48609 -0.830815 1.67262 0.535869 -1.52706 -1.59889 -2.13239 -0.576573 -2.39355 0.905202 -0.328627 1.56327 2.02922
1.23349 -1.38864 1.70661 1.48609 -0.830815 1.67262 0.535869 -1.52706 -1.59889 -2.13239 -0.576573 -2.39355 0.905202 -0.328627 1.56327 2.02922
1.23349 -1.38864 1.70661 1.48609 -0.830815 1.67262 0.535869 -1.52706 -1.59889 -2.13239 -0.576573 -2.39355 0.905202 -0.328627 1.56327 2.02922
1.23349 -1.38864 1.70661 1.48609 -0.830815 1.67262 0.535869 -1.52706 -1.59889 -2.13239 -0.576573 -2.39355 0.905202 -0.328627 1.56327 2.02922
1.23349 -1.38864 1.70661 1.48609 -0.830815 1.67262 0.535869 -1.52706 -1.59889 -2.13239 -0.576573 -2.39355 0.905202 -0.328627 1.56327 2.02922
1.23349 -1.38864 1.70661 1.48609 -0.830815 1.67262 0.535869 -1.52706 -1.59889 -2.13239 -0.576573 -2.39355 0.905202 -0.328627 1.56327 2.02922
1.23347 -1.38864 1.70661 1.48609 -0.830815 1.67262 0.535869 -1.52706 -1.59889 -2.13239 -0.576573 -2.39355 0.905202 -0.328627 1.56327 2.02922
1.23345 -1.38864 1.70661 1.48609 -0.830815 1.67262 0.535869 -1.52706 -1.59889 -2.13239 -0.576573 -2.39355 0.905202 -0.328627 1.56327 2.02922
1.23345 -1.38864 1.70661 1.48609 -0.830815 1.67262 0.535869 -1.52706 -1.59889 -2.13239 -0.576573 -2.39355 0.905202 -0.328627 1.56327 2.02922
1.234 -1.38864 1.70661 1.48609 -0.830815 1.67262 0.535869 -1.52706 -1.59889 -2.13239 -0.576573 -2.39355 0.905202 -0.328627 1.56327 2.02922
1.23489 -1.38864 1.70661 1.48609 -0.830815 1.67262 0.535869 -1.52706 -1.59889 -2.13239 -0.576573 -2.39355 0.905202 -0.328627 1.56327 2.02922
1.23601 -1.38864 1.70661 1.48609 -0.830815 1.67262 0.535869 -1.52706 -1.59889 -2.13239 -0.576573 -2.39355 0.905202 -0.328627 1.56327 2.02922
1.23724 -1.38864 1.70661 1.48609 -0.830815 1.67262 0.535869 -1.52706 -1.59889 -2.13239 -0.576573 -2.39355 0.905202 -0.328627 1.56327 2.02922
1.23869 -1.38864 1.70661 1.48609 -0.830815 1.67262 0.535869 -1.52706 -1.59889 -2.13239 -0.576573 -2.39355 0.905202 -0.328627 1.56327 2.02922
1.2402 -1.38864 1.70661 1.48609 -0.830815 1.67262 0.535869 -1.52706 -1.59889 -2.13239 -0.576573 -2.39355 0.905202 -0.328627 1.56327 2.02922
1.2417 -1.38864 1.70661 1.48609 -0.830815 1.67262 0.535869 -1.52706 -1.59889 -2.13239 -0.576573 -2.39355 0.905202 -0.328627 1.56327 2.02922
1.243 -1.38864 1.70661 1.48609 -0.830815 1.67262 0.535869 -1.52706 -1.59889 -2.13239 -0.576573 -2.39355 0.905202 -0.328627 1.56327 2.02922
1.24432 -1.38864 1.70661 1.48609 -0.830815 1.67262 0.535869 -1.52706 -1.59889 -2.13239 -0.576573 -2.39355 0.905202 -0.328627 1.56327 2.02922
1.24567 -1.38864 1.70661 1.48609 -0.830815 1.67262 0.535869 -1.52706 -1.59889 -2.13239 -0.576573 -2.39355 0.905202 -0.328627 1.56327 2.02922
1.24725 -1.38864 1.70661 1.48609 -0.830815 1.67262 0.535869 -1.52706 -1.59889 -2.13239 -0.576573 -2.39355 0.905202 -0.328627 1.56327 2.02922
1.24907 -1.38864 1.70661 1.48609 -0.830815 1.67262 0.535869 -1.52706 -1.59889 -2.13239 -0.576573 -2.39355 0.905202 -0.328627 1.56327 2.02922
1.25097 -1.38864 1.70661 1.48609 -0.830815 1.67262 0.535869 -1.52706 -1.59889 -2.13239 -0.576573 -2.39355 0.905202 -0.328627 1.56327 2.02922
1.25285 -1.38864 1.70661 1.48609 -0.830815 1.67262 0.535869 -1.52706 -1.59889 -2.13239 -0.576573 -2.39355 0.905202 -0.328627 1.56327 2.02922
1.25466 -1.38864 1.70661 1.48609 -0.830815 1.67262 0.535869 -1.52706 -1.59889 -2.13239 -0.576573 -2.39355 0.905202 -0.328627 1.56327 2.02922
1.2565 -1.38864 1.70661 1.48609 -0.830815 1.67262 0.535869 -1.52706 -1.59889 -2.13239 -0.576573 -2.39355 0.905202 -0.328627 1.56327 2.02922
1.2583 -1.38864 1.70661 1.48609 -0.830815 1.67262 0.535869 -1.52706 -1.59889 -2.13239 -0.576573 -2.39355 0.905202 -0.328627 1.56327 2.02922
1.26004 -1.38864 1.70661 1.48609 -0.830815 1.67262 0.535869 -1.52706 -1.59889 -2.13239 -0.576573 -2.39355 0.905202 -0.328627 1.56327 2.02922
1.26173 -1.38864 1.70661 1.48609 -0.830815 1.67262 0.535869 -1.52706 -1.59889 -2.13239 -0.576573 -2.39355 0.905202 -0.328627 1.56327 2.02922
1.26352 -1.38864 1.70661 1.48609 -0.830815 1.67262 0.535869 -1.52706 -1.59889 -2.13239 -0.576573 -2.39355 0.905202 -0.328627 1.56327 2.02922
1.26538 -1.38864 1.70661 1.48609 -0.830815 1.67262 0.535869 -1.52706 -1.59889 -2.13239 -0.576573 -2.39355 0.905202 -0.328627 1.56327 2.02922
1.2673 -1.38864 1.70661 1.48609 -0.830815 1.67262 0.535869 -1.52706 -1.59889 -2.13239 -0.576573 -2.39355 0.905202 -0.328627 1.56327 2.02922
1.26932 -1.38864 1.70661 1.48609 -0.830815 1.67262 0.535869 -1.52706 -1.59889 -2.13239 -0.576573 -2.39355 0.905202 -0.328627 1.56327 2.02922
1.27131 -1.38864 1.70661 1.48609 -0.830815 1.67262 0.535869 -1.52706 -1.59889 -2.13239 -0.576573 -2.39355 0.905202 -0.328627 1.56327 2.02922
1.27331 -1.38864 1.70661 1.48609 -0.830815 1.67262 0.535869 -1.52706 -1.59889 -2.13239 -0.576573 -2.39355 0.905202 -0.328627 1.56327 2.02922
1.27542 -1.38864 1.70661 1.48609 -0.830815 1.67262 0.535869 -1.52706 -1.59889 -2.13239 -0.576573 -2.39355 0.905202 -0.328627 1.56327 2.02922
1.27756 -1.38864 1.70661 1.48609 -0.830815 1.67262 0.535869 -1.52706 -1.59889 -2.13239 -0.576573 -2.39355 0.905202 -0.328627 1.56327 2.02922
1.27972 -1.38864 1.70661 1.48609 -0.830815 1.67262 0.535869 -1.52706 -1.59889 -2.13239 -0.576573 -2.39355 0.905202 -0.328627 1.56327 2.02922
1.28187 -1.38864 1.70661 1.48609 -0.830815 1.67262 0.535869 -1.52706 -1.59889 -2.13239 -0.576573 -2.39355 0.905202 -0.328627 1.56327 2.02922
1.28404 -1.38864 1.70661 1.48609 -0.830815 1.67262 0.535869 -1.52706 -1.59889 -2.13239 -0.576573 -2.39355 0.905202 -0.328627 1.56327 2.02922
1.28626 -1.38864 1.70661 1.48609 -0.830815 1.67262 0.535869 -1.52706 -1.59889 -2.13239 -0.576573 -2.39355 0.905202 -0.328627 1.56327 2.02922
1.28854 -1.38864 1.70661 1.48609 -0.830815 1.67262 0.535869 -1.52706 -1.59889 -2.13239 -0.576573 -2.39355 0.905202 -0.328627 1.56327 2.02922
1.29097 -1.38864 1.70661 1.48609 -0.830815 1.67262 0.535869 -1.52706 -1.59889 -2.13239 -0.576573 -2.39355 0.905202 -0.328627 1.56327 2.02922
1.29333 -1.38864 1.70661 1.48609 -0.830815 1.67262 0.535869 -1.52706 -1.59889 -2.13239 -0.576573 -2.39355 0.905202 -0.328627 1.56327 2.02922
1.29585 -1.38864 1.70661 1.48609 -0.830815 1.67262 0.535869 -1.52706 -1.59889 -2.13239 -0.576573 -2.39355 0.905202 -0.328627 1.56327 2.02922
1.29844 -1.38864 1.70661 1.48609 -0.830815 1.67262 0.535869 -1.52706 -1.59889 -2.13239 -0.576573 -2.39355 0.905202 -0.328627 1.56327 2.02922
1.30102 -1.38864 1.70661 1.48609 -0.830815 1.67262 0.535869 -1.52706 -1.59889 -2.13239 -0.576573 -2.39355 0.905202 -0.328627 1.56327 2.02922
1.30361 -1.38864 1.70661 1.48609 -0.830815 1.67262 0.535869 -1.52706 -1.59889 -2.13239 -0.576573 -2.39355 0.905202 -0.328627 1.56327 2.02922
1.30627 -1.38864 1.70661 1.48609 -0.830815 1.67262 0.535869 -1.52706 -1.59889 -2.13239 -0.576573 -2.39355 0.905202 -0.328627 1.56327 2.02922
1.30911 -1.38864 1.70661 1.48609 -0.830815 1.67262 0.535869 -1.52706 -1.59889 -2.13239 -0.576573 -2.39355 0.905202 -0.328627 1.56327 2.02922
1.31202 -1.38864 1.70661 1.48609 -0.830815 1.67262 0.535869 -1.52706 -1.59889 -2.13239 -0.576573 -2.39355 0.905202 -0.328627 1.56327 2.02922
1.31488 -1.38864 1.70661 1.48609 -0.830815 1.67262 0.535869 -1.52706 -1.59889 -2.13239 -0.576573 -2.39355 0.905202 -0.328627 1.56327 2.02922
1.31774 -1.38864 1.70661 1.48609 -0.830815 1.67262 0.535869 -1.52706 -1.59889 -2.13239 -0.576573 -2.39355 0.905202 -0.328627 1.56327 2.02922
1.32068 -1.38864 1.70661 1.48609 -0.830815 1.67262 0.535869 -1.52706 -1.59889 -2.13239 -0.576573 -2.39355 0.905202 -0.328627 1.56327 2.02922
1.32382 -1.38864 1.70661 1.48609 -0.830815 1.67262 0.535869 -1.52706 -1.59889 -2.13239 -0.576573 -2.39355 0.905202 -0.328627 1.56327 2.02922
1.32704 -1.38864 1.70661 1.48609 -0.830815 1.67262 0.535869 -1.52706 -1.59889 -2.13239 -0.576573 -2.39355 0.905202 -0.328627 1.56327 2.02922
1.33044 -1.38864 1.70661 1.48609 -0.830815 1.67262 0.535869 -1.52706 -1.59889 -2.13239 -0.576573 -2.39355 0.905202 -0.328627 1.56327 2.02922
1.33368 -1.38864 1.70661 1.48609 -0.830815 1.67262 0.535869 -1.52706 -1.59889 -2.13239 -0.576573 -2.39355 0.905202 -0.328627 1.56327 2.02922
1.33682 -1.38864 1.70661 1.48609 -0.830815 1.67262 0.535869 -1.52706 -1.59889 -2.13239 -0.576573 -2.39355 0.905202 -0.328627 1.56327 2.02922
1.34001 -1.38864 1.70661 1.48609 -0.830815 1.67262 0.535869 -1.52706 -1.59889 -2.13239 -0.576573 -2.39355 0.905202 -0.328627 1.56327 2.02922
1.3435 -1.38864 1.70661 1.48609 -0.830815 1.67262 0.535869 -1.52706 -1.59889 -2.13239 -0.576573 -2.39355 0.905202 -0.328627 1.56327 2.02922
1.34723 -1.38864 1.70661 1.48609 -0.830815 1.67262 0.535869 -1.52706 -1.59889 -2.13239 -0.576573 -2.39355 0.905202 -0.328627 1.56327 2.02922
1.35108 -1.38864 1.70661 1.48609 -0.830815 1.67262 0.535869 -1.52706 -1.59889 -2.13239 -0.576573 -2.39355 0.905202 -0.328627 1.56327 2.02922
1.35471 -1.38864 1.70661 1.48609 -0.830815 1.67262 0.535869 -1.52706 -1.59889 -2.13239 -0.576573 -2.39355 0.905202 -0.328627 1.56327 2.02922
1.35843 -1.38864 1.70661 1.48609 -0.830815 1.67262 0.535869 -1.52706 -1.59889 -2.13239 -0.576573 -2.39355 0.905202 -0.328627 1.56327 2.02922
1.36227 -1.38864 1.70661 1.48609 -0.830815 1.67262 0.535869 -1.52706 -1.59889 -2.13239 -0.576573 -2.39355 0.905202 -0.328627 1.56327 2.02922
1.36647 -1.38864 1.70661 1.48609 -0.830815 1.67262 0.535869 -1.52706 -1.59889 -2.13239 -0.576573 -2.39355 0.905202 -0.328627 1.56327 2.02922
1.3707 -1.38864 1.70661 1.48609 -0.830815 1.67262 0.535869 -1.52706 -1.59889 -2.13239 -0.576573 -2.39355 0.905202 -0.328627 1.56327 2.02922
1.37493 -1.38864 1.70661 1.48609 -0.830815 1.67262 0.535869 -1.52706 -1.59889 -2.13239 -0.576573 -2.39355 0.905202 -0.328627 1.56327 2.02922
1.37907 -1.38864 1.70661 1.48609 -0.830815 1.67262 0.535869 -1.52706 -1.59889 -2.13239 -0.576573 -2.39355 0.905202 -0.328627 1.56327 2.02922
1.38327 -1.38864 1.70661 1.48609 -0.830815 1.67262 0.535869 -1.52706 -1.59889 -2.13239 -0.576573 -2.39355 0.905202 -0.328627 1.56327 2.02922
1.38779 -1.38864 1.70661 1.48609 -0.830815 1.67262 0.535869 -1.52706 -1.59889 -2.13239 -0.576573 -2.39355 0.905202 -0.328627 1.56327 2.02922
1.39238 -1.38864 1.70661 1.48609 -0.830815 1.67262 0.535869 -1.52706 -1.59889 -2.13239 -0.576573 -2.39355 0.905202 -0.328627 1.56327 2.02922
1.39708 -1.38864 1.70661 1.48609 -0.830815 1.67262 0.535869 -1.52706 -1.59889 -2.13239 -0.576573 -2.39355 0.905202 -0.328627 1.56327 2.02922
1.40171 -1.38864 1.70661 1.48609 -0.830815 1.67262 0.535869 -1.52706 -1.59889 -2.13239 -0.576573 -2.39355 0.905202 -0.328627 1.56327 2.02922
1.4065 -1.38864 1.70661 1.48609 -0.830815 1.67262 0.535869 -1.52706 -1.59889 -2.13239 -0.576573 -2.39355 0.905202 -0.328627 1.56327 2.02922
