26.827
26.838
26.848
26.859
26.869
26.879
26.89
26.9
26.911
26.923
26.943
26.963
26.983
27.005
27.025
27.046
27.066
27.087
27.107
27.128
27.522
27.533
27.544
27.554
27.565
27.576
27.587
27.598
27.608
27.622
27.661
27.7
27.738
27.776
27.815
27.854
27.893
27.931
27.97
28.009
28.047
28.086
28.124
29.097
29.108
29.118
29.129
29.14
29.151
29.161
29.172
29.183
29.197
29.236
29.274
29.313
29.351
29.39
29.428
29.466
29.505
29.543
29.583
29.623
29.662
29.701
29.739
29.778
29.817
29.855
29.894
29.933
29.972
30.01
30.049
30.088
30.126
30.165
30.203
30.242
30.28
30.32
30.358
30.397
30.437
30.476
30.515
30.554
30.592
30.631
30.67
30.708
30.747
30.785
30.824
30.863
30.902
30.94
30.979
31.018
31.057
31.096
31.134
31.173
31.212
31.251
31.551
31.562
31.573
31.584
31.595
31.605
31.616
31.627
31.638
31.652
31.69
31.729
31.767
31.806
31.844
31.883
31.921
31.959
31.998
32.037
32.075
32.114
32.153
32.192
32.23
32.269
32.308
32.347
32.387
32.427
32.466
32.504
32.543
32.581
32.619
32.658
32.696
32.734
32.774
32.813
32.851
32.89
32.928
32.967
33.005
33.043
33.082
33.12
33.16
33.199
33.238
33.277
33.315
33.353
33.392
33.43
33.469
33.507
33.546
33.585
33.624
33.662
33.701
33.739
33.777
33.816
33.854
33.893
33.933
33.972
34.012
34.051
34.09
34.129
34.167
34.206
34.245
34.284
34.322
34.361
