1.29598 1.16512 3.01292 -0.132875 -2.36982 -2.0099 0.718304 -1.32761 0.97106 1.67025 -1.04696 -2.64089 0.461542 1.06057 -1.09434 1.54773
1.29598 1.16512 3.01292 -0.132875 -2.36982 -2.0099 0.718304 -1.32761 0.97106 1.67025 -1.04696 -2.64089 0.461542 1.06057 -1.09434 1.54773
1.29598 1.16512 3.01292 -0.132875 -2.36982 -2.0099 0.718304 -1.32761 0.97106 1.67025 -1.04696 -2.64089 0.461542 1.06057 -1.09434 1.54773
1.29598 1.16512 3.01292 -0.132875 -2.36982 -2.0099 0.718304 -1.32761 0.97106 1.67025 -1.04696 -2.64089 0.461542 1.06057 -1.09434 1.54773
1.29598 1.16512 3.01292 -0.132875 -2.36982 -2.0099 0.718304 -1.32761 0.97106 1.67025 -1.04696 -2.64089 0.461542 1.06057 -1.09434 1.54773
1.29609 1.16512 3.01292 -0.132875 -2.36982 -2.0099 0.718304 -1.32761 0.97106 1.67025 -1.04696 -2.64089 0.461542 1.06057 -1.09434 1.54773
1.29642 1.16512 3.01292 -0.132875 -2.36982 -2.0099 0.718304 -1.32761 0.97106 1.67025 -1.04696 -2.64089 0.461542 1.06057 -1.09434 1.54773
1.29661 1.16512 3.01292 -0.132875 -2.36982 -2.0099 0.718304 -1.32761 0.97106 1.67025 -1.04696 -2.64089 0.461542 1.06057 -1.09434 1.54773
1.29674 1.16512 3.01292 -0.132875 -2.36982 -2.0099 0.718304 -1.32761 0.97106 1.67025 -1.04696 -2.64089 0.461542 1.06057 -1.09434 1.54773
1.29688 1.16512 3.01292 -0.132875 -2.36982 -2.0099 0.718304 -1.32761 0.97106 1.67025 -1.04696 -2.64089 0.461542 1.06057 -1.09434 1.54773
1.29695 1.16512 3.01292 -0.132875 -2.36982 -2.0099 0.718304 -1.32761 0.97106 1.67025 -1.04696 -2.64089 0.461542 1.06057 -1.09434 1.54773
1.297 1.16512 3.01292 -0.132875 -2.36982 -2.0099 0.718304 -1.32761 0.97106 1.67025 -1.04696 -2.64089 0.461542 1.06057 -1.09434 1.54773
1.29707 1.16512 3.01292 -0.132875 -2.36982 -2.0099 0.718304 -1.32761 0.97106 1.67025 -1.04696 -2.64089 0.461542 1.06057 -1.09434 1.54773
1.29713 1.16512 3.01292 -0.132875 -2.36982 -2.0099 0.718304 -1.32761 0.97106 1.67025 -1.04696 -2.64089 0.461542 1.06057 -1.09434 1.54773
1.2972 1.16512 3.01292 -0.132875 -2.36982 -2.0099 0.718304 -1.32761 0.97106 1.67025 -1.04696 -2.64089 0.461542 1.06057 -1.09434 1.54773
1.29734 1.16512 3.01292 -0.132875 -2.36982 -2.0099 0.718304 -1.32761 0.97106 1.67025 -1.04696 -2.64089 0.461542 1.06057 -1.09434 1.54773
1.2975 1.16512 3.01292 -0.132875 -2.36982 -2.0099 0.718304 -1.32761 0.97106 1.67025 -1.04696 -2.64089 0.461542 1.06057 -1.09434 1.54773
1.29768 1.16512 3.01292 -0.132875 -2.36982 -2.0099 0.718304 -1.32761 0.97106 1.67025 -1.04696 -2.64089 0.461542 1.06057 -1.09434 1.54773
1.29784 1.16512 3.01292 -0.132875 -2.36982 -2.0099 0.718304 -1.32761 0.97106 1.67025 -1.04696 -2.64089 0.461542 1.06057 -1.09434 1.54773
1.29795 1.16512 3.01292 -0.132875 -2.36982 -2.0099 0.718304 -1.32761 0.97106 1.67025 -1.04696 -2.64089 0.461542 1.06057 -1.09434 1.54773
1.29814 1.16512 3.01292 -0.132875 -2.36982 -2.0099 0.718304 -1.32761 0.97106 1.67025 -1.04696 -2.64089 0.461542 1.06057 -1.09434 1.54773
1.29839 1.16512 3.01292 -0.132875 -2.36982 -2.0099 0.718304 -1.32761 0.97106 1.67025 -1.04696 -2.64089 0.461542 1.06057 -1.09434 1.54773
1.29859 1.16512 3.01292 -0.132875 -2.36982 -2.0099 0.718304 -1.32761 0.97106 1.67025 -1.04696 -2.64089 0.461542 1.06057 -1.09434 1.54773
1.29869 1.16512 3.01292 -0.132875 -2.36982 -2.0099 0.718304 -1.32761 0.97106 1.67025 -1.04696 -2.64089 0.461542 1.06057 -1.09434 1.54773
1.29883 1.16512 3.01292 -0.132875 -2.36982 -2.0099 0.718304 -1.32761 0.97106 1.67025 -1.04696 -2.64089 0.461542 1.06057 -1.09434 1.54773
1.29905 1.16512 3.01292 -0.132875 -2.36982 -2.0099 0.718304 -1.32761 0.97106 1.67025 -1.04696 -2.64089 0.461542 1.06057 -1.09434 1.54773
1.29931 1.16512 3.01292 -0.132875 -2.36982 -2.0099 0.718304 -1.32761 0.97106 1.67025 -1.04696 -2.64089 0.461542 1.06057 -1.09434 1.54773
1.29957 1.16512 3.01292 -0.132875 -2.36982 -2.0099 0.718304 -1.32761 0.97106 1.67025 -1.04696 -2.64089 0.461542 1.06057 -1.09434 1.54773
1.29989 1.16512 3.01292 -0.132875 -2.36982 -2.0099 0.718304 -1.32761 0.97106 1.67025 -1.04696 -2.64089 0.461542 1.06057 -1.09434 1.54773
1.30014 1.16512 3.01292 -0.132875 -2.36982 -2.0099 0.718304 -1.32761 0.97106 1.67025 -1.04696 -2.64089 0.461542 1.06057 -1.09434 1.54773
1.30053 1.16512 3.01292 -0.132875 -2.36982 -2.0099 0.718304 -1.32761 0.97106 1.67025 -1.04696 -2.64089 0.461542 1.06057 -1.09434 1.54773
1.30106 1.16512 3.01292 -0.132875 -2.36982 -2.0099 0.718304 -1.32761 0.97106 1.67025 -1.04696 -2.64089 0.461542 1.06057 -1.09434 1.54773
1.30161 1.16512 3.01292 -0.132875 -2.36982 -2.0099 0.718304 -1.32761 0.97106 1.67025 -1.04696 -2.64089 0.461542 1.06057 -1.09434 1.54773
1.30218 1.16512 3.01292 -0.132875 -2.36982 -2.0099 0.718304 -1.32761 0.97106 1.67025 -1.04696 -2.64089 0.461542 1.06057 -1.09434 1.54773
1.30281 1.16512 3.01292 -0.132875 -2.36982 -2.0099 0.718304 -1.32761 0.97106 1.67025 -1.04696 -2.64089 0.461542 1.06057 -1.09434 1.54773
1.30349 1.16512 3.01292 -0.132875 -2.36982 -2.0099 0.718304 -1.32761 0.97106 1.67025 -1.04696 -2.64089 0.461542 1.06057 -1.09434 1.54773
1.30429 1.16512 3.01292 -0.132875 -2.36982 -2.0099 0.718304 -1.32761 0.97106 1.67025 -1.04696 -2.64089 0.461542 1.06057 -1.09434 1.54773
1.30511 1.16512 3.01292 -0.132875 -2.36982 -2.0099 0.718304 -1.32761 0.97106 1.67025 -1.04696 -2.64089 0.461542 1.06057 -1.09434 1.54773
1.30601 1.16512 3.01292 -0.132875 -2.36982 -2.0099 0.718304 -1.32761 0.97106 1.67025 -1.04696 -2.64089 0.461542 1.06057 -1.09434 1.54773
1.30697 1.16512 3.01292 -0.132875 -2.36982 -2.0099 0.718304 -1.32761 0.97106 1.67025 -1.04696 -2.64089 0.461542 1.06057 -1.09434 1.54773
1.308 1.16512 3.01292 -0.132875 -2.36982 -2.0099 0.718304 -1.32761 0.97106 1.67025 -1.04696 -2.64089 0.461542 1.06057 -1.09434 1.54773
1.30909 1.16512 3.01292 -0.132875 -2.36982 -2.0099 0.718304 -1.32761 0.97106 1.67025 -1.04696 -2.64089 0.461542 1.06057 -1.09434 1.54773
1.31019 1.16512 3.01292 -0.132875 -2.36982 -2.0099 0.718304 -1.32761 0.97106 1.67025 -1.04696 -2.64089 0.461542 1.06057 -1.09434 1.54773
1.31123 1.16512 3.01292 -0.132875 -2.36982 -2.0099 0.718304 -1.32761 0.97106 1.67025 -1.04696 -2.64089 0.461542 1.06057 -1.09434 1.54773
1.31224 1.16512 3.01292 -0.132875 -2.36982 -2.0099 0.718304 -1.32761 0.97106 1.67025 -1.04696 -2.64089 0.461542 1.06057 -1.09434 1.54773
1.31318 1.16512 3.01292 -0.132875 -2.36982 -2.0099 0.718304 -1.32761 0.97106 1.67025 -1.04696 -2.64089 0.461542 1.06057 -1.09434 1.54773
1.31414 1.16512 3.01292 -0.132875 -2.36982 -2.0099 0.718304 -1.32761 0.97106 1.67025 -1.04696 -2.64089 0.461542 1.06057 -1.09434 1.54773
1.31529 1.16512 3.01292 -0.132875 -2.36982 -2.0099 0.718304 -1.32761 0.97106 1.67025 -1.04696 -2.64089 0.461542 1.06057 -1.09434 1.54773
1.3165 1.16512 3.01292 -0.132875 -2.36982 -2.0099 0.718304 -1.32761 0.97106 1.67025 -1.04696 -2.64089 0.461542 1.06057 -1.09434 1.54773
1.31764 1.16512 3.01292 -0.132875 -2.36982 -2.0099 0.718304 -1.32761 0.97106 1.67025 -1.04696 -2.64089 0.461542 1.06057 -1.09434 1.54773
1.31874 1.16512 3.01292 -0.132875 -2.36982 -2.0099 0.718304 -1.32761 0.97106 1.67025 -1.04696 -2.64089 0.461542 1.06057 -1.09434 1.54773
1.31976 1.16512 3.01292 -0.132875 -2.36982 -2.0099 0.718304 -1.32761 0.97106 1.67025 -1.04696 -2.64089 0.461542 1.06057 -1.09434 1.54773
1.3208 1.16512 3.01292 -0.132875 -2.36982 -2.0099 0.718304 -1.32761 0.97106 1.67025 -1.04696 -2.64089 0.461542 1.06057 -1.09434 1.54773
1.32193 1.16512 3.01292 -0.132875 -2.36982 -2.0099 0.718304 -1.32761 0.97106 1.67025 -1.04696 -2.64089 0.461542 1.06057 -1.09434 1.54773
1.3232 1.16512 3.01292 -0.132875 -2.36982 -2.0099 0.718304 -1.32761 0.97106 1.67025 -1.04696 -2.64089 0.461542 1.06057 -1.09434 1.54773
1.32466 1.16512 3.01292 -0.132875 -2.36982 -2.0099 0.718304 -1.32761 0.97106 1.67025 -1.04696 -2.64089 0.461542 1.06057 -1.09434 1.54773
1.3263 1.16512 3.01292 -0.132875 -2.36982 -2.0099 0.718304 -1.32761 0.97106 1.67025 -1.04696 -2.64089 0.461542 1.06057 -1.09434 1.54773
1.32781 1.16512 3.01292 -0.132875 -2.36982 -2.0099 0.718304 -1.32761 0.97106 1.67025 -1.04696 -2.64089 0.461542 1.06057 -1.09434 1.54773
1.32924 1.16512 3.01292 -0.132875 -2.36982 -2.0099 0.718304 -1.32761 0.97106 1.67025 -1.04696 -2.64089 0.461542 1.06057 -1.09434 1.54773
1.33066 1.16512 3.01292 -0.132875 -2.36982 -2.0099 0.718304 -1.32761 0.97106 1.67025 -1.04696 -2.64089 0.461542 1.06057 -1.09434 1.54773
1.3321 1.16512 3.01292 -0.132875 -2.36982 -2.0099 0.718304 -1.32761 0.97106 1.67025 -1.04696 -2.64089 0.461542 1.06057 -1.09434 1.54773
1.33368 1.16512 3.01292 -0.132875 -2.36982 -2.0099 0.718304 -1.32761 0.97106 1.67025 -1.04696 -2.64089 0.461542 1.06057 -1.09434 1.54773
1.33558 1.16512 3.01292 -0.132875 -2.36982 -2.0099 0.718304 -1.32761 0.97106 1.67025 -1.04696 -2.64089 0.461542 1.06057 -1.09434 1.54773
1.33752 1.16512 3.01292 -0.132875 -2.36982 -2.0099 0.718304 -1.32761 0.97106 1.67025 -1.04696 -2.64089 0.461542 1.06057 -1.09434 1.54773
1.33921 1.16512 3.01292 -0.132875 -2.36982 -2.0099 0.718304 -1.32761 0.97106 1.67025 -1.04696 -2.64089 0.461542 1.06057 -1.09434 1.54773
1.34092 1.16512 3.01292 -0.132875 -2.36982 -2.0099 0.718304 -1.32761 0.97106 1.67025 -1.04696 -2.64089 0.461542 1.06057 -1.09434 1.54773
1.34275 1.16512 3.01292 -0.132875 -2.36982 -2.0099 0.718304 -1.32761 0.97106 1.67025 -1.04696 -2.64089 0.461542 1.06057 -1.09434 1.54773
1.34479 1.16512 3.01292 -0.132875 -2.36982 -2.0099 0.718304 -1.32761 0.97106 1.67025 -1.04696 -2.64089 0.461542 1.06057 -1.09434 1.54773
1.34698 1.16512 3.01292 -0.132875 -2.36982 -2.0099 0.718304 -1.32761 0.97106 1.67025 -1.04696 -2.64089 0.461542 1.06057 -1.09434 1.54773
1.34912 1.16512 3.01292 -0.132875 -2.36982 -2.0099 0.718304 -1.32761 0.97106 1.67025 -1.04696 -2.64089 0.461542 1.06057 -1.09434 1.54773
1.35125 1.16512 3.01292 -0.132875 -2.36982 -2.0099 0.718304 -1.32761 0.97106 1.67025 -1.04696 -2.64089 0.461542 1.06057 -1.09434 1.54773
1.35329 1.16512 3.01292 -0.132875 -2.36982 -2.0099 0.718304 -1.32761 0.97106 1.67025 -1.04696 -2.64089 0.461542 1.06057 -1.09434 1.54773
1.35558 1.16512 3.01292 -0.132875 -2.36982 -2.0099 0.718304 -1.32761 0.97106 1.67025 -1.04696 -2.64089 0.461542 1.06057 -1.09434 1.54773
1.35803 1.16512 3.01292 -0.132875 -2.36982 -2.0099 0.718304 -1.32761 0.97106 1.67025 -1.04696 -2.64089 0.461542 1.06057 -1.09434 1.54773
1.3606 1.16512 3.01292 -0.132875 -2.36982 -2.0099 0.718304 -1.32761 0.97106 1.67025 -1.04696 -2.64089 0.461542 1.06057 -1.09434 1.54773
1.36311 1.16512 3.01292 -0.132875 -2.36982 -2.0099 0.718304 -1.32761 0.97106 1.67025 -1.04696 -2.64089 0.461542 1.06057 -1.09434 1.54773
1.36563 1.16512 3.01292 -0.132875 -2.36982 -2.0099 0.718304 -1.32761 0.97106 1.67025 -1.04696 -2.64089 0.461542 1.06057 -1.09434 1.54773
1.36834 1.16512 3.01292 -0.132875 -2.36982 -2.0099 0.718304 -1.32761 0.97106 1.67025 -1.04696 -2.64089 0.461542 1.06057 -1.09434 1.54773
1.37094 1.16512 3.01292 -0.132875 -2.36982 -2.0099 0.718304 -1.32761 0.97106 1.67025 -1.04696 -2.64089 0.461542 1.06057 -1.09434 1.54773
1.37348 1.16512 3.01292 -0.132875 -2.36982 -2.0099 0.718304 -1.32761 0.97106 1.67025 -1.04696 -2.64089 0.461542 1.06057 -1.09434 1.54773
1.37631 1.16512 3.01292 -0.132875 -2.36982 -2.0099 0.718304 -1.32761 0.97106 1.67025 -1.04696 -2.64089 0.461542 1.06057 -1.09434 1.54773
1.37939 1.16512 3.01292 -0.132875 -2.36982 -2.0099 0.718304 -1.32761 0.97106 1.67025 -1.04696 -2.64089 0.461542 1.06057 -1.09434 1.54773
1.38261 1.16512 3.01292 -0.132875 -2.36982 -2.0099 0.718304 -1.32761 0.97106 1.67025 -1.04696 -2.64089 0.461542 1.06057 -1.09434 1.54773
1.38588 1.16512 3.01292 -0.132875 -2.36982 -2.0099 0.718304 -1.32761 0.97106 1.67025 -1.04696 -2.64089 0.461542 1.06057 -1.09434 1.54773
1.38923 1.16512 3.01292 -0.132875 -2.36982 -2.0099 0.718304 -1.32761 0.97106 1.67025 -1.04696 -2.64089 0.461542 1.06057 -1.09434 1.54773
1.39241 1.16512 3.01292 -0.132875 -2.36982 -2.0099 0.718304 -1.32761 0.97106 1.67025 -1.04696 -2.64089 0.461542 1.06057 -1.09434 1.54773
1.39572 1.16512 3.01292 -0.132875 -2.36982 -2.0099 0.718304 -1.32761 0.97106 1.67025 -1.04696 -2.64089 0.461542 1.06057 -1.09434 1.54773
1.39944 1.16512 3.01292 -0.132875 -2.36982 -2.0099 0.718304 -1.32761 0.97106 1.67025 -1.04696 -2.64089 0.461542 1.06057 -1.09434 1.54773
1.40339 1.16512 3.01292 -0.132875 -2.36982 -2.0099 0.718304 -1.32761 0.97106 1.67025 -1.04696 -2.64089 0.461542 1.06057 -1.09434 1.54773
1.4075 1.16512 3.01292 -0.132875 -2.36982 -2.0099 0.718304 -1.32761 0.97106 1.67025 -1.04696 -2.64089 0.461542 1.06057 -1.09434 1.54773
1.41164 1.16512 3.01292 -0.132875 -2.36982 -2.0099 0.718304 -1.32761 0.97106 1.67025 -1.04696 -2.64089 0.461542 1.06057 -1.09434 1.54773
1.4156 1.16512 3.01292 -0.132875 -2.36982 -2.0099 0.718304 -1.32761 0.97106 1.67025 -1.04696 -2.64089 0.461542 1.06057 -1.09434 1.54773
1.41967 1.16512 3.01292 -0.132875 -2.36982 -2.0099 0.718304 -1.32761 0.97106 1.67025 -1.04696 -2.64089 0.461542 1.06057 -1.09434 1.54773
1.42412 1.16512 3.01292 -0.132875 -2.36982 -2.0099 0.718304 -1.32761 0.97106 1.67025 -1.04696 -2.64089 0.461542 1.06057 -1.09434 1.54773
1.42889 1.16512 3.01292 -0.132875 -2.36982 -2.0099 0.718304 -1.32761 0.97106 1.67025 -1.04696 -2.64089 0.461542 1.06057 -1.09434 1.54773
1.43378 1.16512 3.01292 -0.132875 -2.36982 -2.0099 0.718304 -1.32761 0.97106 1.67025 -1.04696 -2.64089 0.461542 1.06057 -1.09434 1.54773
1.43856 1.16512 3.01292 -0.132875 -2.36982 -2.0099 0.718304 -1.32761 0.97106 1.67025 -1.04696 -2.64089 0.461542 1.06057 -1.09434 1.54773
1.44357 1.16512 3.01292 -0.132875 -2.36982 -2.0099 0.718304 -1.32761 0.97106 1.67025 -1.04696 -2.64089 0.461542 1.06057 -1.09434 1.54773
1.44879 1.16512 3.01292 -0.132875 -2.36982 -2.0099 0.718304 -1.32761 0.97106 1.67025 -1.04696 -2.64089 0.461542 1.06057 -1.09434 1.54773
1.45399 1.16512 3.01292 -0.132875 -2.36982 -2.0099 0.718304 -1.32761 0.97106 1.67025 -1.04696 -2.64089 0.461542 1.06057 -1.09434 1.54773
1.45938 1.16512 3.01292 -0.132875 -2.36982 -2.0099 0.718304 -1.32761 0.97106 1.67025 -1.04696 -2.64089 0.461542 1.06057 -1.09434 1.54773
1.46513 1.16512 3.01292 -0.132875 -2.36982 -2.0099 0.718304 -1.32761 0.97106 1.67025 -1.04696 -2.64089 0.461542 1.06057 -1.09434 1.54773
1.47101 1.16512 3.01292 -0.132875 -2.36982 -2.0099 0.718304 -1.32761 0.97106 1.67025 -1.04696 -2.64089 0.461542 1.06057 -1.09434 1.54773
1.477 1.16512 3.01292 -0.132875 -2.36982 -2.0099 0.718304 -1.32761 0.97106 1.67025 -1.04696 -2.64089 0.461542 1.06057 -1.09434 1.54773
1.48351 1.16512 3.01292 -0.132875 -2.36982 -2.0099 0.718304 -1.32761 0.97106 1.67025 -1.04696 -2.64089 0.461542 1.06057 -1.09434 1.54773
1.49007 1.16512 3.01292 -0.132875 -2.36982 -2.0099 0.718304 -1.32761 0.97106 1.67025 -1.04696 -2.64089 0.461542 1.06057 -1.09434 1.54773
1.49667 1.16512 3.01292 -0.132875 -2.36982 -2.0099 0.718304 -1.32761 0.97106 1.67025 -1.04696 -2.64089 0.461542 1.06057 -1.09434 1.54773
1.50361 1.16512 3.01292 -0.132875 -2.36982 -2.0099 0.718304 -1.32761 0.97106 1.67025 -1.04696 -2.64089 0.461542 1.06057 -1.09434 1.54773
1.51079 1.16512 3.01292 -0.132875 -2.36982 -2.0099 0.718304 -1.32761 0.97106 1.67025 -1.04696 -2.64089 0.461542 1.06057 -1.09434 1.54773
1.5182 1.16512 3.01292 -0.132875 -2.36982 -2.0099 0.718304 -1.32761 0.97106 1.67025 -1.04696 -2.64089 0.461542 1.06057 -1.09434 1.54773
1.52589 1.16512 3.01292 -0.132875 -2.36982 -2.0099 0.718304 -1.32761 0.97106 1.67025 -1.04696 -2.64089 0.461542 1.06057 -1.09434 1.54773
1.53375 1.16512 3.01292 -0.132875 -2.36982 -2.0099 0.718304 -1.32761 0.97106 1.67025 -1.04696 -2.64089 0.461542 1.06057 -1.09434 1.54773
1.54189 1.16512 3.01292 -0.132875 -2.36982 -2.0099 0.718304 -1.32761 0.97106 1.67025 -1.04696 -2.64089 0.461542 1.06057 -1.09434 1.54773
1.55117 1.16512 3.01292 -0.132875 -2.36982 -2.0099 0.718304 -1.32761 0.97106 1.67025 -1.04696 -2.64089 0.461542 1.06057 -1.09434 1.54773
1.56039 1.16512 3.01292 -0.132875 -2.36982 -2.0099 0.718304 -1.32761 0.97106 1.67025 -1.04696 -2.64089 0.461542 1.06057 -1.09434 1.54773
1.56983 1.16512 3.01292 -0.132875 -2.36982 -2.0099 0.718304 -1.32761 0.97106 1.67025 -1.04696 -2.64089 0.461542 1.06057 -1.09434 1.54773
1.57958 1.16512 3.01292 -0.132875 -2.36982 -2.0099 0.718304 -1.32761 0.97106 1.67025 -1.04696 -2.64089 0.461542 1.06057 -1.09434 1.54773
1.58959 1.16512 3.01292 -0.132875 -2.36982 -2.0099 0.718304 -1.32761 0.97106 1.67025 -1.04696 -2.64089 0.461542 1.06057 -1.09434 1.54773
1.59839 1.16512 3.01292 -0.132875 -2.36982 -2.0099 0.718304 -1.32761 0.97106 1.67025 -1.04696 -2.64089 0.461542 1.06057 -1.09434 1.54773
1.59712 1.16512 3.01292 -0.132875 -2.36982 -2.0099 0.718304 -1.32761 0.97106 1.67025 -1.04696 -2.64089 0.461542 1.06057 -1.09434 1.54773
1.59578 1.16512 3.01292 -0.132875 -2.36982 -2.0099 0.718304 -1.32761 0.97106 1.67025 -1.04696 -2.64089 0.461542 1.06057 -1.09434 1.54773
1.59437 1.16512 3.01292 -0.132875 -2.36982 -2.0099 0.718304 -1.32761 0.97106 1.67025 -1.04696 -2.64089 0.461542 1.06057 -1.09434 1.54773
1.59291 1.16512 3.01292 -0.132875 -2.36982 -2.0099 0.718304 -1.32761 0.97106 1.67025 -1.04696 -2.64089 0.461542 1.06057 -1.09434 1.54773
1.59168 1.16512 3.01292 -0.132875 -2.36982 -2.0099 0.718304 -1.32761 0.97106 1.67025 -1.04696 -2.64089 0.461542 1.06057 -1.09434 1.54773
1.58957 1.16512 3.01292 -0.132875 -2.36982 -2.0099 0.718304 -1.32761 0.97106 1.67025 -1.04696 -2.64089 0.461542 1.06057 -1.09434 1.54773
1.58728 1.16512 3.01292 -0.132875 -2.36982 -2.0099 0.718304 -1.32761 0.97106 1.67025 -1.04696 -2.64089 0.461542 1.06057 -1.09434 1.54773
1.58492 1.16512 3.01292 -0.132875 -2.36982 -2.0099 0.718304 -1.32761 0.97106 1.67025 -1.04696 -2.64089 0.461542 1.06057 -1.09434 1.54773
1.58257 1.16512 3.01292 -0.132875 -2.36982 -2.0099 0.718304 -1.32761 0.97106 1.67025 -1.04696 -2.64089 0.461542 1.06057 -1.09434 1.54773
1.57829 1.16512 3.01292 -0.132875 -2.36982 -2.0099 0.718304 -1.32761 0.97106 1.67025 -1.04696 -2.64089 0.461542 1.06057 -1.09434 1.54773
1.57413 1.16512 3.01292 -0.132875 -2.36982 -2.0099 0.718304 -1.32761 0.97106 1.67025 -1.04696 -2.64089 0.461542 1.06057 -1.09434 1.54773
1.5699 1.16512 3.01292 -0.132875 -2.36982 -2.0099 0.718304 -1.32761 0.97106 1.67025 -1.04696 -2.64089 0.461542 1.06057 -1.09434 1.54773
1.56573 1.16512 3.01292 -0.132875 -2.36982 -2.0099 0.718304 -1.32761 0.97106 1.67025 -1.04696 -2.64089 0.461542 1.06057 -1.09434 1.54773
1.56146 1.16512 3.01292 -0.132875 -2.36982 -2.0099 0.718304 -1.32761 0.97106 1.67025 -1.04696 -2.64089 0.461542 1.06057 -1.09434 1.54773
1.5572 1.16512 3.01292 -0.132875 -2.36982 -2.0099 0.718304 -1.32761 0.97106 1.67025 -1.04696 -2.64089 0.461542 1.06057 -1.09434 1.54773
1.55289 1.16512 3.01292 -0.132875 -2.36982 -2.0099 0.718304 -1.32761 0.97106 1.67025 -1.04696 -2.64089 0.461542 1.06057 -1.09434 1.54773
1.54845 1.16512 3.01292 -0.132875 -2.36982 -2.0099 0.718304 -1.32761 0.97106 1.67025 -1.04696 -2.64089 0.461542 1.06057 -1.09434 1.54773
1.54402 1.16512 3.01292 -0.132875 -2.36982 -2.0099 0.718304 -1.32761 0.97106 1.67025 -1.04696 -2.64089 0.461542 1.06057 -1.09434 1.54773
1.53964 1.16512 3.01292 -0.132875 -2.36982 -2.0099 0.718304 -1.32761 0.97106 1.67025 -1.04696 -2.64089 0.461542 1.06057 -1.09434 1.54773
1.53527 1.16512 3.01292 -0.132875 -2.36982 -2.0099 0.718304 -1.32761 0.97106 1.67025 -1.04696 -2.64089 0.461542 1.06057 -1.09434 1.54773
1.5308 1.16512 3.01292 -0.132875 -2.36982 -2.0099 0.718304 -1.32761 0.97106 1.67025 -1.04696 -2.64089 0.461542 1.06057 -1.09434 1.54773
1.5263 1.16512 3.01292 -0.132875 -2.36982 -2.0099 0.718304 -1.32761 0.97106 1.67025 -1.04696 -2.64089 0.461542 1.06057 -1.09434 1.54773
1.52186 1.16512 3.01292 -0.132875 -2.36982 -2.0099 0.718304 -1.32761 0.97106 1.67025 -1.04696 -2.64089 0.461542 1.06057 -1.09434 1.54773
1.51736 1.16512 3.01292 -0.132875 -2.36982 -2.0099 0.718304 -1.32761 0.97106 1.67025 -1.04696 -2.64089 0.461542 1.06057 -1.09434 1.54773
1.51282 1.16512 3.01292 -0.132875 -2.36982 -2.0099 0.718304 -1.32761 0.97106 1.67025 -1.04696 -2.64089 0.461542 1.06057 -1.09434 1.54773
1.50824 1.16512 3.01292 -0.132875 -2.36982 -2.0099 0.718304 -1.32761 0.97106 1.67025 -1.04696 -2.64089 0.461542 1.06057 -1.09434 1.54773
1.50363 1.16512 3.01292 -0.132875 -2.36982 -2.0099 0.718304 -1.32761 0.97106 1.67025 -1.04696 -2.64089 0.461542 1.06057 -1.09434 1.54773
1.49908 1.16512 3.01292 -0.132875 -2.36982 -2.0099 0.718304 -1.32761 0.97106 1.67025 -1.04696 -2.64089 0.461542 1.06057 -1.09434 1.54773
1.49445 1.16512 3.01292 -0.132875 -2.36982 -2.0099 0.718304 -1.32761 0.97106 1.67025 -1.04696 -2.64089 0.461542 1.06057 -1.09434 1.54773
1.48978 1.16512 3.01292 -0.132875 -2.36982 -2.0099 0.718304 -1.32761 0.97106 1.67025 -1.04696 -2.64089 0.461542 1.06057 -1.09434 1.54773
1.48504 1.16512 3.01292 -0.132875 -2.36982 -2.0099 0.718304 -1.32761 0.97106 1.67025 -1.04696 -2.64089 0.461542 1.06057 -1.09434 1.54773
1.48035 1.16512 3.01292 -0.132875 -2.36982 -2.0099 0.718304 -1.32761 0.97106 1.67025 -1.04696 -2.64089 0.461542 1.06057 -1.09434 1.54773
1.47564 1.16512 3.01292 -0.132875 -2.36982 -2.0099 0.718304 -1.32761 0.97106 1.67025 -1.04696 -2.64089 0.461542 1.06057 -1.09434 1.54773
1.4709 1.16512 3.01292 -0.132875 -2.36982 -2.0099 0.718304 -1.32761 0.97106 1.67025 -1.04696 -2.64089 0.461542 1.06057 -1.09434 1.54773
1.46608 1.16512 3.01292 -0.132875 -2.36982 -2.0099 0.718304 -1.32761 0.97106 1.67025 -1.04696 -2.64089 0.461542 1.06057 -1.09434 1.54773
1.46134 1.16512 3.01292 -0.132875 -2.36982 -2.0099 0.718304 -1.32761 0.97106 1.67025 -1.04696 -2.64089 0.461542 1.06057 -1.09434 1.54773
1.45659 1.16512 3.01292 -0.132875 -2.36982 -2.0099 0.718304 -1.32761 0.97106 1.67025 -1.04696 -2.64089 0.461542 1.06057 -1.09434 1.54773
1.45177 1.16512 3.01292 -0.132875 -2.36982 -2.0099 0.718304 -1.32761 0.97106 1.67025 -1.04696 -2.64089 0.461542 1.06057 -1.09434 1.54773
1.44697 1.16512 3.01292 -0.132875 -2.36982 -2.0099 0.718304 -1.32761 0.97106 1.67025 -1.04696 -2.64089 0.461542 1.06057 -1.09434 1.54773
1.44215 1.16512 3.01292 -0.132875 -2.36982 -2.0099 0.718304 -1.32761 0.97106 1.67025 -1.04696 -2.64089 0.461542 1.06057 -1.09434 1.54773
1.43728 1.16512 3.01292 -0.132875 -2.36982 -2.0099 0.718304 -1.32761 0.97106 1.67025 -1.04696 -2.64089 0.461542 1.06057 -1.09434 1.54773
1.43238 1.16512 3.01292 -0.132875 -2.36982 -2.0099 0.718304 -1.32761 0.97106 1.67025 -1.04696 -2.64089 0.461542 1.06057 -1.09434 1.54773
1.42742 1.16512 3.01292 -0.132875 -2.36982 -2.0099 0.718304 -1.32761 0.97106 1.67025 -1.04696 -2.64089 0.461542 1.06057 -1.09434 1.54773
1.42249 1.16512 3.01292 -0.132875 -2.36982 -2.0099 0.718304 -1.32761 0.97106 1.67025 -1.04696 -2.64089 0.461542 1.06057 -1.09434 1.54773
1.41738 1.16512 3.01292 -0.132875 -2.36982 -2.0099 0.718304 -1.32761 0.97106 1.67025 -1.04696 -2.64089 0.461542 1.06057 -1.09434 1.54773
1.41238 1.16512 3.01292 -0.132875 -2.36982 -2.0099 0.718304 -1.32761 0.97106 1.67025 -1.04696 -2.64089 0.461542 1.06057 -1.09434 1.54773
1.40733 1.16512 3.01292 -0.132875 -2.36982 -2.0099 0.718304 -1.32761 0.97106 1.67025 -1.04696 -2.64089 0.461542 1.06057 -1.09434 1.54773
1.40206 1.16512 3.01292 -0.132875 -2.36982 -2.0099 0.718304 -1.32761 0.97106 1.67025 -1.04696 -2.64089 0.461542 1.06057 -1.09434 1.54773
1.3967 1.16512 3.01292 -0.132875 -2.36982 -2.0099 0.718304 -1.32761 0.97106 1.67025 -1.04696 -2.64089 0.461542 1.06057 -1.09434 1.54773
1.39143 1.16512 3.01292 -0.132875 -2.36982 -2.0099 0.718304 -1.32761 0.97106 1.67025 -1.04696 -2.64089 0.461542 1.06057 -1.09434 1.54773
1.38598 1.16512 3.01292 -0.132875 -2.36982 -2.0099 0.718304 -1.32761 0.97106 1.67025 -1.04696 -2.64089 0.461542 1.06057 -1.09434 1.54773
1.38063 1.16512 3.01292 -0.132875 -2.36982 -2.0099 0.718304 -1.32761 0.97106 1.67025 -1.04696 -2.64089 0.461542 1.06057 -1.09434 1.54773
1.37548 1.16512 3.01292 -0.132875 -2.36982 -2.0099 0.718304 -1.32761 0.97106 1.67025 -1.04696 -2.64089 0.461542 1.06057 -1.09434 1.54773
1.37031 1.16512 3.01292 -0.132875 -2.36982 -2.0099 0.718304 -1.32761 0.97106 1.67025 -1.04696 -2.64089 0.461542 1.06057 -1.09434 1.54773
1.36509 1.16512 3.01292 -0.132875 -2.36982 -2.0099 0.718304 -1.32761 0.97106 1.67025 -1.04696 -2.64089 0.461542 1.06057 -1.09434 1.54773
1.35989 1.16512 3.01292 -0.132875 -2.36982 -2.0099 0.718304 -1.32761 0.97106 1.67025 -1.04696 -2.64089 0.461542 1.06057 -1.09434 1.54773
1.35466 1.16512 3.01292 -0.132875 -2.36982 -2.0099 0.718304 -1.32761 0.97106 1.67025 -1.04696 -2.64089 0.461542 1.06057 -1.09434 1.54773
1.34938 1.16512 3.01292 -0.132875 -2.36982 -2.0099 0.718304 -1.32761 0.97106 1.67025 -1.04696 -2.64089 0.461542 1.06057 -1.09434 1.54773
1.34405 1.16512 3.01292 -0.132875 -2.36982 -2.0099 0.718304 -1.32761 0.97106 1.67025 -1.04696 -2.64089 0.461542 1.06057 -1.09434 1.54773
1.33872 1.16512 3.01292 -0.132875 -2.36982 -2.0099 0.718304 -1.32761 0.97106 1.67025 -1.04696 -2.64089 0.461542 1.06057 -1.09434 1.54773
1.33335 1.16512 3.01292 -0.132875 -2.36982 -2.0099 0.718304 -1.32761 0.97106 1.67025 -1.04696 -2.64089 0.461542 1.06057 -1.09434 1.54773
1.32775 1.16512 3.01292 -0.132875 -2.36982 -2.0099 0.718304 -1.32761 0.97106 1.67025 -1.04696 -2.64089 0.461542 1.06057 -1.09434 1.54773
1.32229 1.16512 3.01292 -0.132875 -2.36982 -2.0099 0.718304 -1.32761 0.97106 1.67025 -1.04696 -2.64089 0.461542 1.06057 -1.09434 1.54773
1.31683 1.16512 3.01292 -0.132875 -2.36982 -2.0099 0.718304 -1.32761 0.97106 1.67025 -1.04696 -2.64089 0.461542 1.06057 -1.09434 1.54773
1.31134 1.16512 3.01292 -0.132875 -2.36982 -2.0099 0.718304 -1.32761 0.97106 1.67025 -1.04696 -2.64089 0.461542 1.06057 -1.09434 1.54773
1.30587 1.16512 3.01292 -0.132875 -2.36982 -2.0099 0.718304 -1.32761 0.97106 1.67025 -1.04696 -2.64089 0.461542 1.06057 -1.09434 1.54773
1.30038 1.16512 3.01292 -0.132875 -2.36982 -2.0099 0.718304 -1.32761 0.97106 1.67025 -1.04696 -2.64089 0.461542 1.06057 -1.09434 1.54773
1.29481 1.16512 3.01292 -0.132875 -2.36982 -2.0099 0.718304 -1.32761 0.97106 1.67025 -1.04696 -2.64089 0.461542 1.06057 -1.09434 1.54773
1.28913 1.16512 3.01292 -0.132875 -2.36982 -2.0099 0.718304 -1.32761 0.97106 1.67025 -1.04696 -2.64089 0.461542 1.06057 -1.09434 1.54773
1.28343 1.16512 3.01292 -0.132875 -2.36982 -2.0099 0.718304 -1.32761 0.97106 1.67025 -1.04696 -2.64089 0.461542 1.06057 -1.09434 1.54773
1.27747 1.16512 3.01292 -0.132875 -2.36982 -2.0099 0.718304 -1.32761 0.97106 1.67025 -1.04696 -2.64089 0.461542 1.06057 -1.09434 1.54773
1.27164 1.16512 3.01292 -0.132875 -2.36982 -2.0099 0.718304 -1.32761 0.97106 1.67025 -1.04696 -2.64089 0.461542 1.06057 -1.09434 1.54773
1.26583 1.16512 3.01292 -0.132875 -2.36982 -2.0099 0.718304 -1.32761 0.97106 1.67025 -1.04696 -2.64089 0.461542 1.06057 -1.09434 1.54773
1.2595 1.16512 3.01292 -0.132875 -2.36982 -2.0099 0.718304 -1.32761 0.97106 1.67025 -1.04696 -2.64089 0.461542 1.06057 -1.09434 1.54773
1.25369 1.16512 3.01292 -0.132875 -2.36982 -2.0099 0.718304 -1.32761 0.97106 1.67025 -1.04696 -2.64089 0.461542 1.06057 -1.09434 1.54773
1.24759 1.16512 3.01292 -0.132875 -2.36982 -2.0099 0.718304 -1.32761 0.97106 1.67025 -1.04696 -2.64089 0.461542 1.06057 -1.09434 1.54773
1.24157 1.16512 3.01292 -0.132875 -2.36982 -2.0099 0.718304 -1.32761 0.97106 1.67025 -1.04696 -2.64089 0.461542 1.06057 -1.09434 1.54773
1.23557 1.16512 3.01292 -0.132875 -2.36982 -2.0099 0.718304 -1.32761 0.97106 1.67025 -1.04696 -2.64089 0.461542 1.06057 -1.09434 1.54773
1.22967 1.16512 3.01292 -0.132875 -2.36982 -2.0099 0.718304 -1.32761 0.97106 1.67025 -1.04696 -2.64089 0.461542 1.06057 -1.09434 1.54773
1.22379 1.16512 3.01292 -0.132875 -2.36982 -2.0099 0.718304 -1.32761 0.97106 1.67025 -1.04696 -2.64089 0.461542 1.06057 -1.09434 1.54773
1.21774 1.16512 3.01292 -0.132875 -2.36982 -2.0099 0.718304 -1.32761 0.97106 1.67025 -1.04696 -2.64089 0.461542 1.06057 -1.09434 1.54773
1.21168 1.16512 3.01292 -0.132875 -2.36982 -2.0099 0.718304 -1.32761 0.97106 1.67025 -1.04696 -2.64089 0.461542 1.06057 -1.09434 1.54773
