9.204
9.215
9.225
9.236
9.246
9.256
9.267
9.277
9.288
9.3
9.32
9.341
9.361
9.382
9.403
9.423
9.444
9.465
9.486
9.506
9.545
9.584
9.623
9.661
9.7
9.738
9.777
9.817
9.856
9.895
9.933
9.972
10.011
10.049
10.087
10.127
10.166
10.204
10.242
10.281
10.321
10.36
10.399
10.437
10.476
10.514
10.553
10.592
10.631
10.671
10.711
10.749
10.787
10.825
10.864
10.905
10.943
10.982
11.02
11.06
11.098
11.137
11.178
11.217
11.255
11.294
11.333
11.372
11.411
11.45
11.489
11.529
11.568
11.607
11.645
11.684
11.722
11.761
11.8
11.838
11.877
11.916
11.954
11.993
12.031
12.07
12.108
12.15
12.189
12.231
12.269
12.308
12.346
12.385
12.426
12.466
12.505
12.544
12.582
12.621
12.66
12.698
12.736
12.776
12.816
12.854
12.893
12.931
12.97
13.008
13.047
13.085
13.123
13.165
13.206
13.245
13.284
13.323
15.644
15.654
15.665
15.676
15.686
15.697
15.708
15.719
15.729
15.743
15.782
15.82
15.859
15.897
15.936
15.975
16.014
16.053
16.092
16.13
16.169
16.208
16.247
16.286
16.325
16.364
16.403
16.442
16.481
16.52
16.559
16.599
16.637
16.677
16.715
16.754
16.793
16.832
16.87
16.909
16.948
16.986
17.025
17.064
17.104
17.143
17.181
17.22
17.262
17.303
17.344
17.384
17.423
17.461
17.5
17.538
17.577
17.616
17.654
17.693
17.731
17.771
17.81
17.849
17.888
17.926
17.964
18.003
18.042
18.081
18.121
18.161
18.201
18.239
18.282
18.321
18.363
18.401
18.44
18.479
18.517
18.556
18.595
