40.261
40.272
40.283
40.293
40.304
40.314
40.325
40.336
40.346
40.357
40.368
40.381
40.419
40.457
40.497
40.536
40.576
40.615
40.654
40.693
40.731
40.77
40.808
40.849
40.889
40.929
40.968
41.006
41.046
41.085
41.123
41.161
41.201
41.239
41.278
41.316
41.354
41.393
41.433
41.471
41.51
41.551
41.59
41.629
41.669
41.708
41.747
41.786
41.824
41.864
41.905
41.945
41.984
42.024
42.063
42.101
42.14
42.178
42.217
42.258
42.297
42.336
42.374
42.414
42.452
42.491
42.53
42.568
42.607
42.646
42.685
42.725
42.764
42.804
42.843
42.882
42.923
42.963
43.002
43.041
43.08
43.118
43.157
43.196
43.235
43.274
43.313
43.351
43.39
43.429
43.467
43.506
43.544
43.583
43.622
43.662
43.702
43.742
43.782
43.821
43.86
43.9
43.941
43.981
44.02
44.058
44.098
44.137
44.175
44.214
44.253
44.293
44.332
44.371
44.409
44.448
44.486
44.525
44.565
44.603
44.643
44.683
44.722
44.761
44.801
44.84
44.879
44.918
44.959
45
45.039
45.077
45.116
45.154
45.193
45.233
45.272
45.312
45.352
45.391
45.43
45.469
45.509
45.547
45.586
45.625
45.664
45.703
45.742
45.78
45.819
45.859
45.898
45.938
45.979
46.019
46.059
46.099
46.137
46.176
46.215
46.253
46.294
46.333
46.373
46.413
46.451
46.491
46.529
46.568
46.607
46.647
46.685
46.724
46.763
46.802
46.84
46.879
46.919
46.958
47.002
47.043
47.083
47.123
47.163
47.202
47.242
47.281
47.319
47.359
47.397
47.436
47.475
47.514
47.553
47.591
47.631
47.669
47.709
47.747
47.785
47.825
47.863
47.901
47.941
47.98
48.021
48.061
48.102
48.142
