2.63604 0.0133865 0.92278 -1.45191 -0.0346047 -0.0331534 6.29044 0.0677776 0.00319851 -0.904361 1.5825 -0.00426847 -0.0616317 0.0616481 -0.00113257 -0.0175929
2.63572 0.0133865 0.92278 -1.45191 -0.0346047 -0.0331534 6.29044 0.0677776 0.00319851 -0.904361 1.5825 -0.00426847 -0.0616317 0.0616481 -0.00113257 -0.0175929
2.63511 0.0133865 0.92278 -1.45191 -0.0346047 -0.0331534 6.29044 0.0677776 0.00319851 -0.904361 1.5825 -0.00426847 -0.0616317 0.0616481 -0.00113257 -0.0175929
2.63431 0.0133865 0.92278 -1.45191 -0.0346047 -0.0331534 6.29044 0.0677776 0.00319851 -0.904361 1.5825 -0.00426847 -0.0616317 0.0616481 -0.00113257 -0.0175929
2.6334 0.0133865 0.92278 -1.45191 -0.0346047 -0.0331534 6.29044 0.0677776 0.00319851 -0.904361 1.5825 -0.00426847 -0.0616317 0.0616481 -0.00113257 -0.0175929
2.63118 0.0133865 0.92278 -1.45191 -0.0346047 -0.0331534 6.29044 0.0677776 0.00319851 -0.904361 1.5825 -0.00426847 -0.0616317 0.0616481 -0.00113257 -0.0175929
2.62903 0.0133865 0.92278 -1.45191 -0.0346047 -0.0331534 6.29044 0.0677776 0.00319851 -0.904361 1.5825 -0.00426847 -0.0616317 0.0616481 -0.00113257 -0.0175929
2.62807 0.0133865 0.92278 -1.45191 -0.0346047 -0.0331534 6.29044 0.0677776 0.00319851 -0.904361 1.5825 -0.00426847 -0.0616317 0.0616481 -0.00113257 -0.0175929
2.62694 0.0133865 0.92278 -1.45191 -0.0346047 -0.0331534 6.29044 0.0677776 0.00319851 -0.904361 1.5825 -0.00426847 -0.0616317 0.0616481 -0.00113257 -0.0175929
2.62583 0.0133865 0.92278 -1.45191 -0.0346047 -0.0331534 6.29044 0.0677776 0.00319851 -0.904361 1.5825 -0.00426847 -0.0616317 0.0616481 -0.00113257 -0.0175929
2.62472 0.0133865 0.92278 -1.45191 -0.0346047 -0.0331534 6.29044 0.0677776 0.00319851 -0.904361 1.5825 -0.00426847 -0.0616317 0.0616481 -0.00113257 -0.0175929
2.62366 0.0133865 0.92278 -1.45191 -0.0346047 -0.0331534 6.29044 0.0677776 0.00319851 -0.904361 1.5825 -0.00426847 -0.0616317 0.0616481 -0.00113257 -0.0175929
2.62163 0.0133865 0.92278 -1.45191 -0.0346047 -0.0331534 6.29044 0.0677776 0.00319851 -0.904361 1.5825 -0.00426847 -0.0616317 0.0616481 -0.00113257 -0.0175929
2.61954 0.0133865 0.92278 -1.45191 -0.0346047 -0.0331534 6.29044 0.0677776 0.00319851 -0.904361 1.5825 -0.00426847 -0.0616317 0.0616481 -0.00113257 -0.0175929
2.61743 0.0133865 0.92278 -1.45191 -0.0346047 -0.0331534 6.29044 0.0677776 0.00319851 -0.904361 1.5825 -0.00426847 -0.0616317 0.0616481 -0.00113257 -0.0175929
2.61514 0.0133865 0.92278 -1.45191 -0.0346047 -0.0331534 6.29044 0.0677776 0.00319851 -0.904361 1.5825 -0.00426847 -0.0616317 0.0616481 -0.00113257 -0.0175929
2.61273 0.0133865 0.92278 -1.45191 -0.0346047 -0.0331534 6.29044 0.0677776 0.00319851 -0.904361 1.5825 -0.00426847 -0.0616317 0.0616481 -0.00113257 -0.0175929
2.6102 0.0133865 0.92278 -1.45191 -0.0346047 -0.0331534 6.29044 0.0677776 0.00319851 -0.904361 1.5825 -0.00426847 -0.0616317 0.0616481 -0.00113257 -0.0175929
2.60774 0.0133865 0.92278 -1.45191 -0.0346047 -0.0331534 6.29044 0.0677776 0.00319851 -0.904361 1.5825 -0.00426847 -0.0616317 0.0616481 -0.00113257 -0.0175929
2.60541 0.0133865 0.92278 -1.45191 -0.0346047 -0.0331534 6.29044 0.0677776 0.00319851 -0.904361 1.5825 -0.00426847 -0.0616317 0.0616481 -0.00113257 -0.0175929
2.60317 0.0133865 0.92278 -1.45191 -0.0346047 -0.0331534 6.29044 0.0677776 0.00319851 -0.904361 1.5825 -0.00426847 -0.0616317 0.0616481 -0.00113257 -0.0175929
2.60099 0.0133865 0.92278 -1.45191 -0.0346047 -0.0331534 6.29044 0.0677776 0.00319851 -0.904361 1.5825 -0.00426847 -0.0616317 0.0616481 -0.00113257 -0.0175929
2.5988 0.0133865 0.92278 -1.45191 -0.0346047 -0.0331534 6.29044 0.0677776 0.00319851 -0.904361 1.5825 -0.00426847 -0.0616317 0.0616481 -0.00113257 -0.0175929
2.59661 0.0133865 0.92278 -1.45191 -0.0346047 -0.0331534 6.29044 0.0677776 0.00319851 -0.904361 1.5825 -0.00426847 -0.0616317 0.0616481 -0.00113257 -0.0175929
2.59421 0.0133865 0.92278 -1.45191 -0.0346047 -0.0331534 6.29044 0.0677776 0.00319851 -0.904361 1.5825 -0.00426847 -0.0616317 0.0616481 -0.00113257 -0.0175929
2.59177 0.0133865 0.92278 -1.45191 -0.0346047 -0.0331534 6.29044 0.0677776 0.00319851 -0.904361 1.5825 -0.00426847 -0.0616317 0.0616481 -0.00113257 -0.0175929
2.58927 0.0133865 0.92278 -1.45191 -0.0346047 -0.0331534 6.29044 0.0677776 0.00319851 -0.904361 1.5825 -0.00426847 -0.0616317 0.0616481 -0.00113257 -0.0175929
2.58678 0.0133865 0.92278 -1.45191 -0.0346047 -0.0331534 6.29044 0.0677776 0.00319851 -0.904361 1.5825 -0.00426847 -0.0616317 0.0616481 -0.00113257 -0.0175929
2.58445 0.0133865 0.92278 -1.45191 -0.0346047 -0.0331534 6.29044 0.0677776 0.00319851 -0.904361 1.5825 -0.00426847 -0.0616317 0.0616481 -0.00113257 -0.0175929
2.58206 0.0133865 0.92278 -1.45191 -0.0346047 -0.0331534 6.29044 0.0677776 0.00319851 -0.904361 1.5825 -0.00426847 -0.0616317 0.0616481 -0.00113257 -0.0175929
2.57974 0.0133865 0.92278 -1.45191 -0.0346047 -0.0331534 6.29044 0.0677776 0.00319851 -0.904361 1.5825 -0.00426847 -0.0616317 0.0616481 -0.00113257 -0.0175929
2.5774 0.0133865 0.92278 -1.45191 -0.0346047 -0.0331534 6.29044 0.0677776 0.00319851 -0.904361 1.5825 -0.00426847 -0.0616317 0.0616481 -0.00113257 -0.0175929
2.57503 0.0133865 0.92278 -1.45191 -0.0346047 -0.0331534 6.29044 0.0677776 0.00319851 -0.904361 1.5825 -0.00426847 -0.0616317 0.0616481 -0.00113257 -0.0175929
2.57255 0.0133865 0.92278 -1.45191 -0.0346047 -0.0331534 6.29044 0.0677776 0.00319851 -0.904361 1.5825 -0.00426847 -0.0616317 0.0616481 -0.00113257 -0.0175929
2.57007 0.0133865 0.92278 -1.45191 -0.0346047 -0.0331534 6.29044 0.0677776 0.00319851 -0.904361 1.5825 -0.00426847 -0.0616317 0.0616481 -0.00113257 -0.0175929
2.56754 0.0133865 0.92278 -1.45191 -0.0346047 -0.0331534 6.29044 0.0677776 0.00319851 -0.904361 1.5825 -0.00426847 -0.0616317 0.0616481 -0.00113257 -0.0175929
2.56505 0.0133865 0.92278 -1.45191 -0.0346047 -0.0331534 6.29044 0.0677776 0.00319851 -0.904361 1.5825 -0.00426847 -0.0616317 0.0616481 -0.00113257 -0.0175929
2.56255 0.0133865 0.92278 -1.45191 -0.0346047 -0.0331534 6.29044 0.0677776 0.00319851 -0.904361 1.5825 -0.00426847 -0.0616317 0.0616481 -0.00113257 -0.0175929
2.56005 0.0133865 0.92278 -1.45191 -0.0346047 -0.0331534 6.29044 0.0677776 0.00319851 -0.904361 1.5825 -0.00426847 -0.0616317 0.0616481 -0.00113257 -0.0175929
2.55751 0.0133865 0.92278 -1.45191 -0.0346047 -0.0331534 6.29044 0.0677776 0.00319851 -0.904361 1.5825 -0.00426847 -0.0616317 0.0616481 -0.00113257 -0.0175929
2.55501 0.0133865 0.92278 -1.45191 -0.0346047 -0.0331534 6.29044 0.0677776 0.00319851 -0.904361 1.5825 -0.00426847 -0.0616317 0.0616481 -0.00113257 -0.0175929
2.55247 0.0133865 0.92278 -1.45191 -0.0346047 -0.0331534 6.29044 0.0677776 0.00319851 -0.904361 1.5825 -0.00426847 -0.0616317 0.0616481 -0.00113257 -0.0175929
2.54976 0.0133865 0.92278 -1.45191 -0.0346047 -0.0331534 6.29044 0.0677776 0.00319851 -0.904361 1.5825 -0.00426847 -0.0616317 0.0616481 -0.00113257 -0.0175929
2.54712 0.0133865 0.92278 -1.45191 -0.0346047 -0.0331534 6.29044 0.0677776 0.00319851 -0.904361 1.5825 -0.00426847 -0.0616317 0.0616481 -0.00113257 -0.0175929
2.54453 0.0133865 0.92278 -1.45191 -0.0346047 -0.0331534 6.29044 0.0677776 0.00319851 -0.904361 1.5825 -0.00426847 -0.0616317 0.0616481 -0.00113257 -0.0175929
2.54192 0.0133865 0.92278 -1.45191 -0.0346047 -0.0331534 6.29044 0.0677776 0.00319851 -0.904361 1.5825 -0.00426847 -0.0616317 0.0616481 -0.00113257 -0.0175929
2.53933 0.0133865 0.92278 -1.45191 -0.0346047 -0.0331534 6.29044 0.0677776 0.00319851 -0.904361 1.5825 -0.00426847 -0.0616317 0.0616481 -0.00113257 -0.0175929
2.53681 0.0133865 0.92278 -1.45191 -0.0346047 -0.0331534 6.29044 0.0677776 0.00319851 -0.904361 1.5825 -0.00426847 -0.0616317 0.0616481 -0.00113257 -0.0175929
2.53424 0.0133865 0.92278 -1.45191 -0.0346047 -0.0331534 6.29044 0.0677776 0.00319851 -0.904361 1.5825 -0.00426847 -0.0616317 0.0616481 -0.00113257 -0.0175929
2.53162 0.0133865 0.92278 -1.45191 -0.0346047 -0.0331534 6.29044 0.0677776 0.00319851 -0.904361 1.5825 -0.00426847 -0.0616317 0.0616481 -0.00113257 -0.0175929
2.52872 0.0133865 0.92278 -1.45191 -0.0346047 -0.0331534 6.29044 0.0677776 0.00319851 -0.904361 1.5825 -0.00426847 -0.0616317 0.0616481 -0.00113257 -0.0175929
2.52599 0.0133865 0.92278 -1.45191 -0.0346047 -0.0331534 6.29044 0.0677776 0.00319851 -0.904361 1.5825 -0.00426847 -0.0616317 0.0616481 -0.00113257 -0.0175929
2.52333 0.0133865 0.92278 -1.45191 -0.0346047 -0.0331534 6.29044 0.0677776 0.00319851 -0.904361 1.5825 -0.00426847 -0.0616317 0.0616481 -0.00113257 -0.0175929
2.52067 0.0133865 0.92278 -1.45191 -0.0346047 -0.0331534 6.29044 0.0677776 0.00319851 -0.904361 1.5825 -0.00426847 -0.0616317 0.0616481 -0.00113257 -0.0175929
2.51804 0.0133865 0.92278 -1.45191 -0.0346047 -0.0331534 6.29044 0.0677776 0.00319851 -0.904361 1.5825 -0.00426847 -0.0616317 0.0616481 -0.00113257 -0.0175929
2.51539 0.0133865 0.92278 -1.45191 -0.0346047 -0.0331534 6.29044 0.0677776 0.00319851 -0.904361 1.5825 -0.00426847 -0.0616317 0.0616481 -0.00113257 -0.0175929
2.51274 0.0133865 0.92278 -1.45191 -0.0346047 -0.0331534 6.29044 0.0677776 0.00319851 -0.904361 1.5825 -0.00426847 -0.0616317 0.0616481 -0.00113257 -0.0175929
2.50995 0.0133865 0.92278 -1.45191 -0.0346047 -0.0331534 6.29044 0.0677776 0.00319851 -0.904361 1.5825 -0.00426847 -0.0616317 0.0616481 -0.00113257 -0.0175929
2.50721 0.0133865 0.92278 -1.45191 -0.0346047 -0.0331534 6.29044 0.0677776 0.00319851 -0.904361 1.5825 -0.00426847 -0.0616317 0.0616481 -0.00113257 -0.0175929
2.50447 0.0133865 0.92278 -1.45191 -0.0346047 -0.0331534 6.29044 0.0677776 0.00319851 -0.904361 1.5825 -0.00426847 -0.0616317 0.0616481 -0.00113257 -0.0175929
2.50174 0.0133865 0.92278 -1.45191 -0.0346047 -0.0331534 6.29044 0.0677776 0.00319851 -0.904361 1.5825 -0.00426847 -0.0616317 0.0616481 -0.00113257 -0.0175929
2.49894 0.0133865 0.92278 -1.45191 -0.0346047 -0.0331534 6.29044 0.0677776 0.00319851 -0.904361 1.5825 -0.00426847 -0.0616317 0.0616481 -0.00113257 -0.0175929
2.49619 0.0133865 0.92278 -1.45191 -0.0346047 -0.0331534 6.29044 0.0677776 0.00319851 -0.904361 1.5825 -0.00426847 -0.0616317 0.0616481 -0.00113257 -0.0175929
2.49338 0.0133865 0.92278 -1.45191 -0.0346047 -0.0331534 6.29044 0.0677776 0.00319851 -0.904361 1.5825 -0.00426847 -0.0616317 0.0616481 -0.00113257 -0.0175929
2.49049 0.0133865 0.92278 -1.45191 -0.0346047 -0.0331534 6.29044 0.0677776 0.00319851 -0.904361 1.5825 -0.00426847 -0.0616317 0.0616481 -0.00113257 -0.0175929
2.48765 0.0133865 0.92278 -1.45191 -0.0346047 -0.0331534 6.29044 0.0677776 0.00319851 -0.904361 1.5825 -0.00426847 -0.0616317 0.0616481 -0.00113257 -0.0175929
2.48488 0.0133865 0.92278 -1.45191 -0.0346047 -0.0331534 6.29044 0.0677776 0.00319851 -0.904361 1.5825 -0.00426847 -0.0616317 0.0616481 -0.00113257 -0.0175929
2.48208 0.0133865 0.92278 -1.45191 -0.0346047 -0.0331534 6.29044 0.0677776 0.00319851 -0.904361 1.5825 -0.00426847 -0.0616317 0.0616481 -0.00113257 -0.0175929
2.47933 0.0133865 0.92278 -1.45191 -0.0346047 -0.0331534 6.29044 0.0677776 0.00319851 -0.904361 1.5825 -0.00426847 -0.0616317 0.0616481 -0.00113257 -0.0175929
2.47645 0.0133865 0.92278 -1.45191 -0.0346047 -0.0331534 6.29044 0.0677776 0.00319851 -0.904361 1.5825 -0.00426847 -0.0616317 0.0616481 -0.00113257 -0.0175929
2.47356 0.0133865 0.92278 -1.45191 -0.0346047 -0.0331534 6.29044 0.0677776 0.00319851 -0.904361 1.5825 -0.00426847 -0.0616317 0.0616481 -0.00113257 -0.0175929
2.47061 0.0133865 0.92278 -1.45191 -0.0346047 -0.0331534 6.29044 0.0677776 0.00319851 -0.904361 1.5825 -0.00426847 -0.0616317 0.0616481 -0.00113257 -0.0175929
2.46763 0.0133865 0.92278 -1.45191 -0.0346047 -0.0331534 6.29044 0.0677776 0.00319851 -0.904361 1.5825 -0.00426847 -0.0616317 0.0616481 -0.00113257 -0.0175929
2.46478 0.0133865 0.92278 -1.45191 -0.0346047 -0.0331534 6.29044 0.0677776 0.00319851 -0.904361 1.5825 -0.00426847 -0.0616317 0.0616481 -0.00113257 -0.0175929
2.46188 0.0133865 0.92278 -1.45191 -0.0346047 -0.0331534 6.29044 0.0677776 0.00319851 -0.904361 1.5825 -0.00426847 -0.0616317 0.0616481 -0.00113257 -0.0175929
2.45891 0.0133865 0.92278 -1.45191 -0.0346047 -0.0331534 6.29044 0.0677776 0.00319851 -0.904361 1.5825 -0.00426847 -0.0616317 0.0616481 -0.00113257 -0.0175929
2.45588 0.0133865 0.92278 -1.45191 -0.0346047 -0.0331534 6.29044 0.0677776 0.00319851 -0.904361 1.5825 -0.00426847 -0.0616317 0.0616481 -0.00113257 -0.0175929
2.45276 0.0133865 0.92278 -1.45191 -0.0346047 -0.0331534 6.29044 0.0677776 0.00319851 -0.904361 1.5825 -0.00426847 -0.0616317 0.0616481 -0.00113257 -0.0175929
2.44967 0.0133865 0.92278 -1.45191 -0.0346047 -0.0331534 6.29044 0.0677776 0.00319851 -0.904361 1.5825 -0.00426847 -0.0616317 0.0616481 -0.00113257 -0.0175929
2.44657 0.0133865 0.92278 -1.45191 -0.0346047 -0.0331534 6.29044 0.0677776 0.00319851 -0.904361 1.5825 -0.00426847 -0.0616317 0.0616481 -0.00113257 -0.0175929
2.44351 0.0133865 0.92278 -1.45191 -0.0346047 -0.0331534 6.29044 0.0677776 0.00319851 -0.904361 1.5825 -0.00426847 -0.0616317 0.0616481 -0.00113257 -0.0175929
2.44043 0.0133865 0.92278 -1.45191 -0.0346047 -0.0331534 6.29044 0.0677776 0.00319851 -0.904361 1.5825 -0.00426847 -0.0616317 0.0616481 -0.00113257 -0.0175929
2.43733 0.0133865 0.92278 -1.45191 -0.0346047 -0.0331534 6.29044 0.0677776 0.00319851 -0.904361 1.5825 -0.00426847 -0.0616317 0.0616481 -0.00113257 -0.0175929
2.43419 0.0133865 0.92278 -1.45191 -0.0346047 -0.0331534 6.29044 0.0677776 0.00319851 -0.904361 1.5825 -0.00426847 -0.0616317 0.0616481 -0.00113257 -0.0175929
2.43107 0.0133865 0.92278 -1.45191 -0.0346047 -0.0331534 6.29044 0.0677776 0.00319851 -0.904361 1.5825 -0.00426847 -0.0616317 0.0616481 -0.00113257 -0.0175929
2.42795 0.0133865 0.92278 -1.45191 -0.0346047 -0.0331534 6.29044 0.0677776 0.00319851 -0.904361 1.5825 -0.00426847 -0.0616317 0.0616481 -0.00113257 -0.0175929
2.42491 0.0133865 0.92278 -1.45191 -0.0346047 -0.0331534 6.29044 0.0677776 0.00319851 -0.904361 1.5825 -0.00426847 -0.0616317 0.0616481 -0.00113257 -0.0175929
2.42191 0.0133865 0.92278 -1.45191 -0.0346047 -0.0331534 6.29044 0.0677776 0.00319851 -0.904361 1.5825 -0.00426847 -0.0616317 0.0616481 -0.00113257 -0.0175929
2.4189 0.0133865 0.92278 -1.45191 -0.0346047 -0.0331534 6.29044 0.0677776 0.00319851 -0.904361 1.5825 -0.00426847 -0.0616317 0.0616481 -0.00113257 -0.0175929
2.4158 0.0133865 0.92278 -1.45191 -0.0346047 -0.0331534 6.29044 0.0677776 0.00319851 -0.904361 1.5825 -0.00426847 -0.0616317 0.0616481 -0.00113257 -0.0175929
2.41263 0.0133865 0.92278 -1.45191 -0.0346047 -0.0331534 6.29044 0.0677776 0.00319851 -0.904361 1.5825 -0.00426847 -0.0616317 0.0616481 -0.00113257 -0.0175929
2.40941 0.0133865 0.92278 -1.45191 -0.0346047 -0.0331534 6.29044 0.0677776 0.00319851 -0.904361 1.5825 -0.00426847 -0.0616317 0.0616481 -0.00113257 -0.0175929
2.4063 0.0133865 0.92278 -1.45191 -0.0346047 -0.0331534 6.29044 0.0677776 0.00319851 -0.904361 1.5825 -0.00426847 -0.0616317 0.0616481 -0.00113257 -0.0175929
2.4032 0.0133865 0.92278 -1.45191 -0.0346047 -0.0331534 6.29044 0.0677776 0.00319851 -0.904361 1.5825 -0.00426847 -0.0616317 0.0616481 -0.00113257 -0.0175929
2.40003 0.0133865 0.92278 -1.45191 -0.0346047 -0.0331534 6.29044 0.0677776 0.00319851 -0.904361 1.5825 -0.00426847 -0.0616317 0.0616481 -0.00113257 -0.0175929
2.39678 0.0133865 0.92278 -1.45191 -0.0346047 -0.0331534 6.29044 0.0677776 0.00319851 -0.904361 1.5825 -0.00426847 -0.0616317 0.0616481 -0.00113257 -0.0175929
2.39346 0.0133865 0.92278 -1.45191 -0.0346047 -0.0331534 6.29044 0.0677776 0.00319851 -0.904361 1.5825 -0.00426847 -0.0616317 0.0616481 -0.00113257 -0.0175929
2.39017 0.0133865 0.92278 -1.45191 -0.0346047 -0.0331534 6.29044 0.0677776 0.00319851 -0.904361 1.5825 -0.00426847 -0.0616317 0.0616481 -0.00113257 -0.0175929
2.38692 0.0133865 0.92278 -1.45191 -0.0346047 -0.0331534 6.29044 0.0677776 0.00319851 -0.904361 1.5825 -0.00426847 -0.0616317 0.0616481 -0.00113257 -0.0175929
2.3836 0.0133865 0.92278 -1.45191 -0.0346047 -0.0331534 6.29044 0.0677776 0.00319851 -0.904361 1.5825 -0.00426847 -0.0616317 0.0616481 -0.00113257 -0.0175929
2.38034 0.0133865 0.92278 -1.45191 -0.0346047 -0.0331534 6.29044 0.0677776 0.00319851 -0.904361 1.5825 -0.00426847 -0.0616317 0.0616481 -0.00113257 -0.0175929
2.37711 0.0133865 0.92278 -1.45191 -0.0346047 -0.0331534 6.29044 0.0677776 0.00319851 -0.904361 1.5825 -0.00426847 -0.0616317 0.0616481 -0.00113257 -0.0175929
2.37374 0.0133865 0.92278 -1.45191 -0.0346047 -0.0331534 6.29044 0.0677776 0.00319851 -0.904361 1.5825 -0.00426847 -0.0616317 0.0616481 -0.00113257 -0.0175929
2.37023 0.0133865 0.92278 -1.45191 -0.0346047 -0.0331534 6.29044 0.0677776 0.00319851 -0.904361 1.5825 -0.00426847 -0.0616317 0.0616481 -0.00113257 -0.0175929
2.36682 0.0133865 0.92278 -1.45191 -0.0346047 -0.0331534 6.29044 0.0677776 0.00319851 -0.904361 1.5825 -0.00426847 -0.0616317 0.0616481 -0.00113257 -0.0175929
2.36355 0.0133865 0.92278 -1.45191 -0.0346047 -0.0331534 6.29044 0.0677776 0.00319851 -0.904361 1.5825 -0.00426847 -0.0616317 0.0616481 -0.00113257 -0.0175929
2.36024 0.0133865 0.92278 -1.45191 -0.0346047 -0.0331534 6.29044 0.0677776 0.00319851 -0.904361 1.5825 -0.00426847 -0.0616317 0.0616481 -0.00113257 -0.0175929
2.35681 0.0133865 0.92278 -1.45191 -0.0346047 -0.0331534 6.29044 0.0677776 0.00319851 -0.904361 1.5825 -0.00426847 -0.0616317 0.0616481 -0.00113257 -0.0175929
2.35347 0.0133865 0.92278 -1.45191 -0.0346047 -0.0331534 6.29044 0.0677776 0.00319851 -0.904361 1.5825 -0.00426847 -0.0616317 0.0616481 -0.00113257 -0.0175929
2.35018 0.0133865 0.92278 -1.45191 -0.0346047 -0.0331534 6.29044 0.0677776 0.00319851 -0.904361 1.5825 -0.00426847 -0.0616317 0.0616481 -0.00113257 -0.0175929
2.3469 0.0133865 0.92278 -1.45191 -0.0346047 -0.0331534 6.29044 0.0677776 0.00319851 -0.904361 1.5825 -0.00426847 -0.0616317 0.0616481 -0.00113257 -0.0175929
2.34344 0.0133865 0.92278 -1.45191 -0.0346047 -0.0331534 6.29044 0.0677776 0.00319851 -0.904361 1.5825 -0.00426847 -0.0616317 0.0616481 -0.00113257 -0.0175929
2.33987 0.0133865 0.92278 -1.45191 -0.0346047 -0.0331534 6.29044 0.0677776 0.00319851 -0.904361 1.5825 -0.00426847 -0.0616317 0.0616481 -0.00113257 -0.0175929
2.33631 0.0133865 0.92278 -1.45191 -0.0346047 -0.0331534 6.29044 0.0677776 0.00319851 -0.904361 1.5825 -0.00426847 -0.0616317 0.0616481 -0.00113257 -0.0175929
2.33273 0.0133865 0.92278 -1.45191 -0.0346047 -0.0331534 6.29044 0.0677776 0.00319851 -0.904361 1.5825 -0.00426847 -0.0616317 0.0616481 -0.00113257 -0.0175929
2.32924 0.0133865 0.92278 -1.45191 -0.0346047 -0.0331534 6.29044 0.0677776 0.00319851 -0.904361 1.5825 -0.00426847 -0.0616317 0.0616481 -0.00113257 -0.0175929
2.32576 0.0133865 0.92278 -1.45191 -0.0346047 -0.0331534 6.29044 0.0677776 0.00319851 -0.904361 1.5825 -0.00426847 -0.0616317 0.0616481 -0.00113257 -0.0175929
2.32232 0.0133865 0.92278 -1.45191 -0.0346047 -0.0331534 6.29044 0.0677776 0.00319851 -0.904361 1.5825 -0.00426847 -0.0616317 0.0616481 -0.00113257 -0.0175929
2.31886 0.0133865 0.92278 -1.45191 -0.0346047 -0.0331534 6.29044 0.0677776 0.00319851 -0.904361 1.5825 -0.00426847 -0.0616317 0.0616481 -0.00113257 -0.0175929
2.31523 0.0133865 0.92278 -1.45191 -0.0346047 -0.0331534 6.29044 0.0677776 0.00319851 -0.904361 1.5825 -0.00426847 -0.0616317 0.0616481 -0.00113257 -0.0175929
2.31162 0.0133865 0.92278 -1.45191 -0.0346047 -0.0331534 6.29044 0.0677776 0.00319851 -0.904361 1.5825 -0.00426847 -0.0616317 0.0616481 -0.00113257 -0.0175929
2.30788 0.0133865 0.92278 -1.45191 -0.0346047 -0.0331534 6.29044 0.0677776 0.00319851 -0.904361 1.5825 -0.00426847 -0.0616317 0.0616481 -0.00113257 -0.0175929
2.30432 0.0133865 0.92278 -1.45191 -0.0346047 -0.0331534 6.29044 0.0677776 0.00319851 -0.904361 1.5825 -0.00426847 -0.0616317 0.0616481 -0.00113257 -0.0175929
2.30068 0.0133865 0.92278 -1.45191 -0.0346047 -0.0331534 6.29044 0.0677776 0.00319851 -0.904361 1.5825 -0.00426847 -0.0616317 0.0616481 -0.00113257 -0.0175929
2.29702 0.0133865 0.92278 -1.45191 -0.0346047 -0.0331534 6.29044 0.0677776 0.00319851 -0.904361 1.5825 -0.00426847 -0.0616317 0.0616481 -0.00113257 -0.0175929
2.29325 0.0133865 0.92278 -1.45191 -0.0346047 -0.0331534 6.29044 0.0677776 0.00319851 -0.904361 1.5825 -0.00426847 -0.0616317 0.0616481 -0.00113257 -0.0175929
2.28958 0.0133865 0.92278 -1.45191 -0.0346047 -0.0331534 6.29044 0.0677776 0.00319851 -0.904361 1.5825 -0.00426847 -0.0616317 0.0616481 -0.00113257 -0.0175929
2.28591 0.0133865 0.92278 -1.45191 -0.0346047 -0.0331534 6.29044 0.0677776 0.00319851 -0.904361 1.5825 -0.00426847 -0.0616317 0.0616481 -0.00113257 -0.0175929
2.28221 0.0133865 0.92278 -1.45191 -0.0346047 -0.0331534 6.29044 0.0677776 0.00319851 -0.904361 1.5825 -0.00426847 -0.0616317 0.0616481 -0.00113257 -0.0175929
2.27829 0.0133865 0.92278 -1.45191 -0.0346047 -0.0331534 6.29044 0.0677776 0.00319851 -0.904361 1.5825 -0.00426847 -0.0616317 0.0616481 -0.00113257 -0.0175929
2.2745 0.0133865 0.92278 -1.45191 -0.0346047 -0.0331534 6.29044 0.0677776 0.00319851 -0.904361 1.5825 -0.00426847 -0.0616317 0.0616481 -0.00113257 -0.0175929
2.27076 0.0133865 0.92278 -1.45191 -0.0346047 -0.0331534 6.29044 0.0677776 0.00319851 -0.904361 1.5825 -0.00426847 -0.0616317 0.0616481 -0.00113257 -0.0175929
2.26703 0.0133865 0.92278 -1.45191 -0.0346047 -0.0331534 6.29044 0.0677776 0.00319851 -0.904361 1.5825 -0.00426847 -0.0616317 0.0616481 -0.00113257 -0.0175929
2.26335 0.0133865 0.92278 -1.45191 -0.0346047 -0.0331534 6.29044 0.0677776 0.00319851 -0.904361 1.5825 -0.00426847 -0.0616317 0.0616481 -0.00113257 -0.0175929
2.25962 0.0133865 0.92278 -1.45191 -0.0346047 -0.0331534 6.29044 0.0677776 0.00319851 -0.904361 1.5825 -0.00426847 -0.0616317 0.0616481 -0.00113257 -0.0175929
2.25584 0.0133865 0.92278 -1.45191 -0.0346047 -0.0331534 6.29044 0.0677776 0.00319851 -0.904361 1.5825 -0.00426847 -0.0616317 0.0616481 -0.00113257 -0.0175929
2.25194 0.0133865 0.92278 -1.45191 -0.0346047 -0.0331534 6.29044 0.0677776 0.00319851 -0.904361 1.5825 -0.00426847 -0.0616317 0.0616481 -0.00113257 -0.0175929
2.24807 0.0133865 0.92278 -1.45191 -0.0346047 -0.0331534 6.29044 0.0677776 0.00319851 -0.904361 1.5825 -0.00426847 -0.0616317 0.0616481 -0.00113257 -0.0175929
2.24418 0.0133865 0.92278 -1.45191 -0.0346047 -0.0331534 6.29044 0.0677776 0.00319851 -0.904361 1.5825 -0.00426847 -0.0616317 0.0616481 -0.00113257 -0.0175929
2.24031 0.0133865 0.92278 -1.45191 -0.0346047 -0.0331534 6.29044 0.0677776 0.00319851 -0.904361 1.5825 -0.00426847 -0.0616317 0.0616481 -0.00113257 -0.0175929
2.23647 0.0133865 0.92278 -1.45191 -0.0346047 -0.0331534 6.29044 0.0677776 0.00319851 -0.904361 1.5825 -0.00426847 -0.0616317 0.0616481 -0.00113257 -0.0175929
2.23254 0.0133865 0.92278 -1.45191 -0.0346047 -0.0331534 6.29044 0.0677776 0.00319851 -0.904361 1.5825 -0.00426847 -0.0616317 0.0616481 -0.00113257 -0.0175929
2.22868 0.0133865 0.92278 -1.45191 -0.0346047 -0.0331534 6.29044 0.0677776 0.00319851 -0.904361 1.5825 -0.00426847 -0.0616317 0.0616481 -0.00113257 -0.0175929
2.22477 0.0133865 0.92278 -1.45191 -0.0346047 -0.0331534 6.29044 0.0677776 0.00319851 -0.904361 1.5825 -0.00426847 -0.0616317 0.0616481 -0.00113257 -0.0175929
2.22089 0.0133865 0.92278 -1.45191 -0.0346047 -0.0331534 6.29044 0.0677776 0.00319851 -0.904361 1.5825 -0.00426847 -0.0616317 0.0616481 -0.00113257 -0.0175929
2.21694 0.0133865 0.92278 -1.45191 -0.0346047 -0.0331534 6.29044 0.0677776 0.00319851 -0.904361 1.5825 -0.00426847 -0.0616317 0.0616481 -0.00113257 -0.0175929
2.21293 0.0133865 0.92278 -1.45191 -0.0346047 -0.0331534 6.29044 0.0677776 0.00319851 -0.904361 1.5825 -0.00426847 -0.0616317 0.0616481 -0.00113257 -0.0175929
2.20897 0.0133865 0.92278 -1.45191 -0.0346047 -0.0331534 6.29044 0.0677776 0.00319851 -0.904361 1.5825 -0.00426847 -0.0616317 0.0616481 -0.00113257 -0.0175929
2.20505 0.0133865 0.92278 -1.45191 -0.0346047 -0.0331534 6.29044 0.0677776 0.00319851 -0.904361 1.5825 -0.00426847 -0.0616317 0.0616481 -0.00113257 -0.0175929
2.20105 0.0133865 0.92278 -1.45191 -0.0346047 -0.0331534 6.29044 0.0677776 0.00319851 -0.904361 1.5825 -0.00426847 -0.0616317 0.0616481 -0.00113257 -0.0175929
2.19703 0.0133865 0.92278 -1.45191 -0.0346047 -0.0331534 6.29044 0.0677776 0.00319851 -0.904361 1.5825 -0.00426847 -0.0616317 0.0616481 -0.00113257 -0.0175929
2.19292 0.0133865 0.92278 -1.45191 -0.0346047 -0.0331534 6.29044 0.0677776 0.00319851 -0.904361 1.5825 -0.00426847 -0.0616317 0.0616481 -0.00113257 -0.0175929
2.18883 0.0133865 0.92278 -1.45191 -0.0346047 -0.0331534 6.29044 0.0677776 0.00319851 -0.904361 1.5825 -0.00426847 -0.0616317 0.0616481 -0.00113257 -0.0175929
2.18468 0.0133865 0.92278 -1.45191 -0.0346047 -0.0331534 6.29044 0.0677776 0.00319851 -0.904361 1.5825 -0.00426847 -0.0616317 0.0616481 -0.00113257 -0.0175929
2.1805 0.0133865 0.92278 -1.45191 -0.0346047 -0.0331534 6.29044 0.0677776 0.00319851 -0.904361 1.5825 -0.00426847 -0.0616317 0.0616481 -0.00113257 -0.0175929
2.17606 0.0133865 0.92278 -1.45191 -0.0346047 -0.0331534 6.29044 0.0677776 0.00319851 -0.904361 1.5825 -0.00426847 -0.0616317 0.0616481 -0.00113257 -0.0175929
2.17176 0.0133865 0.92278 -1.45191 -0.0346047 -0.0331534 6.29044 0.0677776 0.00319851 -0.904361 1.5825 -0.00426847 -0.0616317 0.0616481 -0.00113257 -0.0175929
2.16753 0.0133865 0.92278 -1.45191 -0.0346047 -0.0331534 6.29044 0.0677776 0.00319851 -0.904361 1.5825 -0.00426847 -0.0616317 0.0616481 -0.00113257 -0.0175929
2.16331 0.0133865 0.92278 -1.45191 -0.0346047 -0.0331534 6.29044 0.0677776 0.00319851 -0.904361 1.5825 -0.00426847 -0.0616317 0.0616481 -0.00113257 -0.0175929
2.15912 0.0133865 0.92278 -1.45191 -0.0346047 -0.0331534 6.29044 0.0677776 0.00319851 -0.904361 1.5825 -0.00426847 -0.0616317 0.0616481 -0.00113257 -0.0175929
2.1549 0.0133865 0.92278 -1.45191 -0.0346047 -0.0331534 6.29044 0.0677776 0.00319851 -0.904361 1.5825 -0.00426847 -0.0616317 0.0616481 -0.00113257 -0.0175929
2.15065 0.0133865 0.92278 -1.45191 -0.0346047 -0.0331534 6.29044 0.0677776 0.00319851 -0.904361 1.5825 -0.00426847 -0.0616317 0.0616481 -0.00113257 -0.0175929
2.14641 0.0133865 0.92278 -1.45191 -0.0346047 -0.0331534 6.29044 0.0677776 0.00319851 -0.904361 1.5825 -0.00426847 -0.0616317 0.0616481 -0.00113257 -0.0175929
2.14192 0.0133865 0.92278 -1.45191 -0.0346047 -0.0331534 6.29044 0.0677776 0.00319851 -0.904361 1.5825 -0.00426847 -0.0616317 0.0616481 -0.00113257 -0.0175929
2.13757 0.0133865 0.92278 -1.45191 -0.0346047 -0.0331534 6.29044 0.0677776 0.00319851 -0.904361 1.5825 -0.00426847 -0.0616317 0.0616481 -0.00113257 -0.0175929
2.13309 0.0133865 0.92278 -1.45191 -0.0346047 -0.0331534 6.29044 0.0677776 0.00319851 -0.904361 1.5825 -0.00426847 -0.0616317 0.0616481 -0.00113257 -0.0175929
2.12867 0.0133865 0.92278 -1.45191 -0.0346047 -0.0331534 6.29044 0.0677776 0.00319851 -0.904361 1.5825 -0.00426847 -0.0616317 0.0616481 -0.00113257 -0.0175929
2.12435 0.0133865 0.92278 -1.45191 -0.0346047 -0.0331534 6.29044 0.0677776 0.00319851 -0.904361 1.5825 -0.00426847 -0.0616317 0.0616481 -0.00113257 -0.0175929
2.11988 0.0133865 0.92278 -1.45191 -0.0346047 -0.0331534 6.29044 0.0677776 0.00319851 -0.904361 1.5825 -0.00426847 -0.0616317 0.0616481 -0.00113257 -0.0175929
2.11547 0.0133865 0.92278 -1.45191 -0.0346047 -0.0331534 6.29044 0.0677776 0.00319851 -0.904361 1.5825 -0.00426847 -0.0616317 0.0616481 -0.00113257 -0.0175929
2.11106 0.0133865 0.92278 -1.45191 -0.0346047 -0.0331534 6.29044 0.0677776 0.00319851 -0.904361 1.5825 -0.00426847 -0.0616317 0.0616481 -0.00113257 -0.0175929
2.10661 0.0133865 0.92278 -1.45191 -0.0346047 -0.0331534 6.29044 0.0677776 0.00319851 -0.904361 1.5825 -0.00426847 -0.0616317 0.0616481 -0.00113257 -0.0175929
2.10213 0.0133865 0.92278 -1.45191 -0.0346047 -0.0331534 6.29044 0.0677776 0.00319851 -0.904361 1.5825 -0.00426847 -0.0616317 0.0616481 -0.00113257 -0.0175929
2.0977 0.0133865 0.92278 -1.45191 -0.0346047 -0.0331534 6.29044 0.0677776 0.00319851 -0.904361 1.5825 -0.00426847 -0.0616317 0.0616481 -0.00113257 -0.0175929
2.09322 0.0133865 0.92278 -1.45191 -0.0346047 -0.0331534 6.29044 0.0677776 0.00319851 -0.904361 1.5825 -0.00426847 -0.0616317 0.0616481 -0.00113257 -0.0175929
2.08873 0.0133865 0.92278 -1.45191 -0.0346047 -0.0331534 6.29044 0.0677776 0.00319851 -0.904361 1.5825 -0.00426847 -0.0616317 0.0616481 -0.00113257 -0.0175929
2.08422 0.0133865 0.92278 -1.45191 -0.0346047 -0.0331534 6.29044 0.0677776 0.00319851 -0.904361 1.5825 -0.00426847 -0.0616317 0.0616481 -0.00113257 -0.0175929
2.07973 0.0133865 0.92278 -1.45191 -0.0346047 -0.0331534 6.29044 0.0677776 0.00319851 -0.904361 1.5825 -0.00426847 -0.0616317 0.0616481 -0.00113257 -0.0175929
2.07515 0.0133865 0.92278 -1.45191 -0.0346047 -0.0331534 6.29044 0.0677776 0.00319851 -0.904361 1.5825 -0.00426847 -0.0616317 0.0616481 -0.00113257 -0.0175929
2.07048 0.0133865 0.92278 -1.45191 -0.0346047 -0.0331534 6.29044 0.0677776 0.00319851 -0.904361 1.5825 -0.00426847 -0.0616317 0.0616481 -0.00113257 -0.0175929
2.06575 0.0133865 0.92278 -1.45191 -0.0346047 -0.0331534 6.29044 0.0677776 0.00319851 -0.904361 1.5825 -0.00426847 -0.0616317 0.0616481 -0.00113257 -0.0175929
2.06052 0.0133865 0.92278 -1.45191 -0.0346047 -0.0331534 6.29044 0.0677776 0.00319851 -0.904361 1.5825 -0.00426847 -0.0616317 0.0616481 -0.00113257 -0.0175929
2.0557 0.0133865 0.92278 -1.45191 -0.0346047 -0.0331534 6.29044 0.0677776 0.00319851 -0.904361 1.5825 -0.00426847 -0.0616317 0.0616481 -0.00113257 -0.0175929
2.05091 0.0133865 0.92278 -1.45191 -0.0346047 -0.0331534 6.29044 0.0677776 0.00319851 -0.904361 1.5825 -0.00426847 -0.0616317 0.0616481 -0.00113257 -0.0175929
2.04615 0.0133865 0.92278 -1.45191 -0.0346047 -0.0331534 6.29044 0.0677776 0.00319851 -0.904361 1.5825 -0.00426847 -0.0616317 0.0616481 -0.00113257 -0.0175929
2.04131 0.0133865 0.92278 -1.45191 -0.0346047 -0.0331534 6.29044 0.0677776 0.00319851 -0.904361 1.5825 -0.00426847 -0.0616317 0.0616481 -0.00113257 -0.0175929
2.03652 0.0133865 0.92278 -1.45191 -0.0346047 -0.0331534 6.29044 0.0677776 0.00319851 -0.904361 1.5825 -0.00426847 -0.0616317 0.0616481 -0.00113257 -0.0175929
2.03162 0.0133865 0.92278 -1.45191 -0.0346047 -0.0331534 6.29044 0.0677776 0.00319851 -0.904361 1.5825 -0.00426847 -0.0616317 0.0616481 -0.00113257 -0.0175929
2.02692 0.0133865 0.92278 -1.45191 -0.0346047 -0.0331534 6.29044 0.0677776 0.00319851 -0.904361 1.5825 -0.00426847 -0.0616317 0.0616481 -0.00113257 -0.0175929
2.02216 0.0133865 0.92278 -1.45191 -0.0346047 -0.0331534 6.29044 0.0677776 0.00319851 -0.904361 1.5825 -0.00426847 -0.0616317 0.0616481 -0.00113257 -0.0175929
2.01724 0.0133865 0.92278 -1.45191 -0.0346047 -0.0331534 6.29044 0.0677776 0.00319851 -0.904361 1.5825 -0.00426847 -0.0616317 0.0616481 -0.00113257 -0.0175929
2.01247 0.0133865 0.92278 -1.45191 -0.0346047 -0.0331534 6.29044 0.0677776 0.00319851 -0.904361 1.5825 -0.00426847 -0.0616317 0.0616481 -0.00113257 -0.0175929
2.00751 0.0133865 0.92278 -1.45191 -0.0346047 -0.0331534 6.29044 0.0677776 0.00319851 -0.904361 1.5825 -0.00426847 -0.0616317 0.0616481 -0.00113257 -0.0175929
2.00262 0.0133865 0.92278 -1.45191 -0.0346047 -0.0331534 6.29044 0.0677776 0.00319851 -0.904361 1.5825 -0.00426847 -0.0616317 0.0616481 -0.00113257 -0.0175929
1.99763 0.0133865 0.92278 -1.45191 -0.0346047 -0.0331534 6.29044 0.0677776 0.00319851 -0.904361 1.5825 -0.00426847 -0.0616317 0.0616481 -0.00113257 -0.0175929
1.99274 0.0133865 0.92278 -1.45191 -0.0346047 -0.0331534 6.29044 0.0677776 0.00319851 -0.904361 1.5825 -0.00426847 -0.0616317 0.0616481 -0.00113257 -0.0175929
1.98771 0.0133865 0.92278 -1.45191 -0.0346047 -0.0331534 6.29044 0.0677776 0.00319851 -0.904361 1.5825 -0.00426847 -0.0616317 0.0616481 -0.00113257 -0.0175929
1.98271 0.0133865 0.92278 -1.45191 -0.0346047 -0.0331534 6.29044 0.0677776 0.00319851 -0.904361 1.5825 -0.00426847 -0.0616317 0.0616481 -0.00113257 -0.0175929
1.9777 0.0133865 0.92278 -1.45191 -0.0346047 -0.0331534 6.29044 0.0677776 0.00319851 -0.904361 1.5825 -0.00426847 -0.0616317 0.0616481 -0.00113257 -0.0175929
1.97255 0.0133865 0.92278 -1.45191 -0.0346047 -0.0331534 6.29044 0.0677776 0.00319851 -0.904361 1.5825 -0.00426847 -0.0616317 0.0616481 -0.00113257 -0.0175929
1.96754 0.0133865 0.92278 -1.45191 -0.0346047 -0.0331534 6.29044 0.0677776 0.00319851 -0.904361 1.5825 -0.00426847 -0.0616317 0.0616481 -0.00113257 -0.0175929
1.96252 0.0133865 0.92278 -1.45191 -0.0346047 -0.0331534 6.29044 0.0677776 0.00319851 -0.904361 1.5825 -0.00426847 -0.0616317 0.0616481 -0.00113257 -0.0175929
1.95728 0.0133865 0.92278 -1.45191 -0.0346047 -0.0331534 6.29044 0.0677776 0.00319851 -0.904361 1.5825 -0.00426847 -0.0616317 0.0616481 -0.00113257 -0.0175929
1.95217 0.0133865 0.92278 -1.45191 -0.0346047 -0.0331534 6.29044 0.0677776 0.00319851 -0.904361 1.5825 -0.00426847 -0.0616317 0.0616481 -0.00113257 -0.0175929
1.94709 0.0133865 0.92278 -1.45191 -0.0346047 -0.0331534 6.29044 0.0677776 0.00319851 -0.904361 1.5825 -0.00426847 -0.0616317 0.0616481 -0.00113257 -0.0175929
1.94179 0.0133865 0.92278 -1.45191 -0.0346047 -0.0331534 6.29044 0.0677776 0.00319851 -0.904361 1.5825 -0.00426847 -0.0616317 0.0616481 -0.00113257 -0.0175929
1.9363 0.0133865 0.92278 -1.45191 -0.0346047 -0.0331534 6.29044 0.0677776 0.00319851 -0.904361 1.5825 -0.00426847 -0.0616317 0.0616481 -0.00113257 -0.0175929
1.93085 0.0133865 0.92278 -1.45191 -0.0346047 -0.0331534 6.29044 0.0677776 0.00319851 -0.904361 1.5825 -0.00426847 -0.0616317 0.0616481 -0.00113257 -0.0175929
1.92537 0.0133865 0.92278 -1.45191 -0.0346047 -0.0331534 6.29044 0.0677776 0.00319851 -0.904361 1.5825 -0.00426847 -0.0616317 0.0616481 -0.00113257 -0.0175929
1.91992 0.0133865 0.92278 -1.45191 -0.0346047 -0.0331534 6.29044 0.0677776 0.00319851 -0.904361 1.5825 -0.00426847 -0.0616317 0.0616481 -0.00113257 -0.0175929
