-0.0157922
-0.00526406
-0.0473766
-0.0421125
-0.0473766
-0.0473766
-0.0473766
-0.0579047
-0.0526406
-0.0579047
-0.0421125
-0.0526406
-0.0526406
-0.0473766
-0.0526406
-0.0579047
-0.0631688
-0.0579047
-0.0631688
-0.0631688
-0.0579047
-0.0579047
-0.0631688
-0.0631688
-0.0631688
-0.0579047
-0.0631688
-0.0579047
-0.0631688
-0.0631688
-0.0526406
-0.0579047
-0.0631688
-0.0631688
-0.0684328
-0.0631688
-0.0684328
-0.0684328
-0.0684328
-0.0631688
-0.0736969
-0.0684328
-0.0631688
-0.0684328
-0.0631688
-0.0631688
-0.0631688
-0.0684328
-0.0631688
-0.0684328
-0.0631688
-0.0684328
-0.0631688
-0.0684328
-0.0684328
-0.0736969
-0.0736969
-0.0736969
-0.0736969
-0.0684328
-0.0736969
-0.0736969
-0.0736969
-0.0684328
-0.0736969
-0.0684328
-0.0684328
-0.0736969
-0.0684328
-0.0736969
-0.0789609
-0.0789609
-0.0736969
-0.0789609
-0.0736969
-0.0684328
-0.0736969
-0.0789609
-0.0789609
-0.084225
-0.0789609
-0.0789609
-0.0789609
-0.084225
-0.084225
-0.0789609
-0.0736969
-0.0736969
-0.084225
-0.084225
-0.084225
-0.0789609
-0.084225
-0.0789609
-0.0789609
-0.0789609
-0.084225
-0.0789609
-0.084225
-0.0894891
-0.084225
-0.0789609
-0.0894891
-0.084225
-0.084225
-0.084225
-0.0789609
-0.084225
-0.0894891
-0.084225
-0.084225
-0.0894891
-0.0894891
-0.0947531
-0.0947531
-0.0947531
-0.0894891
-0.084225
-0.0947531
-0.0894891
-0.0894891
-0.0947531
-0.0947531
-0.0947531
-0.0947531
-0.100017
-0.0947531
-0.100017
-0.0947531
-0.0947531
-0.0947531
-0.0947531
-0.100017
-0.0947531
-0.0947531
-0.0947531
-0.105281
-0.0947531
-0.100017
-0.100017
-0.100017
-0.100017
-0.0947531
-0.0947531
-0.105281
-0.100017
-0.0947531
-0.105281
-0.100017
-0.105281
-0.100017
-0.100017
-0.110545
-0.105281
-0.105281
-0.105281
-0.105281
-0.105281
-0.110545
-0.110545
-0.110545
-0.105281
-0.110545
-0.115809
-0.115809
-0.105281
-0.110545
-0.110545
-0.115809
-0.115809
-0.105281
-0.110545
-0.115809
-0.115809
-0.110545
-0.115809
-0.115809
-0.115809
-0.121073
-0.115809
-0.115809
-0.115809
-0.121073
-0.121073
-0.121073
-0.126338
-0.121073
-0.126338
-0.121073
-0.126338
-0.126338
-0.131602
-0.126338
-0.126338
-0.126338
-0.131602
-0.136866
-0.126338
-0.131602
-0.131602
-0.136866
-0.131602
-0.136866
-0.136866
-0.136866
-0.131602
-0.131602
-0.136866
-0.131602
-0.136866
