-0.0421125
-0.0526406
-0.0579047
-0.0631688
-0.0736969
-0.0684328
-0.0736969
-0.0736969
-0.0789609
-0.0894891
-0.084225
-0.0947531
-0.115809
-0.110545
-0.121073
-0.121073
-0.115809
-0.115809
-0.121073
-0.121073
-0.115809
-0.126338
-0.126338
-0.126338
-0.126338
-0.126338
-0.115809
-0.121073
-0.121073
-0.121073
-0.126338
-0.121073
-0.126338
-0.121073
-0.126338
-0.126338
-0.126338
-0.126338
-0.131602
-0.131602
-0.121073
-0.126338
-0.131602
-0.131602
-0.136866
-0.131602
-0.126338
-0.131602
-0.131602
-0.131602
-0.131602
-0.131602
-0.131602
-0.131602
-0.136866
-0.131602
-0.136866
-0.136866
-0.131602
-0.131602
-0.136866
-0.136866
-0.136866
-0.136866
-0.131602
-0.136866
-0.136866
-0.136866
-0.136866
-0.14213
-0.136866
-0.14213
-0.136866
-0.136866
-0.136866
-0.147394
-0.14213
-0.14213
-0.147394
-0.14213
-0.147394
-0.147394
-0.147394
-0.147394
-0.147394
-0.147394
-0.147394
-0.147394
-0.152658
-0.152658
-0.152658
-0.147394
-0.152658
-0.152658
-0.147394
-0.147394
-0.152658
-0.152658
-0.147394
-0.163186
-0.157922
-0.157922
-0.157922
-0.147394
-0.152658
-0.157922
-0.157922
-0.157922
-0.157922
-0.163186
-0.157922
-0.157922
-0.163186
-0.163186
-0.163186
-0.163186
-0.16845
-0.16845
-0.16845
-0.16845
-0.16845
-0.16845
-0.16845
-0.16845
-0.173714
-0.16845
-0.16845
-0.173714
-0.16845
-0.16845
-0.16845
-0.173714
-0.173714
-0.173714
-0.178978
-0.178978
-0.178978
-0.184242
-0.184242
