2.87883 0.0133865 1.08658 1.58627 -0.160193 -0.0184699 6.29045 0.0678174 0.00320989 -1.04346 -1.47925 -0.0861929 -0.0470134 0.0616424 -0.00125208 -0.0175929
2.87788 0.0133865 1.08658 1.58627 -0.160193 -0.0184699 6.29045 0.0678174 0.00320989 -1.04346 -1.47925 -0.0861929 -0.0470134 0.0616424 -0.00125208 -0.0175929
2.87678 0.0133865 1.08658 1.58627 -0.160193 -0.0184699 6.29045 0.0678174 0.00320989 -1.04346 -1.47925 -0.0861929 -0.0470134 0.0616424 -0.00125208 -0.0175929
2.87548 0.0133865 1.08658 1.58627 -0.160193 -0.0184699 6.29045 0.0678174 0.00320989 -1.04346 -1.47925 -0.0861929 -0.0470134 0.0616424 -0.00125208 -0.0175929
2.87413 0.0133865 1.08658 1.58627 -0.160193 -0.0184699 6.29045 0.0678174 0.00320989 -1.04346 -1.47925 -0.0861929 -0.0470134 0.0616424 -0.00125208 -0.0175929
2.87267 0.0133865 1.08658 1.58627 -0.160193 -0.0184699 6.29045 0.0678174 0.00320989 -1.04346 -1.47925 -0.0861929 -0.0470134 0.0616424 -0.00125208 -0.0175929
2.87119 0.0133865 1.08658 1.58627 -0.160193 -0.0184699 6.29045 0.0678174 0.00320989 -1.04346 -1.47925 -0.0861929 -0.0470134 0.0616424 -0.00125208 -0.0175929
2.86971 0.0133865 1.08658 1.58627 -0.160193 -0.0184699 6.29045 0.0678174 0.00320989 -1.04346 -1.47925 -0.0861929 -0.0470134 0.0616424 -0.00125208 -0.0175929
2.86821 0.0133865 1.08658 1.58627 -0.160193 -0.0184699 6.29045 0.0678174 0.00320989 -1.04346 -1.47925 -0.0861929 -0.0470134 0.0616424 -0.00125208 -0.0175929
2.86642 0.0133865 1.08658 1.58627 -0.160193 -0.0184699 6.29045 0.0678174 0.00320989 -1.04346 -1.47925 -0.0861929 -0.0470134 0.0616424 -0.00125208 -0.0175929
2.86303 0.0133865 1.08658 1.58627 -0.160193 -0.0184699 6.29045 0.0678174 0.00320989 -1.04346 -1.47925 -0.0861929 -0.0470134 0.0616424 -0.00125208 -0.0175929
2.85943 0.0133865 1.08658 1.58627 -0.160193 -0.0184699 6.29045 0.0678174 0.00320989 -1.04346 -1.47925 -0.0861929 -0.0470134 0.0616424 -0.00125208 -0.0175929
2.85519 0.0133865 1.08658 1.58627 -0.160193 -0.0184699 6.29045 0.0678174 0.00320989 -1.04346 -1.47925 -0.0861929 -0.0470134 0.0616424 -0.00125208 -0.0175929
2.85062 0.0133865 1.08658 1.58627 -0.160193 -0.0184699 6.29045 0.0678174 0.00320989 -1.04346 -1.47925 -0.0861929 -0.0470134 0.0616424 -0.00125208 -0.0175929
2.84602 0.0133865 1.08658 1.58627 -0.160193 -0.0184699 6.29045 0.0678174 0.00320989 -1.04346 -1.47925 -0.0861929 -0.0470134 0.0616424 -0.00125208 -0.0175929
2.84122 0.0133865 1.08658 1.58627 -0.160193 -0.0184699 6.29045 0.0678174 0.00320989 -1.04346 -1.47925 -0.0861929 -0.0470134 0.0616424 -0.00125208 -0.0175929
2.83663 0.0133865 1.08658 1.58627 -0.160193 -0.0184699 6.29045 0.0678174 0.00320989 -1.04346 -1.47925 -0.0861929 -0.0470134 0.0616424 -0.00125208 -0.0175929
2.83196 0.0133865 1.08658 1.58627 -0.160193 -0.0184699 6.29045 0.0678174 0.00320989 -1.04346 -1.47925 -0.0861929 -0.0470134 0.0616424 -0.00125208 -0.0175929
2.82739 0.0133865 1.08658 1.58627 -0.160193 -0.0184699 6.29045 0.0678174 0.00320989 -1.04346 -1.47925 -0.0861929 -0.0470134 0.0616424 -0.00125208 -0.0175929
2.8226 0.0133865 1.08658 1.58627 -0.160193 -0.0184699 6.29045 0.0678174 0.00320989 -1.04346 -1.47925 -0.0861929 -0.0470134 0.0616424 -0.00125208 -0.0175929
2.81795 0.0133865 1.08658 1.58627 -0.160193 -0.0184699 6.29045 0.0678174 0.00320989 -1.04346 -1.47925 -0.0861929 -0.0470134 0.0616424 -0.00125208 -0.0175929
2.8131 0.0133865 1.08658 1.58627 -0.160193 -0.0184699 6.29045 0.0678174 0.00320989 -1.04346 -1.47925 -0.0861929 -0.0470134 0.0616424 -0.00125208 -0.0175929
2.80821 0.0133865 1.08658 1.58627 -0.160193 -0.0184699 6.29045 0.0678174 0.00320989 -1.04346 -1.47925 -0.0861929 -0.0470134 0.0616424 -0.00125208 -0.0175929
2.80331 0.0133865 1.08658 1.58627 -0.160193 -0.0184699 6.29045 0.0678174 0.00320989 -1.04346 -1.47925 -0.0861929 -0.0470134 0.0616424 -0.00125208 -0.0175929
2.79827 0.0133865 1.08658 1.58627 -0.160193 -0.0184699 6.29045 0.0678174 0.00320989 -1.04346 -1.47925 -0.0861929 -0.0470134 0.0616424 -0.00125208 -0.0175929
2.79352 0.0133865 1.08658 1.58627 -0.160193 -0.0184699 6.29045 0.0678174 0.00320989 -1.04346 -1.47925 -0.0861929 -0.0470134 0.0616424 -0.00125208 -0.0175929
2.78868 0.0133865 1.08658 1.58627 -0.160193 -0.0184699 6.29045 0.0678174 0.00320989 -1.04346 -1.47925 -0.0861929 -0.0470134 0.0616424 -0.00125208 -0.0175929
2.78388 0.0133865 1.08658 1.58627 -0.160193 -0.0184699 6.29045 0.0678174 0.00320989 -1.04346 -1.47925 -0.0861929 -0.0470134 0.0616424 -0.00125208 -0.0175929
2.77915 0.0133865 1.08658 1.58627 -0.160193 -0.0184699 6.29045 0.0678174 0.00320989 -1.04346 -1.47925 -0.0861929 -0.0470134 0.0616424 -0.00125208 -0.0175929
2.77445 0.0133865 1.08658 1.58627 -0.160193 -0.0184699 6.29045 0.0678174 0.00320989 -1.04346 -1.47925 -0.0861929 -0.0470134 0.0616424 -0.00125208 -0.0175929
2.76969 0.0133865 1.08658 1.58627 -0.160193 -0.0184699 6.29045 0.0678174 0.00320989 -1.04346 -1.47925 -0.0861929 -0.0470134 0.0616424 -0.00125208 -0.0175929
2.76483 0.0133865 1.08658 1.58627 -0.160193 -0.0184699 6.29045 0.0678174 0.00320989 -1.04346 -1.47925 -0.0861929 -0.0470134 0.0616424 -0.00125208 -0.0175929
2.75996 0.0133865 1.08658 1.58627 -0.160193 -0.0184699 6.29045 0.0678174 0.00320989 -1.04346 -1.47925 -0.0861929 -0.0470134 0.0616424 -0.00125208 -0.0175929
2.75512 0.0133865 1.08658 1.58627 -0.160193 -0.0184699 6.29045 0.0678174 0.00320989 -1.04346 -1.47925 -0.0861929 -0.0470134 0.0616424 -0.00125208 -0.0175929
2.75016 0.0133865 1.08658 1.58627 -0.160193 -0.0184699 6.29045 0.0678174 0.00320989 -1.04346 -1.47925 -0.0861929 -0.0470134 0.0616424 -0.00125208 -0.0175929
2.74509 0.0133865 1.08658 1.58627 -0.160193 -0.0184699 6.29045 0.0678174 0.00320989 -1.04346 -1.47925 -0.0861929 -0.0470134 0.0616424 -0.00125208 -0.0175929
2.74005 0.0133865 1.08658 1.58627 -0.160193 -0.0184699 6.29045 0.0678174 0.00320989 -1.04346 -1.47925 -0.0861929 -0.0470134 0.0616424 -0.00125208 -0.0175929
2.7351 0.0133865 1.08658 1.58627 -0.160193 -0.0184699 6.29045 0.0678174 0.00320989 -1.04346 -1.47925 -0.0861929 -0.0470134 0.0616424 -0.00125208 -0.0175929
2.73013 0.0133865 1.08658 1.58627 -0.160193 -0.0184699 6.29045 0.0678174 0.00320989 -1.04346 -1.47925 -0.0861929 -0.0470134 0.0616424 -0.00125208 -0.0175929
2.72511 0.0133865 1.08658 1.58627 -0.160193 -0.0184699 6.29045 0.0678174 0.00320989 -1.04346 -1.47925 -0.0861929 -0.0470134 0.0616424 -0.00125208 -0.0175929
2.72016 0.0133865 1.08658 1.58627 -0.160193 -0.0184699 6.29045 0.0678174 0.00320989 -1.04346 -1.47925 -0.0861929 -0.0470134 0.0616424 -0.00125208 -0.0175929
2.71522 0.0133865 1.08658 1.58627 -0.160193 -0.0184699 6.29045 0.0678174 0.00320989 -1.04346 -1.47925 -0.0861929 -0.0470134 0.0616424 -0.00125208 -0.0175929
2.71011 0.0133865 1.08658 1.58627 -0.160193 -0.0184699 6.29045 0.0678174 0.00320989 -1.04346 -1.47925 -0.0861929 -0.0470134 0.0616424 -0.00125208 -0.0175929
2.70513 0.0133865 1.08658 1.58627 -0.160193 -0.0184699 6.29045 0.0678174 0.00320989 -1.04346 -1.47925 -0.0861929 -0.0470134 0.0616424 -0.00125208 -0.0175929
2.70015 0.0133865 1.08658 1.58627 -0.160193 -0.0184699 6.29045 0.0678174 0.00320989 -1.04346 -1.47925 -0.0861929 -0.0470134 0.0616424 -0.00125208 -0.0175929
2.69517 0.0133865 1.08658 1.58627 -0.160193 -0.0184699 6.29045 0.0678174 0.00320989 -1.04346 -1.47925 -0.0861929 -0.0470134 0.0616424 -0.00125208 -0.0175929
2.69011 0.0133865 1.08658 1.58627 -0.160193 -0.0184699 6.29045 0.0678174 0.00320989 -1.04346 -1.47925 -0.0861929 -0.0470134 0.0616424 -0.00125208 -0.0175929
2.68476 0.0133865 1.08658 1.58627 -0.160193 -0.0184699 6.29045 0.0678174 0.00320989 -1.04346 -1.47925 -0.0861929 -0.0470134 0.0616424 -0.00125208 -0.0175929
2.67954 0.0133865 1.08658 1.58627 -0.160193 -0.0184699 6.29045 0.0678174 0.00320989 -1.04346 -1.47925 -0.0861929 -0.0470134 0.0616424 -0.00125208 -0.0175929
2.67439 0.0133865 1.08658 1.58627 -0.160193 -0.0184699 6.29045 0.0678174 0.00320989 -1.04346 -1.47925 -0.0861929 -0.0470134 0.0616424 -0.00125208 -0.0175929
2.669 0.0133865 1.08658 1.58627 -0.160193 -0.0184699 6.29045 0.0678174 0.00320989 -1.04346 -1.47925 -0.0861929 -0.0470134 0.0616424 -0.00125208 -0.0175929
2.66372 0.0133865 1.08658 1.58627 -0.160193 -0.0184699 6.29045 0.0678174 0.00320989 -1.04346 -1.47925 -0.0861929 -0.0470134 0.0616424 -0.00125208 -0.0175929
2.65864 0.0133865 1.08658 1.58627 -0.160193 -0.0184699 6.29045 0.0678174 0.00320989 -1.04346 -1.47925 -0.0861929 -0.0470134 0.0616424 -0.00125208 -0.0175929
2.65349 0.0133865 1.08658 1.58627 -0.160193 -0.0184699 6.29045 0.0678174 0.00320989 -1.04346 -1.47925 -0.0861929 -0.0470134 0.0616424 -0.00125208 -0.0175929
2.6483 0.0133865 1.08658 1.58627 -0.160193 -0.0184699 6.29045 0.0678174 0.00320989 -1.04346 -1.47925 -0.0861929 -0.0470134 0.0616424 -0.00125208 -0.0175929
2.64309 0.0133865 1.08658 1.58627 -0.160193 -0.0184699 6.29045 0.0678174 0.00320989 -1.04346 -1.47925 -0.0861929 -0.0470134 0.0616424 -0.00125208 -0.0175929
2.63796 0.0133865 1.08658 1.58627 -0.160193 -0.0184699 6.29045 0.0678174 0.00320989 -1.04346 -1.47925 -0.0861929 -0.0470134 0.0616424 -0.00125208 -0.0175929
2.63278 0.0133865 1.08658 1.58627 -0.160193 -0.0184699 6.29045 0.0678174 0.00320989 -1.04346 -1.47925 -0.0861929 -0.0470134 0.0616424 -0.00125208 -0.0175929
2.62745 0.0133865 1.08658 1.58627 -0.160193 -0.0184699 6.29045 0.0678174 0.00320989 -1.04346 -1.47925 -0.0861929 -0.0470134 0.0616424 -0.00125208 -0.0175929
2.62205 0.0133865 1.08658 1.58627 -0.160193 -0.0184699 6.29045 0.0678174 0.00320989 -1.04346 -1.47925 -0.0861929 -0.0470134 0.0616424 -0.00125208 -0.0175929
2.61687 0.0133865 1.08658 1.58627 -0.160193 -0.0184699 6.29045 0.0678174 0.00320989 -1.04346 -1.47925 -0.0861929 -0.0470134 0.0616424 -0.00125208 -0.0175929
2.6116 0.0133865 1.08658 1.58627 -0.160193 -0.0184699 6.29045 0.0678174 0.00320989 -1.04346 -1.47925 -0.0861929 -0.0470134 0.0616424 -0.00125208 -0.0175929
2.60628 0.0133865 1.08658 1.58627 -0.160193 -0.0184699 6.29045 0.0678174 0.00320989 -1.04346 -1.47925 -0.0861929 -0.0470134 0.0616424 -0.00125208 -0.0175929
2.60101 0.0133865 1.08658 1.58627 -0.160193 -0.0184699 6.29045 0.0678174 0.00320989 -1.04346 -1.47925 -0.0861929 -0.0470134 0.0616424 -0.00125208 -0.0175929
2.59566 0.0133865 1.08658 1.58627 -0.160193 -0.0184699 6.29045 0.0678174 0.00320989 -1.04346 -1.47925 -0.0861929 -0.0470134 0.0616424 -0.00125208 -0.0175929
2.59027 0.0133865 1.08658 1.58627 -0.160193 -0.0184699 6.29045 0.0678174 0.00320989 -1.04346 -1.47925 -0.0861929 -0.0470134 0.0616424 -0.00125208 -0.0175929
2.58484 0.0133865 1.08658 1.58627 -0.160193 -0.0184699 6.29045 0.0678174 0.00320989 -1.04346 -1.47925 -0.0861929 -0.0470134 0.0616424 -0.00125208 -0.0175929
2.57933 0.0133865 1.08658 1.58627 -0.160193 -0.0184699 6.29045 0.0678174 0.00320989 -1.04346 -1.47925 -0.0861929 -0.0470134 0.0616424 -0.00125208 -0.0175929
2.57388 0.0133865 1.08658 1.58627 -0.160193 -0.0184699 6.29045 0.0678174 0.00320989 -1.04346 -1.47925 -0.0861929 -0.0470134 0.0616424 -0.00125208 -0.0175929
2.56842 0.0133865 1.08658 1.58627 -0.160193 -0.0184699 6.29045 0.0678174 0.00320989 -1.04346 -1.47925 -0.0861929 -0.0470134 0.0616424 -0.00125208 -0.0175929
2.563 0.0133865 1.08658 1.58627 -0.160193 -0.0184699 6.29045 0.0678174 0.00320989 -1.04346 -1.47925 -0.0861929 -0.0470134 0.0616424 -0.00125208 -0.0175929
2.55764 0.0133865 1.08658 1.58627 -0.160193 -0.0184699 6.29045 0.0678174 0.00320989 -1.04346 -1.47925 -0.0861929 -0.0470134 0.0616424 -0.00125208 -0.0175929
2.55224 0.0133865 1.08658 1.58627 -0.160193 -0.0184699 6.29045 0.0678174 0.00320989 -1.04346 -1.47925 -0.0861929 -0.0470134 0.0616424 -0.00125208 -0.0175929
2.54663 0.0133865 1.08658 1.58627 -0.160193 -0.0184699 6.29045 0.0678174 0.00320989 -1.04346 -1.47925 -0.0861929 -0.0470134 0.0616424 -0.00125208 -0.0175929
2.54111 0.0133865 1.08658 1.58627 -0.160193 -0.0184699 6.29045 0.0678174 0.00320989 -1.04346 -1.47925 -0.0861929 -0.0470134 0.0616424 -0.00125208 -0.0175929
2.53543 0.0133865 1.08658 1.58627 -0.160193 -0.0184699 6.29045 0.0678174 0.00320989 -1.04346 -1.47925 -0.0861929 -0.0470134 0.0616424 -0.00125208 -0.0175929
2.52977 0.0133865 1.08658 1.58627 -0.160193 -0.0184699 6.29045 0.0678174 0.00320989 -1.04346 -1.47925 -0.0861929 -0.0470134 0.0616424 -0.00125208 -0.0175929
2.52424 0.0133865 1.08658 1.58627 -0.160193 -0.0184699 6.29045 0.0678174 0.00320989 -1.04346 -1.47925 -0.0861929 -0.0470134 0.0616424 -0.00125208 -0.0175929
2.51873 0.0133865 1.08658 1.58627 -0.160193 -0.0184699 6.29045 0.0678174 0.00320989 -1.04346 -1.47925 -0.0861929 -0.0470134 0.0616424 -0.00125208 -0.0175929
2.51317 0.0133865 1.08658 1.58627 -0.160193 -0.0184699 6.29045 0.0678174 0.00320989 -1.04346 -1.47925 -0.0861929 -0.0470134 0.0616424 -0.00125208 -0.0175929
2.50746 0.0133865 1.08658 1.58627 -0.160193 -0.0184699 6.29045 0.0678174 0.00320989 -1.04346 -1.47925 -0.0861929 -0.0470134 0.0616424 -0.00125208 -0.0175929
2.50175 0.0133865 1.08658 1.58627 -0.160193 -0.0184699 6.29045 0.0678174 0.00320989 -1.04346 -1.47925 -0.0861929 -0.0470134 0.0616424 -0.00125208 -0.0175929
2.49607 0.0133865 1.08658 1.58627 -0.160193 -0.0184699 6.29045 0.0678174 0.00320989 -1.04346 -1.47925 -0.0861929 -0.0470134 0.0616424 -0.00125208 -0.0175929
2.49046 0.0133865 1.08658 1.58627 -0.160193 -0.0184699 6.29045 0.0678174 0.00320989 -1.04346 -1.47925 -0.0861929 -0.0470134 0.0616424 -0.00125208 -0.0175929
2.48485 0.0133865 1.08658 1.58627 -0.160193 -0.0184699 6.29045 0.0678174 0.00320989 -1.04346 -1.47925 -0.0861929 -0.0470134 0.0616424 -0.00125208 -0.0175929
2.47902 0.0133865 1.08658 1.58627 -0.160193 -0.0184699 6.29045 0.0678174 0.00320989 -1.04346 -1.47925 -0.0861929 -0.0470134 0.0616424 -0.00125208 -0.0175929
2.47334 0.0133865 1.08658 1.58627 -0.160193 -0.0184699 6.29045 0.0678174 0.00320989 -1.04346 -1.47925 -0.0861929 -0.0470134 0.0616424 -0.00125208 -0.0175929
2.46767 0.0133865 1.08658 1.58627 -0.160193 -0.0184699 6.29045 0.0678174 0.00320989 -1.04346 -1.47925 -0.0861929 -0.0470134 0.0616424 -0.00125208 -0.0175929
2.462 0.0133865 1.08658 1.58627 -0.160193 -0.0184699 6.29045 0.0678174 0.00320989 -1.04346 -1.47925 -0.0861929 -0.0470134 0.0616424 -0.00125208 -0.0175929
2.45627 0.0133865 1.08658 1.58627 -0.160193 -0.0184699 6.29045 0.0678174 0.00320989 -1.04346 -1.47925 -0.0861929 -0.0470134 0.0616424 -0.00125208 -0.0175929
2.4505 0.0133865 1.08658 1.58627 -0.160193 -0.0184699 6.29045 0.0678174 0.00320989 -1.04346 -1.47925 -0.0861929 -0.0470134 0.0616424 -0.00125208 -0.0175929
2.44469 0.0133865 1.08658 1.58627 -0.160193 -0.0184699 6.29045 0.0678174 0.00320989 -1.04346 -1.47925 -0.0861929 -0.0470134 0.0616424 -0.00125208 -0.0175929
2.43889 0.0133865 1.08658 1.58627 -0.160193 -0.0184699 6.29045 0.0678174 0.00320989 -1.04346 -1.47925 -0.0861929 -0.0470134 0.0616424 -0.00125208 -0.0175929
2.43306 0.0133865 1.08658 1.58627 -0.160193 -0.0184699 6.29045 0.0678174 0.00320989 -1.04346 -1.47925 -0.0861929 -0.0470134 0.0616424 -0.00125208 -0.0175929
2.42705 0.0133865 1.08658 1.58627 -0.160193 -0.0184699 6.29045 0.0678174 0.00320989 -1.04346 -1.47925 -0.0861929 -0.0470134 0.0616424 -0.00125208 -0.0175929
2.42105 0.0133865 1.08658 1.58627 -0.160193 -0.0184699 6.29045 0.0678174 0.00320989 -1.04346 -1.47925 -0.0861929 -0.0470134 0.0616424 -0.00125208 -0.0175929
2.41513 0.0133865 1.08658 1.58627 -0.160193 -0.0184699 6.29045 0.0678174 0.00320989 -1.04346 -1.47925 -0.0861929 -0.0470134 0.0616424 -0.00125208 -0.0175929
2.40922 0.0133865 1.08658 1.58627 -0.160193 -0.0184699 6.29045 0.0678174 0.00320989 -1.04346 -1.47925 -0.0861929 -0.0470134 0.0616424 -0.00125208 -0.0175929
2.40334 0.0133865 1.08658 1.58627 -0.160193 -0.0184699 6.29045 0.0678174 0.00320989 -1.04346 -1.47925 -0.0861929 -0.0470134 0.0616424 -0.00125208 -0.0175929
2.39742 0.0133865 1.08658 1.58627 -0.160193 -0.0184699 6.29045 0.0678174 0.00320989 -1.04346 -1.47925 -0.0861929 -0.0470134 0.0616424 -0.00125208 -0.0175929
2.39118 0.0133865 1.08658 1.58627 -0.160193 -0.0184699 6.29045 0.0678174 0.00320989 -1.04346 -1.47925 -0.0861929 -0.0470134 0.0616424 -0.00125208 -0.0175929
2.38493 0.0133865 1.08658 1.58627 -0.160193 -0.0184699 6.29045 0.0678174 0.00320989 -1.04346 -1.47925 -0.0861929 -0.0470134 0.0616424 -0.00125208 -0.0175929
2.37871 0.0133865 1.08658 1.58627 -0.160193 -0.0184699 6.29045 0.0678174 0.00320989 -1.04346 -1.47925 -0.0861929 -0.0470134 0.0616424 -0.00125208 -0.0175929
2.37263 0.0133865 1.08658 1.58627 -0.160193 -0.0184699 6.29045 0.0678174 0.00320989 -1.04346 -1.47925 -0.0861929 -0.0470134 0.0616424 -0.00125208 -0.0175929
2.36632 0.0133865 1.08658 1.58627 -0.160193 -0.0184699 6.29045 0.0678174 0.00320989 -1.04346 -1.47925 -0.0861929 -0.0470134 0.0616424 -0.00125208 -0.0175929
2.3601 0.0133865 1.08658 1.58627 -0.160193 -0.0184699 6.29045 0.0678174 0.00320989 -1.04346 -1.47925 -0.0861929 -0.0470134 0.0616424 -0.00125208 -0.0175929
2.35391 0.0133865 1.08658 1.58627 -0.160193 -0.0184699 6.29045 0.0678174 0.00320989 -1.04346 -1.47925 -0.0861929 -0.0470134 0.0616424 -0.00125208 -0.0175929
2.34782 0.0133865 1.08658 1.58627 -0.160193 -0.0184699 6.29045 0.0678174 0.00320989 -1.04346 -1.47925 -0.0861929 -0.0470134 0.0616424 -0.00125208 -0.0175929
2.34177 0.0133865 1.08658 1.58627 -0.160193 -0.0184699 6.29045 0.0678174 0.00320989 -1.04346 -1.47925 -0.0861929 -0.0470134 0.0616424 -0.00125208 -0.0175929
2.33566 0.0133865 1.08658 1.58627 -0.160193 -0.0184699 6.29045 0.0678174 0.00320989 -1.04346 -1.47925 -0.0861929 -0.0470134 0.0616424 -0.00125208 -0.0175929
2.32948 0.0133865 1.08658 1.58627 -0.160193 -0.0184699 6.29045 0.0678174 0.00320989 -1.04346 -1.47925 -0.0861929 -0.0470134 0.0616424 -0.00125208 -0.0175929
2.32331 0.0133865 1.08658 1.58627 -0.160193 -0.0184699 6.29045 0.0678174 0.00320989 -1.04346 -1.47925 -0.0861929 -0.0470134 0.0616424 -0.00125208 -0.0175929
2.31722 0.0133865 1.08658 1.58627 -0.160193 -0.0184699 6.29045 0.0678174 0.00320989 -1.04346 -1.47925 -0.0861929 -0.0470134 0.0616424 -0.00125208 -0.0175929
2.31081 0.0133865 1.08658 1.58627 -0.160193 -0.0184699 6.29045 0.0678174 0.00320989 -1.04346 -1.47925 -0.0861929 -0.0470134 0.0616424 -0.00125208 -0.0175929
2.30444 0.0133865 1.08658 1.58627 -0.160193 -0.0184699 6.29045 0.0678174 0.00320989 -1.04346 -1.47925 -0.0861929 -0.0470134 0.0616424 -0.00125208 -0.0175929
2.29818 0.0133865 1.08658 1.58627 -0.160193 -0.0184699 6.29045 0.0678174 0.00320989 -1.04346 -1.47925 -0.0861929 -0.0470134 0.0616424 -0.00125208 -0.0175929
2.2919 0.0133865 1.08658 1.58627 -0.160193 -0.0184699 6.29045 0.0678174 0.00320989 -1.04346 -1.47925 -0.0861929 -0.0470134 0.0616424 -0.00125208 -0.0175929
2.28551 0.0133865 1.08658 1.58627 -0.160193 -0.0184699 6.29045 0.0678174 0.00320989 -1.04346 -1.47925 -0.0861929 -0.0470134 0.0616424 -0.00125208 -0.0175929
2.27902 0.0133865 1.08658 1.58627 -0.160193 -0.0184699 6.29045 0.0678174 0.00320989 -1.04346 -1.47925 -0.0861929 -0.0470134 0.0616424 -0.00125208 -0.0175929
2.27272 0.0133865 1.08658 1.58627 -0.160193 -0.0184699 6.29045 0.0678174 0.00320989 -1.04346 -1.47925 -0.0861929 -0.0470134 0.0616424 -0.00125208 -0.0175929
2.26619 0.0133865 1.08658 1.58627 -0.160193 -0.0184699 6.29045 0.0678174 0.00320989 -1.04346 -1.47925 -0.0861929 -0.0470134 0.0616424 -0.00125208 -0.0175929
2.25971 0.0133865 1.08658 1.58627 -0.160193 -0.0184699 6.29045 0.0678174 0.00320989 -1.04346 -1.47925 -0.0861929 -0.0470134 0.0616424 -0.00125208 -0.0175929
2.253 0.0133865 1.08658 1.58627 -0.160193 -0.0184699 6.29045 0.0678174 0.00320989 -1.04346 -1.47925 -0.0861929 -0.0470134 0.0616424 -0.00125208 -0.0175929
2.24644 0.0133865 1.08658 1.58627 -0.160193 -0.0184699 6.29045 0.0678174 0.00320989 -1.04346 -1.47925 -0.0861929 -0.0470134 0.0616424 -0.00125208 -0.0175929
2.23987 0.0133865 1.08658 1.58627 -0.160193 -0.0184699 6.29045 0.0678174 0.00320989 -1.04346 -1.47925 -0.0861929 -0.0470134 0.0616424 -0.00125208 -0.0175929
2.23324 0.0133865 1.08658 1.58627 -0.160193 -0.0184699 6.29045 0.0678174 0.00320989 -1.04346 -1.47925 -0.0861929 -0.0470134 0.0616424 -0.00125208 -0.0175929
2.22639 0.0133865 1.08658 1.58627 -0.160193 -0.0184699 6.29045 0.0678174 0.00320989 -1.04346 -1.47925 -0.0861929 -0.0470134 0.0616424 -0.00125208 -0.0175929
2.2197 0.0133865 1.08658 1.58627 -0.160193 -0.0184699 6.29045 0.0678174 0.00320989 -1.04346 -1.47925 -0.0861929 -0.0470134 0.0616424 -0.00125208 -0.0175929
2.21295 0.0133865 1.08658 1.58627 -0.160193 -0.0184699 6.29045 0.0678174 0.00320989 -1.04346 -1.47925 -0.0861929 -0.0470134 0.0616424 -0.00125208 -0.0175929
2.20638 0.0133865 1.08658 1.58627 -0.160193 -0.0184699 6.29045 0.0678174 0.00320989 -1.04346 -1.47925 -0.0861929 -0.0470134 0.0616424 -0.00125208 -0.0175929
2.19954 0.0133865 1.08658 1.58627 -0.160193 -0.0184699 6.29045 0.0678174 0.00320989 -1.04346 -1.47925 -0.0861929 -0.0470134 0.0616424 -0.00125208 -0.0175929
2.1927 0.0133865 1.08658 1.58627 -0.160193 -0.0184699 6.29045 0.0678174 0.00320989 -1.04346 -1.47925 -0.0861929 -0.0470134 0.0616424 -0.00125208 -0.0175929
2.18581 0.0133865 1.08658 1.58627 -0.160193 -0.0184699 6.29045 0.0678174 0.00320989 -1.04346 -1.47925 -0.0861929 -0.0470134 0.0616424 -0.00125208 -0.0175929
2.17913 0.0133865 1.08658 1.58627 -0.160193 -0.0184699 6.29045 0.0678174 0.00320989 -1.04346 -1.47925 -0.0861929 -0.0470134 0.0616424 -0.00125208 -0.0175929
2.17239 0.0133865 1.08658 1.58627 -0.160193 -0.0184699 6.29045 0.0678174 0.00320989 -1.04346 -1.47925 -0.0861929 -0.0470134 0.0616424 -0.00125208 -0.0175929
2.16539 0.0133865 1.08658 1.58627 -0.160193 -0.0184699 6.29045 0.0678174 0.00320989 -1.04346 -1.47925 -0.0861929 -0.0470134 0.0616424 -0.00125208 -0.0175929
2.15852 0.0133865 1.08658 1.58627 -0.160193 -0.0184699 6.29045 0.0678174 0.00320989 -1.04346 -1.47925 -0.0861929 -0.0470134 0.0616424 -0.00125208 -0.0175929
2.15157 0.0133865 1.08658 1.58627 -0.160193 -0.0184699 6.29045 0.0678174 0.00320989 -1.04346 -1.47925 -0.0861929 -0.0470134 0.0616424 -0.00125208 -0.0175929
2.14448 0.0133865 1.08658 1.58627 -0.160193 -0.0184699 6.29045 0.0678174 0.00320989 -1.04346 -1.47925 -0.0861929 -0.0470134 0.0616424 -0.00125208 -0.0175929
