24.366
24.376
24.387
24.398
24.408
24.419
24.43
24.44
24.451
24.464
24.503
24.541
24.581
24.619
24.659
24.698
24.738
24.776
24.816
24.855
24.894
24.935
24.976
25.016
25.057
25.096
25.135
25.174
25.212
25.251
25.289
25.328
25.367
25.407
25.447
25.487
25.526
25.566
25.605
25.644
25.683
25.722
25.761
25.8
25.839
25.878
25.918
25.958
25.998
26.039
26.078
26.117
26.156
26.195
26.234
26.272
26.311
26.35
26.39
26.429
26.467
26.506
26.545
26.584
26.623
26.662
26.701
26.742
26.781
26.82
26.858
26.897
26.936
26.976
27.015
27.055
27.094
27.133
27.171
27.211
27.25
27.289
27.328
27.366
27.405
27.445
27.483
27.522
27.56
27.599
27.638
27.676
27.715
27.755
27.795
27.834
27.873
27.911
27.95
27.989
28.03
28.07
28.11
28.15
28.189
28.229
28.267
28.306
28.344
28.383
28.422
28.46
28.499
28.539
28.578
28.616
28.655
28.695
28.733
28.773
28.812
28.851
28.891
28.93
28.97
29.01
29.05
29.09
29.128
29.167
29.208
29.247
29.286
29.324
29.364
29.402
29.441
29.48
29.519
