2.67244 -0.148526 -1.77405 0.596603 1.87329 -1.06718 -2.91746 -0.883562 0.845544 0.0987907 0.245179 -1.78437 -0.882036 0.436926 0.12506 -2.94814
2.67244 -0.148526 -1.77405 0.596603 1.87329 -1.06718 -2.91746 -0.883562 0.845544 0.0987907 0.245179 -1.78437 -0.882036 0.436926 0.12506 -2.94814
2.67244 -0.148526 -1.77405 0.596603 1.87329 -1.06718 -2.91746 -0.883562 0.845544 0.0987907 0.245179 -1.78437 -0.882036 0.436926 0.12506 -2.94814
2.67243 -0.148526 -1.77405 0.596603 1.87329 -1.06718 -2.91746 -0.883562 0.845544 0.0987907 0.245179 -1.78437 -0.882036 0.436926 0.12506 -2.94814
2.67237 -0.148526 -1.77405 0.596603 1.87329 -1.06718 -2.91746 -0.883562 0.845544 0.0987907 0.245179 -1.78437 -0.882036 0.436926 0.12506 -2.94814
2.6722 -0.148526 -1.77405 0.596603 1.87329 -1.06718 -2.91746 -0.883562 0.845544 0.0987907 0.245179 -1.78437 -0.882036 0.436926 0.12506 -2.94814
2.67184 -0.148526 -1.77405 0.596603 1.87329 -1.06718 -2.91746 -0.883562 0.845544 0.0987907 0.245179 -1.78437 -0.882036 0.436926 0.12506 -2.94814
2.67123 -0.148526 -1.77405 0.596603 1.87329 -1.06718 -2.91746 -0.883562 0.845544 0.0987907 0.245179 -1.78437 -0.882036 0.436926 0.12506 -2.94814
2.67036 -0.148526 -1.77405 0.596603 1.87329 -1.06718 -2.91746 -0.883562 0.845544 0.0987907 0.245179 -1.78437 -0.882036 0.436926 0.12506 -2.94814
2.66926 -0.148526 -1.77405 0.596603 1.87329 -1.06718 -2.91746 -0.883562 0.845544 0.0987907 0.245179 -1.78437 -0.882036 0.436926 0.12506 -2.94814
2.66787 -0.148526 -1.77405 0.596603 1.87329 -1.06718 -2.91746 -0.883562 0.845544 0.0987907 0.245179 -1.78437 -0.882036 0.436926 0.12506 -2.94814
2.66637 -0.148526 -1.77405 0.596603 1.87329 -1.06718 -2.91746 -0.883562 0.845544 0.0987907 0.245179 -1.78437 -0.882036 0.436926 0.12506 -2.94814
2.66497 -0.148526 -1.77405 0.596603 1.87329 -1.06718 -2.91746 -0.883562 0.845544 0.0987907 0.245179 -1.78437 -0.882036 0.436926 0.12506 -2.94814
2.66333 -0.148526 -1.77405 0.596603 1.87329 -1.06718 -2.91746 -0.883562 0.845544 0.0987907 0.245179 -1.78437 -0.882036 0.436926 0.12506 -2.94814
2.66196 -0.148526 -1.77405 0.596603 1.87329 -1.06718 -2.91746 -0.883562 0.845544 0.0987907 0.245179 -1.78437 -0.882036 0.436926 0.12506 -2.94814
2.66069 -0.148526 -1.77405 0.596603 1.87329 -1.06718 -2.91746 -0.883562 0.845544 0.0987907 0.245179 -1.78437 -0.882036 0.436926 0.12506 -2.94814
2.65932 -0.148526 -1.77405 0.596603 1.87329 -1.06718 -2.91746 -0.883562 0.845544 0.0987907 0.245179 -1.78437 -0.882036 0.436926 0.12506 -2.94814
2.6576 -0.148526 -1.77405 0.596603 1.87329 -1.06718 -2.91746 -0.883562 0.845544 0.0987907 0.245179 -1.78437 -0.882036 0.436926 0.12506 -2.94814
2.65579 -0.148526 -1.77405 0.596603 1.87329 -1.06718 -2.91746 -0.883562 0.845544 0.0987907 0.245179 -1.78437 -0.882036 0.436926 0.12506 -2.94814
2.65393 -0.148526 -1.77405 0.596603 1.87329 -1.06718 -2.91746 -0.883562 0.845544 0.0987907 0.245179 -1.78437 -0.882036 0.436926 0.12506 -2.94814
2.65037 -0.148526 -1.77405 0.596603 1.87329 -1.06718 -2.91746 -0.883562 0.845544 0.0987907 0.245179 -1.78437 -0.882036 0.436926 0.12506 -2.94814
2.64662 -0.148526 -1.77405 0.596603 1.87329 -1.06718 -2.91746 -0.883562 0.845544 0.0987907 0.245179 -1.78437 -0.882036 0.436926 0.12506 -2.94814
2.6428 -0.148526 -1.77405 0.596603 1.87329 -1.06718 -2.91746 -0.883562 0.845544 0.0987907 0.245179 -1.78437 -0.882036 0.436926 0.12506 -2.94814
2.63915 -0.148526 -1.77405 0.596603 1.87329 -1.06718 -2.91746 -0.883562 0.845544 0.0987907 0.245179 -1.78437 -0.882036 0.436926 0.12506 -2.94814
2.63554 -0.148526 -1.77405 0.596603 1.87329 -1.06718 -2.91746 -0.883562 0.845544 0.0987907 0.245179 -1.78437 -0.882036 0.436926 0.12506 -2.94814
2.63189 -0.148526 -1.77405 0.596603 1.87329 -1.06718 -2.91746 -0.883562 0.845544 0.0987907 0.245179 -1.78437 -0.882036 0.436926 0.12506 -2.94814
2.62812 -0.148526 -1.77405 0.596603 1.87329 -1.06718 -2.91746 -0.883562 0.845544 0.0987907 0.245179 -1.78437 -0.882036 0.436926 0.12506 -2.94814
2.62435 -0.148526 -1.77405 0.596603 1.87329 -1.06718 -2.91746 -0.883562 0.845544 0.0987907 0.245179 -1.78437 -0.882036 0.436926 0.12506 -2.94814
2.62056 -0.148526 -1.77405 0.596603 1.87329 -1.06718 -2.91746 -0.883562 0.845544 0.0987907 0.245179 -1.78437 -0.882036 0.436926 0.12506 -2.94814
2.61689 -0.148526 -1.77405 0.596603 1.87329 -1.06718 -2.91746 -0.883562 0.845544 0.0987907 0.245179 -1.78437 -0.882036 0.436926 0.12506 -2.94814
2.61306 -0.148526 -1.77405 0.596603 1.87329 -1.06718 -2.91746 -0.883562 0.845544 0.0987907 0.245179 -1.78437 -0.882036 0.436926 0.12506 -2.94814
2.60924 -0.148526 -1.77405 0.596603 1.87329 -1.06718 -2.91746 -0.883562 0.845544 0.0987907 0.245179 -1.78437 -0.882036 0.436926 0.12506 -2.94814
2.60537 -0.148526 -1.77405 0.596603 1.87329 -1.06718 -2.91746 -0.883562 0.845544 0.0987907 0.245179 -1.78437 -0.882036 0.436926 0.12506 -2.94814
2.60166 -0.148526 -1.77405 0.596603 1.87329 -1.06718 -2.91746 -0.883562 0.845544 0.0987907 0.245179 -1.78437 -0.882036 0.436926 0.12506 -2.94814
2.5979 -0.148526 -1.77405 0.596603 1.87329 -1.06718 -2.91746 -0.883562 0.845544 0.0987907 0.245179 -1.78437 -0.882036 0.436926 0.12506 -2.94814
2.59409 -0.148526 -1.77405 0.596603 1.87329 -1.06718 -2.91746 -0.883562 0.845544 0.0987907 0.245179 -1.78437 -0.882036 0.436926 0.12506 -2.94814
2.59028 -0.148526 -1.77405 0.596603 1.87329 -1.06718 -2.91746 -0.883562 0.845544 0.0987907 0.245179 -1.78437 -0.882036 0.436926 0.12506 -2.94814
2.58644 -0.148526 -1.77405 0.596603 1.87329 -1.06718 -2.91746 -0.883562 0.845544 0.0987907 0.245179 -1.78437 -0.882036 0.436926 0.12506 -2.94814
2.58252 -0.148526 -1.77405 0.596603 1.87329 -1.06718 -2.91746 -0.883562 0.845544 0.0987907 0.245179 -1.78437 -0.882036 0.436926 0.12506 -2.94814
2.57868 -0.148526 -1.77405 0.596603 1.87329 -1.06718 -2.91746 -0.883562 0.845544 0.0987907 0.245179 -1.78437 -0.882036 0.436926 0.12506 -2.94814
2.57485 -0.148526 -1.77405 0.596603 1.87329 -1.06718 -2.91746 -0.883562 0.845544 0.0987907 0.245179 -1.78437 -0.882036 0.436926 0.12506 -2.94814
2.57098 -0.148526 -1.77405 0.596603 1.87329 -1.06718 -2.91746 -0.883562 0.845544 0.0987907 0.245179 -1.78437 -0.882036 0.436926 0.12506 -2.94814
2.56704 -0.148526 -1.77405 0.596603 1.87329 -1.06718 -2.91746 -0.883562 0.845544 0.0987907 0.245179 -1.78437 -0.882036 0.436926 0.12506 -2.94814
2.56309 -0.148526 -1.77405 0.596603 1.87329 -1.06718 -2.91746 -0.883562 0.845544 0.0987907 0.245179 -1.78437 -0.882036 0.436926 0.12506 -2.94814
2.55915 -0.148526 -1.77405 0.596603 1.87329 -1.06718 -2.91746 -0.883562 0.845544 0.0987907 0.245179 -1.78437 -0.882036 0.436926 0.12506 -2.94814
2.55501 -0.148526 -1.77405 0.596603 1.87329 -1.06718 -2.91746 -0.883562 0.845544 0.0987907 0.245179 -1.78437 -0.882036 0.436926 0.12506 -2.94814
2.55112 -0.148526 -1.77405 0.596603 1.87329 -1.06718 -2.91746 -0.883562 0.845544 0.0987907 0.245179 -1.78437 -0.882036 0.436926 0.12506 -2.94814
2.54696 -0.148526 -1.77405 0.596603 1.87329 -1.06718 -2.91746 -0.883562 0.845544 0.0987907 0.245179 -1.78437 -0.882036 0.436926 0.12506 -2.94814
2.54301 -0.148526 -1.77405 0.596603 1.87329 -1.06718 -2.91746 -0.883562 0.845544 0.0987907 0.245179 -1.78437 -0.882036 0.436926 0.12506 -2.94814
2.53899 -0.148526 -1.77405 0.596603 1.87329 -1.06718 -2.91746 -0.883562 0.845544 0.0987907 0.245179 -1.78437 -0.882036 0.436926 0.12506 -2.94814
2.53499 -0.148526 -1.77405 0.596603 1.87329 -1.06718 -2.91746 -0.883562 0.845544 0.0987907 0.245179 -1.78437 -0.882036 0.436926 0.12506 -2.94814
2.5309 -0.148526 -1.77405 0.596603 1.87329 -1.06718 -2.91746 -0.883562 0.845544 0.0987907 0.245179 -1.78437 -0.882036 0.436926 0.12506 -2.94814
2.52679 -0.148526 -1.77405 0.596603 1.87329 -1.06718 -2.91746 -0.883562 0.845544 0.0987907 0.245179 -1.78437 -0.882036 0.436926 0.12506 -2.94814
2.52267 -0.148526 -1.77405 0.596603 1.87329 -1.06718 -2.91746 -0.883562 0.845544 0.0987907 0.245179 -1.78437 -0.882036 0.436926 0.12506 -2.94814
2.51866 -0.148526 -1.77405 0.596603 1.87329 -1.06718 -2.91746 -0.883562 0.845544 0.0987907 0.245179 -1.78437 -0.882036 0.436926 0.12506 -2.94814
2.51459 -0.148526 -1.77405 0.596603 1.87329 -1.06718 -2.91746 -0.883562 0.845544 0.0987907 0.245179 -1.78437 -0.882036 0.436926 0.12506 -2.94814
2.51039 -0.148526 -1.77405 0.596603 1.87329 -1.06718 -2.91746 -0.883562 0.845544 0.0987907 0.245179 -1.78437 -0.882036 0.436926 0.12506 -2.94814
2.50627 -0.148526 -1.77405 0.596603 1.87329 -1.06718 -2.91746 -0.883562 0.845544 0.0987907 0.245179 -1.78437 -0.882036 0.436926 0.12506 -2.94814
2.50218 -0.148526 -1.77405 0.596603 1.87329 -1.06718 -2.91746 -0.883562 0.845544 0.0987907 0.245179 -1.78437 -0.882036 0.436926 0.12506 -2.94814
2.49807 -0.148526 -1.77405 0.596603 1.87329 -1.06718 -2.91746 -0.883562 0.845544 0.0987907 0.245179 -1.78437 -0.882036 0.436926 0.12506 -2.94814
2.49391 -0.148526 -1.77405 0.596603 1.87329 -1.06718 -2.91746 -0.883562 0.845544 0.0987907 0.245179 -1.78437 -0.882036 0.436926 0.12506 -2.94814
2.48971 -0.148526 -1.77405 0.596603 1.87329 -1.06718 -2.91746 -0.883562 0.845544 0.0987907 0.245179 -1.78437 -0.882036 0.436926 0.12506 -2.94814
2.48549 -0.148526 -1.77405 0.596603 1.87329 -1.06718 -2.91746 -0.883562 0.845544 0.0987907 0.245179 -1.78437 -0.882036 0.436926 0.12506 -2.94814
2.48131 -0.148526 -1.77405 0.596603 1.87329 -1.06718 -2.91746 -0.883562 0.845544 0.0987907 0.245179 -1.78437 -0.882036 0.436926 0.12506 -2.94814
2.47715 -0.148526 -1.77405 0.596603 1.87329 -1.06718 -2.91746 -0.883562 0.845544 0.0987907 0.245179 -1.78437 -0.882036 0.436926 0.12506 -2.94814
2.47293 -0.148526 -1.77405 0.596603 1.87329 -1.06718 -2.91746 -0.883562 0.845544 0.0987907 0.245179 -1.78437 -0.882036 0.436926 0.12506 -2.94814
2.46855 -0.148526 -1.77405 0.596603 1.87329 -1.06718 -2.91746 -0.883562 0.845544 0.0987907 0.245179 -1.78437 -0.882036 0.436926 0.12506 -2.94814
2.46414 -0.148526 -1.77405 0.596603 1.87329 -1.06718 -2.91746 -0.883562 0.845544 0.0987907 0.245179 -1.78437 -0.882036 0.436926 0.12506 -2.94814
2.45988 -0.148526 -1.77405 0.596603 1.87329 -1.06718 -2.91746 -0.883562 0.845544 0.0987907 0.245179 -1.78437 -0.882036 0.436926 0.12506 -2.94814
2.45561 -0.148526 -1.77405 0.596603 1.87329 -1.06718 -2.91746 -0.883562 0.845544 0.0987907 0.245179 -1.78437 -0.882036 0.436926 0.12506 -2.94814
2.45103 -0.148526 -1.77405 0.596603 1.87329 -1.06718 -2.91746 -0.883562 0.845544 0.0987907 0.245179 -1.78437 -0.882036 0.436926 0.12506 -2.94814
2.44645 -0.148526 -1.77405 0.596603 1.87329 -1.06718 -2.91746 -0.883562 0.845544 0.0987907 0.245179 -1.78437 -0.882036 0.436926 0.12506 -2.94814
2.4421 -0.148526 -1.77405 0.596603 1.87329 -1.06718 -2.91746 -0.883562 0.845544 0.0987907 0.245179 -1.78437 -0.882036 0.436926 0.12506 -2.94814
2.43781 -0.148526 -1.77405 0.596603 1.87329 -1.06718 -2.91746 -0.883562 0.845544 0.0987907 0.245179 -1.78437 -0.882036 0.436926 0.12506 -2.94814
2.43342 -0.148526 -1.77405 0.596603 1.87329 -1.06718 -2.91746 -0.883562 0.845544 0.0987907 0.245179 -1.78437 -0.882036 0.436926 0.12506 -2.94814
2.42884 -0.148526 -1.77405 0.596603 1.87329 -1.06718 -2.91746 -0.883562 0.845544 0.0987907 0.245179 -1.78437 -0.882036 0.436926 0.12506 -2.94814
2.42437 -0.148526 -1.77405 0.596603 1.87329 -1.06718 -2.91746 -0.883562 0.845544 0.0987907 0.245179 -1.78437 -0.882036 0.436926 0.12506 -2.94814
2.41997 -0.148526 -1.77405 0.596603 1.87329 -1.06718 -2.91746 -0.883562 0.845544 0.0987907 0.245179 -1.78437 -0.882036 0.436926 0.12506 -2.94814
2.41548 -0.148526 -1.77405 0.596603 1.87329 -1.06718 -2.91746 -0.883562 0.845544 0.0987907 0.245179 -1.78437 -0.882036 0.436926 0.12506 -2.94814
2.41098 -0.148526 -1.77405 0.596603 1.87329 -1.06718 -2.91746 -0.883562 0.845544 0.0987907 0.245179 -1.78437 -0.882036 0.436926 0.12506 -2.94814
2.40645 -0.148526 -1.77405 0.596603 1.87329 -1.06718 -2.91746 -0.883562 0.845544 0.0987907 0.245179 -1.78437 -0.882036 0.436926 0.12506 -2.94814
2.40199 -0.148526 -1.77405 0.596603 1.87329 -1.06718 -2.91746 -0.883562 0.845544 0.0987907 0.245179 -1.78437 -0.882036 0.436926 0.12506 -2.94814
2.39746 -0.148526 -1.77405 0.596603 1.87329 -1.06718 -2.91746 -0.883562 0.845544 0.0987907 0.245179 -1.78437 -0.882036 0.436926 0.12506 -2.94814
2.393 -0.148526 -1.77405 0.596603 1.87329 -1.06718 -2.91746 -0.883562 0.845544 0.0987907 0.245179 -1.78437 -0.882036 0.436926 0.12506 -2.94814
2.38828 -0.148526 -1.77405 0.596603 1.87329 -1.06718 -2.91746 -0.883562 0.845544 0.0987907 0.245179 -1.78437 -0.882036 0.436926 0.12506 -2.94814
2.38375 -0.148526 -1.77405 0.596603 1.87329 -1.06718 -2.91746 -0.883562 0.845544 0.0987907 0.245179 -1.78437 -0.882036 0.436926 0.12506 -2.94814
2.3792 -0.148526 -1.77405 0.596603 1.87329 -1.06718 -2.91746 -0.883562 0.845544 0.0987907 0.245179 -1.78437 -0.882036 0.436926 0.12506 -2.94814
2.37463 -0.148526 -1.77405 0.596603 1.87329 -1.06718 -2.91746 -0.883562 0.845544 0.0987907 0.245179 -1.78437 -0.882036 0.436926 0.12506 -2.94814
2.37003 -0.148526 -1.77405 0.596603 1.87329 -1.06718 -2.91746 -0.883562 0.845544 0.0987907 0.245179 -1.78437 -0.882036 0.436926 0.12506 -2.94814
2.36542 -0.148526 -1.77405 0.596603 1.87329 -1.06718 -2.91746 -0.883562 0.845544 0.0987907 0.245179 -1.78437 -0.882036 0.436926 0.12506 -2.94814
2.36084 -0.148526 -1.77405 0.596603 1.87329 -1.06718 -2.91746 -0.883562 0.845544 0.0987907 0.245179 -1.78437 -0.882036 0.436926 0.12506 -2.94814
2.35624 -0.148526 -1.77405 0.596603 1.87329 -1.06718 -2.91746 -0.883562 0.845544 0.0987907 0.245179 -1.78437 -0.882036 0.436926 0.12506 -2.94814
2.35156 -0.148526 -1.77405 0.596603 1.87329 -1.06718 -2.91746 -0.883562 0.845544 0.0987907 0.245179 -1.78437 -0.882036 0.436926 0.12506 -2.94814
2.3468 -0.148526 -1.77405 0.596603 1.87329 -1.06718 -2.91746 -0.883562 0.845544 0.0987907 0.245179 -1.78437 -0.882036 0.436926 0.12506 -2.94814
2.34202 -0.148526 -1.77405 0.596603 1.87329 -1.06718 -2.91746 -0.883562 0.845544 0.0987907 0.245179 -1.78437 -0.882036 0.436926 0.12506 -2.94814
2.33676 -0.148526 -1.77405 0.596603 1.87329 -1.06718 -2.91746 -0.883562 0.845544 0.0987907 0.245179 -1.78437 -0.882036 0.436926 0.12506 -2.94814
2.3318 -0.148526 -1.77405 0.596603 1.87329 -1.06718 -2.91746 -0.883562 0.845544 0.0987907 0.245179 -1.78437 -0.882036 0.436926 0.12506 -2.94814
2.32685 -0.148526 -1.77405 0.596603 1.87329 -1.06718 -2.91746 -0.883562 0.845544 0.0987907 0.245179 -1.78437 -0.882036 0.436926 0.12506 -2.94814
2.32213 -0.148526 -1.77405 0.596603 1.87329 -1.06718 -2.91746 -0.883562 0.845544 0.0987907 0.245179 -1.78437 -0.882036 0.436926 0.12506 -2.94814
2.31737 -0.148526 -1.77405 0.596603 1.87329 -1.06718 -2.91746 -0.883562 0.845544 0.0987907 0.245179 -1.78437 -0.882036 0.436926 0.12506 -2.94814
2.31258 -0.148526 -1.77405 0.596603 1.87329 -1.06718 -2.91746 -0.883562 0.845544 0.0987907 0.245179 -1.78437 -0.882036 0.436926 0.12506 -2.94814
2.3076 -0.148526 -1.77405 0.596603 1.87329 -1.06718 -2.91746 -0.883562 0.845544 0.0987907 0.245179 -1.78437 -0.882036 0.436926 0.12506 -2.94814
2.30277 -0.148526 -1.77405 0.596603 1.87329 -1.06718 -2.91746 -0.883562 0.845544 0.0987907 0.245179 -1.78437 -0.882036 0.436926 0.12506 -2.94814
2.29792 -0.148526 -1.77405 0.596603 1.87329 -1.06718 -2.91746 -0.883562 0.845544 0.0987907 0.245179 -1.78437 -0.882036 0.436926 0.12506 -2.94814
2.29297 -0.148526 -1.77405 0.596603 1.87329 -1.06718 -2.91746 -0.883562 0.845544 0.0987907 0.245179 -1.78437 -0.882036 0.436926 0.12506 -2.94814
2.288 -0.148526 -1.77405 0.596603 1.87329 -1.06718 -2.91746 -0.883562 0.845544 0.0987907 0.245179 -1.78437 -0.882036 0.436926 0.12506 -2.94814
2.28301 -0.148526 -1.77405 0.596603 1.87329 -1.06718 -2.91746 -0.883562 0.845544 0.0987907 0.245179 -1.78437 -0.882036 0.436926 0.12506 -2.94814
2.27799 -0.148526 -1.77405 0.596603 1.87329 -1.06718 -2.91746 -0.883562 0.845544 0.0987907 0.245179 -1.78437 -0.882036 0.436926 0.12506 -2.94814
2.27293 -0.148526 -1.77405 0.596603 1.87329 -1.06718 -2.91746 -0.883562 0.845544 0.0987907 0.245179 -1.78437 -0.882036 0.436926 0.12506 -2.94814
2.26791 -0.148526 -1.77405 0.596603 1.87329 -1.06718 -2.91746 -0.883562 0.845544 0.0987907 0.245179 -1.78437 -0.882036 0.436926 0.12506 -2.94814
2.26289 -0.148526 -1.77405 0.596603 1.87329 -1.06718 -2.91746 -0.883562 0.845544 0.0987907 0.245179 -1.78437 -0.882036 0.436926 0.12506 -2.94814
2.2578 -0.148526 -1.77405 0.596603 1.87329 -1.06718 -2.91746 -0.883562 0.845544 0.0987907 0.245179 -1.78437 -0.882036 0.436926 0.12506 -2.94814
2.25266 -0.148526 -1.77405 0.596603 1.87329 -1.06718 -2.91746 -0.883562 0.845544 0.0987907 0.245179 -1.78437 -0.882036 0.436926 0.12506 -2.94814
2.24758 -0.148526 -1.77405 0.596603 1.87329 -1.06718 -2.91746 -0.883562 0.845544 0.0987907 0.245179 -1.78437 -0.882036 0.436926 0.12506 -2.94814
2.2422 -0.148526 -1.77405 0.596603 1.87329 -1.06718 -2.91746 -0.883562 0.845544 0.0987907 0.245179 -1.78437 -0.882036 0.436926 0.12506 -2.94814
2.23711 -0.148526 -1.77405 0.596603 1.87329 -1.06718 -2.91746 -0.883562 0.845544 0.0987907 0.245179 -1.78437 -0.882036 0.436926 0.12506 -2.94814
2.23191 -0.148526 -1.77405 0.596603 1.87329 -1.06718 -2.91746 -0.883562 0.845544 0.0987907 0.245179 -1.78437 -0.882036 0.436926 0.12506 -2.94814
2.22671 -0.148526 -1.77405 0.596603 1.87329 -1.06718 -2.91746 -0.883562 0.845544 0.0987907 0.245179 -1.78437 -0.882036 0.436926 0.12506 -2.94814
2.22155 -0.148526 -1.77405 0.596603 1.87329 -1.06718 -2.91746 -0.883562 0.845544 0.0987907 0.245179 -1.78437 -0.882036 0.436926 0.12506 -2.94814
2.21629 -0.148526 -1.77405 0.596603 1.87329 -1.06718 -2.91746 -0.883562 0.845544 0.0987907 0.245179 -1.78437 -0.882036 0.436926 0.12506 -2.94814
2.21107 -0.148526 -1.77405 0.596603 1.87329 -1.06718 -2.91746 -0.883562 0.845544 0.0987907 0.245179 -1.78437 -0.882036 0.436926 0.12506 -2.94814
2.20584 -0.148526 -1.77405 0.596603 1.87329 -1.06718 -2.91746 -0.883562 0.845544 0.0987907 0.245179 -1.78437 -0.882036 0.436926 0.12506 -2.94814
2.18705 -0.148526 -1.77405 0.596603 1.87329 -1.06718 -2.91746 -0.883562 0.845544 0.0987907 0.245179 -1.78437 -0.882036 0.436926 0.12506 -2.94814
2.18705 -0.148526 -1.77405 0.596603 1.87329 -1.06718 -2.91746 -0.883562 0.845544 0.0987907 0.245179 -1.78437 -0.882036 0.436926 0.12506 -2.94814
2.1876 -0.148526 -1.77405 0.596603 1.87329 -1.06718 -2.91746 -0.883562 0.845544 0.0987907 0.245179 -1.78437 -0.882036 0.436926 0.12506 -2.94814
2.18853 -0.148526 -1.77405 0.596603 1.87329 -1.06718 -2.91746 -0.883562 0.845544 0.0987907 0.245179 -1.78437 -0.882036 0.436926 0.12506 -2.94814
2.18957 -0.148526 -1.77405 0.596603 1.87329 -1.06718 -2.91746 -0.883562 0.845544 0.0987907 0.245179 -1.78437 -0.882036 0.436926 0.12506 -2.94814
2.19073 -0.148526 -1.77405 0.596603 1.87329 -1.06718 -2.91746 -0.883562 0.845544 0.0987907 0.245179 -1.78437 -0.882036 0.436926 0.12506 -2.94814
2.19207 -0.148526 -1.77405 0.596603 1.87329 -1.06718 -2.91746 -0.883562 0.845544 0.0987907 0.245179 -1.78437 -0.882036 0.436926 0.12506 -2.94814
2.19357 -0.148526 -1.77405 0.596603 1.87329 -1.06718 -2.91746 -0.883562 0.845544 0.0987907 0.245179 -1.78437 -0.882036 0.436926 0.12506 -2.94814
2.19531 -0.148526 -1.77405 0.596603 1.87329 -1.06718 -2.91746 -0.883562 0.845544 0.0987907 0.245179 -1.78437 -0.882036 0.436926 0.12506 -2.94814
2.19714 -0.148526 -1.77405 0.596603 1.87329 -1.06718 -2.91746 -0.883562 0.845544 0.0987907 0.245179 -1.78437 -0.882036 0.436926 0.12506 -2.94814
2.20026 -0.148526 -1.77405 0.596603 1.87329 -1.06718 -2.91746 -0.883562 0.845544 0.0987907 0.245179 -1.78437 -0.882036 0.436926 0.12506 -2.94814
2.20312 -0.148526 -1.77405 0.596603 1.87329 -1.06718 -2.91746 -0.883562 0.845544 0.0987907 0.245179 -1.78437 -0.882036 0.436926 0.12506 -2.94814
2.20601 -0.148526 -1.77405 0.596603 1.87329 -1.06718 -2.91746 -0.883562 0.845544 0.0987907 0.245179 -1.78437 -0.882036 0.436926 0.12506 -2.94814
2.2093 -0.148526 -1.77405 0.596603 1.87329 -1.06718 -2.91746 -0.883562 0.845544 0.0987907 0.245179 -1.78437 -0.882036 0.436926 0.12506 -2.94814
2.21279 -0.148526 -1.77405 0.596603 1.87329 -1.06718 -2.91746 -0.883562 0.845544 0.0987907 0.245179 -1.78437 -0.882036 0.436926 0.12506 -2.94814
2.21629 -0.148526 -1.77405 0.596603 1.87329 -1.06718 -2.91746 -0.883562 0.845544 0.0987907 0.245179 -1.78437 -0.882036 0.436926 0.12506 -2.94814
2.21997 -0.148526 -1.77405 0.596603 1.87329 -1.06718 -2.91746 -0.883562 0.845544 0.0987907 0.245179 -1.78437 -0.882036 0.436926 0.12506 -2.94814
2.2241 -0.148526 -1.77405 0.596603 1.87329 -1.06718 -2.91746 -0.883562 0.845544 0.0987907 0.245179 -1.78437 -0.882036 0.436926 0.12506 -2.94814
2.22849 -0.148526 -1.77405 0.596603 1.87329 -1.06718 -2.91746 -0.883562 0.845544 0.0987907 0.245179 -1.78437 -0.882036 0.436926 0.12506 -2.94814
2.23303 -0.148526 -1.77405 0.596603 1.87329 -1.06718 -2.91746 -0.883562 0.845544 0.0987907 0.245179 -1.78437 -0.882036 0.436926 0.12506 -2.94814
2.23762 -0.148526 -1.77405 0.596603 1.87329 -1.06718 -2.91746 -0.883562 0.845544 0.0987907 0.245179 -1.78437 -0.882036 0.436926 0.12506 -2.94814
2.24243 -0.148526 -1.77405 0.596603 1.87329 -1.06718 -2.91746 -0.883562 0.845544 0.0987907 0.245179 -1.78437 -0.882036 0.436926 0.12506 -2.94814
2.24723 -0.148526 -1.77405 0.596603 1.87329 -1.06718 -2.91746 -0.883562 0.845544 0.0987907 0.245179 -1.78437 -0.882036 0.436926 0.12506 -2.94814
2.25187 -0.148526 -1.77405 0.596603 1.87329 -1.06718 -2.91746 -0.883562 0.845544 0.0987907 0.245179 -1.78437 -0.882036 0.436926 0.12506 -2.94814
2.25674 -0.148526 -1.77405 0.596603 1.87329 -1.06718 -2.91746 -0.883562 0.845544 0.0987907 0.245179 -1.78437 -0.882036 0.436926 0.12506 -2.94814
2.26185 -0.148526 -1.77405 0.596603 1.87329 -1.06718 -2.91746 -0.883562 0.845544 0.0987907 0.245179 -1.78437 -0.882036 0.436926 0.12506 -2.94814
2.26715 -0.148526 -1.77405 0.596603 1.87329 -1.06718 -2.91746 -0.883562 0.845544 0.0987907 0.245179 -1.78437 -0.882036 0.436926 0.12506 -2.94814
2.27273 -0.148526 -1.77405 0.596603 1.87329 -1.06718 -2.91746 -0.883562 0.845544 0.0987907 0.245179 -1.78437 -0.882036 0.436926 0.12506 -2.94814
2.27837 -0.148526 -1.77405 0.596603 1.87329 -1.06718 -2.91746 -0.883562 0.845544 0.0987907 0.245179 -1.78437 -0.882036 0.436926 0.12506 -2.94814
2.28436 -0.148526 -1.77405 0.596603 1.87329 -1.06718 -2.91746 -0.883562 0.845544 0.0987907 0.245179 -1.78437 -0.882036 0.436926 0.12506 -2.94814
2.2904 -0.148526 -1.77405 0.596603 1.87329 -1.06718 -2.91746 -0.883562 0.845544 0.0987907 0.245179 -1.78437 -0.882036 0.436926 0.12506 -2.94814
2.29658 -0.148526 -1.77405 0.596603 1.87329 -1.06718 -2.91746 -0.883562 0.845544 0.0987907 0.245179 -1.78437 -0.882036 0.436926 0.12506 -2.94814
2.30304 -0.148526 -1.77405 0.596603 1.87329 -1.06718 -2.91746 -0.883562 0.845544 0.0987907 0.245179 -1.78437 -0.882036 0.436926 0.12506 -2.94814
2.30971 -0.148526 -1.77405 0.596603 1.87329 -1.06718 -2.91746 -0.883562 0.845544 0.0987907 0.245179 -1.78437 -0.882036 0.436926 0.12506 -2.94814
2.31635 -0.148526 -1.77405 0.596603 1.87329 -1.06718 -2.91746 -0.883562 0.845544 0.0987907 0.245179 -1.78437 -0.882036 0.436926 0.12506 -2.94814
2.32315 -0.148526 -1.77405 0.596603 1.87329 -1.06718 -2.91746 -0.883562 0.845544 0.0987907 0.245179 -1.78437 -0.882036 0.436926 0.12506 -2.94814
2.33053 -0.148526 -1.77405 0.596603 1.87329 -1.06718 -2.91746 -0.883562 0.845544 0.0987907 0.245179 -1.78437 -0.882036 0.436926 0.12506 -2.94814
2.33787 -0.148526 -1.77405 0.596603 1.87329 -1.06718 -2.91746 -0.883562 0.845544 0.0987907 0.245179 -1.78437 -0.882036 0.436926 0.12506 -2.94814
2.34545 -0.148526 -1.77405 0.596603 1.87329 -1.06718 -2.91746 -0.883562 0.845544 0.0987907 0.245179 -1.78437 -0.882036 0.436926 0.12506 -2.94814
2.35325 -0.148526 -1.77405 0.596603 1.87329 -1.06718 -2.91746 -0.883562 0.845544 0.0987907 0.245179 -1.78437 -0.882036 0.436926 0.12506 -2.94814
2.36139 -0.148526 -1.77405 0.596603 1.87329 -1.06718 -2.91746 -0.883562 0.845544 0.0987907 0.245179 -1.78437 -0.882036 0.436926 0.12506 -2.94814
2.37037 -0.148526 -1.77405 0.596603 1.87329 -1.06718 -2.91746 -0.883562 0.845544 0.0987907 0.245179 -1.78437 -0.882036 0.436926 0.12506 -2.94814
2.3791 -0.148526 -1.77405 0.596603 1.87329 -1.06718 -2.91746 -0.883562 0.845544 0.0987907 0.245179 -1.78437 -0.882036 0.436926 0.12506 -2.94814
2.38806 -0.148526 -1.77405 0.596603 1.87329 -1.06718 -2.91746 -0.883562 0.845544 0.0987907 0.245179 -1.78437 -0.882036 0.436926 0.12506 -2.94814
2.39738 -0.148526 -1.77405 0.596603 1.87329 -1.06718 -2.91746 -0.883562 0.845544 0.0987907 0.245179 -1.78437 -0.882036 0.436926 0.12506 -2.94814
2.40701 -0.148526 -1.77405 0.596603 1.87329 -1.06718 -2.91746 -0.883562 0.845544 0.0987907 0.245179 -1.78437 -0.882036 0.436926 0.12506 -2.94814
2.41777 -0.148526 -1.77405 0.596603 1.87329 -1.06718 -2.91746 -0.883562 0.845544 0.0987907 0.245179 -1.78437 -0.882036 0.436926 0.12506 -2.94814
2.42831 -0.148526 -1.77405 0.596603 1.87329 -1.06718 -2.91746 -0.883562 0.845544 0.0987907 0.245179 -1.78437 -0.882036 0.436926 0.12506 -2.94814
2.4389 -0.148526 -1.77405 0.596603 1.87329 -1.06718 -2.91746 -0.883562 0.845544 0.0987907 0.245179 -1.78437 -0.882036 0.436926 0.12506 -2.94814
2.4499 -0.148526 -1.77405 0.596603 1.87329 -1.06718 -2.91746 -0.883562 0.845544 0.0987907 0.245179 -1.78437 -0.882036 0.436926 0.12506 -2.94814
2.46128 -0.148526 -1.77405 0.596603 1.87329 -1.06718 -2.91746 -0.883562 0.845544 0.0987907 0.245179 -1.78437 -0.882036 0.436926 0.12506 -2.94814
2.47297 -0.148526 -1.77405 0.596603 1.87329 -1.06718 -2.91746 -0.883562 0.845544 0.0987907 0.245179 -1.78437 -0.882036 0.436926 0.12506 -2.94814
2.48529 -0.148526 -1.77405 0.596603 1.87329 -1.06718 -2.91746 -0.883562 0.845544 0.0987907 0.245179 -1.78437 -0.882036 0.436926 0.12506 -2.94814
2.49816 -0.148526 -1.77405 0.596603 1.87329 -1.06718 -2.91746 -0.883562 0.845544 0.0987907 0.245179 -1.78437 -0.882036 0.436926 0.12506 -2.94814
2.51137 -0.148526 -1.77405 0.596603 1.87329 -1.06718 -2.91746 -0.883562 0.845544 0.0987907 0.245179 -1.78437 -0.882036 0.436926 0.12506 -2.94814
2.52482 -0.148526 -1.77405 0.596603 1.87329 -1.06718 -2.91746 -0.883562 0.845544 0.0987907 0.245179 -1.78437 -0.882036 0.436926 0.12506 -2.94814
2.53891 -0.148526 -1.77405 0.596603 1.87329 -1.06718 -2.91746 -0.883562 0.845544 0.0987907 0.245179 -1.78437 -0.882036 0.436926 0.12506 -2.94814
2.55352 -0.148526 -1.77405 0.596603 1.87329 -1.06718 -2.91746 -0.883562 0.845544 0.0987907 0.245179 -1.78437 -0.882036 0.436926 0.12506 -2.94814
