13.578
13.589
13.599
13.609
13.62
13.63
13.641
13.651
13.661
13.673
13.694
13.715
13.737
13.759
13.777
13.797
13.818
13.838
13.859
13.879
13.919
13.957
13.996
14.034
14.073
14.111
14.15
14.188
14.228
14.267
14.307
14.346
14.384
14.422
14.461
14.499
14.537
14.577
14.616
14.654
14.693
14.731
14.77
14.809
14.85
14.888
14.928
14.967
15.006
15.044
15.083
15.122
15.162
15.201
15.24
15.278
15.317
15.356
15.394
15.433
15.471
15.51
15.549
15.587
15.626
15.665
15.705
15.743
15.781
15.821
15.862
15.901
15.94
15.979
16.018
16.057
16.096
16.135
16.174
16.213
16.252
16.29
16.329
16.368
16.407
16.446
16.485
16.523
16.561
16.6
16.638
16.677
16.716
16.755
16.794
16.838
16.879
16.918
16.956
16.994
17.033
17.073
17.111
17.15
17.189
17.228
17.267
17.307
17.346
17.384
17.423
17.462
17.501
17.542
17.581
17.619
17.658
17.697
17.735
17.774
17.813
17.852
18.379
18.39
18.401
18.412
18.422
18.433
18.444
18.454
18.465
18.478
18.517
18.556
18.594
18.633
18.672
18.71
18.749
18.788
18.827
18.866
18.906
18.947
18.986
19.025
19.064
19.102
19.142
19.182
19.222
19.261
19.3
19.339
19.377
19.416
19.455
19.494
19.533
19.571
19.61
19.649
19.69
19.728
19.767
19.806
19.845
19.886
19.927
19.965
20.004
20.043
20.081
20.121
20.16
20.2
20.239
20.278
20.317
20.357
