1.3821 1.53608 1.3594 -1.22564 -1.05852 0.795562 2.47226 -1.29058 -0.474005 1.06711 1.32882 2.66512 1.79284 -1.45912 -0.851172 -0.540731
1.3821 1.53608 1.3594 -1.22564 -1.05852 0.795562 2.47226 -1.29058 -0.474005 1.06711 1.32882 2.66512 1.79284 -1.45912 -0.851172 -0.540731
1.3821 1.53608 1.3594 -1.22564 -1.05852 0.795562 2.47226 -1.29058 -0.474005 1.06711 1.32882 2.66512 1.79284 -1.45912 -0.851172 -0.540731
1.3821 1.53608 1.3594 -1.22564 -1.05852 0.795562 2.47226 -1.29058 -0.474005 1.06711 1.32882 2.66512 1.79284 -1.45912 -0.851172 -0.540731
1.3821 1.53608 1.3594 -1.22564 -1.05852 0.795562 2.47226 -1.29058 -0.474005 1.06711 1.32882 2.66512 1.79284 -1.45912 -0.851172 -0.540731
1.3821 1.53608 1.3594 -1.22564 -1.05852 0.795562 2.47226 -1.29058 -0.474005 1.06711 1.32882 2.66512 1.79284 -1.45912 -0.851172 -0.540731
1.3821 1.53608 1.3594 -1.22564 -1.05852 0.795562 2.47226 -1.29058 -0.474005 1.06711 1.32882 2.66512 1.79284 -1.45912 -0.851172 -0.540731
1.38209 1.53608 1.3594 -1.22564 -1.05852 0.795562 2.47226 -1.29058 -0.474005 1.06711 1.32882 2.66512 1.79284 -1.45912 -0.851172 -0.540731
1.38207 1.53608 1.3594 -1.22564 -1.05852 0.795562 2.47226 -1.29058 -0.474005 1.06711 1.32882 2.66512 1.79284 -1.45912 -0.851172 -0.540731
1.38207 1.53608 1.3594 -1.22564 -1.05852 0.795562 2.47226 -1.29058 -0.474005 1.06711 1.32882 2.66512 1.79284 -1.45912 -0.851172 -0.540731
1.38207 1.53608 1.3594 -1.22564 -1.05852 0.795562 2.47226 -1.29058 -0.474005 1.06711 1.32882 2.66512 1.79284 -1.45912 -0.851172 -0.540731
1.38207 1.53608 1.3594 -1.22564 -1.05852 0.795562 2.47226 -1.29058 -0.474005 1.06711 1.32882 2.66512 1.79284 -1.45912 -0.851172 -0.540731
1.38207 1.53608 1.3594 -1.22564 -1.05852 0.795562 2.47226 -1.29058 -0.474005 1.06711 1.32882 2.66512 1.79284 -1.45912 -0.851172 -0.540731
1.38207 1.53608 1.3594 -1.22564 -1.05852 0.795562 2.47226 -1.29058 -0.474005 1.06711 1.32882 2.66512 1.79284 -1.45912 -0.851172 -0.540731
1.38207 1.53608 1.3594 -1.22564 -1.05852 0.795562 2.47226 -1.29058 -0.474005 1.06711 1.32882 2.66512 1.79284 -1.45912 -0.851172 -0.540731
1.38217 1.53608 1.3594 -1.22564 -1.05852 0.795562 2.47226 -1.29058 -0.474005 1.06711 1.32882 2.66512 1.79284 -1.45912 -0.851172 -0.540731
1.38249 1.53608 1.3594 -1.22564 -1.05852 0.795562 2.47226 -1.29058 -0.474005 1.06711 1.32882 2.66512 1.79284 -1.45912 -0.851172 -0.540731
1.38275 1.53608 1.3594 -1.22564 -1.05852 0.795562 2.47226 -1.29058 -0.474005 1.06711 1.32882 2.66512 1.79284 -1.45912 -0.851172 -0.540731
1.38298 1.53608 1.3594 -1.22564 -1.05852 0.795562 2.47226 -1.29058 -0.474005 1.06711 1.32882 2.66512 1.79284 -1.45912 -0.851172 -0.540731
1.38318 1.53608 1.3594 -1.22564 -1.05852 0.795562 2.47226 -1.29058 -0.474005 1.06711 1.32882 2.66512 1.79284 -1.45912 -0.851172 -0.540731
1.38352 1.53608 1.3594 -1.22564 -1.05852 0.795562 2.47226 -1.29058 -0.474005 1.06711 1.32882 2.66512 1.79284 -1.45912 -0.851172 -0.540731
1.38389 1.53608 1.3594 -1.22564 -1.05852 0.795562 2.47226 -1.29058 -0.474005 1.06711 1.32882 2.66512 1.79284 -1.45912 -0.851172 -0.540731
1.38437 1.53608 1.3594 -1.22564 -1.05852 0.795562 2.47226 -1.29058 -0.474005 1.06711 1.32882 2.66512 1.79284 -1.45912 -0.851172 -0.540731
1.38501 1.53608 1.3594 -1.22564 -1.05852 0.795562 2.47226 -1.29058 -0.474005 1.06711 1.32882 2.66512 1.79284 -1.45912 -0.851172 -0.540731
1.38575 1.53608 1.3594 -1.22564 -1.05852 0.795562 2.47226 -1.29058 -0.474005 1.06711 1.32882 2.66512 1.79284 -1.45912 -0.851172 -0.540731
1.38654 1.53608 1.3594 -1.22564 -1.05852 0.795562 2.47226 -1.29058 -0.474005 1.06711 1.32882 2.66512 1.79284 -1.45912 -0.851172 -0.540731
1.38731 1.53608 1.3594 -1.22564 -1.05852 0.795562 2.47226 -1.29058 -0.474005 1.06711 1.32882 2.66512 1.79284 -1.45912 -0.851172 -0.540731
1.38804 1.53608 1.3594 -1.22564 -1.05852 0.795562 2.47226 -1.29058 -0.474005 1.06711 1.32882 2.66512 1.79284 -1.45912 -0.851172 -0.540731
1.38877 1.53608 1.3594 -1.22564 -1.05852 0.795562 2.47226 -1.29058 -0.474005 1.06711 1.32882 2.66512 1.79284 -1.45912 -0.851172 -0.540731
1.38953 1.53608 1.3594 -1.22564 -1.05852 0.795562 2.47226 -1.29058 -0.474005 1.06711 1.32882 2.66512 1.79284 -1.45912 -0.851172 -0.540731
1.39034 1.53608 1.3594 -1.22564 -1.05852 0.795562 2.47226 -1.29058 -0.474005 1.06711 1.32882 2.66512 1.79284 -1.45912 -0.851172 -0.540731
1.39112 1.53608 1.3594 -1.22564 -1.05852 0.795562 2.47226 -1.29058 -0.474005 1.06711 1.32882 2.66512 1.79284 -1.45912 -0.851172 -0.540731
1.39194 1.53608 1.3594 -1.22564 -1.05852 0.795562 2.47226 -1.29058 -0.474005 1.06711 1.32882 2.66512 1.79284 -1.45912 -0.851172 -0.540731
1.39284 1.53608 1.3594 -1.22564 -1.05852 0.795562 2.47226 -1.29058 -0.474005 1.06711 1.32882 2.66512 1.79284 -1.45912 -0.851172 -0.540731
1.39377 1.53608 1.3594 -1.22564 -1.05852 0.795562 2.47226 -1.29058 -0.474005 1.06711 1.32882 2.66512 1.79284 -1.45912 -0.851172 -0.540731
1.39461 1.53608 1.3594 -1.22564 -1.05852 0.795562 2.47226 -1.29058 -0.474005 1.06711 1.32882 2.66512 1.79284 -1.45912 -0.851172 -0.540731
1.39543 1.53608 1.3594 -1.22564 -1.05852 0.795562 2.47226 -1.29058 -0.474005 1.06711 1.32882 2.66512 1.79284 -1.45912 -0.851172 -0.540731
1.39631 1.53608 1.3594 -1.22564 -1.05852 0.795562 2.47226 -1.29058 -0.474005 1.06711 1.32882 2.66512 1.79284 -1.45912 -0.851172 -0.540731
1.39739 1.53608 1.3594 -1.22564 -1.05852 0.795562 2.47226 -1.29058 -0.474005 1.06711 1.32882 2.66512 1.79284 -1.45912 -0.851172 -0.540731
1.39853 1.53608 1.3594 -1.22564 -1.05852 0.795562 2.47226 -1.29058 -0.474005 1.06711 1.32882 2.66512 1.79284 -1.45912 -0.851172 -0.540731
1.39974 1.53608 1.3594 -1.22564 -1.05852 0.795562 2.47226 -1.29058 -0.474005 1.06711 1.32882 2.66512 1.79284 -1.45912 -0.851172 -0.540731
1.40101 1.53608 1.3594 -1.22564 -1.05852 0.795562 2.47226 -1.29058 -0.474005 1.06711 1.32882 2.66512 1.79284 -1.45912 -0.851172 -0.540731
1.40228 1.53608 1.3594 -1.22564 -1.05852 0.795562 2.47226 -1.29058 -0.474005 1.06711 1.32882 2.66512 1.79284 -1.45912 -0.851172 -0.540731
1.40356 1.53608 1.3594 -1.22564 -1.05852 0.795562 2.47226 -1.29058 -0.474005 1.06711 1.32882 2.66512 1.79284 -1.45912 -0.851172 -0.540731
1.40489 1.53608 1.3594 -1.22564 -1.05852 0.795562 2.47226 -1.29058 -0.474005 1.06711 1.32882 2.66512 1.79284 -1.45912 -0.851172 -0.540731
1.40631 1.53608 1.3594 -1.22564 -1.05852 0.795562 2.47226 -1.29058 -0.474005 1.06711 1.32882 2.66512 1.79284 -1.45912 -0.851172 -0.540731
1.4078 1.53608 1.3594 -1.22564 -1.05852 0.795562 2.47226 -1.29058 -0.474005 1.06711 1.32882 2.66512 1.79284 -1.45912 -0.851172 -0.540731
1.40935 1.53608 1.3594 -1.22564 -1.05852 0.795562 2.47226 -1.29058 -0.474005 1.06711 1.32882 2.66512 1.79284 -1.45912 -0.851172 -0.540731
1.41083 1.53608 1.3594 -1.22564 -1.05852 0.795562 2.47226 -1.29058 -0.474005 1.06711 1.32882 2.66512 1.79284 -1.45912 -0.851172 -0.540731
1.41229 1.53608 1.3594 -1.22564 -1.05852 0.795562 2.47226 -1.29058 -0.474005 1.06711 1.32882 2.66512 1.79284 -1.45912 -0.851172 -0.540731
1.41385 1.53608 1.3594 -1.22564 -1.05852 0.795562 2.47226 -1.29058 -0.474005 1.06711 1.32882 2.66512 1.79284 -1.45912 -0.851172 -0.540731
1.41546 1.53608 1.3594 -1.22564 -1.05852 0.795562 2.47226 -1.29058 -0.474005 1.06711 1.32882 2.66512 1.79284 -1.45912 -0.851172 -0.540731
1.41713 1.53608 1.3594 -1.22564 -1.05852 0.795562 2.47226 -1.29058 -0.474005 1.06711 1.32882 2.66512 1.79284 -1.45912 -0.851172 -0.540731
1.41877 1.53608 1.3594 -1.22564 -1.05852 0.795562 2.47226 -1.29058 -0.474005 1.06711 1.32882 2.66512 1.79284 -1.45912 -0.851172 -0.540731
1.42055 1.53608 1.3594 -1.22564 -1.05852 0.795562 2.47226 -1.29058 -0.474005 1.06711 1.32882 2.66512 1.79284 -1.45912 -0.851172 -0.540731
1.42242 1.53608 1.3594 -1.22564 -1.05852 0.795562 2.47226 -1.29058 -0.474005 1.06711 1.32882 2.66512 1.79284 -1.45912 -0.851172 -0.540731
1.42434 1.53608 1.3594 -1.22564 -1.05852 0.795562 2.47226 -1.29058 -0.474005 1.06711 1.32882 2.66512 1.79284 -1.45912 -0.851172 -0.540731
1.42631 1.53608 1.3594 -1.22564 -1.05852 0.795562 2.47226 -1.29058 -0.474005 1.06711 1.32882 2.66512 1.79284 -1.45912 -0.851172 -0.540731
1.42829 1.53608 1.3594 -1.22564 -1.05852 0.795562 2.47226 -1.29058 -0.474005 1.06711 1.32882 2.66512 1.79284 -1.45912 -0.851172 -0.540731
1.43036 1.53608 1.3594 -1.22564 -1.05852 0.795562 2.47226 -1.29058 -0.474005 1.06711 1.32882 2.66512 1.79284 -1.45912 -0.851172 -0.540731
1.43249 1.53608 1.3594 -1.22564 -1.05852 0.795562 2.47226 -1.29058 -0.474005 1.06711 1.32882 2.66512 1.79284 -1.45912 -0.851172 -0.540731
1.43474 1.53608 1.3594 -1.22564 -1.05852 0.795562 2.47226 -1.29058 -0.474005 1.06711 1.32882 2.66512 1.79284 -1.45912 -0.851172 -0.540731
1.43698 1.53608 1.3594 -1.22564 -1.05852 0.795562 2.47226 -1.29058 -0.474005 1.06711 1.32882 2.66512 1.79284 -1.45912 -0.851172 -0.540731
1.43924 1.53608 1.3594 -1.22564 -1.05852 0.795562 2.47226 -1.29058 -0.474005 1.06711 1.32882 2.66512 1.79284 -1.45912 -0.851172 -0.540731
1.44167 1.53608 1.3594 -1.22564 -1.05852 0.795562 2.47226 -1.29058 -0.474005 1.06711 1.32882 2.66512 1.79284 -1.45912 -0.851172 -0.540731
1.44411 1.53608 1.3594 -1.22564 -1.05852 0.795562 2.47226 -1.29058 -0.474005 1.06711 1.32882 2.66512 1.79284 -1.45912 -0.851172 -0.540731
1.44652 1.53608 1.3594 -1.22564 -1.05852 0.795562 2.47226 -1.29058 -0.474005 1.06711 1.32882 2.66512 1.79284 -1.45912 -0.851172 -0.540731
1.44912 1.53608 1.3594 -1.22564 -1.05852 0.795562 2.47226 -1.29058 -0.474005 1.06711 1.32882 2.66512 1.79284 -1.45912 -0.851172 -0.540731
1.45152 1.53608 1.3594 -1.22564 -1.05852 0.795562 2.47226 -1.29058 -0.474005 1.06711 1.32882 2.66512 1.79284 -1.45912 -0.851172 -0.540731
1.45417 1.53608 1.3594 -1.22564 -1.05852 0.795562 2.47226 -1.29058 -0.474005 1.06711 1.32882 2.66512 1.79284 -1.45912 -0.851172 -0.540731
1.4569 1.53608 1.3594 -1.22564 -1.05852 0.795562 2.47226 -1.29058 -0.474005 1.06711 1.32882 2.66512 1.79284 -1.45912 -0.851172 -0.540731
1.45978 1.53608 1.3594 -1.22564 -1.05852 0.795562 2.47226 -1.29058 -0.474005 1.06711 1.32882 2.66512 1.79284 -1.45912 -0.851172 -0.540731
1.46274 1.53608 1.3594 -1.22564 -1.05852 0.795562 2.47226 -1.29058 -0.474005 1.06711 1.32882 2.66512 1.79284 -1.45912 -0.851172 -0.540731
1.46579 1.53608 1.3594 -1.22564 -1.05852 0.795562 2.47226 -1.29058 -0.474005 1.06711 1.32882 2.66512 1.79284 -1.45912 -0.851172 -0.540731
1.46876 1.53608 1.3594 -1.22564 -1.05852 0.795562 2.47226 -1.29058 -0.474005 1.06711 1.32882 2.66512 1.79284 -1.45912 -0.851172 -0.540731
1.47165 1.53608 1.3594 -1.22564 -1.05852 0.795562 2.47226 -1.29058 -0.474005 1.06711 1.32882 2.66512 1.79284 -1.45912 -0.851172 -0.540731
1.47488 1.53608 1.3594 -1.22564 -1.05852 0.795562 2.47226 -1.29058 -0.474005 1.06711 1.32882 2.66512 1.79284 -1.45912 -0.851172 -0.540731
1.47828 1.53608 1.3594 -1.22564 -1.05852 0.795562 2.47226 -1.29058 -0.474005 1.06711 1.32882 2.66512 1.79284 -1.45912 -0.851172 -0.540731
1.48184 1.53608 1.3594 -1.22564 -1.05852 0.795562 2.47226 -1.29058 -0.474005 1.06711 1.32882 2.66512 1.79284 -1.45912 -0.851172 -0.540731
1.48548 1.53608 1.3594 -1.22564 -1.05852 0.795562 2.47226 -1.29058 -0.474005 1.06711 1.32882 2.66512 1.79284 -1.45912 -0.851172 -0.540731
1.48906 1.53608 1.3594 -1.22564 -1.05852 0.795562 2.47226 -1.29058 -0.474005 1.06711 1.32882 2.66512 1.79284 -1.45912 -0.851172 -0.540731
1.4926 1.53608 1.3594 -1.22564 -1.05852 0.795562 2.47226 -1.29058 -0.474005 1.06711 1.32882 2.66512 1.79284 -1.45912 -0.851172 -0.540731
1.49632 1.53608 1.3594 -1.22564 -1.05852 0.795562 2.47226 -1.29058 -0.474005 1.06711 1.32882 2.66512 1.79284 -1.45912 -0.851172 -0.540731
1.50027 1.53608 1.3594 -1.22564 -1.05852 0.795562 2.47226 -1.29058 -0.474005 1.06711 1.32882 2.66512 1.79284 -1.45912 -0.851172 -0.540731
1.50441 1.53608 1.3594 -1.22564 -1.05852 0.795562 2.47226 -1.29058 -0.474005 1.06711 1.32882 2.66512 1.79284 -1.45912 -0.851172 -0.540731
1.50864 1.53608 1.3594 -1.22564 -1.05852 0.795562 2.47226 -1.29058 -0.474005 1.06711 1.32882 2.66512 1.79284 -1.45912 -0.851172 -0.540731
1.51297 1.53608 1.3594 -1.22564 -1.05852 0.795562 2.47226 -1.29058 -0.474005 1.06711 1.32882 2.66512 1.79284 -1.45912 -0.851172 -0.540731
1.51735 1.53608 1.3594 -1.22564 -1.05852 0.795562 2.47226 -1.29058 -0.474005 1.06711 1.32882 2.66512 1.79284 -1.45912 -0.851172 -0.540731
1.52196 1.53608 1.3594 -1.22564 -1.05852 0.795562 2.47226 -1.29058 -0.474005 1.06711 1.32882 2.66512 1.79284 -1.45912 -0.851172 -0.540731
1.52673 1.53608 1.3594 -1.22564 -1.05852 0.795562 2.47226 -1.29058 -0.474005 1.06711 1.32882 2.66512 1.79284 -1.45912 -0.851172 -0.540731
1.53155 1.53608 1.3594 -1.22564 -1.05852 0.795562 2.47226 -1.29058 -0.474005 1.06711 1.32882 2.66512 1.79284 -1.45912 -0.851172 -0.540731
1.53645 1.53608 1.3594 -1.22564 -1.05852 0.795562 2.47226 -1.29058 -0.474005 1.06711 1.32882 2.66512 1.79284 -1.45912 -0.851172 -0.540731
1.54163 1.53608 1.3594 -1.22564 -1.05852 0.795562 2.47226 -1.29058 -0.474005 1.06711 1.32882 2.66512 1.79284 -1.45912 -0.851172 -0.540731
1.54698 1.53608 1.3594 -1.22564 -1.05852 0.795562 2.47226 -1.29058 -0.474005 1.06711 1.32882 2.66512 1.79284 -1.45912 -0.851172 -0.540731
1.5525 1.53608 1.3594 -1.22564 -1.05852 0.795562 2.47226 -1.29058 -0.474005 1.06711 1.32882 2.66512 1.79284 -1.45912 -0.851172 -0.540731
1.55823 1.53608 1.3594 -1.22564 -1.05852 0.795562 2.47226 -1.29058 -0.474005 1.06711 1.32882 2.66512 1.79284 -1.45912 -0.851172 -0.540731
1.56401 1.53608 1.3594 -1.22564 -1.05852 0.795562 2.47226 -1.29058 -0.474005 1.06711 1.32882 2.66512 1.79284 -1.45912 -0.851172 -0.540731
1.56997 1.53608 1.3594 -1.22564 -1.05852 0.795562 2.47226 -1.29058 -0.474005 1.06711 1.32882 2.66512 1.79284 -1.45912 -0.851172 -0.540731
1.57613 1.53608 1.3594 -1.22564 -1.05852 0.795562 2.47226 -1.29058 -0.474005 1.06711 1.32882 2.66512 1.79284 -1.45912 -0.851172 -0.540731
1.58256 1.53608 1.3594 -1.22564 -1.05852 0.795562 2.47226 -1.29058 -0.474005 1.06711 1.32882 2.66512 1.79284 -1.45912 -0.851172 -0.540731
1.58918 1.53608 1.3594 -1.22564 -1.05852 0.795562 2.47226 -1.29058 -0.474005 1.06711 1.32882 2.66512 1.79284 -1.45912 -0.851172 -0.540731
1.59585 1.53608 1.3594 -1.22564 -1.05852 0.795562 2.47226 -1.29058 -0.474005 1.06711 1.32882 2.66512 1.79284 -1.45912 -0.851172 -0.540731
1.60293 1.53608 1.3594 -1.22564 -1.05852 0.795562 2.47226 -1.29058 -0.474005 1.06711 1.32882 2.66512 1.79284 -1.45912 -0.851172 -0.540731
1.61017 1.53608 1.3594 -1.22564 -1.05852 0.795562 2.47226 -1.29058 -0.474005 1.06711 1.32882 2.66512 1.79284 -1.45912 -0.851172 -0.540731
1.61783 1.53608 1.3594 -1.22564 -1.05852 0.795562 2.47226 -1.29058 -0.474005 1.06711 1.32882 2.66512 1.79284 -1.45912 -0.851172 -0.540731
1.62551 1.53608 1.3594 -1.22564 -1.05852 0.795562 2.47226 -1.29058 -0.474005 1.06711 1.32882 2.66512 1.79284 -1.45912 -0.851172 -0.540731
1.63348 1.53608 1.3594 -1.22564 -1.05852 0.795562 2.47226 -1.29058 -0.474005 1.06711 1.32882 2.66512 1.79284 -1.45912 -0.851172 -0.540731
1.64172 1.53608 1.3594 -1.22564 -1.05852 0.795562 2.47226 -1.29058 -0.474005 1.06711 1.32882 2.66512 1.79284 -1.45912 -0.851172 -0.540731
1.65015 1.53608 1.3594 -1.22564 -1.05852 0.795562 2.47226 -1.29058 -0.474005 1.06711 1.32882 2.66512 1.79284 -1.45912 -0.851172 -0.540731
1.65599 1.53608 1.3594 -1.22564 -1.05852 0.795562 2.47226 -1.29058 -0.474005 1.06711 1.32882 2.66512 1.79284 -1.45912 -0.851172 -0.540731
1.65481 1.53608 1.3594 -1.22564 -1.05852 0.795562 2.47226 -1.29058 -0.474005 1.06711 1.32882 2.66512 1.79284 -1.45912 -0.851172 -0.540731
1.65352 1.53608 1.3594 -1.22564 -1.05852 0.795562 2.47226 -1.29058 -0.474005 1.06711 1.32882 2.66512 1.79284 -1.45912 -0.851172 -0.540731
1.65203 1.53608 1.3594 -1.22564 -1.05852 0.795562 2.47226 -1.29058 -0.474005 1.06711 1.32882 2.66512 1.79284 -1.45912 -0.851172 -0.540731
1.65087 1.53608 1.3594 -1.22564 -1.05852 0.795562 2.47226 -1.29058 -0.474005 1.06711 1.32882 2.66512 1.79284 -1.45912 -0.851172 -0.540731
1.64933 1.53608 1.3594 -1.22564 -1.05852 0.795562 2.47226 -1.29058 -0.474005 1.06711 1.32882 2.66512 1.79284 -1.45912 -0.851172 -0.540731
1.64778 1.53608 1.3594 -1.22564 -1.05852 0.795562 2.47226 -1.29058 -0.474005 1.06711 1.32882 2.66512 1.79284 -1.45912 -0.851172 -0.540731
1.6463 1.53608 1.3594 -1.22564 -1.05852 0.795562 2.47226 -1.29058 -0.474005 1.06711 1.32882 2.66512 1.79284 -1.45912 -0.851172 -0.540731
1.64494 1.53608 1.3594 -1.22564 -1.05852 0.795562 2.47226 -1.29058 -0.474005 1.06711 1.32882 2.66512 1.79284 -1.45912 -0.851172 -0.540731
1.64306 1.53608 1.3594 -1.22564 -1.05852 0.795562 2.47226 -1.29058 -0.474005 1.06711 1.32882 2.66512 1.79284 -1.45912 -0.851172 -0.540731
1.63872 1.53608 1.3594 -1.22564 -1.05852 0.795562 2.47226 -1.29058 -0.474005 1.06711 1.32882 2.66512 1.79284 -1.45912 -0.851172 -0.540731
1.63431 1.53608 1.3594 -1.22564 -1.05852 0.795562 2.47226 -1.29058 -0.474005 1.06711 1.32882 2.66512 1.79284 -1.45912 -0.851172 -0.540731
1.6298 1.53608 1.3594 -1.22564 -1.05852 0.795562 2.47226 -1.29058 -0.474005 1.06711 1.32882 2.66512 1.79284 -1.45912 -0.851172 -0.540731
1.62533 1.53608 1.3594 -1.22564 -1.05852 0.795562 2.47226 -1.29058 -0.474005 1.06711 1.32882 2.66512 1.79284 -1.45912 -0.851172 -0.540731
1.62079 1.53608 1.3594 -1.22564 -1.05852 0.795562 2.47226 -1.29058 -0.474005 1.06711 1.32882 2.66512 1.79284 -1.45912 -0.851172 -0.540731
1.61621 1.53608 1.3594 -1.22564 -1.05852 0.795562 2.47226 -1.29058 -0.474005 1.06711 1.32882 2.66512 1.79284 -1.45912 -0.851172 -0.540731
1.6116 1.53608 1.3594 -1.22564 -1.05852 0.795562 2.47226 -1.29058 -0.474005 1.06711 1.32882 2.66512 1.79284 -1.45912 -0.851172 -0.540731
1.60701 1.53608 1.3594 -1.22564 -1.05852 0.795562 2.47226 -1.29058 -0.474005 1.06711 1.32882 2.66512 1.79284 -1.45912 -0.851172 -0.540731
1.60247 1.53608 1.3594 -1.22564 -1.05852 0.795562 2.47226 -1.29058 -0.474005 1.06711 1.32882 2.66512 1.79284 -1.45912 -0.851172 -0.540731
1.59782 1.53608 1.3594 -1.22564 -1.05852 0.795562 2.47226 -1.29058 -0.474005 1.06711 1.32882 2.66512 1.79284 -1.45912 -0.851172 -0.540731
1.59319 1.53608 1.3594 -1.22564 -1.05852 0.795562 2.47226 -1.29058 -0.474005 1.06711 1.32882 2.66512 1.79284 -1.45912 -0.851172 -0.540731
1.58849 1.53608 1.3594 -1.22564 -1.05852 0.795562 2.47226 -1.29058 -0.474005 1.06711 1.32882 2.66512 1.79284 -1.45912 -0.851172 -0.540731
1.58379 1.53608 1.3594 -1.22564 -1.05852 0.795562 2.47226 -1.29058 -0.474005 1.06711 1.32882 2.66512 1.79284 -1.45912 -0.851172 -0.540731
1.5791 1.53608 1.3594 -1.22564 -1.05852 0.795562 2.47226 -1.29058 -0.474005 1.06711 1.32882 2.66512 1.79284 -1.45912 -0.851172 -0.540731
1.5744 1.53608 1.3594 -1.22564 -1.05852 0.795562 2.47226 -1.29058 -0.474005 1.06711 1.32882 2.66512 1.79284 -1.45912 -0.851172 -0.540731
1.56931 1.53608 1.3594 -1.22564 -1.05852 0.795562 2.47226 -1.29058 -0.474005 1.06711 1.32882 2.66512 1.79284 -1.45912 -0.851172 -0.540731
1.56452 1.53608 1.3594 -1.22564 -1.05852 0.795562 2.47226 -1.29058 -0.474005 1.06711 1.32882 2.66512 1.79284 -1.45912 -0.851172 -0.540731
1.5597 1.53608 1.3594 -1.22564 -1.05852 0.795562 2.47226 -1.29058 -0.474005 1.06711 1.32882 2.66512 1.79284 -1.45912 -0.851172 -0.540731
1.55477 1.53608 1.3594 -1.22564 -1.05852 0.795562 2.47226 -1.29058 -0.474005 1.06711 1.32882 2.66512 1.79284 -1.45912 -0.851172 -0.540731
1.54995 1.53608 1.3594 -1.22564 -1.05852 0.795562 2.47226 -1.29058 -0.474005 1.06711 1.32882 2.66512 1.79284 -1.45912 -0.851172 -0.540731
1.54492 1.53608 1.3594 -1.22564 -1.05852 0.795562 2.47226 -1.29058 -0.474005 1.06711 1.32882 2.66512 1.79284 -1.45912 -0.851172 -0.540731
1.53991 1.53608 1.3594 -1.22564 -1.05852 0.795562 2.47226 -1.29058 -0.474005 1.06711 1.32882 2.66512 1.79284 -1.45912 -0.851172 -0.540731
1.53507 1.53608 1.3594 -1.22564 -1.05852 0.795562 2.47226 -1.29058 -0.474005 1.06711 1.32882 2.66512 1.79284 -1.45912 -0.851172 -0.540731
1.53011 1.53608 1.3594 -1.22564 -1.05852 0.795562 2.47226 -1.29058 -0.474005 1.06711 1.32882 2.66512 1.79284 -1.45912 -0.851172 -0.540731
1.52506 1.53608 1.3594 -1.22564 -1.05852 0.795562 2.47226 -1.29058 -0.474005 1.06711 1.32882 2.66512 1.79284 -1.45912 -0.851172 -0.540731
1.52014 1.53608 1.3594 -1.22564 -1.05852 0.795562 2.47226 -1.29058 -0.474005 1.06711 1.32882 2.66512 1.79284 -1.45912 -0.851172 -0.540731
1.51524 1.53608 1.3594 -1.22564 -1.05852 0.795562 2.47226 -1.29058 -0.474005 1.06711 1.32882 2.66512 1.79284 -1.45912 -0.851172 -0.540731
1.51026 1.53608 1.3594 -1.22564 -1.05852 0.795562 2.47226 -1.29058 -0.474005 1.06711 1.32882 2.66512 1.79284 -1.45912 -0.851172 -0.540731
1.50525 1.53608 1.3594 -1.22564 -1.05852 0.795562 2.47226 -1.29058 -0.474005 1.06711 1.32882 2.66512 1.79284 -1.45912 -0.851172 -0.540731
1.50023 1.53608 1.3594 -1.22564 -1.05852 0.795562 2.47226 -1.29058 -0.474005 1.06711 1.32882 2.66512 1.79284 -1.45912 -0.851172 -0.540731
1.49514 1.53608 1.3594 -1.22564 -1.05852 0.795562 2.47226 -1.29058 -0.474005 1.06711 1.32882 2.66512 1.79284 -1.45912 -0.851172 -0.540731
1.4901 1.53608 1.3594 -1.22564 -1.05852 0.795562 2.47226 -1.29058 -0.474005 1.06711 1.32882 2.66512 1.79284 -1.45912 -0.851172 -0.540731
1.48496 1.53608 1.3594 -1.22564 -1.05852 0.795562 2.47226 -1.29058 -0.474005 1.06711 1.32882 2.66512 1.79284 -1.45912 -0.851172 -0.540731
1.47967 1.53608 1.3594 -1.22564 -1.05852 0.795562 2.47226 -1.29058 -0.474005 1.06711 1.32882 2.66512 1.79284 -1.45912 -0.851172 -0.540731
1.47449 1.53608 1.3594 -1.22564 -1.05852 0.795562 2.47226 -1.29058 -0.474005 1.06711 1.32882 2.66512 1.79284 -1.45912 -0.851172 -0.540731
1.46925 1.53608 1.3594 -1.22564 -1.05852 0.795562 2.47226 -1.29058 -0.474005 1.06711 1.32882 2.66512 1.79284 -1.45912 -0.851172 -0.540731
1.46398 1.53608 1.3594 -1.22564 -1.05852 0.795562 2.47226 -1.29058 -0.474005 1.06711 1.32882 2.66512 1.79284 -1.45912 -0.851172 -0.540731
1.45875 1.53608 1.3594 -1.22564 -1.05852 0.795562 2.47226 -1.29058 -0.474005 1.06711 1.32882 2.66512 1.79284 -1.45912 -0.851172 -0.540731
1.45352 1.53608 1.3594 -1.22564 -1.05852 0.795562 2.47226 -1.29058 -0.474005 1.06711 1.32882 2.66512 1.79284 -1.45912 -0.851172 -0.540731
1.44825 1.53608 1.3594 -1.22564 -1.05852 0.795562 2.47226 -1.29058 -0.474005 1.06711 1.32882 2.66512 1.79284 -1.45912 -0.851172 -0.540731
1.44301 1.53608 1.3594 -1.22564 -1.05852 0.795562 2.47226 -1.29058 -0.474005 1.06711 1.32882 2.66512 1.79284 -1.45912 -0.851172 -0.540731
1.43776 1.53608 1.3594 -1.22564 -1.05852 0.795562 2.47226 -1.29058 -0.474005 1.06711 1.32882 2.66512 1.79284 -1.45912 -0.851172 -0.540731
1.43221 1.53608 1.3594 -1.22564 -1.05852 0.795562 2.47226 -1.29058 -0.474005 1.06711 1.32882 2.66512 1.79284 -1.45912 -0.851172 -0.540731
1.42684 1.53608 1.3594 -1.22564 -1.05852 0.795562 2.47226 -1.29058 -0.474005 1.06711 1.32882 2.66512 1.79284 -1.45912 -0.851172 -0.540731
1.42109 1.53608 1.3594 -1.22564 -1.05852 0.795562 2.47226 -1.29058 -0.474005 1.06711 1.32882 2.66512 1.79284 -1.45912 -0.851172 -0.540731
1.41575 1.53608 1.3594 -1.22564 -1.05852 0.795562 2.47226 -1.29058 -0.474005 1.06711 1.32882 2.66512 1.79284 -1.45912 -0.851172 -0.540731
1.4103 1.53608 1.3594 -1.22564 -1.05852 0.795562 2.47226 -1.29058 -0.474005 1.06711 1.32882 2.66512 1.79284 -1.45912 -0.851172 -0.540731
1.40491 1.53608 1.3594 -1.22564 -1.05852 0.795562 2.47226 -1.29058 -0.474005 1.06711 1.32882 2.66512 1.79284 -1.45912 -0.851172 -0.540731
1.39952 1.53608 1.3594 -1.22564 -1.05852 0.795562 2.47226 -1.29058 -0.474005 1.06711 1.32882 2.66512 1.79284 -1.45912 -0.851172 -0.540731
1.39404 1.53608 1.3594 -1.22564 -1.05852 0.795562 2.47226 -1.29058 -0.474005 1.06711 1.32882 2.66512 1.79284 -1.45912 -0.851172 -0.540731
1.3885 1.53608 1.3594 -1.22564 -1.05852 0.795562 2.47226 -1.29058 -0.474005 1.06711 1.32882 2.66512 1.79284 -1.45912 -0.851172 -0.540731
1.38275 1.53608 1.3594 -1.22564 -1.05852 0.795562 2.47226 -1.29058 -0.474005 1.06711 1.32882 2.66512 1.79284 -1.45912 -0.851172 -0.540731
1.37721 1.53608 1.3594 -1.22564 -1.05852 0.795562 2.47226 -1.29058 -0.474005 1.06711 1.32882 2.66512 1.79284 -1.45912 -0.851172 -0.540731
1.37168 1.53608 1.3594 -1.22564 -1.05852 0.795562 2.47226 -1.29058 -0.474005 1.06711 1.32882 2.66512 1.79284 -1.45912 -0.851172 -0.540731
1.36605 1.53608 1.3594 -1.22564 -1.05852 0.795562 2.47226 -1.29058 -0.474005 1.06711 1.32882 2.66512 1.79284 -1.45912 -0.851172 -0.540731
1.36034 1.53608 1.3594 -1.22564 -1.05852 0.795562 2.47226 -1.29058 -0.474005 1.06711 1.32882 2.66512 1.79284 -1.45912 -0.851172 -0.540731
1.35467 1.53608 1.3594 -1.22564 -1.05852 0.795562 2.47226 -1.29058 -0.474005 1.06711 1.32882 2.66512 1.79284 -1.45912 -0.851172 -0.540731
1.34895 1.53608 1.3594 -1.22564 -1.05852 0.795562 2.47226 -1.29058 -0.474005 1.06711 1.32882 2.66512 1.79284 -1.45912 -0.851172 -0.540731
1.3432 1.53608 1.3594 -1.22564 -1.05852 0.795562 2.47226 -1.29058 -0.474005 1.06711 1.32882 2.66512 1.79284 -1.45912 -0.851172 -0.540731
1.33738 1.53608 1.3594 -1.22564 -1.05852 0.795562 2.47226 -1.29058 -0.474005 1.06711 1.32882 2.66512 1.79284 -1.45912 -0.851172 -0.540731
1.33133 1.53608 1.3594 -1.22564 -1.05852 0.795562 2.47226 -1.29058 -0.474005 1.06711 1.32882 2.66512 1.79284 -1.45912 -0.851172 -0.540731
1.32549 1.53608 1.3594 -1.22564 -1.05852 0.795562 2.47226 -1.29058 -0.474005 1.06711 1.32882 2.66512 1.79284 -1.45912 -0.851172 -0.540731
1.31968 1.53608 1.3594 -1.22564 -1.05852 0.795562 2.47226 -1.29058 -0.474005 1.06711 1.32882 2.66512 1.79284 -1.45912 -0.851172 -0.540731
1.31385 1.53608 1.3594 -1.22564 -1.05852 0.795562 2.47226 -1.29058 -0.474005 1.06711 1.32882 2.66512 1.79284 -1.45912 -0.851172 -0.540731
1.30797 1.53608 1.3594 -1.22564 -1.05852 0.795562 2.47226 -1.29058 -0.474005 1.06711 1.32882 2.66512 1.79284 -1.45912 -0.851172 -0.540731
1.30196 1.53608 1.3594 -1.22564 -1.05852 0.795562 2.47226 -1.29058 -0.474005 1.06711 1.32882 2.66512 1.79284 -1.45912 -0.851172 -0.540731
1.29609 1.53608 1.3594 -1.22564 -1.05852 0.795562 2.47226 -1.29058 -0.474005 1.06711 1.32882 2.66512 1.79284 -1.45912 -0.851172 -0.540731
1.29014 1.53608 1.3594 -1.22564 -1.05852 0.795562 2.47226 -1.29058 -0.474005 1.06711 1.32882 2.66512 1.79284 -1.45912 -0.851172 -0.540731
1.28417 1.53608 1.3594 -1.22564 -1.05852 0.795562 2.47226 -1.29058 -0.474005 1.06711 1.32882 2.66512 1.79284 -1.45912 -0.851172 -0.540731
1.27797 1.53608 1.3594 -1.22564 -1.05852 0.795562 2.47226 -1.29058 -0.474005 1.06711 1.32882 2.66512 1.79284 -1.45912 -0.851172 -0.540731
1.27155 1.53608 1.3594 -1.22564 -1.05852 0.795562 2.47226 -1.29058 -0.474005 1.06711 1.32882 2.66512 1.79284 -1.45912 -0.851172 -0.540731
1.26547 1.53608 1.3594 -1.22564 -1.05852 0.795562 2.47226 -1.29058 -0.474005 1.06711 1.32882 2.66512 1.79284 -1.45912 -0.851172 -0.540731
1.25937 1.53608 1.3594 -1.22564 -1.05852 0.795562 2.47226 -1.29058 -0.474005 1.06711 1.32882 2.66512 1.79284 -1.45912 -0.851172 -0.540731
1.25328 1.53608 1.3594 -1.22564 -1.05852 0.795562 2.47226 -1.29058 -0.474005 1.06711 1.32882 2.66512 1.79284 -1.45912 -0.851172 -0.540731
1.24711 1.53608 1.3594 -1.22564 -1.05852 0.795562 2.47226 -1.29058 -0.474005 1.06711 1.32882 2.66512 1.79284 -1.45912 -0.851172 -0.540731
1.2409 1.53608 1.3594 -1.22564 -1.05852 0.795562 2.47226 -1.29058 -0.474005 1.06711 1.32882 2.66512 1.79284 -1.45912 -0.851172 -0.540731
1.23466 1.53608 1.3594 -1.22564 -1.05852 0.795562 2.47226 -1.29058 -0.474005 1.06711 1.32882 2.66512 1.79284 -1.45912 -0.851172 -0.540731
1.22834 1.53608 1.3594 -1.22564 -1.05852 0.795562 2.47226 -1.29058 -0.474005 1.06711 1.32882 2.66512 1.79284 -1.45912 -0.851172 -0.540731
1.22202 1.53608 1.3594 -1.22564 -1.05852 0.795562 2.47226 -1.29058 -0.474005 1.06711 1.32882 2.66512 1.79284 -1.45912 -0.851172 -0.540731
1.21538 1.53608 1.3594 -1.22564 -1.05852 0.795562 2.47226 -1.29058 -0.474005 1.06711 1.32882 2.66512 1.79284 -1.45912 -0.851172 -0.540731
1.20889 1.53608 1.3594 -1.22564 -1.05852 0.795562 2.47226 -1.29058 -0.474005 1.06711 1.32882 2.66512 1.79284 -1.45912 -0.851172 -0.540731
1.20239 1.53608 1.3594 -1.22564 -1.05852 0.795562 2.47226 -1.29058 -0.474005 1.06711 1.32882 2.66512 1.79284 -1.45912 -0.851172 -0.540731
1.19582 1.53608 1.3594 -1.22564 -1.05852 0.795562 2.47226 -1.29058 -0.474005 1.06711 1.32882 2.66512 1.79284 -1.45912 -0.851172 -0.540731
1.18928 1.53608 1.3594 -1.22564 -1.05852 0.795562 2.47226 -1.29058 -0.474005 1.06711 1.32882 2.66512 1.79284 -1.45912 -0.851172 -0.540731
1.18268 1.53608 1.3594 -1.22564 -1.05852 0.795562 2.47226 -1.29058 -0.474005 1.06711 1.32882 2.66512 1.79284 -1.45912 -0.851172 -0.540731
1.17601 1.53608 1.3594 -1.22564 -1.05852 0.795562 2.47226 -1.29058 -0.474005 1.06711 1.32882 2.66512 1.79284 -1.45912 -0.851172 -0.540731
1.16923 1.53608 1.3594 -1.22564 -1.05852 0.795562 2.47226 -1.29058 -0.474005 1.06711 1.32882 2.66512 1.79284 -1.45912 -0.851172 -0.540731
1.16242 1.53608 1.3594 -1.22564 -1.05852 0.795562 2.47226 -1.29058 -0.474005 1.06711 1.32882 2.66512 1.79284 -1.45912 -0.851172 -0.540731
