14.935
14.946
14.956
14.966
14.977
14.987
14.998
15.008
15.019
15.03
15.05
15.071
15.091
15.111
15.132
15.153
15.174
15.194
15.215
15.236
15.274
15.313
15.354
15.392
15.43
15.469
15.508
15.546
15.584
15.623
15.661
15.701
15.74
15.779
15.817
15.856
15.895
15.935
15.974
16.013
16.053
16.094
16.133
16.174
16.212
16.251
16.289
16.328
16.367
16.406
16.445
16.484
16.522
16.56
16.599
16.637
16.676
16.714
16.753
16.793
16.834
16.873
16.912
16.95
16.99
17.029
17.069
17.112
17.152
17.19
17.229
17.267
17.306
17.344
17.384
17.423
17.462
17.501
17.54
17.578
17.617
17.655
17.694
17.732
17.771
17.81
17.849
17.888
17.927
17.966
18.005
18.044
18.082
18.121
18.162
18.201
18.239
18.278
18.317
18.355
18.394
18.433
18.472
18.511
18.551
18.589
18.628
18.666
18.705
20.468
20.478
20.489
20.5
20.51
20.521
20.532
20.542
20.553
20.566
20.605
20.644
20.683
20.721
20.76
20.799
20.838
20.877
20.915
20.954
20.993
21.033
21.071
21.11
21.149
21.19
21.23
21.27
21.308
21.347
21.388
21.427
21.466
21.505
21.544
21.582
21.621
21.659
21.698
21.737
21.775
21.814
21.854
21.893
21.932
21.971
22.011
22.05
22.088
22.126
22.165
22.204
22.244
22.285
22.323
22.362
22.4
22.439
22.477
22.516
22.555
22.594
22.632
22.671
22.71
22.749
22.787
22.826
22.866
22.906
22.945
22.984
23.022
23.061
23.1
23.138
23.177
23.215
23.254
23.296
23.334
23.373
23.411
23.449
23.488
23.527
23.565
23.604
23.643
23.682
23.722
23.761
23.8
23.838
23.877
23.915
23.954
23.992
