0
0
-0.0210563
0
-0.0421125
-0.0631688
-0.0631688
-0.0526406
-0.0631688
-0.0526406
-0.0631688
-0.0631688
-0.0736969
-0.0631688
-0.0631688
-0.0526406
-0.0631688
-0.0526406
-0.0631688
-0.0526406
-0.0736969
-0.0631688
-0.0736969
-0.0631688
-0.0631688
-0.0631688
-0.0631688
-0.0631688
-0.0631688
-0.0631688
-0.0736969
-0.0631688
-0.0631688
-0.0736969
-0.0631688
-0.0736969
-0.0736969
-0.0736969
-0.0736969
-0.084225
-0.0736969
-0.0736969
-0.0736969
-0.0736969
-0.0736969
-0.0736969
-0.0736969
-0.0736969
-0.084225
-0.0736969
-0.0736969
-0.0736969
-0.084225
-0.0736969
-0.0736969
-0.084225
-0.084225
-0.0736969
-0.084225
-0.0736969
-0.084225
-0.0736969
-0.084225
-0.084225
-0.084225
-0.0736969
-0.084225
-0.0736969
-0.0736969
-0.0736969
-0.084225
-0.084225
-0.0736969
-0.084225
-0.084225
-0.084225
-0.0947531
-0.084225
-0.0947531
-0.084225
-0.084225
-0.0947531
-0.084225
-0.0947531
-0.0947531
-0.084225
-0.0947531
-0.105281
-0.084225
-0.0947531
-0.0947531
-0.084225
-0.0947531
-0.0947531
-0.0947531
-0.0947531
-0.084225
-0.0947531
-0.0947531
-0.0947531
-0.0947531
-0.0947531
-0.105281
-0.0947531
-0.0947531
-0.0947531
-0.0947531
-0.0947531
-0.0947531
-0.0947531
-0.0947531
-0.0947531
-0.0947531
-0.105281
-0.0947531
-0.105281
-0.105281
-0.105281
-0.105281
-0.105281
-0.105281
-0.105281
-0.115809
-0.105281
-0.105281
-0.105281
-0.115809
-0.115809
-0.115809
-0.115809
-0.105281
-0.115809
-0.115809
-0.115809
-0.105281
-0.115809
-0.115809
-0.115809
-0.115809
-0.105281
-0.115809
-0.105281
-0.126338
-0.115809
-0.115809
-0.115809
-0.126338
-0.115809
-0.126338
-0.126338
0
0
0
0
0
0.0315844
0.0631688
0.0736969
0.084225
0.0947531
0.105281
0.115809
0.126338
0.126338
0.157922
0.200034
0.189506
0.200034
0.263203
0.231619
0.273731
0.263203
0.294788
0.273731
0.305316
0.326372
0.326372
0.347428
0.368484
0.368484
0.389541
0.410597
0.431653
0.463238
0.473766
0.515878
0.515878
0.484294
0.431653
