2.80757 0.429574 1.91865 -1.13428 -1.1982 -1.73087 2.61139 -1.76918 2.04208 1.44761 -1.15135 0.801623 -0.0433978 -0.0559682 -1.81873 -1.74694
2.80753 0.429574 1.91865 -1.13428 -1.1982 -1.73087 2.61139 -1.76918 2.04208 1.44761 -1.15135 0.801623 -0.0433978 -0.0559682 -1.81873 -1.74694
2.80738 0.429574 1.91865 -1.13428 -1.1982 -1.73087 2.61139 -1.76918 2.04208 1.44761 -1.15135 0.801623 -0.0433978 -0.0559682 -1.81873 -1.74694
2.8071 0.429574 1.91865 -1.13428 -1.1982 -1.73087 2.61139 -1.76918 2.04208 1.44761 -1.15135 0.801623 -0.0433978 -0.0559682 -1.81873 -1.74694
2.80653 0.429574 1.91865 -1.13428 -1.1982 -1.73087 2.61139 -1.76918 2.04208 1.44761 -1.15135 0.801623 -0.0433978 -0.0559682 -1.81873 -1.74694
2.80554 0.429574 1.91865 -1.13428 -1.1982 -1.73087 2.61139 -1.76918 2.04208 1.44761 -1.15135 0.801623 -0.0433978 -0.0559682 -1.81873 -1.74694
2.80437 0.429574 1.91865 -1.13428 -1.1982 -1.73087 2.61139 -1.76918 2.04208 1.44761 -1.15135 0.801623 -0.0433978 -0.0559682 -1.81873 -1.74694
2.80322 0.429574 1.91865 -1.13428 -1.1982 -1.73087 2.61139 -1.76918 2.04208 1.44761 -1.15135 0.801623 -0.0433978 -0.0559682 -1.81873 -1.74694
2.80205 0.429574 1.91865 -1.13428 -1.1982 -1.73087 2.61139 -1.76918 2.04208 1.44761 -1.15135 0.801623 -0.0433978 -0.0559682 -1.81873 -1.74694
2.80086 0.429574 1.91865 -1.13428 -1.1982 -1.73087 2.61139 -1.76918 2.04208 1.44761 -1.15135 0.801623 -0.0433978 -0.0559682 -1.81873 -1.74694
2.79962 0.429574 1.91865 -1.13428 -1.1982 -1.73087 2.61139 -1.76918 2.04208 1.44761 -1.15135 0.801623 -0.0433978 -0.0559682 -1.81873 -1.74694
2.79844 0.429574 1.91865 -1.13428 -1.1982 -1.73087 2.61139 -1.76918 2.04208 1.44761 -1.15135 0.801623 -0.0433978 -0.0559682 -1.81873 -1.74694
2.79708 0.429574 1.91865 -1.13428 -1.1982 -1.73087 2.61139 -1.76918 2.04208 1.44761 -1.15135 0.801623 -0.0433978 -0.0559682 -1.81873 -1.74694
2.79574 0.429574 1.91865 -1.13428 -1.1982 -1.73087 2.61139 -1.76918 2.04208 1.44761 -1.15135 0.801623 -0.0433978 -0.0559682 -1.81873 -1.74694
2.79439 0.429574 1.91865 -1.13428 -1.1982 -1.73087 2.61139 -1.76918 2.04208 1.44761 -1.15135 0.801623 -0.0433978 -0.0559682 -1.81873 -1.74694
2.79308 0.429574 1.91865 -1.13428 -1.1982 -1.73087 2.61139 -1.76918 2.04208 1.44761 -1.15135 0.801623 -0.0433978 -0.0559682 -1.81873 -1.74694
2.79176 0.429574 1.91865 -1.13428 -1.1982 -1.73087 2.61139 -1.76918 2.04208 1.44761 -1.15135 0.801623 -0.0433978 -0.0559682 -1.81873 -1.74694
2.79049 0.429574 1.91865 -1.13428 -1.1982 -1.73087 2.61139 -1.76918 2.04208 1.44761 -1.15135 0.801623 -0.0433978 -0.0559682 -1.81873 -1.74694
2.78917 0.429574 1.91865 -1.13428 -1.1982 -1.73087 2.61139 -1.76918 2.04208 1.44761 -1.15135 0.801623 -0.0433978 -0.0559682 -1.81873 -1.74694
2.78781 0.429574 1.91865 -1.13428 -1.1982 -1.73087 2.61139 -1.76918 2.04208 1.44761 -1.15135 0.801623 -0.0433978 -0.0559682 -1.81873 -1.74694
2.78512 0.429574 1.91865 -1.13428 -1.1982 -1.73087 2.61139 -1.76918 2.04208 1.44761 -1.15135 0.801623 -0.0433978 -0.0559682 -1.81873 -1.74694
2.78242 0.429574 1.91865 -1.13428 -1.1982 -1.73087 2.61139 -1.76918 2.04208 1.44761 -1.15135 0.801623 -0.0433978 -0.0559682 -1.81873 -1.74694
2.77977 0.429574 1.91865 -1.13428 -1.1982 -1.73087 2.61139 -1.76918 2.04208 1.44761 -1.15135 0.801623 -0.0433978 -0.0559682 -1.81873 -1.74694
2.77718 0.429574 1.91865 -1.13428 -1.1982 -1.73087 2.61139 -1.76918 2.04208 1.44761 -1.15135 0.801623 -0.0433978 -0.0559682 -1.81873 -1.74694
2.7746 0.429574 1.91865 -1.13428 -1.1982 -1.73087 2.61139 -1.76918 2.04208 1.44761 -1.15135 0.801623 -0.0433978 -0.0559682 -1.81873 -1.74694
2.77203 0.429574 1.91865 -1.13428 -1.1982 -1.73087 2.61139 -1.76918 2.04208 1.44761 -1.15135 0.801623 -0.0433978 -0.0559682 -1.81873 -1.74694
2.76944 0.429574 1.91865 -1.13428 -1.1982 -1.73087 2.61139 -1.76918 2.04208 1.44761 -1.15135 0.801623 -0.0433978 -0.0559682 -1.81873 -1.74694
2.76678 0.429574 1.91865 -1.13428 -1.1982 -1.73087 2.61139 -1.76918 2.04208 1.44761 -1.15135 0.801623 -0.0433978 -0.0559682 -1.81873 -1.74694
2.7641 0.429574 1.91865 -1.13428 -1.1982 -1.73087 2.61139 -1.76918 2.04208 1.44761 -1.15135 0.801623 -0.0433978 -0.0559682 -1.81873 -1.74694
2.76141 0.429574 1.91865 -1.13428 -1.1982 -1.73087 2.61139 -1.76918 2.04208 1.44761 -1.15135 0.801623 -0.0433978 -0.0559682 -1.81873 -1.74694
2.75873 0.429574 1.91865 -1.13428 -1.1982 -1.73087 2.61139 -1.76918 2.04208 1.44761 -1.15135 0.801623 -0.0433978 -0.0559682 -1.81873 -1.74694
2.75603 0.429574 1.91865 -1.13428 -1.1982 -1.73087 2.61139 -1.76918 2.04208 1.44761 -1.15135 0.801623 -0.0433978 -0.0559682 -1.81873 -1.74694
2.75332 0.429574 1.91865 -1.13428 -1.1982 -1.73087 2.61139 -1.76918 2.04208 1.44761 -1.15135 0.801623 -0.0433978 -0.0559682 -1.81873 -1.74694
2.75058 0.429574 1.91865 -1.13428 -1.1982 -1.73087 2.61139 -1.76918 2.04208 1.44761 -1.15135 0.801623 -0.0433978 -0.0559682 -1.81873 -1.74694
2.74775 0.429574 1.91865 -1.13428 -1.1982 -1.73087 2.61139 -1.76918 2.04208 1.44761 -1.15135 0.801623 -0.0433978 -0.0559682 -1.81873 -1.74694
2.74486 0.429574 1.91865 -1.13428 -1.1982 -1.73087 2.61139 -1.76918 2.04208 1.44761 -1.15135 0.801623 -0.0433978 -0.0559682 -1.81873 -1.74694
2.74206 0.429574 1.91865 -1.13428 -1.1982 -1.73087 2.61139 -1.76918 2.04208 1.44761 -1.15135 0.801623 -0.0433978 -0.0559682 -1.81873 -1.74694
2.7393 0.429574 1.91865 -1.13428 -1.1982 -1.73087 2.61139 -1.76918 2.04208 1.44761 -1.15135 0.801623 -0.0433978 -0.0559682 -1.81873 -1.74694
2.73648 0.429574 1.91865 -1.13428 -1.1982 -1.73087 2.61139 -1.76918 2.04208 1.44761 -1.15135 0.801623 -0.0433978 -0.0559682 -1.81873 -1.74694
2.73359 0.429574 1.91865 -1.13428 -1.1982 -1.73087 2.61139 -1.76918 2.04208 1.44761 -1.15135 0.801623 -0.0433978 -0.0559682 -1.81873 -1.74694
2.73076 0.429574 1.91865 -1.13428 -1.1982 -1.73087 2.61139 -1.76918 2.04208 1.44761 -1.15135 0.801623 -0.0433978 -0.0559682 -1.81873 -1.74694
2.7277 0.429574 1.91865 -1.13428 -1.1982 -1.73087 2.61139 -1.76918 2.04208 1.44761 -1.15135 0.801623 -0.0433978 -0.0559682 -1.81873 -1.74694
2.72481 0.429574 1.91865 -1.13428 -1.1982 -1.73087 2.61139 -1.76918 2.04208 1.44761 -1.15135 0.801623 -0.0433978 -0.0559682 -1.81873 -1.74694
2.72192 0.429574 1.91865 -1.13428 -1.1982 -1.73087 2.61139 -1.76918 2.04208 1.44761 -1.15135 0.801623 -0.0433978 -0.0559682 -1.81873 -1.74694
2.71903 0.429574 1.91865 -1.13428 -1.1982 -1.73087 2.61139 -1.76918 2.04208 1.44761 -1.15135 0.801623 -0.0433978 -0.0559682 -1.81873 -1.74694
2.71615 0.429574 1.91865 -1.13428 -1.1982 -1.73087 2.61139 -1.76918 2.04208 1.44761 -1.15135 0.801623 -0.0433978 -0.0559682 -1.81873 -1.74694
2.71327 0.429574 1.91865 -1.13428 -1.1982 -1.73087 2.61139 -1.76918 2.04208 1.44761 -1.15135 0.801623 -0.0433978 -0.0559682 -1.81873 -1.74694
2.71037 0.429574 1.91865 -1.13428 -1.1982 -1.73087 2.61139 -1.76918 2.04208 1.44761 -1.15135 0.801623 -0.0433978 -0.0559682 -1.81873 -1.74694
2.70734 0.429574 1.91865 -1.13428 -1.1982 -1.73087 2.61139 -1.76918 2.04208 1.44761 -1.15135 0.801623 -0.0433978 -0.0559682 -1.81873 -1.74694
2.70432 0.429574 1.91865 -1.13428 -1.1982 -1.73087 2.61139 -1.76918 2.04208 1.44761 -1.15135 0.801623 -0.0433978 -0.0559682 -1.81873 -1.74694
2.70145 0.429574 1.91865 -1.13428 -1.1982 -1.73087 2.61139 -1.76918 2.04208 1.44761 -1.15135 0.801623 -0.0433978 -0.0559682 -1.81873 -1.74694
2.69855 0.429574 1.91865 -1.13428 -1.1982 -1.73087 2.61139 -1.76918 2.04208 1.44761 -1.15135 0.801623 -0.0433978 -0.0559682 -1.81873 -1.74694
2.6956 0.429574 1.91865 -1.13428 -1.1982 -1.73087 2.61139 -1.76918 2.04208 1.44761 -1.15135 0.801623 -0.0433978 -0.0559682 -1.81873 -1.74694
2.69259 0.429574 1.91865 -1.13428 -1.1982 -1.73087 2.61139 -1.76918 2.04208 1.44761 -1.15135 0.801623 -0.0433978 -0.0559682 -1.81873 -1.74694
2.68961 0.429574 1.91865 -1.13428 -1.1982 -1.73087 2.61139 -1.76918 2.04208 1.44761 -1.15135 0.801623 -0.0433978 -0.0559682 -1.81873 -1.74694
2.68651 0.429574 1.91865 -1.13428 -1.1982 -1.73087 2.61139 -1.76918 2.04208 1.44761 -1.15135 0.801623 -0.0433978 -0.0559682 -1.81873 -1.74694
2.68343 0.429574 1.91865 -1.13428 -1.1982 -1.73087 2.61139 -1.76918 2.04208 1.44761 -1.15135 0.801623 -0.0433978 -0.0559682 -1.81873 -1.74694
2.68026 0.429574 1.91865 -1.13428 -1.1982 -1.73087 2.61139 -1.76918 2.04208 1.44761 -1.15135 0.801623 -0.0433978 -0.0559682 -1.81873 -1.74694
2.67716 0.429574 1.91865 -1.13428 -1.1982 -1.73087 2.61139 -1.76918 2.04208 1.44761 -1.15135 0.801623 -0.0433978 -0.0559682 -1.81873 -1.74694
2.6741 0.429574 1.91865 -1.13428 -1.1982 -1.73087 2.61139 -1.76918 2.04208 1.44761 -1.15135 0.801623 -0.0433978 -0.0559682 -1.81873 -1.74694
2.67101 0.429574 1.91865 -1.13428 -1.1982 -1.73087 2.61139 -1.76918 2.04208 1.44761 -1.15135 0.801623 -0.0433978 -0.0559682 -1.81873 -1.74694
2.66791 0.429574 1.91865 -1.13428 -1.1982 -1.73087 2.61139 -1.76918 2.04208 1.44761 -1.15135 0.801623 -0.0433978 -0.0559682 -1.81873 -1.74694
2.66477 0.429574 1.91865 -1.13428 -1.1982 -1.73087 2.61139 -1.76918 2.04208 1.44761 -1.15135 0.801623 -0.0433978 -0.0559682 -1.81873 -1.74694
2.66161 0.429574 1.91865 -1.13428 -1.1982 -1.73087 2.61139 -1.76918 2.04208 1.44761 -1.15135 0.801623 -0.0433978 -0.0559682 -1.81873 -1.74694
2.6584 0.429574 1.91865 -1.13428 -1.1982 -1.73087 2.61139 -1.76918 2.04208 1.44761 -1.15135 0.801623 -0.0433978 -0.0559682 -1.81873 -1.74694
2.65525 0.429574 1.91865 -1.13428 -1.1982 -1.73087 2.61139 -1.76918 2.04208 1.44761 -1.15135 0.801623 -0.0433978 -0.0559682 -1.81873 -1.74694
2.65197 0.429574 1.91865 -1.13428 -1.1982 -1.73087 2.61139 -1.76918 2.04208 1.44761 -1.15135 0.801623 -0.0433978 -0.0559682 -1.81873 -1.74694
2.64871 0.429574 1.91865 -1.13428 -1.1982 -1.73087 2.61139 -1.76918 2.04208 1.44761 -1.15135 0.801623 -0.0433978 -0.0559682 -1.81873 -1.74694
2.64546 0.429574 1.91865 -1.13428 -1.1982 -1.73087 2.61139 -1.76918 2.04208 1.44761 -1.15135 0.801623 -0.0433978 -0.0559682 -1.81873 -1.74694
2.64225 0.429574 1.91865 -1.13428 -1.1982 -1.73087 2.61139 -1.76918 2.04208 1.44761 -1.15135 0.801623 -0.0433978 -0.0559682 -1.81873 -1.74694
2.63904 0.429574 1.91865 -1.13428 -1.1982 -1.73087 2.61139 -1.76918 2.04208 1.44761 -1.15135 0.801623 -0.0433978 -0.0559682 -1.81873 -1.74694
2.63565 0.429574 1.91865 -1.13428 -1.1982 -1.73087 2.61139 -1.76918 2.04208 1.44761 -1.15135 0.801623 -0.0433978 -0.0559682 -1.81873 -1.74694
2.63238 0.429574 1.91865 -1.13428 -1.1982 -1.73087 2.61139 -1.76918 2.04208 1.44761 -1.15135 0.801623 -0.0433978 -0.0559682 -1.81873 -1.74694
2.62909 0.429574 1.91865 -1.13428 -1.1982 -1.73087 2.61139 -1.76918 2.04208 1.44761 -1.15135 0.801623 -0.0433978 -0.0559682 -1.81873 -1.74694
2.62569 0.429574 1.91865 -1.13428 -1.1982 -1.73087 2.61139 -1.76918 2.04208 1.44761 -1.15135 0.801623 -0.0433978 -0.0559682 -1.81873 -1.74694
2.62231 0.429574 1.91865 -1.13428 -1.1982 -1.73087 2.61139 -1.76918 2.04208 1.44761 -1.15135 0.801623 -0.0433978 -0.0559682 -1.81873 -1.74694
2.61881 0.429574 1.91865 -1.13428 -1.1982 -1.73087 2.61139 -1.76918 2.04208 1.44761 -1.15135 0.801623 -0.0433978 -0.0559682 -1.81873 -1.74694
2.6155 0.429574 1.91865 -1.13428 -1.1982 -1.73087 2.61139 -1.76918 2.04208 1.44761 -1.15135 0.801623 -0.0433978 -0.0559682 -1.81873 -1.74694
2.61213 0.429574 1.91865 -1.13428 -1.1982 -1.73087 2.61139 -1.76918 2.04208 1.44761 -1.15135 0.801623 -0.0433978 -0.0559682 -1.81873 -1.74694
2.60873 0.429574 1.91865 -1.13428 -1.1982 -1.73087 2.61139 -1.76918 2.04208 1.44761 -1.15135 0.801623 -0.0433978 -0.0559682 -1.81873 -1.74694
2.60532 0.429574 1.91865 -1.13428 -1.1982 -1.73087 2.61139 -1.76918 2.04208 1.44761 -1.15135 0.801623 -0.0433978 -0.0559682 -1.81873 -1.74694
2.60194 0.429574 1.91865 -1.13428 -1.1982 -1.73087 2.61139 -1.76918 2.04208 1.44761 -1.15135 0.801623 -0.0433978 -0.0559682 -1.81873 -1.74694
2.59845 0.429574 1.91865 -1.13428 -1.1982 -1.73087 2.61139 -1.76918 2.04208 1.44761 -1.15135 0.801623 -0.0433978 -0.0559682 -1.81873 -1.74694
2.59503 0.429574 1.91865 -1.13428 -1.1982 -1.73087 2.61139 -1.76918 2.04208 1.44761 -1.15135 0.801623 -0.0433978 -0.0559682 -1.81873 -1.74694
2.59149 0.429574 1.91865 -1.13428 -1.1982 -1.73087 2.61139 -1.76918 2.04208 1.44761 -1.15135 0.801623 -0.0433978 -0.0559682 -1.81873 -1.74694
2.58792 0.429574 1.91865 -1.13428 -1.1982 -1.73087 2.61139 -1.76918 2.04208 1.44761 -1.15135 0.801623 -0.0433978 -0.0559682 -1.81873 -1.74694
2.58443 0.429574 1.91865 -1.13428 -1.1982 -1.73087 2.61139 -1.76918 2.04208 1.44761 -1.15135 0.801623 -0.0433978 -0.0559682 -1.81873 -1.74694
2.5809 0.429574 1.91865 -1.13428 -1.1982 -1.73087 2.61139 -1.76918 2.04208 1.44761 -1.15135 0.801623 -0.0433978 -0.0559682 -1.81873 -1.74694
2.57742 0.429574 1.91865 -1.13428 -1.1982 -1.73087 2.61139 -1.76918 2.04208 1.44761 -1.15135 0.801623 -0.0433978 -0.0559682 -1.81873 -1.74694
2.57394 0.429574 1.91865 -1.13428 -1.1982 -1.73087 2.61139 -1.76918 2.04208 1.44761 -1.15135 0.801623 -0.0433978 -0.0559682 -1.81873 -1.74694
2.57039 0.429574 1.91865 -1.13428 -1.1982 -1.73087 2.61139 -1.76918 2.04208 1.44761 -1.15135 0.801623 -0.0433978 -0.0559682 -1.81873 -1.74694
2.56672 0.429574 1.91865 -1.13428 -1.1982 -1.73087 2.61139 -1.76918 2.04208 1.44761 -1.15135 0.801623 -0.0433978 -0.0559682 -1.81873 -1.74694
2.56302 0.429574 1.91865 -1.13428 -1.1982 -1.73087 2.61139 -1.76918 2.04208 1.44761 -1.15135 0.801623 -0.0433978 -0.0559682 -1.81873 -1.74694
2.55933 0.429574 1.91865 -1.13428 -1.1982 -1.73087 2.61139 -1.76918 2.04208 1.44761 -1.15135 0.801623 -0.0433978 -0.0559682 -1.81873 -1.74694
2.55575 0.429574 1.91865 -1.13428 -1.1982 -1.73087 2.61139 -1.76918 2.04208 1.44761 -1.15135 0.801623 -0.0433978 -0.0559682 -1.81873 -1.74694
2.55218 0.429574 1.91865 -1.13428 -1.1982 -1.73087 2.61139 -1.76918 2.04208 1.44761 -1.15135 0.801623 -0.0433978 -0.0559682 -1.81873 -1.74694
2.5485 0.429574 1.91865 -1.13428 -1.1982 -1.73087 2.61139 -1.76918 2.04208 1.44761 -1.15135 0.801623 -0.0433978 -0.0559682 -1.81873 -1.74694
2.54482 0.429574 1.91865 -1.13428 -1.1982 -1.73087 2.61139 -1.76918 2.04208 1.44761 -1.15135 0.801623 -0.0433978 -0.0559682 -1.81873 -1.74694
2.54116 0.429574 1.91865 -1.13428 -1.1982 -1.73087 2.61139 -1.76918 2.04208 1.44761 -1.15135 0.801623 -0.0433978 -0.0559682 -1.81873 -1.74694
2.53754 0.429574 1.91865 -1.13428 -1.1982 -1.73087 2.61139 -1.76918 2.04208 1.44761 -1.15135 0.801623 -0.0433978 -0.0559682 -1.81873 -1.74694
2.53384 0.429574 1.91865 -1.13428 -1.1982 -1.73087 2.61139 -1.76918 2.04208 1.44761 -1.15135 0.801623 -0.0433978 -0.0559682 -1.81873 -1.74694
2.53008 0.429574 1.91865 -1.13428 -1.1982 -1.73087 2.61139 -1.76918 2.04208 1.44761 -1.15135 0.801623 -0.0433978 -0.0559682 -1.81873 -1.74694
2.52629 0.429574 1.91865 -1.13428 -1.1982 -1.73087 2.61139 -1.76918 2.04208 1.44761 -1.15135 0.801623 -0.0433978 -0.0559682 -1.81873 -1.74694
2.52246 0.429574 1.91865 -1.13428 -1.1982 -1.73087 2.61139 -1.76918 2.04208 1.44761 -1.15135 0.801623 -0.0433978 -0.0559682 -1.81873 -1.74694
2.51873 0.429574 1.91865 -1.13428 -1.1982 -1.73087 2.61139 -1.76918 2.04208 1.44761 -1.15135 0.801623 -0.0433978 -0.0559682 -1.81873 -1.74694
2.51498 0.429574 1.91865 -1.13428 -1.1982 -1.73087 2.61139 -1.76918 2.04208 1.44761 -1.15135 0.801623 -0.0433978 -0.0559682 -1.81873 -1.74694
2.51114 0.429574 1.91865 -1.13428 -1.1982 -1.73087 2.61139 -1.76918 2.04208 1.44761 -1.15135 0.801623 -0.0433978 -0.0559682 -1.81873 -1.74694
2.50723 0.429574 1.91865 -1.13428 -1.1982 -1.73087 2.61139 -1.76918 2.04208 1.44761 -1.15135 0.801623 -0.0433978 -0.0559682 -1.81873 -1.74694
2.50338 0.429574 1.91865 -1.13428 -1.1982 -1.73087 2.61139 -1.76918 2.04208 1.44761 -1.15135 0.801623 -0.0433978 -0.0559682 -1.81873 -1.74694
2.49949 0.429574 1.91865 -1.13428 -1.1982 -1.73087 2.61139 -1.76918 2.04208 1.44761 -1.15135 0.801623 -0.0433978 -0.0559682 -1.81873 -1.74694
2.49561 0.429574 1.91865 -1.13428 -1.1982 -1.73087 2.61139 -1.76918 2.04208 1.44761 -1.15135 0.801623 -0.0433978 -0.0559682 -1.81873 -1.74694
2.4917 0.429574 1.91865 -1.13428 -1.1982 -1.73087 2.61139 -1.76918 2.04208 1.44761 -1.15135 0.801623 -0.0433978 -0.0559682 -1.81873 -1.74694
2.48766 0.429574 1.91865 -1.13428 -1.1982 -1.73087 2.61139 -1.76918 2.04208 1.44761 -1.15135 0.801623 -0.0433978 -0.0559682 -1.81873 -1.74694
2.48371 0.429574 1.91865 -1.13428 -1.1982 -1.73087 2.61139 -1.76918 2.04208 1.44761 -1.15135 0.801623 -0.0433978 -0.0559682 -1.81873 -1.74694
2.4798 0.429574 1.91865 -1.13428 -1.1982 -1.73087 2.61139 -1.76918 2.04208 1.44761 -1.15135 0.801623 -0.0433978 -0.0559682 -1.81873 -1.74694
2.47583 0.429574 1.91865 -1.13428 -1.1982 -1.73087 2.61139 -1.76918 2.04208 1.44761 -1.15135 0.801623 -0.0433978 -0.0559682 -1.81873 -1.74694
2.47181 0.429574 1.91865 -1.13428 -1.1982 -1.73087 2.61139 -1.76918 2.04208 1.44761 -1.15135 0.801623 -0.0433978 -0.0559682 -1.81873 -1.74694
2.46771 0.429574 1.91865 -1.13428 -1.1982 -1.73087 2.61139 -1.76918 2.04208 1.44761 -1.15135 0.801623 -0.0433978 -0.0559682 -1.81873 -1.74694
2.46363 0.429574 1.91865 -1.13428 -1.1982 -1.73087 2.61139 -1.76918 2.04208 1.44761 -1.15135 0.801623 -0.0433978 -0.0559682 -1.81873 -1.74694
2.45932 0.429574 1.91865 -1.13428 -1.1982 -1.73087 2.61139 -1.76918 2.04208 1.44761 -1.15135 0.801623 -0.0433978 -0.0559682 -1.81873 -1.74694
2.45529 0.429574 1.91865 -1.13428 -1.1982 -1.73087 2.61139 -1.76918 2.04208 1.44761 -1.15135 0.801623 -0.0433978 -0.0559682 -1.81873 -1.74694
2.45106 0.429574 1.91865 -1.13428 -1.1982 -1.73087 2.61139 -1.76918 2.04208 1.44761 -1.15135 0.801623 -0.0433978 -0.0559682 -1.81873 -1.74694
2.44686 0.429574 1.91865 -1.13428 -1.1982 -1.73087 2.61139 -1.76918 2.04208 1.44761 -1.15135 0.801623 -0.0433978 -0.0559682 -1.81873 -1.74694
2.44276 0.429574 1.91865 -1.13428 -1.1982 -1.73087 2.61139 -1.76918 2.04208 1.44761 -1.15135 0.801623 -0.0433978 -0.0559682 -1.81873 -1.74694
2.43865 0.429574 1.91865 -1.13428 -1.1982 -1.73087 2.61139 -1.76918 2.04208 1.44761 -1.15135 0.801623 -0.0433978 -0.0559682 -1.81873 -1.74694
2.43451 0.429574 1.91865 -1.13428 -1.1982 -1.73087 2.61139 -1.76918 2.04208 1.44761 -1.15135 0.801623 -0.0433978 -0.0559682 -1.81873 -1.74694
2.43024 0.429574 1.91865 -1.13428 -1.1982 -1.73087 2.61139 -1.76918 2.04208 1.44761 -1.15135 0.801623 -0.0433978 -0.0559682 -1.81873 -1.74694
2.42604 0.429574 1.91865 -1.13428 -1.1982 -1.73087 2.61139 -1.76918 2.04208 1.44761 -1.15135 0.801623 -0.0433978 -0.0559682 -1.81873 -1.74694
2.42183 0.429574 1.91865 -1.13428 -1.1982 -1.73087 2.61139 -1.76918 2.04208 1.44761 -1.15135 0.801623 -0.0433978 -0.0559682 -1.81873 -1.74694
2.41758 0.429574 1.91865 -1.13428 -1.1982 -1.73087 2.61139 -1.76918 2.04208 1.44761 -1.15135 0.801623 -0.0433978 -0.0559682 -1.81873 -1.74694
2.4132 0.429574 1.91865 -1.13428 -1.1982 -1.73087 2.61139 -1.76918 2.04208 1.44761 -1.15135 0.801623 -0.0433978 -0.0559682 -1.81873 -1.74694
2.40885 0.429574 1.91865 -1.13428 -1.1982 -1.73087 2.61139 -1.76918 2.04208 1.44761 -1.15135 0.801623 -0.0433978 -0.0559682 -1.81873 -1.74694
2.4045 0.429574 1.91865 -1.13428 -1.1982 -1.73087 2.61139 -1.76918 2.04208 1.44761 -1.15135 0.801623 -0.0433978 -0.0559682 -1.81873 -1.74694
2.40006 0.429574 1.91865 -1.13428 -1.1982 -1.73087 2.61139 -1.76918 2.04208 1.44761 -1.15135 0.801623 -0.0433978 -0.0559682 -1.81873 -1.74694
2.39564 0.429574 1.91865 -1.13428 -1.1982 -1.73087 2.61139 -1.76918 2.04208 1.44761 -1.15135 0.801623 -0.0433978 -0.0559682 -1.81873 -1.74694
2.39112 0.429574 1.91865 -1.13428 -1.1982 -1.73087 2.61139 -1.76918 2.04208 1.44761 -1.15135 0.801623 -0.0433978 -0.0559682 -1.81873 -1.74694
2.38666 0.429574 1.91865 -1.13428 -1.1982 -1.73087 2.61139 -1.76918 2.04208 1.44761 -1.15135 0.801623 -0.0433978 -0.0559682 -1.81873 -1.74694
2.38219 0.429574 1.91865 -1.13428 -1.1982 -1.73087 2.61139 -1.76918 2.04208 1.44761 -1.15135 0.801623 -0.0433978 -0.0559682 -1.81873 -1.74694
2.37774 0.429574 1.91865 -1.13428 -1.1982 -1.73087 2.61139 -1.76918 2.04208 1.44761 -1.15135 0.801623 -0.0433978 -0.0559682 -1.81873 -1.74694
2.37318 0.429574 1.91865 -1.13428 -1.1982 -1.73087 2.61139 -1.76918 2.04208 1.44761 -1.15135 0.801623 -0.0433978 -0.0559682 -1.81873 -1.74694
2.36869 0.429574 1.91865 -1.13428 -1.1982 -1.73087 2.61139 -1.76918 2.04208 1.44761 -1.15135 0.801623 -0.0433978 -0.0559682 -1.81873 -1.74694
2.36422 0.429574 1.91865 -1.13428 -1.1982 -1.73087 2.61139 -1.76918 2.04208 1.44761 -1.15135 0.801623 -0.0433978 -0.0559682 -1.81873 -1.74694
2.35973 0.429574 1.91865 -1.13428 -1.1982 -1.73087 2.61139 -1.76918 2.04208 1.44761 -1.15135 0.801623 -0.0433978 -0.0559682 -1.81873 -1.74694
2.35514 0.429574 1.91865 -1.13428 -1.1982 -1.73087 2.61139 -1.76918 2.04208 1.44761 -1.15135 0.801623 -0.0433978 -0.0559682 -1.81873 -1.74694
2.35051 0.429574 1.91865 -1.13428 -1.1982 -1.73087 2.61139 -1.76918 2.04208 1.44761 -1.15135 0.801623 -0.0433978 -0.0559682 -1.81873 -1.74694
2.34562 0.429574 1.91865 -1.13428 -1.1982 -1.73087 2.61139 -1.76918 2.04208 1.44761 -1.15135 0.801623 -0.0433978 -0.0559682 -1.81873 -1.74694
2.34074 0.429574 1.91865 -1.13428 -1.1982 -1.73087 2.61139 -1.76918 2.04208 1.44761 -1.15135 0.801623 -0.0433978 -0.0559682 -1.81873 -1.74694
2.33599 0.429574 1.91865 -1.13428 -1.1982 -1.73087 2.61139 -1.76918 2.04208 1.44761 -1.15135 0.801623 -0.0433978 -0.0559682 -1.81873 -1.74694
2.3313 0.429574 1.91865 -1.13428 -1.1982 -1.73087 2.61139 -1.76918 2.04208 1.44761 -1.15135 0.801623 -0.0433978 -0.0559682 -1.81873 -1.74694
2.32667 0.429574 1.91865 -1.13428 -1.1982 -1.73087 2.61139 -1.76918 2.04208 1.44761 -1.15135 0.801623 -0.0433978 -0.0559682 -1.81873 -1.74694
2.31556 0.429574 1.91865 -1.13428 -1.1982 -1.73087 2.61139 -1.76918 2.04208 1.44761 -1.15135 0.801623 -0.0433978 -0.0559682 -1.81873 -1.74694
2.31556 0.429574 1.91865 -1.13428 -1.1982 -1.73087 2.61139 -1.76918 2.04208 1.44761 -1.15135 0.801623 -0.0433978 -0.0559682 -1.81873 -1.74694
2.31556 0.429574 1.91865 -1.13428 -1.1982 -1.73087 2.61139 -1.76918 2.04208 1.44761 -1.15135 0.801623 -0.0433978 -0.0559682 -1.81873 -1.74694
2.31556 0.429574 1.91865 -1.13428 -1.1982 -1.73087 2.61139 -1.76918 2.04208 1.44761 -1.15135 0.801623 -0.0433978 -0.0559682 -1.81873 -1.74694
2.31556 0.429574 1.91865 -1.13428 -1.1982 -1.73087 2.61139 -1.76918 2.04208 1.44761 -1.15135 0.801623 -0.0433978 -0.0559682 -1.81873 -1.74694
2.31572 0.429574 1.91865 -1.13428 -1.1982 -1.73087 2.61139 -1.76918 2.04208 1.44761 -1.15135 0.801623 -0.0433978 -0.0559682 -1.81873 -1.74694
2.31675 0.429574 1.91865 -1.13428 -1.1982 -1.73087 2.61139 -1.76918 2.04208 1.44761 -1.15135 0.801623 -0.0433978 -0.0559682 -1.81873 -1.74694
2.31822 0.429574 1.91865 -1.13428 -1.1982 -1.73087 2.61139 -1.76918 2.04208 1.44761 -1.15135 0.801623 -0.0433978 -0.0559682 -1.81873 -1.74694
2.31994 0.429574 1.91865 -1.13428 -1.1982 -1.73087 2.61139 -1.76918 2.04208 1.44761 -1.15135 0.801623 -0.0433978 -0.0559682 -1.81873 -1.74694
2.32175 0.429574 1.91865 -1.13428 -1.1982 -1.73087 2.61139 -1.76918 2.04208 1.44761 -1.15135 0.801623 -0.0433978 -0.0559682 -1.81873 -1.74694
2.32373 0.429574 1.91865 -1.13428 -1.1982 -1.73087 2.61139 -1.76918 2.04208 1.44761 -1.15135 0.801623 -0.0433978 -0.0559682 -1.81873 -1.74694
2.32804 0.429574 1.91865 -1.13428 -1.1982 -1.73087 2.61139 -1.76918 2.04208 1.44761 -1.15135 0.801623 -0.0433978 -0.0559682 -1.81873 -1.74694
2.33265 0.429574 1.91865 -1.13428 -1.1982 -1.73087 2.61139 -1.76918 2.04208 1.44761 -1.15135 0.801623 -0.0433978 -0.0559682 -1.81873 -1.74694
2.33767 0.429574 1.91865 -1.13428 -1.1982 -1.73087 2.61139 -1.76918 2.04208 1.44761 -1.15135 0.801623 -0.0433978 -0.0559682 -1.81873 -1.74694
2.3434 0.429574 1.91865 -1.13428 -1.1982 -1.73087 2.61139 -1.76918 2.04208 1.44761 -1.15135 0.801623 -0.0433978 -0.0559682 -1.81873 -1.74694
2.34995 0.429574 1.91865 -1.13428 -1.1982 -1.73087 2.61139 -1.76918 2.04208 1.44761 -1.15135 0.801623 -0.0433978 -0.0559682 -1.81873 -1.74694
2.35702 0.429574 1.91865 -1.13428 -1.1982 -1.73087 2.61139 -1.76918 2.04208 1.44761 -1.15135 0.801623 -0.0433978 -0.0559682 -1.81873 -1.74694
2.36513 0.429574 1.91865 -1.13428 -1.1982 -1.73087 2.61139 -1.76918 2.04208 1.44761 -1.15135 0.801623 -0.0433978 -0.0559682 -1.81873 -1.74694
2.37395 0.429574 1.91865 -1.13428 -1.1982 -1.73087 2.61139 -1.76918 2.04208 1.44761 -1.15135 0.801623 -0.0433978 -0.0559682 -1.81873 -1.74694
2.38412 0.429574 1.91865 -1.13428 -1.1982 -1.73087 2.61139 -1.76918 2.04208 1.44761 -1.15135 0.801623 -0.0433978 -0.0559682 -1.81873 -1.74694
2.3948 0.429574 1.91865 -1.13428 -1.1982 -1.73087 2.61139 -1.76918 2.04208 1.44761 -1.15135 0.801623 -0.0433978 -0.0559682 -1.81873 -1.74694
2.40529 0.429574 1.91865 -1.13428 -1.1982 -1.73087 2.61139 -1.76918 2.04208 1.44761 -1.15135 0.801623 -0.0433978 -0.0559682 -1.81873 -1.74694
2.41603 0.429574 1.91865 -1.13428 -1.1982 -1.73087 2.61139 -1.76918 2.04208 1.44761 -1.15135 0.801623 -0.0433978 -0.0559682 -1.81873 -1.74694
2.42704 0.429574 1.91865 -1.13428 -1.1982 -1.73087 2.61139 -1.76918 2.04208 1.44761 -1.15135 0.801623 -0.0433978 -0.0559682 -1.81873 -1.74694
2.43847 0.429574 1.91865 -1.13428 -1.1982 -1.73087 2.61139 -1.76918 2.04208 1.44761 -1.15135 0.801623 -0.0433978 -0.0559682 -1.81873 -1.74694
2.45081 0.429574 1.91865 -1.13428 -1.1982 -1.73087 2.61139 -1.76918 2.04208 1.44761 -1.15135 0.801623 -0.0433978 -0.0559682 -1.81873 -1.74694
2.46338 0.429574 1.91865 -1.13428 -1.1982 -1.73087 2.61139 -1.76918 2.04208 1.44761 -1.15135 0.801623 -0.0433978 -0.0559682 -1.81873 -1.74694
2.47657 0.429574 1.91865 -1.13428 -1.1982 -1.73087 2.61139 -1.76918 2.04208 1.44761 -1.15135 0.801623 -0.0433978 -0.0559682 -1.81873 -1.74694
2.49037 0.429574 1.91865 -1.13428 -1.1982 -1.73087 2.61139 -1.76918 2.04208 1.44761 -1.15135 0.801623 -0.0433978 -0.0559682 -1.81873 -1.74694
2.50573 0.429574 1.91865 -1.13428 -1.1982 -1.73087 2.61139 -1.76918 2.04208 1.44761 -1.15135 0.801623 -0.0433978 -0.0559682 -1.81873 -1.74694
2.52068 0.429574 1.91865 -1.13428 -1.1982 -1.73087 2.61139 -1.76918 2.04208 1.44761 -1.15135 0.801623 -0.0433978 -0.0559682 -1.81873 -1.74694
2.53647 0.429574 1.91865 -1.13428 -1.1982 -1.73087 2.61139 -1.76918 2.04208 1.44761 -1.15135 0.801623 -0.0433978 -0.0559682 -1.81873 -1.74694
2.55288 0.429574 1.91865 -1.13428 -1.1982 -1.73087 2.61139 -1.76918 2.04208 1.44761 -1.15135 0.801623 -0.0433978 -0.0559682 -1.81873 -1.74694
2.5698 0.429574 1.91865 -1.13428 -1.1982 -1.73087 2.61139 -1.76918 2.04208 1.44761 -1.15135 0.801623 -0.0433978 -0.0559682 -1.81873 -1.74694
2.58842 0.429574 1.91865 -1.13428 -1.1982 -1.73087 2.61139 -1.76918 2.04208 1.44761 -1.15135 0.801623 -0.0433978 -0.0559682 -1.81873 -1.74694
2.60962 0.429574 1.91865 -1.13428 -1.1982 -1.73087 2.61139 -1.76918 2.04208 1.44761 -1.15135 0.801623 -0.0433978 -0.0559682 -1.81873 -1.74694
2.63069 0.429574 1.91865 -1.13428 -1.1982 -1.73087 2.61139 -1.76918 2.04208 1.44761 -1.15135 0.801623 -0.0433978 -0.0559682 -1.81873 -1.74694
2.65054 0.429574 1.91865 -1.13428 -1.1982 -1.73087 2.61139 -1.76918 2.04208 1.44761 -1.15135 0.801623 -0.0433978 -0.0559682 -1.81873 -1.74694
2.66852 0.429574 1.91865 -1.13428 -1.1982 -1.73087 2.61139 -1.76918 2.04208 1.44761 -1.15135 0.801623 -0.0433978 -0.0559682 -1.81873 -1.74694
