6.571
6.582
6.592
6.602
6.612
6.623
6.633
6.643
6.654
6.666
6.686
6.707
6.728
6.748
6.769
6.79
6.81
6.831
6.851
6.873
6.911
6.95
6.989
7.027
7.066
7.104
7.143
7.181
7.22
7.259
7.298
7.336
7.375
7.414
7.454
7.493
7.531
7.569
7.61
7.649
7.69
7.729
7.767
7.806
7.845
7.883
7.921
7.96
7.999
8.038
8.076
8.115
8.154
8.193
8.231
8.27
8.309
8.35
8.389
8.428
8.466
8.504
8.543
8.582
8.622
8.662
8.702
8.741
8.779
8.817
8.858
8.897
8.936
8.974
9.014
9.055
9.094
9.132
9.171
9.209
9.247
9.287
9.326
9.365
9.405
9.444
9.483
9.521
9.559
9.598
9.636
9.676
9.716
9.755
9.794
9.833
9.871
9.91
9.948
9.987
10.025
10.064
10.104
10.142
10.18
10.219
10.258
10.297
10.336
10.376
10.414
10.453
10.492
10.531
10.57
10.609
10.647
10.687
10.728
10.766
10.806
10.845
10.884
10.922
10.961
11
11.038
11.076
11.115
11.154
11.193
11.232
11.271
11.311
11.35
11.39
11.429
11.468
11.507
11.546
11.585
11.623
11.662
11.701
11.742
11.783
11.823
11.862
11.9
11.939
12.632
12.642
12.653
12.663
12.674
12.684
12.694
12.705
12.715
12.728
12.748
12.787
12.826
12.865
12.904
12.943
12.982
13.021
13.062
13.103
13.142
13.18
13.219
13.258
13.297
13.336
13.375
13.414
13.455
13.493
13.532
13.57
13.609
13.648
13.688
13.734
13.775
13.814
13.853
