1.26749 0.191633 -2.84508 1.54876 -1.0437 1.98302 -0.776065 1.69523 0.482599 0.061 1.87161 -1.6565 1.22865 0.0498728 2.0018 -0.796718
1.26749 0.191633 -2.84508 1.54876 -1.0437 1.98302 -0.776065 1.69523 0.482599 0.061 1.87161 -1.6565 1.22865 0.0498728 2.0018 -0.796718
1.26749 0.191633 -2.84508 1.54876 -1.0437 1.98302 -0.776065 1.69523 0.482599 0.061 1.87161 -1.6565 1.22865 0.0498728 2.0018 -0.796718
1.26749 0.191633 -2.84508 1.54876 -1.0437 1.98302 -0.776065 1.69523 0.482599 0.061 1.87161 -1.6565 1.22865 0.0498728 2.0018 -0.796718
1.26749 0.191633 -2.84508 1.54876 -1.0437 1.98302 -0.776065 1.69523 0.482599 0.061 1.87161 -1.6565 1.22865 0.0498728 2.0018 -0.796718
1.26749 0.191633 -2.84508 1.54876 -1.0437 1.98302 -0.776065 1.69523 0.482599 0.061 1.87161 -1.6565 1.22865 0.0498728 2.0018 -0.796718
1.26749 0.191633 -2.84508 1.54876 -1.0437 1.98302 -0.776065 1.69523 0.482599 0.061 1.87161 -1.6565 1.22865 0.0498728 2.0018 -0.796718
1.26749 0.191633 -2.84508 1.54876 -1.0437 1.98302 -0.776065 1.69523 0.482599 0.061 1.87161 -1.6565 1.22865 0.0498728 2.0018 -0.796718
1.26749 0.191633 -2.84508 1.54876 -1.0437 1.98302 -0.776065 1.69523 0.482599 0.061 1.87161 -1.6565 1.22865 0.0498728 2.0018 -0.796718
1.26749 0.191633 -2.84508 1.54876 -1.0437 1.98302 -0.776065 1.69523 0.482599 0.061 1.87161 -1.6565 1.22865 0.0498728 2.0018 -0.796718
1.2679 0.191633 -2.84508 1.54876 -1.0437 1.98302 -0.776065 1.69523 0.482599 0.061 1.87161 -1.6565 1.22865 0.0498728 2.0018 -0.796718
1.26858 0.191633 -2.84508 1.54876 -1.0437 1.98302 -0.776065 1.69523 0.482599 0.061 1.87161 -1.6565 1.22865 0.0498728 2.0018 -0.796718
1.2693 0.191633 -2.84508 1.54876 -1.0437 1.98302 -0.776065 1.69523 0.482599 0.061 1.87161 -1.6565 1.22865 0.0498728 2.0018 -0.796718
1.27002 0.191633 -2.84508 1.54876 -1.0437 1.98302 -0.776065 1.69523 0.482599 0.061 1.87161 -1.6565 1.22865 0.0498728 2.0018 -0.796718
1.27073 0.191633 -2.84508 1.54876 -1.0437 1.98302 -0.776065 1.69523 0.482599 0.061 1.87161 -1.6565 1.22865 0.0498728 2.0018 -0.796718
1.27146 0.191633 -2.84508 1.54876 -1.0437 1.98302 -0.776065 1.69523 0.482599 0.061 1.87161 -1.6565 1.22865 0.0498728 2.0018 -0.796718
1.27227 0.191633 -2.84508 1.54876 -1.0437 1.98302 -0.776065 1.69523 0.482599 0.061 1.87161 -1.6565 1.22865 0.0498728 2.0018 -0.796718
1.27313 0.191633 -2.84508 1.54876 -1.0437 1.98302 -0.776065 1.69523 0.482599 0.061 1.87161 -1.6565 1.22865 0.0498728 2.0018 -0.796718
1.27403 0.191633 -2.84508 1.54876 -1.0437 1.98302 -0.776065 1.69523 0.482599 0.061 1.87161 -1.6565 1.22865 0.0498728 2.0018 -0.796718
1.27498 0.191633 -2.84508 1.54876 -1.0437 1.98302 -0.776065 1.69523 0.482599 0.061 1.87161 -1.6565 1.22865 0.0498728 2.0018 -0.796718
1.27705 0.191633 -2.84508 1.54876 -1.0437 1.98302 -0.776065 1.69523 0.482599 0.061 1.87161 -1.6565 1.22865 0.0498728 2.0018 -0.796718
1.27944 0.191633 -2.84508 1.54876 -1.0437 1.98302 -0.776065 1.69523 0.482599 0.061 1.87161 -1.6565 1.22865 0.0498728 2.0018 -0.796718
1.28201 0.191633 -2.84508 1.54876 -1.0437 1.98302 -0.776065 1.69523 0.482599 0.061 1.87161 -1.6565 1.22865 0.0498728 2.0018 -0.796718
1.28492 0.191633 -2.84508 1.54876 -1.0437 1.98302 -0.776065 1.69523 0.482599 0.061 1.87161 -1.6565 1.22865 0.0498728 2.0018 -0.796718
1.28793 0.191633 -2.84508 1.54876 -1.0437 1.98302 -0.776065 1.69523 0.482599 0.061 1.87161 -1.6565 1.22865 0.0498728 2.0018 -0.796718
1.2909 0.191633 -2.84508 1.54876 -1.0437 1.98302 -0.776065 1.69523 0.482599 0.061 1.87161 -1.6565 1.22865 0.0498728 2.0018 -0.796718
1.2939 0.191633 -2.84508 1.54876 -1.0437 1.98302 -0.776065 1.69523 0.482599 0.061 1.87161 -1.6565 1.22865 0.0498728 2.0018 -0.796718
1.29697 0.191633 -2.84508 1.54876 -1.0437 1.98302 -0.776065 1.69523 0.482599 0.061 1.87161 -1.6565 1.22865 0.0498728 2.0018 -0.796718
1.30019 0.191633 -2.84508 1.54876 -1.0437 1.98302 -0.776065 1.69523 0.482599 0.061 1.87161 -1.6565 1.22865 0.0498728 2.0018 -0.796718
1.30374 0.191633 -2.84508 1.54876 -1.0437 1.98302 -0.776065 1.69523 0.482599 0.061 1.87161 -1.6565 1.22865 0.0498728 2.0018 -0.796718
1.30738 0.191633 -2.84508 1.54876 -1.0437 1.98302 -0.776065 1.69523 0.482599 0.061 1.87161 -1.6565 1.22865 0.0498728 2.0018 -0.796718
1.31104 0.191633 -2.84508 1.54876 -1.0437 1.98302 -0.776065 1.69523 0.482599 0.061 1.87161 -1.6565 1.22865 0.0498728 2.0018 -0.796718
1.31472 0.191633 -2.84508 1.54876 -1.0437 1.98302 -0.776065 1.69523 0.482599 0.061 1.87161 -1.6565 1.22865 0.0498728 2.0018 -0.796718
1.3184 0.191633 -2.84508 1.54876 -1.0437 1.98302 -0.776065 1.69523 0.482599 0.061 1.87161 -1.6565 1.22865 0.0498728 2.0018 -0.796718
1.32221 0.191633 -2.84508 1.54876 -1.0437 1.98302 -0.776065 1.69523 0.482599 0.061 1.87161 -1.6565 1.22865 0.0498728 2.0018 -0.796718
1.32628 0.191633 -2.84508 1.54876 -1.0437 1.98302 -0.776065 1.69523 0.482599 0.061 1.87161 -1.6565 1.22865 0.0498728 2.0018 -0.796718
1.3305 0.191633 -2.84508 1.54876 -1.0437 1.98302 -0.776065 1.69523 0.482599 0.061 1.87161 -1.6565 1.22865 0.0498728 2.0018 -0.796718
1.33467 0.191633 -2.84508 1.54876 -1.0437 1.98302 -0.776065 1.69523 0.482599 0.061 1.87161 -1.6565 1.22865 0.0498728 2.0018 -0.796718
1.33895 0.191633 -2.84508 1.54876 -1.0437 1.98302 -0.776065 1.69523 0.482599 0.061 1.87161 -1.6565 1.22865 0.0498728 2.0018 -0.796718
1.34337 0.191633 -2.84508 1.54876 -1.0437 1.98302 -0.776065 1.69523 0.482599 0.061 1.87161 -1.6565 1.22865 0.0498728 2.0018 -0.796718
1.34811 0.191633 -2.84508 1.54876 -1.0437 1.98302 -0.776065 1.69523 0.482599 0.061 1.87161 -1.6565 1.22865 0.0498728 2.0018 -0.796718
1.35289 0.191633 -2.84508 1.54876 -1.0437 1.98302 -0.776065 1.69523 0.482599 0.061 1.87161 -1.6565 1.22865 0.0498728 2.0018 -0.796718
1.35764 0.191633 -2.84508 1.54876 -1.0437 1.98302 -0.776065 1.69523 0.482599 0.061 1.87161 -1.6565 1.22865 0.0498728 2.0018 -0.796718
1.36268 0.191633 -2.84508 1.54876 -1.0437 1.98302 -0.776065 1.69523 0.482599 0.061 1.87161 -1.6565 1.22865 0.0498728 2.0018 -0.796718
1.36805 0.191633 -2.84508 1.54876 -1.0437 1.98302 -0.776065 1.69523 0.482599 0.061 1.87161 -1.6565 1.22865 0.0498728 2.0018 -0.796718
1.37341 0.191633 -2.84508 1.54876 -1.0437 1.98302 -0.776065 1.69523 0.482599 0.061 1.87161 -1.6565 1.22865 0.0498728 2.0018 -0.796718
1.37882 0.191633 -2.84508 1.54876 -1.0437 1.98302 -0.776065 1.69523 0.482599 0.061 1.87161 -1.6565 1.22865 0.0498728 2.0018 -0.796718
1.38462 0.191633 -2.84508 1.54876 -1.0437 1.98302 -0.776065 1.69523 0.482599 0.061 1.87161 -1.6565 1.22865 0.0498728 2.0018 -0.796718
1.39062 0.191633 -2.84508 1.54876 -1.0437 1.98302 -0.776065 1.69523 0.482599 0.061 1.87161 -1.6565 1.22865 0.0498728 2.0018 -0.796718
1.39651 0.191633 -2.84508 1.54876 -1.0437 1.98302 -0.776065 1.69523 0.482599 0.061 1.87161 -1.6565 1.22865 0.0498728 2.0018 -0.796718
1.40268 0.191633 -2.84508 1.54876 -1.0437 1.98302 -0.776065 1.69523 0.482599 0.061 1.87161 -1.6565 1.22865 0.0498728 2.0018 -0.796718
1.4092 0.191633 -2.84508 1.54876 -1.0437 1.98302 -0.776065 1.69523 0.482599 0.061 1.87161 -1.6565 1.22865 0.0498728 2.0018 -0.796718
1.41606 0.191633 -2.84508 1.54876 -1.0437 1.98302 -0.776065 1.69523 0.482599 0.061 1.87161 -1.6565 1.22865 0.0498728 2.0018 -0.796718
1.42296 0.191633 -2.84508 1.54876 -1.0437 1.98302 -0.776065 1.69523 0.482599 0.061 1.87161 -1.6565 1.22865 0.0498728 2.0018 -0.796718
1.43022 0.191633 -2.84508 1.54876 -1.0437 1.98302 -0.776065 1.69523 0.482599 0.061 1.87161 -1.6565 1.22865 0.0498728 2.0018 -0.796718
1.43784 0.191633 -2.84508 1.54876 -1.0437 1.98302 -0.776065 1.69523 0.482599 0.061 1.87161 -1.6565 1.22865 0.0498728 2.0018 -0.796718
1.44531 0.191633 -2.84508 1.54876 -1.0437 1.98302 -0.776065 1.69523 0.482599 0.061 1.87161 -1.6565 1.22865 0.0498728 2.0018 -0.796718
1.45298 0.191633 -2.84508 1.54876 -1.0437 1.98302 -0.776065 1.69523 0.482599 0.061 1.87161 -1.6565 1.22865 0.0498728 2.0018 -0.796718
1.46097 0.191633 -2.84508 1.54876 -1.0437 1.98302 -0.776065 1.69523 0.482599 0.061 1.87161 -1.6565 1.22865 0.0498728 2.0018 -0.796718
1.46924 0.191633 -2.84508 1.54876 -1.0437 1.98302 -0.776065 1.69523 0.482599 0.061 1.87161 -1.6565 1.22865 0.0498728 2.0018 -0.796718
1.47768 0.191633 -2.84508 1.54876 -1.0437 1.98302 -0.776065 1.69523 0.482599 0.061 1.87161 -1.6565 1.22865 0.0498728 2.0018 -0.796718
1.4863 0.191633 -2.84508 1.54876 -1.0437 1.98302 -0.776065 1.69523 0.482599 0.061 1.87161 -1.6565 1.22865 0.0498728 2.0018 -0.796718
1.49523 0.191633 -2.84508 1.54876 -1.0437 1.98302 -0.776065 1.69523 0.482599 0.061 1.87161 -1.6565 1.22865 0.0498728 2.0018 -0.796718
1.50447 0.191633 -2.84508 1.54876 -1.0437 1.98302 -0.776065 1.69523 0.482599 0.061 1.87161 -1.6565 1.22865 0.0498728 2.0018 -0.796718
1.51411 0.191633 -2.84508 1.54876 -1.0437 1.98302 -0.776065 1.69523 0.482599 0.061 1.87161 -1.6565 1.22865 0.0498728 2.0018 -0.796718
1.52401 0.191633 -2.84508 1.54876 -1.0437 1.98302 -0.776065 1.69523 0.482599 0.061 1.87161 -1.6565 1.22865 0.0498728 2.0018 -0.796718
1.53426 0.191633 -2.84508 1.54876 -1.0437 1.98302 -0.776065 1.69523 0.482599 0.061 1.87161 -1.6565 1.22865 0.0498728 2.0018 -0.796718
1.54478 0.191633 -2.84508 1.54876 -1.0437 1.98302 -0.776065 1.69523 0.482599 0.061 1.87161 -1.6565 1.22865 0.0498728 2.0018 -0.796718
1.55616 0.191633 -2.84508 1.54876 -1.0437 1.98302 -0.776065 1.69523 0.482599 0.061 1.87161 -1.6565 1.22865 0.0498728 2.0018 -0.796718
1.56751 0.191633 -2.84508 1.54876 -1.0437 1.98302 -0.776065 1.69523 0.482599 0.061 1.87161 -1.6565 1.22865 0.0498728 2.0018 -0.796718
1.57928 0.191633 -2.84508 1.54876 -1.0437 1.98302 -0.776065 1.69523 0.482599 0.061 1.87161 -1.6565 1.22865 0.0498728 2.0018 -0.796718
1.58383 0.191633 -2.84508 1.54876 -1.0437 1.98302 -0.776065 1.69523 0.482599 0.061 1.87161 -1.6565 1.22865 0.0498728 2.0018 -0.796718
1.58347 0.191633 -2.84508 1.54876 -1.0437 1.98302 -0.776065 1.69523 0.482599 0.061 1.87161 -1.6565 1.22865 0.0498728 2.0018 -0.796718
1.58281 0.191633 -2.84508 1.54876 -1.0437 1.98302 -0.776065 1.69523 0.482599 0.061 1.87161 -1.6565 1.22865 0.0498728 2.0018 -0.796718
1.58188 0.191633 -2.84508 1.54876 -1.0437 1.98302 -0.776065 1.69523 0.482599 0.061 1.87161 -1.6565 1.22865 0.0498728 2.0018 -0.796718
1.58067 0.191633 -2.84508 1.54876 -1.0437 1.98302 -0.776065 1.69523 0.482599 0.061 1.87161 -1.6565 1.22865 0.0498728 2.0018 -0.796718
1.57922 0.191633 -2.84508 1.54876 -1.0437 1.98302 -0.776065 1.69523 0.482599 0.061 1.87161 -1.6565 1.22865 0.0498728 2.0018 -0.796718
1.57754 0.191633 -2.84508 1.54876 -1.0437 1.98302 -0.776065 1.69523 0.482599 0.061 1.87161 -1.6565 1.22865 0.0498728 2.0018 -0.796718
1.57622 0.191633 -2.84508 1.54876 -1.0437 1.98302 -0.776065 1.69523 0.482599 0.061 1.87161 -1.6565 1.22865 0.0498728 2.0018 -0.796718
1.57467 0.191633 -2.84508 1.54876 -1.0437 1.98302 -0.776065 1.69523 0.482599 0.061 1.87161 -1.6565 1.22865 0.0498728 2.0018 -0.796718
1.57319 0.191633 -2.84508 1.54876 -1.0437 1.98302 -0.776065 1.69523 0.482599 0.061 1.87161 -1.6565 1.22865 0.0498728 2.0018 -0.796718
1.57081 0.191633 -2.84508 1.54876 -1.0437 1.98302 -0.776065 1.69523 0.482599 0.061 1.87161 -1.6565 1.22865 0.0498728 2.0018 -0.796718
1.56843 0.191633 -2.84508 1.54876 -1.0437 1.98302 -0.776065 1.69523 0.482599 0.061 1.87161 -1.6565 1.22865 0.0498728 2.0018 -0.796718
1.56516 0.191633 -2.84508 1.54876 -1.0437 1.98302 -0.776065 1.69523 0.482599 0.061 1.87161 -1.6565 1.22865 0.0498728 2.0018 -0.796718
1.56118 0.191633 -2.84508 1.54876 -1.0437 1.98302 -0.776065 1.69523 0.482599 0.061 1.87161 -1.6565 1.22865 0.0498728 2.0018 -0.796718
1.55717 0.191633 -2.84508 1.54876 -1.0437 1.98302 -0.776065 1.69523 0.482599 0.061 1.87161 -1.6565 1.22865 0.0498728 2.0018 -0.796718
1.55326 0.191633 -2.84508 1.54876 -1.0437 1.98302 -0.776065 1.69523 0.482599 0.061 1.87161 -1.6565 1.22865 0.0498728 2.0018 -0.796718
1.54919 0.191633 -2.84508 1.54876 -1.0437 1.98302 -0.776065 1.69523 0.482599 0.061 1.87161 -1.6565 1.22865 0.0498728 2.0018 -0.796718
1.54474 0.191633 -2.84508 1.54876 -1.0437 1.98302 -0.776065 1.69523 0.482599 0.061 1.87161 -1.6565 1.22865 0.0498728 2.0018 -0.796718
1.54049 0.191633 -2.84508 1.54876 -1.0437 1.98302 -0.776065 1.69523 0.482599 0.061 1.87161 -1.6565 1.22865 0.0498728 2.0018 -0.796718
1.53602 0.191633 -2.84508 1.54876 -1.0437 1.98302 -0.776065 1.69523 0.482599 0.061 1.87161 -1.6565 1.22865 0.0498728 2.0018 -0.796718
1.53158 0.191633 -2.84508 1.54876 -1.0437 1.98302 -0.776065 1.69523 0.482599 0.061 1.87161 -1.6565 1.22865 0.0498728 2.0018 -0.796718
1.52715 0.191633 -2.84508 1.54876 -1.0437 1.98302 -0.776065 1.69523 0.482599 0.061 1.87161 -1.6565 1.22865 0.0498728 2.0018 -0.796718
1.52277 0.191633 -2.84508 1.54876 -1.0437 1.98302 -0.776065 1.69523 0.482599 0.061 1.87161 -1.6565 1.22865 0.0498728 2.0018 -0.796718
1.51854 0.191633 -2.84508 1.54876 -1.0437 1.98302 -0.776065 1.69523 0.482599 0.061 1.87161 -1.6565 1.22865 0.0498728 2.0018 -0.796718
1.51423 0.191633 -2.84508 1.54876 -1.0437 1.98302 -0.776065 1.69523 0.482599 0.061 1.87161 -1.6565 1.22865 0.0498728 2.0018 -0.796718
1.50996 0.191633 -2.84508 1.54876 -1.0437 1.98302 -0.776065 1.69523 0.482599 0.061 1.87161 -1.6565 1.22865 0.0498728 2.0018 -0.796718
1.50565 0.191633 -2.84508 1.54876 -1.0437 1.98302 -0.776065 1.69523 0.482599 0.061 1.87161 -1.6565 1.22865 0.0498728 2.0018 -0.796718
1.5013 0.191633 -2.84508 1.54876 -1.0437 1.98302 -0.776065 1.69523 0.482599 0.061 1.87161 -1.6565 1.22865 0.0498728 2.0018 -0.796718
1.49686 0.191633 -2.84508 1.54876 -1.0437 1.98302 -0.776065 1.69523 0.482599 0.061 1.87161 -1.6565 1.22865 0.0498728 2.0018 -0.796718
1.4924 0.191633 -2.84508 1.54876 -1.0437 1.98302 -0.776065 1.69523 0.482599 0.061 1.87161 -1.6565 1.22865 0.0498728 2.0018 -0.796718
1.48798 0.191633 -2.84508 1.54876 -1.0437 1.98302 -0.776065 1.69523 0.482599 0.061 1.87161 -1.6565 1.22865 0.0498728 2.0018 -0.796718
1.48336 0.191633 -2.84508 1.54876 -1.0437 1.98302 -0.776065 1.69523 0.482599 0.061 1.87161 -1.6565 1.22865 0.0498728 2.0018 -0.796718
1.47884 0.191633 -2.84508 1.54876 -1.0437 1.98302 -0.776065 1.69523 0.482599 0.061 1.87161 -1.6565 1.22865 0.0498728 2.0018 -0.796718
1.47437 0.191633 -2.84508 1.54876 -1.0437 1.98302 -0.776065 1.69523 0.482599 0.061 1.87161 -1.6565 1.22865 0.0498728 2.0018 -0.796718
1.4699 0.191633 -2.84508 1.54876 -1.0437 1.98302 -0.776065 1.69523 0.482599 0.061 1.87161 -1.6565 1.22865 0.0498728 2.0018 -0.796718
1.4654 0.191633 -2.84508 1.54876 -1.0437 1.98302 -0.776065 1.69523 0.482599 0.061 1.87161 -1.6565 1.22865 0.0498728 2.0018 -0.796718
1.46093 0.191633 -2.84508 1.54876 -1.0437 1.98302 -0.776065 1.69523 0.482599 0.061 1.87161 -1.6565 1.22865 0.0498728 2.0018 -0.796718
1.45644 0.191633 -2.84508 1.54876 -1.0437 1.98302 -0.776065 1.69523 0.482599 0.061 1.87161 -1.6565 1.22865 0.0498728 2.0018 -0.796718
1.45171 0.191633 -2.84508 1.54876 -1.0437 1.98302 -0.776065 1.69523 0.482599 0.061 1.87161 -1.6565 1.22865 0.0498728 2.0018 -0.796718
1.44708 0.191633 -2.84508 1.54876 -1.0437 1.98302 -0.776065 1.69523 0.482599 0.061 1.87161 -1.6565 1.22865 0.0498728 2.0018 -0.796718
1.44247 0.191633 -2.84508 1.54876 -1.0437 1.98302 -0.776065 1.69523 0.482599 0.061 1.87161 -1.6565 1.22865 0.0498728 2.0018 -0.796718
1.43786 0.191633 -2.84508 1.54876 -1.0437 1.98302 -0.776065 1.69523 0.482599 0.061 1.87161 -1.6565 1.22865 0.0498728 2.0018 -0.796718
1.43321 0.191633 -2.84508 1.54876 -1.0437 1.98302 -0.776065 1.69523 0.482599 0.061 1.87161 -1.6565 1.22865 0.0498728 2.0018 -0.796718
1.42856 0.191633 -2.84508 1.54876 -1.0437 1.98302 -0.776065 1.69523 0.482599 0.061 1.87161 -1.6565 1.22865 0.0498728 2.0018 -0.796718
1.42389 0.191633 -2.84508 1.54876 -1.0437 1.98302 -0.776065 1.69523 0.482599 0.061 1.87161 -1.6565 1.22865 0.0498728 2.0018 -0.796718
1.4192 0.191633 -2.84508 1.54876 -1.0437 1.98302 -0.776065 1.69523 0.482599 0.061 1.87161 -1.6565 1.22865 0.0498728 2.0018 -0.796718
1.41443 0.191633 -2.84508 1.54876 -1.0437 1.98302 -0.776065 1.69523 0.482599 0.061 1.87161 -1.6565 1.22865 0.0498728 2.0018 -0.796718
1.40955 0.191633 -2.84508 1.54876 -1.0437 1.98302 -0.776065 1.69523 0.482599 0.061 1.87161 -1.6565 1.22865 0.0498728 2.0018 -0.796718
1.4048 0.191633 -2.84508 1.54876 -1.0437 1.98302 -0.776065 1.69523 0.482599 0.061 1.87161 -1.6565 1.22865 0.0498728 2.0018 -0.796718
1.40002 0.191633 -2.84508 1.54876 -1.0437 1.98302 -0.776065 1.69523 0.482599 0.061 1.87161 -1.6565 1.22865 0.0498728 2.0018 -0.796718
1.39526 0.191633 -2.84508 1.54876 -1.0437 1.98302 -0.776065 1.69523 0.482599 0.061 1.87161 -1.6565 1.22865 0.0498728 2.0018 -0.796718
1.39041 0.191633 -2.84508 1.54876 -1.0437 1.98302 -0.776065 1.69523 0.482599 0.061 1.87161 -1.6565 1.22865 0.0498728 2.0018 -0.796718
1.38556 0.191633 -2.84508 1.54876 -1.0437 1.98302 -0.776065 1.69523 0.482599 0.061 1.87161 -1.6565 1.22865 0.0498728 2.0018 -0.796718
1.38076 0.191633 -2.84508 1.54876 -1.0437 1.98302 -0.776065 1.69523 0.482599 0.061 1.87161 -1.6565 1.22865 0.0498728 2.0018 -0.796718
1.37593 0.191633 -2.84508 1.54876 -1.0437 1.98302 -0.776065 1.69523 0.482599 0.061 1.87161 -1.6565 1.22865 0.0498728 2.0018 -0.796718
1.37107 0.191633 -2.84508 1.54876 -1.0437 1.98302 -0.776065 1.69523 0.482599 0.061 1.87161 -1.6565 1.22865 0.0498728 2.0018 -0.796718
1.36609 0.191633 -2.84508 1.54876 -1.0437 1.98302 -0.776065 1.69523 0.482599 0.061 1.87161 -1.6565 1.22865 0.0498728 2.0018 -0.796718
1.36105 0.191633 -2.84508 1.54876 -1.0437 1.98302 -0.776065 1.69523 0.482599 0.061 1.87161 -1.6565 1.22865 0.0498728 2.0018 -0.796718
1.35599 0.191633 -2.84508 1.54876 -1.0437 1.98302 -0.776065 1.69523 0.482599 0.061 1.87161 -1.6565 1.22865 0.0498728 2.0018 -0.796718
1.35073 0.191633 -2.84508 1.54876 -1.0437 1.98302 -0.776065 1.69523 0.482599 0.061 1.87161 -1.6565 1.22865 0.0498728 2.0018 -0.796718
1.34571 0.191633 -2.84508 1.54876 -1.0437 1.98302 -0.776065 1.69523 0.482599 0.061 1.87161 -1.6565 1.22865 0.0498728 2.0018 -0.796718
1.3407 0.191633 -2.84508 1.54876 -1.0437 1.98302 -0.776065 1.69523 0.482599 0.061 1.87161 -1.6565 1.22865 0.0498728 2.0018 -0.796718
1.33567 0.191633 -2.84508 1.54876 -1.0437 1.98302 -0.776065 1.69523 0.482599 0.061 1.87161 -1.6565 1.22865 0.0498728 2.0018 -0.796718
1.33063 0.191633 -2.84508 1.54876 -1.0437 1.98302 -0.776065 1.69523 0.482599 0.061 1.87161 -1.6565 1.22865 0.0498728 2.0018 -0.796718
1.32555 0.191633 -2.84508 1.54876 -1.0437 1.98302 -0.776065 1.69523 0.482599 0.061 1.87161 -1.6565 1.22865 0.0498728 2.0018 -0.796718
1.32033 0.191633 -2.84508 1.54876 -1.0437 1.98302 -0.776065 1.69523 0.482599 0.061 1.87161 -1.6565 1.22865 0.0498728 2.0018 -0.796718
1.31519 0.191633 -2.84508 1.54876 -1.0437 1.98302 -0.776065 1.69523 0.482599 0.061 1.87161 -1.6565 1.22865 0.0498728 2.0018 -0.796718
1.31006 0.191633 -2.84508 1.54876 -1.0437 1.98302 -0.776065 1.69523 0.482599 0.061 1.87161 -1.6565 1.22865 0.0498728 2.0018 -0.796718
1.30495 0.191633 -2.84508 1.54876 -1.0437 1.98302 -0.776065 1.69523 0.482599 0.061 1.87161 -1.6565 1.22865 0.0498728 2.0018 -0.796718
1.29973 0.191633 -2.84508 1.54876 -1.0437 1.98302 -0.776065 1.69523 0.482599 0.061 1.87161 -1.6565 1.22865 0.0498728 2.0018 -0.796718
1.29452 0.191633 -2.84508 1.54876 -1.0437 1.98302 -0.776065 1.69523 0.482599 0.061 1.87161 -1.6565 1.22865 0.0498728 2.0018 -0.796718
1.28925 0.191633 -2.84508 1.54876 -1.0437 1.98302 -0.776065 1.69523 0.482599 0.061 1.87161 -1.6565 1.22865 0.0498728 2.0018 -0.796718
1.28363 0.191633 -2.84508 1.54876 -1.0437 1.98302 -0.776065 1.69523 0.482599 0.061 1.87161 -1.6565 1.22865 0.0498728 2.0018 -0.796718
1.27823 0.191633 -2.84508 1.54876 -1.0437 1.98302 -0.776065 1.69523 0.482599 0.061 1.87161 -1.6565 1.22865 0.0498728 2.0018 -0.796718
1.27262 0.191633 -2.84508 1.54876 -1.0437 1.98302 -0.776065 1.69523 0.482599 0.061 1.87161 -1.6565 1.22865 0.0498728 2.0018 -0.796718
1.26725 0.191633 -2.84508 1.54876 -1.0437 1.98302 -0.776065 1.69523 0.482599 0.061 1.87161 -1.6565 1.22865 0.0498728 2.0018 -0.796718
1.26182 0.191633 -2.84508 1.54876 -1.0437 1.98302 -0.776065 1.69523 0.482599 0.061 1.87161 -1.6565 1.22865 0.0498728 2.0018 -0.796718
1.25642 0.191633 -2.84508 1.54876 -1.0437 1.98302 -0.776065 1.69523 0.482599 0.061 1.87161 -1.6565 1.22865 0.0498728 2.0018 -0.796718
1.25102 0.191633 -2.84508 1.54876 -1.0437 1.98302 -0.776065 1.69523 0.482599 0.061 1.87161 -1.6565 1.22865 0.0498728 2.0018 -0.796718
1.24556 0.191633 -2.84508 1.54876 -1.0437 1.98302 -0.776065 1.69523 0.482599 0.061 1.87161 -1.6565 1.22865 0.0498728 2.0018 -0.796718
1.24021 0.191633 -2.84508 1.54876 -1.0437 1.98302 -0.776065 1.69523 0.482599 0.061 1.87161 -1.6565 1.22865 0.0498728 2.0018 -0.796718
1.23478 0.191633 -2.84508 1.54876 -1.0437 1.98302 -0.776065 1.69523 0.482599 0.061 1.87161 -1.6565 1.22865 0.0498728 2.0018 -0.796718
1.22909 0.191633 -2.84508 1.54876 -1.0437 1.98302 -0.776065 1.69523 0.482599 0.061 1.87161 -1.6565 1.22865 0.0498728 2.0018 -0.796718
1.22356 0.191633 -2.84508 1.54876 -1.0437 1.98302 -0.776065 1.69523 0.482599 0.061 1.87161 -1.6565 1.22865 0.0498728 2.0018 -0.796718
1.2178 0.191633 -2.84508 1.54876 -1.0437 1.98302 -0.776065 1.69523 0.482599 0.061 1.87161 -1.6565 1.22865 0.0498728 2.0018 -0.796718
1.21206 0.191633 -2.84508 1.54876 -1.0437 1.98302 -0.776065 1.69523 0.482599 0.061 1.87161 -1.6565 1.22865 0.0498728 2.0018 -0.796718
1.2065 0.191633 -2.84508 1.54876 -1.0437 1.98302 -0.776065 1.69523 0.482599 0.061 1.87161 -1.6565 1.22865 0.0498728 2.0018 -0.796718
1.20094 0.191633 -2.84508 1.54876 -1.0437 1.98302 -0.776065 1.69523 0.482599 0.061 1.87161 -1.6565 1.22865 0.0498728 2.0018 -0.796718
1.19533 0.191633 -2.84508 1.54876 -1.0437 1.98302 -0.776065 1.69523 0.482599 0.061 1.87161 -1.6565 1.22865 0.0498728 2.0018 -0.796718
1.18965 0.191633 -2.84508 1.54876 -1.0437 1.98302 -0.776065 1.69523 0.482599 0.061 1.87161 -1.6565 1.22865 0.0498728 2.0018 -0.796718
1.18385 0.191633 -2.84508 1.54876 -1.0437 1.98302 -0.776065 1.69523 0.482599 0.061 1.87161 -1.6565 1.22865 0.0498728 2.0018 -0.796718
1.17819 0.191633 -2.84508 1.54876 -1.0437 1.98302 -0.776065 1.69523 0.482599 0.061 1.87161 -1.6565 1.22865 0.0498728 2.0018 -0.796718
1.17249 0.191633 -2.84508 1.54876 -1.0437 1.98302 -0.776065 1.69523 0.482599 0.061 1.87161 -1.6565 1.22865 0.0498728 2.0018 -0.796718
1.16673 0.191633 -2.84508 1.54876 -1.0437 1.98302 -0.776065 1.69523 0.482599 0.061 1.87161 -1.6565 1.22865 0.0498728 2.0018 -0.796718
1.16104 0.191633 -2.84508 1.54876 -1.0437 1.98302 -0.776065 1.69523 0.482599 0.061 1.87161 -1.6565 1.22865 0.0498728 2.0018 -0.796718
