11.371
11.381
11.392
11.402
11.413
11.423
11.433
11.444
11.454
11.467
11.487
11.508
11.528
11.549
11.569
11.591
11.611
11.632
11.653
11.673
11.712
11.751
11.79
11.829
11.868
11.907
11.948
11.987
12.027
12.066
12.104
12.143
12.183
12.222
12.261
12.299
12.338
12.377
12.416
12.454
12.493
12.532
12.57
12.61
12.649
12.688
12.727
12.766
12.805
12.843
12.883
12.924
12.963
13.003
13.044
13.083
13.121
13.161
13.2
13.238
13.277
13.315
13.354
13.392
13.431
13.47
13.508
13.548
13.588
13.627
13.665
15.14
15.151
15.162
15.172
15.183
15.194
15.204
15.215
15.226
15.24
15.279
15.317
15.356
15.394
15.433
15.471
15.512
15.551
15.59
15.63
15.669
15.708
15.748
15.787
15.825
15.864
15.902
15.94
15.98
16.018
16.057
16.097
16.136
16.174
16.213
16.251
16.289
16.329
16.368
16.407
16.445
16.484
16.523
16.561
16.6
16.639
16.679
16.718
16.757
16.796
16.834
16.873
16.912
16.95
16.989
17.027
17.067
17.108
17.148
17.187
17.226
17.265
17.303
17.342
17.381
17.42
17.459
17.498
17.536
17.575
17.614
17.655
17.695
17.737
17.775
17.815
17.854
17.893
17.932
17.971
18.009
18.049
18.088
18.128
18.169
18.208
18.246
18.285
18.324
18.363
18.403
18.441
18.48
18.519
18.557
