2.73048 0.470876 0.036043 1.40567 -1.3361 1.97378 -1.77151 -1.72583 1.63967 -1.92811 1.04026 -2.00219 -1.74768 2.37105 -1.04102 0.47149
2.72888 0.470876 0.036043 1.40567 -1.3361 1.97378 -1.77151 -1.72583 1.63967 -1.92811 1.04026 -2.00219 -1.74768 2.37105 -1.04102 0.47149
2.72731 0.470876 0.036043 1.40567 -1.3361 1.97378 -1.77151 -1.72583 1.63967 -1.92811 1.04026 -2.00219 -1.74768 2.37105 -1.04102 0.47149
2.72597 0.470876 0.036043 1.40567 -1.3361 1.97378 -1.77151 -1.72583 1.63967 -1.92811 1.04026 -2.00219 -1.74768 2.37105 -1.04102 0.47149
2.72437 0.470876 0.036043 1.40567 -1.3361 1.97378 -1.77151 -1.72583 1.63967 -1.92811 1.04026 -2.00219 -1.74768 2.37105 -1.04102 0.47149
2.72289 0.470876 0.036043 1.40567 -1.3361 1.97378 -1.77151 -1.72583 1.63967 -1.92811 1.04026 -2.00219 -1.74768 2.37105 -1.04102 0.47149
2.72133 0.470876 0.036043 1.40567 -1.3361 1.97378 -1.77151 -1.72583 1.63967 -1.92811 1.04026 -2.00219 -1.74768 2.37105 -1.04102 0.47149
2.71963 0.470876 0.036043 1.40567 -1.3361 1.97378 -1.77151 -1.72583 1.63967 -1.92811 1.04026 -2.00219 -1.74768 2.37105 -1.04102 0.47149
2.71793 0.470876 0.036043 1.40567 -1.3361 1.97378 -1.77151 -1.72583 1.63967 -1.92811 1.04026 -2.00219 -1.74768 2.37105 -1.04102 0.47149
2.71626 0.470876 0.036043 1.40567 -1.3361 1.97378 -1.77151 -1.72583 1.63967 -1.92811 1.04026 -2.00219 -1.74768 2.37105 -1.04102 0.47149
2.71451 0.470876 0.036043 1.40567 -1.3361 1.97378 -1.77151 -1.72583 1.63967 -1.92811 1.04026 -2.00219 -1.74768 2.37105 -1.04102 0.47149
2.71271 0.470876 0.036043 1.40567 -1.3361 1.97378 -1.77151 -1.72583 1.63967 -1.92811 1.04026 -2.00219 -1.74768 2.37105 -1.04102 0.47149
2.71086 0.470876 0.036043 1.40567 -1.3361 1.97378 -1.77151 -1.72583 1.63967 -1.92811 1.04026 -2.00219 -1.74768 2.37105 -1.04102 0.47149
2.70899 0.470876 0.036043 1.40567 -1.3361 1.97378 -1.77151 -1.72583 1.63967 -1.92811 1.04026 -2.00219 -1.74768 2.37105 -1.04102 0.47149
2.70705 0.470876 0.036043 1.40567 -1.3361 1.97378 -1.77151 -1.72583 1.63967 -1.92811 1.04026 -2.00219 -1.74768 2.37105 -1.04102 0.47149
2.70515 0.470876 0.036043 1.40567 -1.3361 1.97378 -1.77151 -1.72583 1.63967 -1.92811 1.04026 -2.00219 -1.74768 2.37105 -1.04102 0.47149
2.70329 0.470876 0.036043 1.40567 -1.3361 1.97378 -1.77151 -1.72583 1.63967 -1.92811 1.04026 -2.00219 -1.74768 2.37105 -1.04102 0.47149
2.70142 0.470876 0.036043 1.40567 -1.3361 1.97378 -1.77151 -1.72583 1.63967 -1.92811 1.04026 -2.00219 -1.74768 2.37105 -1.04102 0.47149
2.69957 0.470876 0.036043 1.40567 -1.3361 1.97378 -1.77151 -1.72583 1.63967 -1.92811 1.04026 -2.00219 -1.74768 2.37105 -1.04102 0.47149
2.69616 0.470876 0.036043 1.40567 -1.3361 1.97378 -1.77151 -1.72583 1.63967 -1.92811 1.04026 -2.00219 -1.74768 2.37105 -1.04102 0.47149
2.69273 0.470876 0.036043 1.40567 -1.3361 1.97378 -1.77151 -1.72583 1.63967 -1.92811 1.04026 -2.00219 -1.74768 2.37105 -1.04102 0.47149
2.68923 0.470876 0.036043 1.40567 -1.3361 1.97378 -1.77151 -1.72583 1.63967 -1.92811 1.04026 -2.00219 -1.74768 2.37105 -1.04102 0.47149
2.68555 0.470876 0.036043 1.40567 -1.3361 1.97378 -1.77151 -1.72583 1.63967 -1.92811 1.04026 -2.00219 -1.74768 2.37105 -1.04102 0.47149
2.68213 0.470876 0.036043 1.40567 -1.3361 1.97378 -1.77151 -1.72583 1.63967 -1.92811 1.04026 -2.00219 -1.74768 2.37105 -1.04102 0.47149
2.67864 0.470876 0.036043 1.40567 -1.3361 1.97378 -1.77151 -1.72583 1.63967 -1.92811 1.04026 -2.00219 -1.74768 2.37105 -1.04102 0.47149
2.67514 0.470876 0.036043 1.40567 -1.3361 1.97378 -1.77151 -1.72583 1.63967 -1.92811 1.04026 -2.00219 -1.74768 2.37105 -1.04102 0.47149
2.67162 0.470876 0.036043 1.40567 -1.3361 1.97378 -1.77151 -1.72583 1.63967 -1.92811 1.04026 -2.00219 -1.74768 2.37105 -1.04102 0.47149
2.66803 0.470876 0.036043 1.40567 -1.3361 1.97378 -1.77151 -1.72583 1.63967 -1.92811 1.04026 -2.00219 -1.74768 2.37105 -1.04102 0.47149
2.66444 0.470876 0.036043 1.40567 -1.3361 1.97378 -1.77151 -1.72583 1.63967 -1.92811 1.04026 -2.00219 -1.74768 2.37105 -1.04102 0.47149
2.66077 0.470876 0.036043 1.40567 -1.3361 1.97378 -1.77151 -1.72583 1.63967 -1.92811 1.04026 -2.00219 -1.74768 2.37105 -1.04102 0.47149
2.65709 0.470876 0.036043 1.40567 -1.3361 1.97378 -1.77151 -1.72583 1.63967 -1.92811 1.04026 -2.00219 -1.74768 2.37105 -1.04102 0.47149
2.65346 0.470876 0.036043 1.40567 -1.3361 1.97378 -1.77151 -1.72583 1.63967 -1.92811 1.04026 -2.00219 -1.74768 2.37105 -1.04102 0.47149
2.64981 0.470876 0.036043 1.40567 -1.3361 1.97378 -1.77151 -1.72583 1.63967 -1.92811 1.04026 -2.00219 -1.74768 2.37105 -1.04102 0.47149
2.646 0.470876 0.036043 1.40567 -1.3361 1.97378 -1.77151 -1.72583 1.63967 -1.92811 1.04026 -2.00219 -1.74768 2.37105 -1.04102 0.47149
2.64213 0.470876 0.036043 1.40567 -1.3361 1.97378 -1.77151 -1.72583 1.63967 -1.92811 1.04026 -2.00219 -1.74768 2.37105 -1.04102 0.47149
2.63844 0.470876 0.036043 1.40567 -1.3361 1.97378 -1.77151 -1.72583 1.63967 -1.92811 1.04026 -2.00219 -1.74768 2.37105 -1.04102 0.47149
2.63477 0.470876 0.036043 1.40567 -1.3361 1.97378 -1.77151 -1.72583 1.63967 -1.92811 1.04026 -2.00219 -1.74768 2.37105 -1.04102 0.47149
2.63102 0.470876 0.036043 1.40567 -1.3361 1.97378 -1.77151 -1.72583 1.63967 -1.92811 1.04026 -2.00219 -1.74768 2.37105 -1.04102 0.47149
2.62705 0.470876 0.036043 1.40567 -1.3361 1.97378 -1.77151 -1.72583 1.63967 -1.92811 1.04026 -2.00219 -1.74768 2.37105 -1.04102 0.47149
2.62325 0.470876 0.036043 1.40567 -1.3361 1.97378 -1.77151 -1.72583 1.63967 -1.92811 1.04026 -2.00219 -1.74768 2.37105 -1.04102 0.47149
2.61948 0.470876 0.036043 1.40567 -1.3361 1.97378 -1.77151 -1.72583 1.63967 -1.92811 1.04026 -2.00219 -1.74768 2.37105 -1.04102 0.47149
2.61572 0.470876 0.036043 1.40567 -1.3361 1.97378 -1.77151 -1.72583 1.63967 -1.92811 1.04026 -2.00219 -1.74768 2.37105 -1.04102 0.47149
2.61191 0.470876 0.036043 1.40567 -1.3361 1.97378 -1.77151 -1.72583 1.63967 -1.92811 1.04026 -2.00219 -1.74768 2.37105 -1.04102 0.47149
2.6081 0.470876 0.036043 1.40567 -1.3361 1.97378 -1.77151 -1.72583 1.63967 -1.92811 1.04026 -2.00219 -1.74768 2.37105 -1.04102 0.47149
2.60419 0.470876 0.036043 1.40567 -1.3361 1.97378 -1.77151 -1.72583 1.63967 -1.92811 1.04026 -2.00219 -1.74768 2.37105 -1.04102 0.47149
2.6004 0.470876 0.036043 1.40567 -1.3361 1.97378 -1.77151 -1.72583 1.63967 -1.92811 1.04026 -2.00219 -1.74768 2.37105 -1.04102 0.47149
2.59657 0.470876 0.036043 1.40567 -1.3361 1.97378 -1.77151 -1.72583 1.63967 -1.92811 1.04026 -2.00219 -1.74768 2.37105 -1.04102 0.47149
2.59277 0.470876 0.036043 1.40567 -1.3361 1.97378 -1.77151 -1.72583 1.63967 -1.92811 1.04026 -2.00219 -1.74768 2.37105 -1.04102 0.47149
2.58873 0.470876 0.036043 1.40567 -1.3361 1.97378 -1.77151 -1.72583 1.63967 -1.92811 1.04026 -2.00219 -1.74768 2.37105 -1.04102 0.47149
2.58479 0.470876 0.036043 1.40567 -1.3361 1.97378 -1.77151 -1.72583 1.63967 -1.92811 1.04026 -2.00219 -1.74768 2.37105 -1.04102 0.47149
2.58084 0.470876 0.036043 1.40567 -1.3361 1.97378 -1.77151 -1.72583 1.63967 -1.92811 1.04026 -2.00219 -1.74768 2.37105 -1.04102 0.47149
2.57689 0.470876 0.036043 1.40567 -1.3361 1.97378 -1.77151 -1.72583 1.63967 -1.92811 1.04026 -2.00219 -1.74768 2.37105 -1.04102 0.47149
2.57293 0.470876 0.036043 1.40567 -1.3361 1.97378 -1.77151 -1.72583 1.63967 -1.92811 1.04026 -2.00219 -1.74768 2.37105 -1.04102 0.47149
2.5689 0.470876 0.036043 1.40567 -1.3361 1.97378 -1.77151 -1.72583 1.63967 -1.92811 1.04026 -2.00219 -1.74768 2.37105 -1.04102 0.47149
2.56479 0.470876 0.036043 1.40567 -1.3361 1.97378 -1.77151 -1.72583 1.63967 -1.92811 1.04026 -2.00219 -1.74768 2.37105 -1.04102 0.47149
2.56071 0.470876 0.036043 1.40567 -1.3361 1.97378 -1.77151 -1.72583 1.63967 -1.92811 1.04026 -2.00219 -1.74768 2.37105 -1.04102 0.47149
2.55665 0.470876 0.036043 1.40567 -1.3361 1.97378 -1.77151 -1.72583 1.63967 -1.92811 1.04026 -2.00219 -1.74768 2.37105 -1.04102 0.47149
2.55257 0.470876 0.036043 1.40567 -1.3361 1.97378 -1.77151 -1.72583 1.63967 -1.92811 1.04026 -2.00219 -1.74768 2.37105 -1.04102 0.47149
2.54826 0.470876 0.036043 1.40567 -1.3361 1.97378 -1.77151 -1.72583 1.63967 -1.92811 1.04026 -2.00219 -1.74768 2.37105 -1.04102 0.47149
2.544 0.470876 0.036043 1.40567 -1.3361 1.97378 -1.77151 -1.72583 1.63967 -1.92811 1.04026 -2.00219 -1.74768 2.37105 -1.04102 0.47149
2.5398 0.470876 0.036043 1.40567 -1.3361 1.97378 -1.77151 -1.72583 1.63967 -1.92811 1.04026 -2.00219 -1.74768 2.37105 -1.04102 0.47149
2.53549 0.470876 0.036043 1.40567 -1.3361 1.97378 -1.77151 -1.72583 1.63967 -1.92811 1.04026 -2.00219 -1.74768 2.37105 -1.04102 0.47149
2.53136 0.470876 0.036043 1.40567 -1.3361 1.97378 -1.77151 -1.72583 1.63967 -1.92811 1.04026 -2.00219 -1.74768 2.37105 -1.04102 0.47149
2.52708 0.470876 0.036043 1.40567 -1.3361 1.97378 -1.77151 -1.72583 1.63967 -1.92811 1.04026 -2.00219 -1.74768 2.37105 -1.04102 0.47149
2.52275 0.470876 0.036043 1.40567 -1.3361 1.97378 -1.77151 -1.72583 1.63967 -1.92811 1.04026 -2.00219 -1.74768 2.37105 -1.04102 0.47149
2.51851 0.470876 0.036043 1.40567 -1.3361 1.97378 -1.77151 -1.72583 1.63967 -1.92811 1.04026 -2.00219 -1.74768 2.37105 -1.04102 0.47149
2.51426 0.470876 0.036043 1.40567 -1.3361 1.97378 -1.77151 -1.72583 1.63967 -1.92811 1.04026 -2.00219 -1.74768 2.37105 -1.04102 0.47149
2.51001 0.470876 0.036043 1.40567 -1.3361 1.97378 -1.77151 -1.72583 1.63967 -1.92811 1.04026 -2.00219 -1.74768 2.37105 -1.04102 0.47149
2.50571 0.470876 0.036043 1.40567 -1.3361 1.97378 -1.77151 -1.72583 1.63967 -1.92811 1.04026 -2.00219 -1.74768 2.37105 -1.04102 0.47149
2.50137 0.470876 0.036043 1.40567 -1.3361 1.97378 -1.77151 -1.72583 1.63967 -1.92811 1.04026 -2.00219 -1.74768 2.37105 -1.04102 0.47149
2.49702 0.470876 0.036043 1.40567 -1.3361 1.97378 -1.77151 -1.72583 1.63967 -1.92811 1.04026 -2.00219 -1.74768 2.37105 -1.04102 0.47149
2.4927 0.470876 0.036043 1.40567 -1.3361 1.97378 -1.77151 -1.72583 1.63967 -1.92811 1.04026 -2.00219 -1.74768 2.37105 -1.04102 0.47149
2.48831 0.470876 0.036043 1.40567 -1.3361 1.97378 -1.77151 -1.72583 1.63967 -1.92811 1.04026 -2.00219 -1.74768 2.37105 -1.04102 0.47149
2.48397 0.470876 0.036043 1.40567 -1.3361 1.97378 -1.77151 -1.72583 1.63967 -1.92811 1.04026 -2.00219 -1.74768 2.37105 -1.04102 0.47149
2.47957 0.470876 0.036043 1.40567 -1.3361 1.97378 -1.77151 -1.72583 1.63967 -1.92811 1.04026 -2.00219 -1.74768 2.37105 -1.04102 0.47149
2.47513 0.470876 0.036043 1.40567 -1.3361 1.97378 -1.77151 -1.72583 1.63967 -1.92811 1.04026 -2.00219 -1.74768 2.37105 -1.04102 0.47149
2.47043 0.470876 0.036043 1.40567 -1.3361 1.97378 -1.77151 -1.72583 1.63967 -1.92811 1.04026 -2.00219 -1.74768 2.37105 -1.04102 0.47149
2.46575 0.470876 0.036043 1.40567 -1.3361 1.97378 -1.77151 -1.72583 1.63967 -1.92811 1.04026 -2.00219 -1.74768 2.37105 -1.04102 0.47149
2.46123 0.470876 0.036043 1.40567 -1.3361 1.97378 -1.77151 -1.72583 1.63967 -1.92811 1.04026 -2.00219 -1.74768 2.37105 -1.04102 0.47149
2.45675 0.470876 0.036043 1.40567 -1.3361 1.97378 -1.77151 -1.72583 1.63967 -1.92811 1.04026 -2.00219 -1.74768 2.37105 -1.04102 0.47149
2.45214 0.470876 0.036043 1.40567 -1.3361 1.97378 -1.77151 -1.72583 1.63967 -1.92811 1.04026 -2.00219 -1.74768 2.37105 -1.04102 0.47149
2.44746 0.470876 0.036043 1.40567 -1.3361 1.97378 -1.77151 -1.72583 1.63967 -1.92811 1.04026 -2.00219 -1.74768 2.37105 -1.04102 0.47149
2.44285 0.470876 0.036043 1.40567 -1.3361 1.97378 -1.77151 -1.72583 1.63967 -1.92811 1.04026 -2.00219 -1.74768 2.37105 -1.04102 0.47149
2.43818 0.470876 0.036043 1.40567 -1.3361 1.97378 -1.77151 -1.72583 1.63967 -1.92811 1.04026 -2.00219 -1.74768 2.37105 -1.04102 0.47149
2.43357 0.470876 0.036043 1.40567 -1.3361 1.97378 -1.77151 -1.72583 1.63967 -1.92811 1.04026 -2.00219 -1.74768 2.37105 -1.04102 0.47149
2.42866 0.470876 0.036043 1.40567 -1.3361 1.97378 -1.77151 -1.72583 1.63967 -1.92811 1.04026 -2.00219 -1.74768 2.37105 -1.04102 0.47149
2.42394 0.470876 0.036043 1.40567 -1.3361 1.97378 -1.77151 -1.72583 1.63967 -1.92811 1.04026 -2.00219 -1.74768 2.37105 -1.04102 0.47149
2.41909 0.470876 0.036043 1.40567 -1.3361 1.97378 -1.77151 -1.72583 1.63967 -1.92811 1.04026 -2.00219 -1.74768 2.37105 -1.04102 0.47149
2.41441 0.470876 0.036043 1.40567 -1.3361 1.97378 -1.77151 -1.72583 1.63967 -1.92811 1.04026 -2.00219 -1.74768 2.37105 -1.04102 0.47149
2.40967 0.470876 0.036043 1.40567 -1.3361 1.97378 -1.77151 -1.72583 1.63967 -1.92811 1.04026 -2.00219 -1.74768 2.37105 -1.04102 0.47149
2.40493 0.470876 0.036043 1.40567 -1.3361 1.97378 -1.77151 -1.72583 1.63967 -1.92811 1.04026 -2.00219 -1.74768 2.37105 -1.04102 0.47149
2.40021 0.470876 0.036043 1.40567 -1.3361 1.97378 -1.77151 -1.72583 1.63967 -1.92811 1.04026 -2.00219 -1.74768 2.37105 -1.04102 0.47149
2.39543 0.470876 0.036043 1.40567 -1.3361 1.97378 -1.77151 -1.72583 1.63967 -1.92811 1.04026 -2.00219 -1.74768 2.37105 -1.04102 0.47149
2.39051 0.470876 0.036043 1.40567 -1.3361 1.97378 -1.77151 -1.72583 1.63967 -1.92811 1.04026 -2.00219 -1.74768 2.37105 -1.04102 0.47149
2.38554 0.470876 0.036043 1.40567 -1.3361 1.97378 -1.77151 -1.72583 1.63967 -1.92811 1.04026 -2.00219 -1.74768 2.37105 -1.04102 0.47149
2.36899 0.470876 0.036043 1.40567 -1.3361 1.97378 -1.77151 -1.72583 1.63967 -1.92811 1.04026 -2.00219 -1.74768 2.37105 -1.04102 0.47149
2.36899 0.470876 0.036043 1.40567 -1.3361 1.97378 -1.77151 -1.72583 1.63967 -1.92811 1.04026 -2.00219 -1.74768 2.37105 -1.04102 0.47149
2.36899 0.470876 0.036043 1.40567 -1.3361 1.97378 -1.77151 -1.72583 1.63967 -1.92811 1.04026 -2.00219 -1.74768 2.37105 -1.04102 0.47149
2.36899 0.470876 0.036043 1.40567 -1.3361 1.97378 -1.77151 -1.72583 1.63967 -1.92811 1.04026 -2.00219 -1.74768 2.37105 -1.04102 0.47149
2.36915 0.470876 0.036043 1.40567 -1.3361 1.97378 -1.77151 -1.72583 1.63967 -1.92811 1.04026 -2.00219 -1.74768 2.37105 -1.04102 0.47149
2.36998 0.470876 0.036043 1.40567 -1.3361 1.97378 -1.77151 -1.72583 1.63967 -1.92811 1.04026 -2.00219 -1.74768 2.37105 -1.04102 0.47149
2.37111 0.470876 0.036043 1.40567 -1.3361 1.97378 -1.77151 -1.72583 1.63967 -1.92811 1.04026 -2.00219 -1.74768 2.37105 -1.04102 0.47149
2.37242 0.470876 0.036043 1.40567 -1.3361 1.97378 -1.77151 -1.72583 1.63967 -1.92811 1.04026 -2.00219 -1.74768 2.37105 -1.04102 0.47149
2.37385 0.470876 0.036043 1.40567 -1.3361 1.97378 -1.77151 -1.72583 1.63967 -1.92811 1.04026 -2.00219 -1.74768 2.37105 -1.04102 0.47149
2.37545 0.470876 0.036043 1.40567 -1.3361 1.97378 -1.77151 -1.72583 1.63967 -1.92811 1.04026 -2.00219 -1.74768 2.37105 -1.04102 0.47149
2.37872 0.470876 0.036043 1.40567 -1.3361 1.97378 -1.77151 -1.72583 1.63967 -1.92811 1.04026 -2.00219 -1.74768 2.37105 -1.04102 0.47149
2.38236 0.470876 0.036043 1.40567 -1.3361 1.97378 -1.77151 -1.72583 1.63967 -1.92811 1.04026 -2.00219 -1.74768 2.37105 -1.04102 0.47149
2.38659 0.470876 0.036043 1.40567 -1.3361 1.97378 -1.77151 -1.72583 1.63967 -1.92811 1.04026 -2.00219 -1.74768 2.37105 -1.04102 0.47149
2.39144 0.470876 0.036043 1.40567 -1.3361 1.97378 -1.77151 -1.72583 1.63967 -1.92811 1.04026 -2.00219 -1.74768 2.37105 -1.04102 0.47149
2.39661 0.470876 0.036043 1.40567 -1.3361 1.97378 -1.77151 -1.72583 1.63967 -1.92811 1.04026 -2.00219 -1.74768 2.37105 -1.04102 0.47149
2.40225 0.470876 0.036043 1.40567 -1.3361 1.97378 -1.77151 -1.72583 1.63967 -1.92811 1.04026 -2.00219 -1.74768 2.37105 -1.04102 0.47149
2.40831 0.470876 0.036043 1.40567 -1.3361 1.97378 -1.77151 -1.72583 1.63967 -1.92811 1.04026 -2.00219 -1.74768 2.37105 -1.04102 0.47149
2.41493 0.470876 0.036043 1.40567 -1.3361 1.97378 -1.77151 -1.72583 1.63967 -1.92811 1.04026 -2.00219 -1.74768 2.37105 -1.04102 0.47149
2.42167 0.470876 0.036043 1.40567 -1.3361 1.97378 -1.77151 -1.72583 1.63967 -1.92811 1.04026 -2.00219 -1.74768 2.37105 -1.04102 0.47149
2.4287 0.470876 0.036043 1.40567 -1.3361 1.97378 -1.77151 -1.72583 1.63967 -1.92811 1.04026 -2.00219 -1.74768 2.37105 -1.04102 0.47149
2.43582 0.470876 0.036043 1.40567 -1.3361 1.97378 -1.77151 -1.72583 1.63967 -1.92811 1.04026 -2.00219 -1.74768 2.37105 -1.04102 0.47149
2.44311 0.470876 0.036043 1.40567 -1.3361 1.97378 -1.77151 -1.72583 1.63967 -1.92811 1.04026 -2.00219 -1.74768 2.37105 -1.04102 0.47149
2.45066 0.470876 0.036043 1.40567 -1.3361 1.97378 -1.77151 -1.72583 1.63967 -1.92811 1.04026 -2.00219 -1.74768 2.37105 -1.04102 0.47149
2.45841 0.470876 0.036043 1.40567 -1.3361 1.97378 -1.77151 -1.72583 1.63967 -1.92811 1.04026 -2.00219 -1.74768 2.37105 -1.04102 0.47149
2.46658 0.470876 0.036043 1.40567 -1.3361 1.97378 -1.77151 -1.72583 1.63967 -1.92811 1.04026 -2.00219 -1.74768 2.37105 -1.04102 0.47149
2.47504 0.470876 0.036043 1.40567 -1.3361 1.97378 -1.77151 -1.72583 1.63967 -1.92811 1.04026 -2.00219 -1.74768 2.37105 -1.04102 0.47149
2.48377 0.470876 0.036043 1.40567 -1.3361 1.97378 -1.77151 -1.72583 1.63967 -1.92811 1.04026 -2.00219 -1.74768 2.37105 -1.04102 0.47149
2.49327 0.470876 0.036043 1.40567 -1.3361 1.97378 -1.77151 -1.72583 1.63967 -1.92811 1.04026 -2.00219 -1.74768 2.37105 -1.04102 0.47149
2.5029 0.470876 0.036043 1.40567 -1.3361 1.97378 -1.77151 -1.72583 1.63967 -1.92811 1.04026 -2.00219 -1.74768 2.37105 -1.04102 0.47149
2.51289 0.470876 0.036043 1.40567 -1.3361 1.97378 -1.77151 -1.72583 1.63967 -1.92811 1.04026 -2.00219 -1.74768 2.37105 -1.04102 0.47149
2.52345 0.470876 0.036043 1.40567 -1.3361 1.97378 -1.77151 -1.72583 1.63967 -1.92811 1.04026 -2.00219 -1.74768 2.37105 -1.04102 0.47149
2.53449 0.470876 0.036043 1.40567 -1.3361 1.97378 -1.77151 -1.72583 1.63967 -1.92811 1.04026 -2.00219 -1.74768 2.37105 -1.04102 0.47149
2.54591 0.470876 0.036043 1.40567 -1.3361 1.97378 -1.77151 -1.72583 1.63967 -1.92811 1.04026 -2.00219 -1.74768 2.37105 -1.04102 0.47149
2.5582 0.470876 0.036043 1.40567 -1.3361 1.97378 -1.77151 -1.72583 1.63967 -1.92811 1.04026 -2.00219 -1.74768 2.37105 -1.04102 0.47149
2.57076 0.470876 0.036043 1.40567 -1.3361 1.97378 -1.77151 -1.72583 1.63967 -1.92811 1.04026 -2.00219 -1.74768 2.37105 -1.04102 0.47149
2.58412 0.470876 0.036043 1.40567 -1.3361 1.97378 -1.77151 -1.72583 1.63967 -1.92811 1.04026 -2.00219 -1.74768 2.37105 -1.04102 0.47149
2.59738 0.470876 0.036043 1.40567 -1.3361 1.97378 -1.77151 -1.72583 1.63967 -1.92811 1.04026 -2.00219 -1.74768 2.37105 -1.04102 0.47149
2.61129 0.470876 0.036043 1.40567 -1.3361 1.97378 -1.77151 -1.72583 1.63967 -1.92811 1.04026 -2.00219 -1.74768 2.37105 -1.04102 0.47149
2.62575 0.470876 0.036043 1.40567 -1.3361 1.97378 -1.77151 -1.72583 1.63967 -1.92811 1.04026 -2.00219 -1.74768 2.37105 -1.04102 0.47149
2.64066 0.470876 0.036043 1.40567 -1.3361 1.97378 -1.77151 -1.72583 1.63967 -1.92811 1.04026 -2.00219 -1.74768 2.37105 -1.04102 0.47149
2.65614 0.470876 0.036043 1.40567 -1.3361 1.97378 -1.77151 -1.72583 1.63967 -1.92811 1.04026 -2.00219 -1.74768 2.37105 -1.04102 0.47149
2.67217 0.470876 0.036043 1.40567 -1.3361 1.97378 -1.77151 -1.72583 1.63967 -1.92811 1.04026 -2.00219 -1.74768 2.37105 -1.04102 0.47149
2.68873 0.470876 0.036043 1.40567 -1.3361 1.97378 -1.77151 -1.72583 1.63967 -1.92811 1.04026 -2.00219 -1.74768 2.37105 -1.04102 0.47149
2.70637 0.470876 0.036043 1.40567 -1.3361 1.97378 -1.77151 -1.72583 1.63967 -1.92811 1.04026 -2.00219 -1.74768 2.37105 -1.04102 0.47149
