4.039
4.05
4.06
4.071
4.081
4.092
4.102
4.113
4.125
4.145
4.166
4.186
4.207
4.228
4.249
4.269
4.29
4.31
4.331
4.369
4.408
4.449
4.487
4.526
4.565
4.603
4.642
4.681
4.719
4.758
4.797
4.836
4.874
4.916
4.955
4.993
5.033
5.073
5.112
5.151
5.189
5.228
5.266
5.305
5.343
5.381
5.419
5.458
5.497
5.535
5.574
5.613
5.651
5.689
5.728
5.767
5.806
5.846
5.885
5.925
5.966
6.005
6.044
6.082
6.121
6.159
6.198
6.236
6.275
6.313
6.352
6.39
6.428
6.467
6.506
6.544
6.586
6.625
6.664
6.702
6.742
6.781
6.82
6.859
6.898
6.939
6.979
7.017
7.056
7.094
7.133
7.171
7.21
7.249
7.288
8.074
8.085
8.095
8.106
8.117
8.128
8.138
8.149
8.16
8.173
8.212
8.251
8.29
8.328
8.367
8.405
8.445
8.484
8.523
8.561
8.6
8.638
8.677
8.715
8.754
8.793
8.832
8.871
8.91
8.949
8.989
9.028
9.07
9.109
9.151
9.19
9.229
9.268
9.308
9.347
9.386
9.424
9.463
9.503
