1.28364 -1.182 1.24649 -1.82261 2.33494 -0.80201 -1.43707 -0.708059 2.24827 1.02042 0.235335 0.752044 -1.68993 -0.63529 1.09823 3.13524
1.28364 -1.182 1.24649 -1.82261 2.33494 -0.80201 -1.43707 -0.708059 2.24827 1.02042 0.235335 0.752044 -1.68993 -0.63529 1.09823 3.13524
1.28364 -1.182 1.24649 -1.82261 2.33494 -0.80201 -1.43707 -0.708059 2.24827 1.02042 0.235335 0.752044 -1.68993 -0.63529 1.09823 3.13524
1.28364 -1.182 1.24649 -1.82261 2.33494 -0.80201 -1.43707 -0.708059 2.24827 1.02042 0.235335 0.752044 -1.68993 -0.63529 1.09823 3.13524
1.28364 -1.182 1.24649 -1.82261 2.33494 -0.80201 -1.43707 -0.708059 2.24827 1.02042 0.235335 0.752044 -1.68993 -0.63529 1.09823 3.13524
1.28364 -1.182 1.24649 -1.82261 2.33494 -0.80201 -1.43707 -0.708059 2.24827 1.02042 0.235335 0.752044 -1.68993 -0.63529 1.09823 3.13524
1.28364 -1.182 1.24649 -1.82261 2.33494 -0.80201 -1.43707 -0.708059 2.24827 1.02042 0.235335 0.752044 -1.68993 -0.63529 1.09823 3.13524
1.28364 -1.182 1.24649 -1.82261 2.33494 -0.80201 -1.43707 -0.708059 2.24827 1.02042 0.235335 0.752044 -1.68993 -0.63529 1.09823 3.13524
1.28364 -1.182 1.24649 -1.82261 2.33494 -0.80201 -1.43707 -0.708059 2.24827 1.02042 0.235335 0.752044 -1.68993 -0.63529 1.09823 3.13524
1.28364 -1.182 1.24649 -1.82261 2.33494 -0.80201 -1.43707 -0.708059 2.24827 1.02042 0.235335 0.752044 -1.68993 -0.63529 1.09823 3.13524
1.28364 -1.182 1.24649 -1.82261 2.33494 -0.80201 -1.43707 -0.708059 2.24827 1.02042 0.235335 0.752044 -1.68993 -0.63529 1.09823 3.13524
1.28411 -1.182 1.24649 -1.82261 2.33494 -0.80201 -1.43707 -0.708059 2.24827 1.02042 0.235335 0.752044 -1.68993 -0.63529 1.09823 3.13524
1.28495 -1.182 1.24649 -1.82261 2.33494 -0.80201 -1.43707 -0.708059 2.24827 1.02042 0.235335 0.752044 -1.68993 -0.63529 1.09823 3.13524
1.28587 -1.182 1.24649 -1.82261 2.33494 -0.80201 -1.43707 -0.708059 2.24827 1.02042 0.235335 0.752044 -1.68993 -0.63529 1.09823 3.13524
1.28672 -1.182 1.24649 -1.82261 2.33494 -0.80201 -1.43707 -0.708059 2.24827 1.02042 0.235335 0.752044 -1.68993 -0.63529 1.09823 3.13524
1.28759 -1.182 1.24649 -1.82261 2.33494 -0.80201 -1.43707 -0.708059 2.24827 1.02042 0.235335 0.752044 -1.68993 -0.63529 1.09823 3.13524
1.28846 -1.182 1.24649 -1.82261 2.33494 -0.80201 -1.43707 -0.708059 2.24827 1.02042 0.235335 0.752044 -1.68993 -0.63529 1.09823 3.13524
1.28935 -1.182 1.24649 -1.82261 2.33494 -0.80201 -1.43707 -0.708059 2.24827 1.02042 0.235335 0.752044 -1.68993 -0.63529 1.09823 3.13524
1.29026 -1.182 1.24649 -1.82261 2.33494 -0.80201 -1.43707 -0.708059 2.24827 1.02042 0.235335 0.752044 -1.68993 -0.63529 1.09823 3.13524
1.29121 -1.182 1.24649 -1.82261 2.33494 -0.80201 -1.43707 -0.708059 2.24827 1.02042 0.235335 0.752044 -1.68993 -0.63529 1.09823 3.13524
1.29335 -1.182 1.24649 -1.82261 2.33494 -0.80201 -1.43707 -0.708059 2.24827 1.02042 0.235335 0.752044 -1.68993 -0.63529 1.09823 3.13524
1.29631 -1.182 1.24649 -1.82261 2.33494 -0.80201 -1.43707 -0.708059 2.24827 1.02042 0.235335 0.752044 -1.68993 -0.63529 1.09823 3.13524
1.29975 -1.182 1.24649 -1.82261 2.33494 -0.80201 -1.43707 -0.708059 2.24827 1.02042 0.235335 0.752044 -1.68993 -0.63529 1.09823 3.13524
1.30342 -1.182 1.24649 -1.82261 2.33494 -0.80201 -1.43707 -0.708059 2.24827 1.02042 0.235335 0.752044 -1.68993 -0.63529 1.09823 3.13524
1.30729 -1.182 1.24649 -1.82261 2.33494 -0.80201 -1.43707 -0.708059 2.24827 1.02042 0.235335 0.752044 -1.68993 -0.63529 1.09823 3.13524
1.31126 -1.182 1.24649 -1.82261 2.33494 -0.80201 -1.43707 -0.708059 2.24827 1.02042 0.235335 0.752044 -1.68993 -0.63529 1.09823 3.13524
1.31513 -1.182 1.24649 -1.82261 2.33494 -0.80201 -1.43707 -0.708059 2.24827 1.02042 0.235335 0.752044 -1.68993 -0.63529 1.09823 3.13524
1.3192 -1.182 1.24649 -1.82261 2.33494 -0.80201 -1.43707 -0.708059 2.24827 1.02042 0.235335 0.752044 -1.68993 -0.63529 1.09823 3.13524
1.32357 -1.182 1.24649 -1.82261 2.33494 -0.80201 -1.43707 -0.708059 2.24827 1.02042 0.235335 0.752044 -1.68993 -0.63529 1.09823 3.13524
1.32832 -1.182 1.24649 -1.82261 2.33494 -0.80201 -1.43707 -0.708059 2.24827 1.02042 0.235335 0.752044 -1.68993 -0.63529 1.09823 3.13524
1.33328 -1.182 1.24649 -1.82261 2.33494 -0.80201 -1.43707 -0.708059 2.24827 1.02042 0.235335 0.752044 -1.68993 -0.63529 1.09823 3.13524
1.3383 -1.182 1.24649 -1.82261 2.33494 -0.80201 -1.43707 -0.708059 2.24827 1.02042 0.235335 0.752044 -1.68993 -0.63529 1.09823 3.13524
1.34342 -1.182 1.24649 -1.82261 2.33494 -0.80201 -1.43707 -0.708059 2.24827 1.02042 0.235335 0.752044 -1.68993 -0.63529 1.09823 3.13524
1.34932 -1.182 1.24649 -1.82261 2.33494 -0.80201 -1.43707 -0.708059 2.24827 1.02042 0.235335 0.752044 -1.68993 -0.63529 1.09823 3.13524
1.35511 -1.182 1.24649 -1.82261 2.33494 -0.80201 -1.43707 -0.708059 2.24827 1.02042 0.235335 0.752044 -1.68993 -0.63529 1.09823 3.13524
1.36082 -1.182 1.24649 -1.82261 2.33494 -0.80201 -1.43707 -0.708059 2.24827 1.02042 0.235335 0.752044 -1.68993 -0.63529 1.09823 3.13524
1.36683 -1.182 1.24649 -1.82261 2.33494 -0.80201 -1.43707 -0.708059 2.24827 1.02042 0.235335 0.752044 -1.68993 -0.63529 1.09823 3.13524
1.373 -1.182 1.24649 -1.82261 2.33494 -0.80201 -1.43707 -0.708059 2.24827 1.02042 0.235335 0.752044 -1.68993 -0.63529 1.09823 3.13524
1.37935 -1.182 1.24649 -1.82261 2.33494 -0.80201 -1.43707 -0.708059 2.24827 1.02042 0.235335 0.752044 -1.68993 -0.63529 1.09823 3.13524
1.3861 -1.182 1.24649 -1.82261 2.33494 -0.80201 -1.43707 -0.708059 2.24827 1.02042 0.235335 0.752044 -1.68993 -0.63529 1.09823 3.13524
1.3931 -1.182 1.24649 -1.82261 2.33494 -0.80201 -1.43707 -0.708059 2.24827 1.02042 0.235335 0.752044 -1.68993 -0.63529 1.09823 3.13524
1.40021 -1.182 1.24649 -1.82261 2.33494 -0.80201 -1.43707 -0.708059 2.24827 1.02042 0.235335 0.752044 -1.68993 -0.63529 1.09823 3.13524
1.40764 -1.182 1.24649 -1.82261 2.33494 -0.80201 -1.43707 -0.708059 2.24827 1.02042 0.235335 0.752044 -1.68993 -0.63529 1.09823 3.13524
1.41513 -1.182 1.24649 -1.82261 2.33494 -0.80201 -1.43707 -0.708059 2.24827 1.02042 0.235335 0.752044 -1.68993 -0.63529 1.09823 3.13524
1.42304 -1.182 1.24649 -1.82261 2.33494 -0.80201 -1.43707 -0.708059 2.24827 1.02042 0.235335 0.752044 -1.68993 -0.63529 1.09823 3.13524
1.43128 -1.182 1.24649 -1.82261 2.33494 -0.80201 -1.43707 -0.708059 2.24827 1.02042 0.235335 0.752044 -1.68993 -0.63529 1.09823 3.13524
1.43965 -1.182 1.24649 -1.82261 2.33494 -0.80201 -1.43707 -0.708059 2.24827 1.02042 0.235335 0.752044 -1.68993 -0.63529 1.09823 3.13524
1.44852 -1.182 1.24649 -1.82261 2.33494 -0.80201 -1.43707 -0.708059 2.24827 1.02042 0.235335 0.752044 -1.68993 -0.63529 1.09823 3.13524
1.4576 -1.182 1.24649 -1.82261 2.33494 -0.80201 -1.43707 -0.708059 2.24827 1.02042 0.235335 0.752044 -1.68993 -0.63529 1.09823 3.13524
1.46716 -1.182 1.24649 -1.82261 2.33494 -0.80201 -1.43707 -0.708059 2.24827 1.02042 0.235335 0.752044 -1.68993 -0.63529 1.09823 3.13524
1.477 -1.182 1.24649 -1.82261 2.33494 -0.80201 -1.43707 -0.708059 2.24827 1.02042 0.235335 0.752044 -1.68993 -0.63529 1.09823 3.13524
1.48731 -1.182 1.24649 -1.82261 2.33494 -0.80201 -1.43707 -0.708059 2.24827 1.02042 0.235335 0.752044 -1.68993 -0.63529 1.09823 3.13524
1.50361 -1.182 1.24649 -1.82261 2.33494 -0.80201 -1.43707 -0.708059 2.24827 1.02042 0.235335 0.752044 -1.68993 -0.63529 1.09823 3.13524
1.50268 -1.182 1.24649 -1.82261 2.33494 -0.80201 -1.43707 -0.708059 2.24827 1.02042 0.235335 0.752044 -1.68993 -0.63529 1.09823 3.13524
1.50149 -1.182 1.24649 -1.82261 2.33494 -0.80201 -1.43707 -0.708059 2.24827 1.02042 0.235335 0.752044 -1.68993 -0.63529 1.09823 3.13524
1.50012 -1.182 1.24649 -1.82261 2.33494 -0.80201 -1.43707 -0.708059 2.24827 1.02042 0.235335 0.752044 -1.68993 -0.63529 1.09823 3.13524
1.49848 -1.182 1.24649 -1.82261 2.33494 -0.80201 -1.43707 -0.708059 2.24827 1.02042 0.235335 0.752044 -1.68993 -0.63529 1.09823 3.13524
1.4971 -1.182 1.24649 -1.82261 2.33494 -0.80201 -1.43707 -0.708059 2.24827 1.02042 0.235335 0.752044 -1.68993 -0.63529 1.09823 3.13524
1.49562 -1.182 1.24649 -1.82261 2.33494 -0.80201 -1.43707 -0.708059 2.24827 1.02042 0.235335 0.752044 -1.68993 -0.63529 1.09823 3.13524
1.49425 -1.182 1.24649 -1.82261 2.33494 -0.80201 -1.43707 -0.708059 2.24827 1.02042 0.235335 0.752044 -1.68993 -0.63529 1.09823 3.13524
1.49292 -1.182 1.24649 -1.82261 2.33494 -0.80201 -1.43707 -0.708059 2.24827 1.02042 0.235335 0.752044 -1.68993 -0.63529 1.09823 3.13524
1.49167 -1.182 1.24649 -1.82261 2.33494 -0.80201 -1.43707 -0.708059 2.24827 1.02042 0.235335 0.752044 -1.68993 -0.63529 1.09823 3.13524
1.49004 -1.182 1.24649 -1.82261 2.33494 -0.80201 -1.43707 -0.708059 2.24827 1.02042 0.235335 0.752044 -1.68993 -0.63529 1.09823 3.13524
1.4881 -1.182 1.24649 -1.82261 2.33494 -0.80201 -1.43707 -0.708059 2.24827 1.02042 0.235335 0.752044 -1.68993 -0.63529 1.09823 3.13524
1.48393 -1.182 1.24649 -1.82261 2.33494 -0.80201 -1.43707 -0.708059 2.24827 1.02042 0.235335 0.752044 -1.68993 -0.63529 1.09823 3.13524
1.47975 -1.182 1.24649 -1.82261 2.33494 -0.80201 -1.43707 -0.708059 2.24827 1.02042 0.235335 0.752044 -1.68993 -0.63529 1.09823 3.13524
1.47533 -1.182 1.24649 -1.82261 2.33494 -0.80201 -1.43707 -0.708059 2.24827 1.02042 0.235335 0.752044 -1.68993 -0.63529 1.09823 3.13524
1.47118 -1.182 1.24649 -1.82261 2.33494 -0.80201 -1.43707 -0.708059 2.24827 1.02042 0.235335 0.752044 -1.68993 -0.63529 1.09823 3.13524
1.46693 -1.182 1.24649 -1.82261 2.33494 -0.80201 -1.43707 -0.708059 2.24827 1.02042 0.235335 0.752044 -1.68993 -0.63529 1.09823 3.13524
1.46256 -1.182 1.24649 -1.82261 2.33494 -0.80201 -1.43707 -0.708059 2.24827 1.02042 0.235335 0.752044 -1.68993 -0.63529 1.09823 3.13524
1.45836 -1.182 1.24649 -1.82261 2.33494 -0.80201 -1.43707 -0.708059 2.24827 1.02042 0.235335 0.752044 -1.68993 -0.63529 1.09823 3.13524
1.45401 -1.182 1.24649 -1.82261 2.33494 -0.80201 -1.43707 -0.708059 2.24827 1.02042 0.235335 0.752044 -1.68993 -0.63529 1.09823 3.13524
1.44968 -1.182 1.24649 -1.82261 2.33494 -0.80201 -1.43707 -0.708059 2.24827 1.02042 0.235335 0.752044 -1.68993 -0.63529 1.09823 3.13524
1.44526 -1.182 1.24649 -1.82261 2.33494 -0.80201 -1.43707 -0.708059 2.24827 1.02042 0.235335 0.752044 -1.68993 -0.63529 1.09823 3.13524
1.44083 -1.182 1.24649 -1.82261 2.33494 -0.80201 -1.43707 -0.708059 2.24827 1.02042 0.235335 0.752044 -1.68993 -0.63529 1.09823 3.13524
1.4363 -1.182 1.24649 -1.82261 2.33494 -0.80201 -1.43707 -0.708059 2.24827 1.02042 0.235335 0.752044 -1.68993 -0.63529 1.09823 3.13524
1.43186 -1.182 1.24649 -1.82261 2.33494 -0.80201 -1.43707 -0.708059 2.24827 1.02042 0.235335 0.752044 -1.68993 -0.63529 1.09823 3.13524
1.42738 -1.182 1.24649 -1.82261 2.33494 -0.80201 -1.43707 -0.708059 2.24827 1.02042 0.235335 0.752044 -1.68993 -0.63529 1.09823 3.13524
1.42272 -1.182 1.24649 -1.82261 2.33494 -0.80201 -1.43707 -0.708059 2.24827 1.02042 0.235335 0.752044 -1.68993 -0.63529 1.09823 3.13524
1.41821 -1.182 1.24649 -1.82261 2.33494 -0.80201 -1.43707 -0.708059 2.24827 1.02042 0.235335 0.752044 -1.68993 -0.63529 1.09823 3.13524
1.41367 -1.182 1.24649 -1.82261 2.33494 -0.80201 -1.43707 -0.708059 2.24827 1.02042 0.235335 0.752044 -1.68993 -0.63529 1.09823 3.13524
1.40911 -1.182 1.24649 -1.82261 2.33494 -0.80201 -1.43707 -0.708059 2.24827 1.02042 0.235335 0.752044 -1.68993 -0.63529 1.09823 3.13524
1.40454 -1.182 1.24649 -1.82261 2.33494 -0.80201 -1.43707 -0.708059 2.24827 1.02042 0.235335 0.752044 -1.68993 -0.63529 1.09823 3.13524
1.40004 -1.182 1.24649 -1.82261 2.33494 -0.80201 -1.43707 -0.708059 2.24827 1.02042 0.235335 0.752044 -1.68993 -0.63529 1.09823 3.13524
1.39548 -1.182 1.24649 -1.82261 2.33494 -0.80201 -1.43707 -0.708059 2.24827 1.02042 0.235335 0.752044 -1.68993 -0.63529 1.09823 3.13524
1.39088 -1.182 1.24649 -1.82261 2.33494 -0.80201 -1.43707 -0.708059 2.24827 1.02042 0.235335 0.752044 -1.68993 -0.63529 1.09823 3.13524
1.38623 -1.182 1.24649 -1.82261 2.33494 -0.80201 -1.43707 -0.708059 2.24827 1.02042 0.235335 0.752044 -1.68993 -0.63529 1.09823 3.13524
1.38146 -1.182 1.24649 -1.82261 2.33494 -0.80201 -1.43707 -0.708059 2.24827 1.02042 0.235335 0.752044 -1.68993 -0.63529 1.09823 3.13524
1.37682 -1.182 1.24649 -1.82261 2.33494 -0.80201 -1.43707 -0.708059 2.24827 1.02042 0.235335 0.752044 -1.68993 -0.63529 1.09823 3.13524
1.37216 -1.182 1.24649 -1.82261 2.33494 -0.80201 -1.43707 -0.708059 2.24827 1.02042 0.235335 0.752044 -1.68993 -0.63529 1.09823 3.13524
1.36743 -1.182 1.24649 -1.82261 2.33494 -0.80201 -1.43707 -0.708059 2.24827 1.02042 0.235335 0.752044 -1.68993 -0.63529 1.09823 3.13524
1.36272 -1.182 1.24649 -1.82261 2.33494 -0.80201 -1.43707 -0.708059 2.24827 1.02042 0.235335 0.752044 -1.68993 -0.63529 1.09823 3.13524
1.35798 -1.182 1.24649 -1.82261 2.33494 -0.80201 -1.43707 -0.708059 2.24827 1.02042 0.235335 0.752044 -1.68993 -0.63529 1.09823 3.13524
1.35325 -1.182 1.24649 -1.82261 2.33494 -0.80201 -1.43707 -0.708059 2.24827 1.02042 0.235335 0.752044 -1.68993 -0.63529 1.09823 3.13524
1.3484 -1.182 1.24649 -1.82261 2.33494 -0.80201 -1.43707 -0.708059 2.24827 1.02042 0.235335 0.752044 -1.68993 -0.63529 1.09823 3.13524
1.34353 -1.182 1.24649 -1.82261 2.33494 -0.80201 -1.43707 -0.708059 2.24827 1.02042 0.235335 0.752044 -1.68993 -0.63529 1.09823 3.13524
1.33872 -1.182 1.24649 -1.82261 2.33494 -0.80201 -1.43707 -0.708059 2.24827 1.02042 0.235335 0.752044 -1.68993 -0.63529 1.09823 3.13524
1.33372 -1.182 1.24649 -1.82261 2.33494 -0.80201 -1.43707 -0.708059 2.24827 1.02042 0.235335 0.752044 -1.68993 -0.63529 1.09823 3.13524
1.32875 -1.182 1.24649 -1.82261 2.33494 -0.80201 -1.43707 -0.708059 2.24827 1.02042 0.235335 0.752044 -1.68993 -0.63529 1.09823 3.13524
1.32361 -1.182 1.24649 -1.82261 2.33494 -0.80201 -1.43707 -0.708059 2.24827 1.02042 0.235335 0.752044 -1.68993 -0.63529 1.09823 3.13524
1.31832 -1.182 1.24649 -1.82261 2.33494 -0.80201 -1.43707 -0.708059 2.24827 1.02042 0.235335 0.752044 -1.68993 -0.63529 1.09823 3.13524
1.3131 -1.182 1.24649 -1.82261 2.33494 -0.80201 -1.43707 -0.708059 2.24827 1.02042 0.235335 0.752044 -1.68993 -0.63529 1.09823 3.13524
1.30808 -1.182 1.24649 -1.82261 2.33494 -0.80201 -1.43707 -0.708059 2.24827 1.02042 0.235335 0.752044 -1.68993 -0.63529 1.09823 3.13524
1.30306 -1.182 1.24649 -1.82261 2.33494 -0.80201 -1.43707 -0.708059 2.24827 1.02042 0.235335 0.752044 -1.68993 -0.63529 1.09823 3.13524
1.29806 -1.182 1.24649 -1.82261 2.33494 -0.80201 -1.43707 -0.708059 2.24827 1.02042 0.235335 0.752044 -1.68993 -0.63529 1.09823 3.13524
1.29292 -1.182 1.24649 -1.82261 2.33494 -0.80201 -1.43707 -0.708059 2.24827 1.02042 0.235335 0.752044 -1.68993 -0.63529 1.09823 3.13524
1.28773 -1.182 1.24649 -1.82261 2.33494 -0.80201 -1.43707 -0.708059 2.24827 1.02042 0.235335 0.752044 -1.68993 -0.63529 1.09823 3.13524
1.28262 -1.182 1.24649 -1.82261 2.33494 -0.80201 -1.43707 -0.708059 2.24827 1.02042 0.235335 0.752044 -1.68993 -0.63529 1.09823 3.13524
1.27751 -1.182 1.24649 -1.82261 2.33494 -0.80201 -1.43707 -0.708059 2.24827 1.02042 0.235335 0.752044 -1.68993 -0.63529 1.09823 3.13524
1.27235 -1.182 1.24649 -1.82261 2.33494 -0.80201 -1.43707 -0.708059 2.24827 1.02042 0.235335 0.752044 -1.68993 -0.63529 1.09823 3.13524
1.26719 -1.182 1.24649 -1.82261 2.33494 -0.80201 -1.43707 -0.708059 2.24827 1.02042 0.235335 0.752044 -1.68993 -0.63529 1.09823 3.13524
1.26197 -1.182 1.24649 -1.82261 2.33494 -0.80201 -1.43707 -0.708059 2.24827 1.02042 0.235335 0.752044 -1.68993 -0.63529 1.09823 3.13524
1.2566 -1.182 1.24649 -1.82261 2.33494 -0.80201 -1.43707 -0.708059 2.24827 1.02042 0.235335 0.752044 -1.68993 -0.63529 1.09823 3.13524
1.25128 -1.182 1.24649 -1.82261 2.33494 -0.80201 -1.43707 -0.708059 2.24827 1.02042 0.235335 0.752044 -1.68993 -0.63529 1.09823 3.13524
1.24598 -1.182 1.24649 -1.82261 2.33494 -0.80201 -1.43707 -0.708059 2.24827 1.02042 0.235335 0.752044 -1.68993 -0.63529 1.09823 3.13524
1.24049 -1.182 1.24649 -1.82261 2.33494 -0.80201 -1.43707 -0.708059 2.24827 1.02042 0.235335 0.752044 -1.68993 -0.63529 1.09823 3.13524
1.23508 -1.182 1.24649 -1.82261 2.33494 -0.80201 -1.43707 -0.708059 2.24827 1.02042 0.235335 0.752044 -1.68993 -0.63529 1.09823 3.13524
1.22964 -1.182 1.24649 -1.82261 2.33494 -0.80201 -1.43707 -0.708059 2.24827 1.02042 0.235335 0.752044 -1.68993 -0.63529 1.09823 3.13524
1.22427 -1.182 1.24649 -1.82261 2.33494 -0.80201 -1.43707 -0.708059 2.24827 1.02042 0.235335 0.752044 -1.68993 -0.63529 1.09823 3.13524
1.21882 -1.182 1.24649 -1.82261 2.33494 -0.80201 -1.43707 -0.708059 2.24827 1.02042 0.235335 0.752044 -1.68993 -0.63529 1.09823 3.13524
1.2133 -1.182 1.24649 -1.82261 2.33494 -0.80201 -1.43707 -0.708059 2.24827 1.02042 0.235335 0.752044 -1.68993 -0.63529 1.09823 3.13524
1.20767 -1.182 1.24649 -1.82261 2.33494 -0.80201 -1.43707 -0.708059 2.24827 1.02042 0.235335 0.752044 -1.68993 -0.63529 1.09823 3.13524
1.20209 -1.182 1.24649 -1.82261 2.33494 -0.80201 -1.43707 -0.708059 2.24827 1.02042 0.235335 0.752044 -1.68993 -0.63529 1.09823 3.13524
1.19638 -1.182 1.24649 -1.82261 2.33494 -0.80201 -1.43707 -0.708059 2.24827 1.02042 0.235335 0.752044 -1.68993 -0.63529 1.09823 3.13524
1.1905 -1.182 1.24649 -1.82261 2.33494 -0.80201 -1.43707 -0.708059 2.24827 1.02042 0.235335 0.752044 -1.68993 -0.63529 1.09823 3.13524
1.18446 -1.182 1.24649 -1.82261 2.33494 -0.80201 -1.43707 -0.708059 2.24827 1.02042 0.235335 0.752044 -1.68993 -0.63529 1.09823 3.13524
1.17876 -1.182 1.24649 -1.82261 2.33494 -0.80201 -1.43707 -0.708059 2.24827 1.02042 0.235335 0.752044 -1.68993 -0.63529 1.09823 3.13524
1.17296 -1.182 1.24649 -1.82261 2.33494 -0.80201 -1.43707 -0.708059 2.24827 1.02042 0.235335 0.752044 -1.68993 -0.63529 1.09823 3.13524
1.1672 -1.182 1.24649 -1.82261 2.33494 -0.80201 -1.43707 -0.708059 2.24827 1.02042 0.235335 0.752044 -1.68993 -0.63529 1.09823 3.13524
1.16154 -1.182 1.24649 -1.82261 2.33494 -0.80201 -1.43707 -0.708059 2.24827 1.02042 0.235335 0.752044 -1.68993 -0.63529 1.09823 3.13524
1.15578 -1.182 1.24649 -1.82261 2.33494 -0.80201 -1.43707 -0.708059 2.24827 1.02042 0.235335 0.752044 -1.68993 -0.63529 1.09823 3.13524
1.1499 -1.182 1.24649 -1.82261 2.33494 -0.80201 -1.43707 -0.708059 2.24827 1.02042 0.235335 0.752044 -1.68993 -0.63529 1.09823 3.13524
1.14386 -1.182 1.24649 -1.82261 2.33494 -0.80201 -1.43707 -0.708059 2.24827 1.02042 0.235335 0.752044 -1.68993 -0.63529 1.09823 3.13524
1.138 -1.182 1.24649 -1.82261 2.33494 -0.80201 -1.43707 -0.708059 2.24827 1.02042 0.235335 0.752044 -1.68993 -0.63529 1.09823 3.13524
1.1321 -1.182 1.24649 -1.82261 2.33494 -0.80201 -1.43707 -0.708059 2.24827 1.02042 0.235335 0.752044 -1.68993 -0.63529 1.09823 3.13524
1.12617 -1.182 1.24649 -1.82261 2.33494 -0.80201 -1.43707 -0.708059 2.24827 1.02042 0.235335 0.752044 -1.68993 -0.63529 1.09823 3.13524
1.1201 -1.182 1.24649 -1.82261 2.33494 -0.80201 -1.43707 -0.708059 2.24827 1.02042 0.235335 0.752044 -1.68993 -0.63529 1.09823 3.13524
1.11388 -1.182 1.24649 -1.82261 2.33494 -0.80201 -1.43707 -0.708059 2.24827 1.02042 0.235335 0.752044 -1.68993 -0.63529 1.09823 3.13524
1.10792 -1.182 1.24649 -1.82261 2.33494 -0.80201 -1.43707 -0.708059 2.24827 1.02042 0.235335 0.752044 -1.68993 -0.63529 1.09823 3.13524
