7.925
7.936
7.946
7.956
7.967
7.977
7.988
7.998
8.008
8.021
8.041
8.062
8.082
8.103
8.124
8.144
8.165
8.186
8.206
8.227
8.268
8.307
8.347
8.386
8.424
8.463
8.503
8.542
8.581
8.62
8.659
8.698
8.74
8.781
8.82
8.859
8.898
8.937
8.976
9.015
9.054
9.092
9.131
9.17
9.209
9.247
9.286
9.324
9.363
9.402
9.441
9.48
12.312
12.323
12.333
12.343
12.354
12.364
12.375
12.385
12.396
12.408
12.429
12.449
12.487
12.528
12.567
12.605
12.644
12.683
12.721
12.76
12.798
12.838
12.878
12.916
12.955
12.995
13.035
13.074
13.113
13.152
13.19
13.228
13.267
13.305
13.344
13.383
13.422
13.46
13.499
13.537
13.576
13.614
13.653
13.691
13.73
13.769
13.808
13.85
13.892
13.931
13.969
14.008
14.046
14.085
14.124
14.163
14.201
14.239
14.278
14.317
14.356
14.394
14.433
14.473
14.512
14.55
14.589
14.627
14.666
14.706
14.745
14.786
14.825
14.867
14.906
14.945
14.984
15.022
15.061
15.1
15.14
15.178
15.217
15.256
15.297
15.335
15.374
