2.80314 -0.149341 -1.57206 0.326935 2.63965 -0.408854 -2.58627 2.03009 -1.49849 -2.19982 -0.1223 -0.902199 -1.18501 0.0355876 1.3453 1.38785
2.80176 -0.149341 -1.57206 0.326935 2.63965 -0.408854 -2.58627 2.03009 -1.49849 -2.19982 -0.1223 -0.902199 -1.18501 0.0355876 1.3453 1.38785
2.80026 -0.149341 -1.57206 0.326935 2.63965 -0.408854 -2.58627 2.03009 -1.49849 -2.19982 -0.1223 -0.902199 -1.18501 0.0355876 1.3453 1.38785
2.79892 -0.149341 -1.57206 0.326935 2.63965 -0.408854 -2.58627 2.03009 -1.49849 -2.19982 -0.1223 -0.902199 -1.18501 0.0355876 1.3453 1.38785
2.79764 -0.149341 -1.57206 0.326935 2.63965 -0.408854 -2.58627 2.03009 -1.49849 -2.19982 -0.1223 -0.902199 -1.18501 0.0355876 1.3453 1.38785
2.79614 -0.149341 -1.57206 0.326935 2.63965 -0.408854 -2.58627 2.03009 -1.49849 -2.19982 -0.1223 -0.902199 -1.18501 0.0355876 1.3453 1.38785
2.79331 -0.149341 -1.57206 0.326935 2.63965 -0.408854 -2.58627 2.03009 -1.49849 -2.19982 -0.1223 -0.902199 -1.18501 0.0355876 1.3453 1.38785
2.79076 -0.149341 -1.57206 0.326935 2.63965 -0.408854 -2.58627 2.03009 -1.49849 -2.19982 -0.1223 -0.902199 -1.18501 0.0355876 1.3453 1.38785
2.78918 -0.149341 -1.57206 0.326935 2.63965 -0.408854 -2.58627 2.03009 -1.49849 -2.19982 -0.1223 -0.902199 -1.18501 0.0355876 1.3453 1.38785
2.78759 -0.149341 -1.57206 0.326935 2.63965 -0.408854 -2.58627 2.03009 -1.49849 -2.19982 -0.1223 -0.902199 -1.18501 0.0355876 1.3453 1.38785
2.78591 -0.149341 -1.57206 0.326935 2.63965 -0.408854 -2.58627 2.03009 -1.49849 -2.19982 -0.1223 -0.902199 -1.18501 0.0355876 1.3453 1.38785
2.7842 -0.149341 -1.57206 0.326935 2.63965 -0.408854 -2.58627 2.03009 -1.49849 -2.19982 -0.1223 -0.902199 -1.18501 0.0355876 1.3453 1.38785
2.78249 -0.149341 -1.57206 0.326935 2.63965 -0.408854 -2.58627 2.03009 -1.49849 -2.19982 -0.1223 -0.902199 -1.18501 0.0355876 1.3453 1.38785
2.78073 -0.149341 -1.57206 0.326935 2.63965 -0.408854 -2.58627 2.03009 -1.49849 -2.19982 -0.1223 -0.902199 -1.18501 0.0355876 1.3453 1.38785
2.7791 -0.149341 -1.57206 0.326935 2.63965 -0.408854 -2.58627 2.03009 -1.49849 -2.19982 -0.1223 -0.902199 -1.18501 0.0355876 1.3453 1.38785
2.77743 -0.149341 -1.57206 0.326935 2.63965 -0.408854 -2.58627 2.03009 -1.49849 -2.19982 -0.1223 -0.902199 -1.18501 0.0355876 1.3453 1.38785
2.77576 -0.149341 -1.57206 0.326935 2.63965 -0.408854 -2.58627 2.03009 -1.49849 -2.19982 -0.1223 -0.902199 -1.18501 0.0355876 1.3453 1.38785
2.77414 -0.149341 -1.57206 0.326935 2.63965 -0.408854 -2.58627 2.03009 -1.49849 -2.19982 -0.1223 -0.902199 -1.18501 0.0355876 1.3453 1.38785
2.77102 -0.149341 -1.57206 0.326935 2.63965 -0.408854 -2.58627 2.03009 -1.49849 -2.19982 -0.1223 -0.902199 -1.18501 0.0355876 1.3453 1.38785
2.76784 -0.149341 -1.57206 0.326935 2.63965 -0.408854 -2.58627 2.03009 -1.49849 -2.19982 -0.1223 -0.902199 -1.18501 0.0355876 1.3453 1.38785
2.76467 -0.149341 -1.57206 0.326935 2.63965 -0.408854 -2.58627 2.03009 -1.49849 -2.19982 -0.1223 -0.902199 -1.18501 0.0355876 1.3453 1.38785
2.76151 -0.149341 -1.57206 0.326935 2.63965 -0.408854 -2.58627 2.03009 -1.49849 -2.19982 -0.1223 -0.902199 -1.18501 0.0355876 1.3453 1.38785
2.75836 -0.149341 -1.57206 0.326935 2.63965 -0.408854 -2.58627 2.03009 -1.49849 -2.19982 -0.1223 -0.902199 -1.18501 0.0355876 1.3453 1.38785
2.75523 -0.149341 -1.57206 0.326935 2.63965 -0.408854 -2.58627 2.03009 -1.49849 -2.19982 -0.1223 -0.902199 -1.18501 0.0355876 1.3453 1.38785
2.75193 -0.149341 -1.57206 0.326935 2.63965 -0.408854 -2.58627 2.03009 -1.49849 -2.19982 -0.1223 -0.902199 -1.18501 0.0355876 1.3453 1.38785
2.74851 -0.149341 -1.57206 0.326935 2.63965 -0.408854 -2.58627 2.03009 -1.49849 -2.19982 -0.1223 -0.902199 -1.18501 0.0355876 1.3453 1.38785
2.74522 -0.149341 -1.57206 0.326935 2.63965 -0.408854 -2.58627 2.03009 -1.49849 -2.19982 -0.1223 -0.902199 -1.18501 0.0355876 1.3453 1.38785
2.74196 -0.149341 -1.57206 0.326935 2.63965 -0.408854 -2.58627 2.03009 -1.49849 -2.19982 -0.1223 -0.902199 -1.18501 0.0355876 1.3453 1.38785
2.73871 -0.149341 -1.57206 0.326935 2.63965 -0.408854 -2.58627 2.03009 -1.49849 -2.19982 -0.1223 -0.902199 -1.18501 0.0355876 1.3453 1.38785
2.73546 -0.149341 -1.57206 0.326935 2.63965 -0.408854 -2.58627 2.03009 -1.49849 -2.19982 -0.1223 -0.902199 -1.18501 0.0355876 1.3453 1.38785
2.73223 -0.149341 -1.57206 0.326935 2.63965 -0.408854 -2.58627 2.03009 -1.49849 -2.19982 -0.1223 -0.902199 -1.18501 0.0355876 1.3453 1.38785
2.72895 -0.149341 -1.57206 0.326935 2.63965 -0.408854 -2.58627 2.03009 -1.49849 -2.19982 -0.1223 -0.902199 -1.18501 0.0355876 1.3453 1.38785
2.7255 -0.149341 -1.57206 0.326935 2.63965 -0.408854 -2.58627 2.03009 -1.49849 -2.19982 -0.1223 -0.902199 -1.18501 0.0355876 1.3453 1.38785
2.72212 -0.149341 -1.57206 0.326935 2.63965 -0.408854 -2.58627 2.03009 -1.49849 -2.19982 -0.1223 -0.902199 -1.18501 0.0355876 1.3453 1.38785
2.71876 -0.149341 -1.57206 0.326935 2.63965 -0.408854 -2.58627 2.03009 -1.49849 -2.19982 -0.1223 -0.902199 -1.18501 0.0355876 1.3453 1.38785
2.71545 -0.149341 -1.57206 0.326935 2.63965 -0.408854 -2.58627 2.03009 -1.49849 -2.19982 -0.1223 -0.902199 -1.18501 0.0355876 1.3453 1.38785
2.71207 -0.149341 -1.57206 0.326935 2.63965 -0.408854 -2.58627 2.03009 -1.49849 -2.19982 -0.1223 -0.902199 -1.18501 0.0355876 1.3453 1.38785
2.70873 -0.149341 -1.57206 0.326935 2.63965 -0.408854 -2.58627 2.03009 -1.49849 -2.19982 -0.1223 -0.902199 -1.18501 0.0355876 1.3453 1.38785
2.70525 -0.149341 -1.57206 0.326935 2.63965 -0.408854 -2.58627 2.03009 -1.49849 -2.19982 -0.1223 -0.902199 -1.18501 0.0355876 1.3453 1.38785
2.70183 -0.149341 -1.57206 0.326935 2.63965 -0.408854 -2.58627 2.03009 -1.49849 -2.19982 -0.1223 -0.902199 -1.18501 0.0355876 1.3453 1.38785
2.69845 -0.149341 -1.57206 0.326935 2.63965 -0.408854 -2.58627 2.03009 -1.49849 -2.19982 -0.1223 -0.902199 -1.18501 0.0355876 1.3453 1.38785
2.69498 -0.149341 -1.57206 0.326935 2.63965 -0.408854 -2.58627 2.03009 -1.49849 -2.19982 -0.1223 -0.902199 -1.18501 0.0355876 1.3453 1.38785
2.69139 -0.149341 -1.57206 0.326935 2.63965 -0.408854 -2.58627 2.03009 -1.49849 -2.19982 -0.1223 -0.902199 -1.18501 0.0355876 1.3453 1.38785
2.6879 -0.149341 -1.57206 0.326935 2.63965 -0.408854 -2.58627 2.03009 -1.49849 -2.19982 -0.1223 -0.902199 -1.18501 0.0355876 1.3453 1.38785
2.68437 -0.149341 -1.57206 0.326935 2.63965 -0.408854 -2.58627 2.03009 -1.49849 -2.19982 -0.1223 -0.902199 -1.18501 0.0355876 1.3453 1.38785
2.68092 -0.149341 -1.57206 0.326935 2.63965 -0.408854 -2.58627 2.03009 -1.49849 -2.19982 -0.1223 -0.902199 -1.18501 0.0355876 1.3453 1.38785
2.67742 -0.149341 -1.57206 0.326935 2.63965 -0.408854 -2.58627 2.03009 -1.49849 -2.19982 -0.1223 -0.902199 -1.18501 0.0355876 1.3453 1.38785
2.67396 -0.149341 -1.57206 0.326935 2.63965 -0.408854 -2.58627 2.03009 -1.49849 -2.19982 -0.1223 -0.902199 -1.18501 0.0355876 1.3453 1.38785
2.67044 -0.149341 -1.57206 0.326935 2.63965 -0.408854 -2.58627 2.03009 -1.49849 -2.19982 -0.1223 -0.902199 -1.18501 0.0355876 1.3453 1.38785
2.66691 -0.149341 -1.57206 0.326935 2.63965 -0.408854 -2.58627 2.03009 -1.49849 -2.19982 -0.1223 -0.902199 -1.18501 0.0355876 1.3453 1.38785
2.66335 -0.149341 -1.57206 0.326935 2.63965 -0.408854 -2.58627 2.03009 -1.49849 -2.19982 -0.1223 -0.902199 -1.18501 0.0355876 1.3453 1.38785
2.65969 -0.149341 -1.57206 0.326935 2.63965 -0.408854 -2.58627 2.03009 -1.49849 -2.19982 -0.1223 -0.902199 -1.18501 0.0355876 1.3453 1.38785
2.65594 -0.149341 -1.57206 0.326935 2.63965 -0.408854 -2.58627 2.03009 -1.49849 -2.19982 -0.1223 -0.902199 -1.18501 0.0355876 1.3453 1.38785
2.65242 -0.149341 -1.57206 0.326935 2.63965 -0.408854 -2.58627 2.03009 -1.49849 -2.19982 -0.1223 -0.902199 -1.18501 0.0355876 1.3453 1.38785
2.64863 -0.149341 -1.57206 0.326935 2.63965 -0.408854 -2.58627 2.03009 -1.49849 -2.19982 -0.1223 -0.902199 -1.18501 0.0355876 1.3453 1.38785
2.64495 -0.149341 -1.57206 0.326935 2.63965 -0.408854 -2.58627 2.03009 -1.49849 -2.19982 -0.1223 -0.902199 -1.18501 0.0355876 1.3453 1.38785
2.64133 -0.149341 -1.57206 0.326935 2.63965 -0.408854 -2.58627 2.03009 -1.49849 -2.19982 -0.1223 -0.902199 -1.18501 0.0355876 1.3453 1.38785
2.6377 -0.149341 -1.57206 0.326935 2.63965 -0.408854 -2.58627 2.03009 -1.49849 -2.19982 -0.1223 -0.902199 -1.18501 0.0355876 1.3453 1.38785
2.63412 -0.149341 -1.57206 0.326935 2.63965 -0.408854 -2.58627 2.03009 -1.49849 -2.19982 -0.1223 -0.902199 -1.18501 0.0355876 1.3453 1.38785
2.63041 -0.149341 -1.57206 0.326935 2.63965 -0.408854 -2.58627 2.03009 -1.49849 -2.19982 -0.1223 -0.902199 -1.18501 0.0355876 1.3453 1.38785
2.62672 -0.149341 -1.57206 0.326935 2.63965 -0.408854 -2.58627 2.03009 -1.49849 -2.19982 -0.1223 -0.902199 -1.18501 0.0355876 1.3453 1.38785
2.62304 -0.149341 -1.57206 0.326935 2.63965 -0.408854 -2.58627 2.03009 -1.49849 -2.19982 -0.1223 -0.902199 -1.18501 0.0355876 1.3453 1.38785
2.61941 -0.149341 -1.57206 0.326935 2.63965 -0.408854 -2.58627 2.03009 -1.49849 -2.19982 -0.1223 -0.902199 -1.18501 0.0355876 1.3453 1.38785
2.6158 -0.149341 -1.57206 0.326935 2.63965 -0.408854 -2.58627 2.03009 -1.49849 -2.19982 -0.1223 -0.902199 -1.18501 0.0355876 1.3453 1.38785
2.61209 -0.149341 -1.57206 0.326935 2.63965 -0.408854 -2.58627 2.03009 -1.49849 -2.19982 -0.1223 -0.902199 -1.18501 0.0355876 1.3453 1.38785
2.60825 -0.149341 -1.57206 0.326935 2.63965 -0.408854 -2.58627 2.03009 -1.49849 -2.19982 -0.1223 -0.902199 -1.18501 0.0355876 1.3453 1.38785
2.60443 -0.149341 -1.57206 0.326935 2.63965 -0.408854 -2.58627 2.03009 -1.49849 -2.19982 -0.1223 -0.902199 -1.18501 0.0355876 1.3453 1.38785
2.60066 -0.149341 -1.57206 0.326935 2.63965 -0.408854 -2.58627 2.03009 -1.49849 -2.19982 -0.1223 -0.902199 -1.18501 0.0355876 1.3453 1.38785
2.59679 -0.149341 -1.57206 0.326935 2.63965 -0.408854 -2.58627 2.03009 -1.49849 -2.19982 -0.1223 -0.902199 -1.18501 0.0355876 1.3453 1.38785
2.593 -0.149341 -1.57206 0.326935 2.63965 -0.408854 -2.58627 2.03009 -1.49849 -2.19982 -0.1223 -0.902199 -1.18501 0.0355876 1.3453 1.38785
2.58918 -0.149341 -1.57206 0.326935 2.63965 -0.408854 -2.58627 2.03009 -1.49849 -2.19982 -0.1223 -0.902199 -1.18501 0.0355876 1.3453 1.38785
2.58538 -0.149341 -1.57206 0.326935 2.63965 -0.408854 -2.58627 2.03009 -1.49849 -2.19982 -0.1223 -0.902199 -1.18501 0.0355876 1.3453 1.38785
2.5816 -0.149341 -1.57206 0.326935 2.63965 -0.408854 -2.58627 2.03009 -1.49849 -2.19982 -0.1223 -0.902199 -1.18501 0.0355876 1.3453 1.38785
2.57774 -0.149341 -1.57206 0.326935 2.63965 -0.408854 -2.58627 2.03009 -1.49849 -2.19982 -0.1223 -0.902199 -1.18501 0.0355876 1.3453 1.38785
2.57393 -0.149341 -1.57206 0.326935 2.63965 -0.408854 -2.58627 2.03009 -1.49849 -2.19982 -0.1223 -0.902199 -1.18501 0.0355876 1.3453 1.38785
2.56996 -0.149341 -1.57206 0.326935 2.63965 -0.408854 -2.58627 2.03009 -1.49849 -2.19982 -0.1223 -0.902199 -1.18501 0.0355876 1.3453 1.38785
2.56585 -0.149341 -1.57206 0.326935 2.63965 -0.408854 -2.58627 2.03009 -1.49849 -2.19982 -0.1223 -0.902199 -1.18501 0.0355876 1.3453 1.38785
2.56167 -0.149341 -1.57206 0.326935 2.63965 -0.408854 -2.58627 2.03009 -1.49849 -2.19982 -0.1223 -0.902199 -1.18501 0.0355876 1.3453 1.38785
2.55772 -0.149341 -1.57206 0.326935 2.63965 -0.408854 -2.58627 2.03009 -1.49849 -2.19982 -0.1223 -0.902199 -1.18501 0.0355876 1.3453 1.38785
2.55384 -0.149341 -1.57206 0.326935 2.63965 -0.408854 -2.58627 2.03009 -1.49849 -2.19982 -0.1223 -0.902199 -1.18501 0.0355876 1.3453 1.38785
2.54987 -0.149341 -1.57206 0.326935 2.63965 -0.408854 -2.58627 2.03009 -1.49849 -2.19982 -0.1223 -0.902199 -1.18501 0.0355876 1.3453 1.38785
2.54584 -0.149341 -1.57206 0.326935 2.63965 -0.408854 -2.58627 2.03009 -1.49849 -2.19982 -0.1223 -0.902199 -1.18501 0.0355876 1.3453 1.38785
2.54187 -0.149341 -1.57206 0.326935 2.63965 -0.408854 -2.58627 2.03009 -1.49849 -2.19982 -0.1223 -0.902199 -1.18501 0.0355876 1.3453 1.38785
2.53788 -0.149341 -1.57206 0.326935 2.63965 -0.408854 -2.58627 2.03009 -1.49849 -2.19982 -0.1223 -0.902199 -1.18501 0.0355876 1.3453 1.38785
2.53385 -0.149341 -1.57206 0.326935 2.63965 -0.408854 -2.58627 2.03009 -1.49849 -2.19982 -0.1223 -0.902199 -1.18501 0.0355876 1.3453 1.38785
2.52976 -0.149341 -1.57206 0.326935 2.63965 -0.408854 -2.58627 2.03009 -1.49849 -2.19982 -0.1223 -0.902199 -1.18501 0.0355876 1.3453 1.38785
2.52558 -0.149341 -1.57206 0.326935 2.63965 -0.408854 -2.58627 2.03009 -1.49849 -2.19982 -0.1223 -0.902199 -1.18501 0.0355876 1.3453 1.38785
2.52155 -0.149341 -1.57206 0.326935 2.63965 -0.408854 -2.58627 2.03009 -1.49849 -2.19982 -0.1223 -0.902199 -1.18501 0.0355876 1.3453 1.38785
2.51749 -0.149341 -1.57206 0.326935 2.63965 -0.408854 -2.58627 2.03009 -1.49849 -2.19982 -0.1223 -0.902199 -1.18501 0.0355876 1.3453 1.38785
2.5134 -0.149341 -1.57206 0.326935 2.63965 -0.408854 -2.58627 2.03009 -1.49849 -2.19982 -0.1223 -0.902199 -1.18501 0.0355876 1.3453 1.38785
2.50901 -0.149341 -1.57206 0.326935 2.63965 -0.408854 -2.58627 2.03009 -1.49849 -2.19982 -0.1223 -0.902199 -1.18501 0.0355876 1.3453 1.38785
2.50486 -0.149341 -1.57206 0.326935 2.63965 -0.408854 -2.58627 2.03009 -1.49849 -2.19982 -0.1223 -0.902199 -1.18501 0.0355876 1.3453 1.38785
2.50073 -0.149341 -1.57206 0.326935 2.63965 -0.408854 -2.58627 2.03009 -1.49849 -2.19982 -0.1223 -0.902199 -1.18501 0.0355876 1.3453 1.38785
2.49654 -0.149341 -1.57206 0.326935 2.63965 -0.408854 -2.58627 2.03009 -1.49849 -2.19982 -0.1223 -0.902199 -1.18501 0.0355876 1.3453 1.38785
2.49235 -0.149341 -1.57206 0.326935 2.63965 -0.408854 -2.58627 2.03009 -1.49849 -2.19982 -0.1223 -0.902199 -1.18501 0.0355876 1.3453 1.38785
2.48796 -0.149341 -1.57206 0.326935 2.63965 -0.408854 -2.58627 2.03009 -1.49849 -2.19982 -0.1223 -0.902199 -1.18501 0.0355876 1.3453 1.38785
2.48369 -0.149341 -1.57206 0.326935 2.63965 -0.408854 -2.58627 2.03009 -1.49849 -2.19982 -0.1223 -0.902199 -1.18501 0.0355876 1.3453 1.38785
2.47951 -0.149341 -1.57206 0.326935 2.63965 -0.408854 -2.58627 2.03009 -1.49849 -2.19982 -0.1223 -0.902199 -1.18501 0.0355876 1.3453 1.38785
2.47527 -0.149341 -1.57206 0.326935 2.63965 -0.408854 -2.58627 2.03009 -1.49849 -2.19982 -0.1223 -0.902199 -1.18501 0.0355876 1.3453 1.38785
2.47101 -0.149341 -1.57206 0.326935 2.63965 -0.408854 -2.58627 2.03009 -1.49849 -2.19982 -0.1223 -0.902199 -1.18501 0.0355876 1.3453 1.38785
2.46674 -0.149341 -1.57206 0.326935 2.63965 -0.408854 -2.58627 2.03009 -1.49849 -2.19982 -0.1223 -0.902199 -1.18501 0.0355876 1.3453 1.38785
2.46239 -0.149341 -1.57206 0.326935 2.63965 -0.408854 -2.58627 2.03009 -1.49849 -2.19982 -0.1223 -0.902199 -1.18501 0.0355876 1.3453 1.38785
2.45809 -0.149341 -1.57206 0.326935 2.63965 -0.408854 -2.58627 2.03009 -1.49849 -2.19982 -0.1223 -0.902199 -1.18501 0.0355876 1.3453 1.38785
2.45365 -0.149341 -1.57206 0.326935 2.63965 -0.408854 -2.58627 2.03009 -1.49849 -2.19982 -0.1223 -0.902199 -1.18501 0.0355876 1.3453 1.38785
2.44919 -0.149341 -1.57206 0.326935 2.63965 -0.408854 -2.58627 2.03009 -1.49849 -2.19982 -0.1223 -0.902199 -1.18501 0.0355876 1.3453 1.38785
2.44484 -0.149341 -1.57206 0.326935 2.63965 -0.408854 -2.58627 2.03009 -1.49849 -2.19982 -0.1223 -0.902199 -1.18501 0.0355876 1.3453 1.38785
2.44054 -0.149341 -1.57206 0.326935 2.63965 -0.408854 -2.58627 2.03009 -1.49849 -2.19982 -0.1223 -0.902199 -1.18501 0.0355876 1.3453 1.38785
2.43618 -0.149341 -1.57206 0.326935 2.63965 -0.408854 -2.58627 2.03009 -1.49849 -2.19982 -0.1223 -0.902199 -1.18501 0.0355876 1.3453 1.38785
2.43174 -0.149341 -1.57206 0.326935 2.63965 -0.408854 -2.58627 2.03009 -1.49849 -2.19982 -0.1223 -0.902199 -1.18501 0.0355876 1.3453 1.38785
2.4273 -0.149341 -1.57206 0.326935 2.63965 -0.408854 -2.58627 2.03009 -1.49849 -2.19982 -0.1223 -0.902199 -1.18501 0.0355876 1.3453 1.38785
2.42289 -0.149341 -1.57206 0.326935 2.63965 -0.408854 -2.58627 2.03009 -1.49849 -2.19982 -0.1223 -0.902199 -1.18501 0.0355876 1.3453 1.38785
2.41849 -0.149341 -1.57206 0.326935 2.63965 -0.408854 -2.58627 2.03009 -1.49849 -2.19982 -0.1223 -0.902199 -1.18501 0.0355876 1.3453 1.38785
2.40388 -0.149341 -1.57206 0.326935 2.63965 -0.408854 -2.58627 2.03009 -1.49849 -2.19982 -0.1223 -0.902199 -1.18501 0.0355876 1.3453 1.38785
2.4039 -0.149341 -1.57206 0.326935 2.63965 -0.408854 -2.58627 2.03009 -1.49849 -2.19982 -0.1223 -0.902199 -1.18501 0.0355876 1.3453 1.38785
2.40392 -0.149341 -1.57206 0.326935 2.63965 -0.408854 -2.58627 2.03009 -1.49849 -2.19982 -0.1223 -0.902199 -1.18501 0.0355876 1.3453 1.38785
2.40414 -0.149341 -1.57206 0.326935 2.63965 -0.408854 -2.58627 2.03009 -1.49849 -2.19982 -0.1223 -0.902199 -1.18501 0.0355876 1.3453 1.38785
2.40549 -0.149341 -1.57206 0.326935 2.63965 -0.408854 -2.58627 2.03009 -1.49849 -2.19982 -0.1223 -0.902199 -1.18501 0.0355876 1.3453 1.38785
2.40756 -0.149341 -1.57206 0.326935 2.63965 -0.408854 -2.58627 2.03009 -1.49849 -2.19982 -0.1223 -0.902199 -1.18501 0.0355876 1.3453 1.38785
2.41011 -0.149341 -1.57206 0.326935 2.63965 -0.408854 -2.58627 2.03009 -1.49849 -2.19982 -0.1223 -0.902199 -1.18501 0.0355876 1.3453 1.38785
2.41291 -0.149341 -1.57206 0.326935 2.63965 -0.408854 -2.58627 2.03009 -1.49849 -2.19982 -0.1223 -0.902199 -1.18501 0.0355876 1.3453 1.38785
2.41597 -0.149341 -1.57206 0.326935 2.63965 -0.408854 -2.58627 2.03009 -1.49849 -2.19982 -0.1223 -0.902199 -1.18501 0.0355876 1.3453 1.38785
2.41955 -0.149341 -1.57206 0.326935 2.63965 -0.408854 -2.58627 2.03009 -1.49849 -2.19982 -0.1223 -0.902199 -1.18501 0.0355876 1.3453 1.38785
2.42361 -0.149341 -1.57206 0.326935 2.63965 -0.408854 -2.58627 2.03009 -1.49849 -2.19982 -0.1223 -0.902199 -1.18501 0.0355876 1.3453 1.38785
2.42804 -0.149341 -1.57206 0.326935 2.63965 -0.408854 -2.58627 2.03009 -1.49849 -2.19982 -0.1223 -0.902199 -1.18501 0.0355876 1.3453 1.38785
2.43432 -0.149341 -1.57206 0.326935 2.63965 -0.408854 -2.58627 2.03009 -1.49849 -2.19982 -0.1223 -0.902199 -1.18501 0.0355876 1.3453 1.38785
2.44121 -0.149341 -1.57206 0.326935 2.63965 -0.408854 -2.58627 2.03009 -1.49849 -2.19982 -0.1223 -0.902199 -1.18501 0.0355876 1.3453 1.38785
2.44971 -0.149341 -1.57206 0.326935 2.63965 -0.408854 -2.58627 2.03009 -1.49849 -2.19982 -0.1223 -0.902199 -1.18501 0.0355876 1.3453 1.38785
2.45915 -0.149341 -1.57206 0.326935 2.63965 -0.408854 -2.58627 2.03009 -1.49849 -2.19982 -0.1223 -0.902199 -1.18501 0.0355876 1.3453 1.38785
2.46885 -0.149341 -1.57206 0.326935 2.63965 -0.408854 -2.58627 2.03009 -1.49849 -2.19982 -0.1223 -0.902199 -1.18501 0.0355876 1.3453 1.38785
2.4793 -0.149341 -1.57206 0.326935 2.63965 -0.408854 -2.58627 2.03009 -1.49849 -2.19982 -0.1223 -0.902199 -1.18501 0.0355876 1.3453 1.38785
2.49004 -0.149341 -1.57206 0.326935 2.63965 -0.408854 -2.58627 2.03009 -1.49849 -2.19982 -0.1223 -0.902199 -1.18501 0.0355876 1.3453 1.38785
2.50161 -0.149341 -1.57206 0.326935 2.63965 -0.408854 -2.58627 2.03009 -1.49849 -2.19982 -0.1223 -0.902199 -1.18501 0.0355876 1.3453 1.38785
2.51373 -0.149341 -1.57206 0.326935 2.63965 -0.408854 -2.58627 2.03009 -1.49849 -2.19982 -0.1223 -0.902199 -1.18501 0.0355876 1.3453 1.38785
2.52648 -0.149341 -1.57206 0.326935 2.63965 -0.408854 -2.58627 2.03009 -1.49849 -2.19982 -0.1223 -0.902199 -1.18501 0.0355876 1.3453 1.38785
2.54002 -0.149341 -1.57206 0.326935 2.63965 -0.408854 -2.58627 2.03009 -1.49849 -2.19982 -0.1223 -0.902199 -1.18501 0.0355876 1.3453 1.38785
2.55401 -0.149341 -1.57206 0.326935 2.63965 -0.408854 -2.58627 2.03009 -1.49849 -2.19982 -0.1223 -0.902199 -1.18501 0.0355876 1.3453 1.38785
2.56846 -0.149341 -1.57206 0.326935 2.63965 -0.408854 -2.58627 2.03009 -1.49849 -2.19982 -0.1223 -0.902199 -1.18501 0.0355876 1.3453 1.38785
2.58352 -0.149341 -1.57206 0.326935 2.63965 -0.408854 -2.58627 2.03009 -1.49849 -2.19982 -0.1223 -0.902199 -1.18501 0.0355876 1.3453 1.38785
2.60001 -0.149341 -1.57206 0.326935 2.63965 -0.408854 -2.58627 2.03009 -1.49849 -2.19982 -0.1223 -0.902199 -1.18501 0.0355876 1.3453 1.38785
2.61605 -0.149341 -1.57206 0.326935 2.63965 -0.408854 -2.58627 2.03009 -1.49849 -2.19982 -0.1223 -0.902199 -1.18501 0.0355876 1.3453 1.38785
2.63265 -0.149341 -1.57206 0.326935 2.63965 -0.408854 -2.58627 2.03009 -1.49849 -2.19982 -0.1223 -0.902199 -1.18501 0.0355876 1.3453 1.38785
2.65011 -0.149341 -1.57206 0.326935 2.63965 -0.408854 -2.58627 2.03009 -1.49849 -2.19982 -0.1223 -0.902199 -1.18501 0.0355876 1.3453 1.38785
2.6684 -0.149341 -1.57206 0.326935 2.63965 -0.408854 -2.58627 2.03009 -1.49849 -2.19982 -0.1223 -0.902199 -1.18501 0.0355876 1.3453 1.38785
2.68699 -0.149341 -1.57206 0.326935 2.63965 -0.408854 -2.58627 2.03009 -1.49849 -2.19982 -0.1223 -0.902199 -1.18501 0.0355876 1.3453 1.38785
2.70608 -0.149341 -1.57206 0.326935 2.63965 -0.408854 -2.58627 2.03009 -1.49849 -2.19982 -0.1223 -0.902199 -1.18501 0.0355876 1.3453 1.38785
2.72609 -0.149341 -1.57206 0.326935 2.63965 -0.408854 -2.58627 2.03009 -1.49849 -2.19982 -0.1223 -0.902199 -1.18501 0.0355876 1.3453 1.38785
2.74694 -0.149341 -1.57206 0.326935 2.63965 -0.408854 -2.58627 2.03009 -1.49849 -2.19982 -0.1223 -0.902199 -1.18501 0.0355876 1.3453 1.38785
2.76842 -0.149341 -1.57206 0.326935 2.63965 -0.408854 -2.58627 2.03009 -1.49849 -2.19982 -0.1223 -0.902199 -1.18501 0.0355876 1.3453 1.38785
