7.345
7.355
7.366
7.376
7.387
7.397
7.407
7.427
7.448
7.469
7.489
7.51
7.53
7.552
7.572
7.592
7.613
7.634
7.673
7.711
7.75
7.788
7.827
7.866
7.908
7.947
7.985
8.023
8.062
8.1
8.139
8.178
8.218
8.256
8.295
8.334
8.373
8.411
8.45
8.489
8.529
8.569
8.608
8.648
8.686
8.725
8.763
8.802
8.841
8.88
8.919
8.961
8.999
9.04
9.079
9.118
9.157
9.196
9.235
9.273
9.312
9.351
9.389
9.428
9.467
9.506
9.545
9.585
9.624
9.663
9.702
9.74
9.779
9.817
9.856
9.896
9.938
9.977
10.016
10.054
10.093
10.132
10.17
10.209
10.248
10.287
10.326
10.365
10.404
10.445
10.484
10.522
10.562
10.601
10.64
10.68
10.719
10.758
10.797
10.835
10.874
10.914
10.953
10.993
11.032
11.07
11.109
11.148
11.187
11.225
11.264
11.302
12.283
12.294
12.304
12.315
12.326
12.337
12.348
12.358
12.37
12.383
12.422
12.461
12.499
12.539
12.577
12.616
12.657
12.696
12.735
12.774
12.813
12.852
12.891
12.931
12.972
13.013
13.052
13.09
13.129
13.168
13.207
13.246
13.285
13.324
13.363
13.401
