1.49135 0.7045 0.137303 1.81521 0.401884 -0.000256108 1.6584 -0.427143 -0.0369251 -2.98345 -2.0122 1.39486 -0.152756 3.12906 1.35623 -1.86241
1.49135 0.7045 0.137303 1.81521 0.401884 -0.000256108 1.6584 -0.427143 -0.0369251 -2.98345 -2.0122 1.39486 -0.152756 3.12906 1.35623 -1.86241
1.49135 0.7045 0.137303 1.81521 0.401884 -0.000256108 1.6584 -0.427143 -0.0369251 -2.98345 -2.0122 1.39486 -0.152756 3.12906 1.35623 -1.86241
1.49135 0.7045 0.137303 1.81521 0.401884 -0.000256108 1.6584 -0.427143 -0.0369251 -2.98345 -2.0122 1.39486 -0.152756 3.12906 1.35623 -1.86241
1.49135 0.7045 0.137303 1.81521 0.401884 -0.000256108 1.6584 -0.427143 -0.0369251 -2.98345 -2.0122 1.39486 -0.152756 3.12906 1.35623 -1.86241
1.49135 0.7045 0.137303 1.81521 0.401884 -0.000256108 1.6584 -0.427143 -0.0369251 -2.98345 -2.0122 1.39486 -0.152756 3.12906 1.35623 -1.86241
1.49135 0.7045 0.137303 1.81521 0.401884 -0.000256108 1.6584 -0.427143 -0.0369251 -2.98345 -2.0122 1.39486 -0.152756 3.12906 1.35623 -1.86241
1.49135 0.7045 0.137303 1.81521 0.401884 -0.000256108 1.6584 -0.427143 -0.0369251 -2.98345 -2.0122 1.39486 -0.152756 3.12906 1.35623 -1.86241
1.49135 0.7045 0.137303 1.81521 0.401884 -0.000256108 1.6584 -0.427143 -0.0369251 -2.98345 -2.0122 1.39486 -0.152756 3.12906 1.35623 -1.86241
1.49135 0.7045 0.137303 1.81521 0.401884 -0.000256108 1.6584 -0.427143 -0.0369251 -2.98345 -2.0122 1.39486 -0.152756 3.12906 1.35623 -1.86241
1.49135 0.7045 0.137303 1.81521 0.401884 -0.000256108 1.6584 -0.427143 -0.0369251 -2.98345 -2.0122 1.39486 -0.152756 3.12906 1.35623 -1.86241
1.49135 0.7045 0.137303 1.81521 0.401884 -0.000256108 1.6584 -0.427143 -0.0369251 -2.98345 -2.0122 1.39486 -0.152756 3.12906 1.35623 -1.86241
1.49135 0.7045 0.137303 1.81521 0.401884 -0.000256108 1.6584 -0.427143 -0.0369251 -2.98345 -2.0122 1.39486 -0.152756 3.12906 1.35623 -1.86241
1.49135 0.7045 0.137303 1.81521 0.401884 -0.000256108 1.6584 -0.427143 -0.0369251 -2.98345 -2.0122 1.39486 -0.152756 3.12906 1.35623 -1.86241
1.49135 0.7045 0.137303 1.81521 0.401884 -0.000256108 1.6584 -0.427143 -0.0369251 -2.98345 -2.0122 1.39486 -0.152756 3.12906 1.35623 -1.86241
1.49135 0.7045 0.137303 1.81521 0.401884 -0.000256108 1.6584 -0.427143 -0.0369251 -2.98345 -2.0122 1.39486 -0.152756 3.12906 1.35623 -1.86241
1.49135 0.7045 0.137303 1.81521 0.401884 -0.000256108 1.6584 -0.427143 -0.0369251 -2.98345 -2.0122 1.39486 -0.152756 3.12906 1.35623 -1.86241
1.49169 0.7045 0.137303 1.81521 0.401884 -0.000256108 1.6584 -0.427143 -0.0369251 -2.98345 -2.0122 1.39486 -0.152756 3.12906 1.35623 -1.86241
1.49215 0.7045 0.137303 1.81521 0.401884 -0.000256108 1.6584 -0.427143 -0.0369251 -2.98345 -2.0122 1.39486 -0.152756 3.12906 1.35623 -1.86241
1.49263 0.7045 0.137303 1.81521 0.401884 -0.000256108 1.6584 -0.427143 -0.0369251 -2.98345 -2.0122 1.39486 -0.152756 3.12906 1.35623 -1.86241
1.49356 0.7045 0.137303 1.81521 0.401884 -0.000256108 1.6584 -0.427143 -0.0369251 -2.98345 -2.0122 1.39486 -0.152756 3.12906 1.35623 -1.86241
1.49468 0.7045 0.137303 1.81521 0.401884 -0.000256108 1.6584 -0.427143 -0.0369251 -2.98345 -2.0122 1.39486 -0.152756 3.12906 1.35623 -1.86241
1.4961 0.7045 0.137303 1.81521 0.401884 -0.000256108 1.6584 -0.427143 -0.0369251 -2.98345 -2.0122 1.39486 -0.152756 3.12906 1.35623 -1.86241
1.49824 0.7045 0.137303 1.81521 0.401884 -0.000256108 1.6584 -0.427143 -0.0369251 -2.98345 -2.0122 1.39486 -0.152756 3.12906 1.35623 -1.86241
1.50034 0.7045 0.137303 1.81521 0.401884 -0.000256108 1.6584 -0.427143 -0.0369251 -2.98345 -2.0122 1.39486 -0.152756 3.12906 1.35623 -1.86241
1.50253 0.7045 0.137303 1.81521 0.401884 -0.000256108 1.6584 -0.427143 -0.0369251 -2.98345 -2.0122 1.39486 -0.152756 3.12906 1.35623 -1.86241
1.50492 0.7045 0.137303 1.81521 0.401884 -0.000256108 1.6584 -0.427143 -0.0369251 -2.98345 -2.0122 1.39486 -0.152756 3.12906 1.35623 -1.86241
1.50752 0.7045 0.137303 1.81521 0.401884 -0.000256108 1.6584 -0.427143 -0.0369251 -2.98345 -2.0122 1.39486 -0.152756 3.12906 1.35623 -1.86241
1.50998 0.7045 0.137303 1.81521 0.401884 -0.000256108 1.6584 -0.427143 -0.0369251 -2.98345 -2.0122 1.39486 -0.152756 3.12906 1.35623 -1.86241
1.51248 0.7045 0.137303 1.81521 0.401884 -0.000256108 1.6584 -0.427143 -0.0369251 -2.98345 -2.0122 1.39486 -0.152756 3.12906 1.35623 -1.86241
1.51521 0.7045 0.137303 1.81521 0.401884 -0.000256108 1.6584 -0.427143 -0.0369251 -2.98345 -2.0122 1.39486 -0.152756 3.12906 1.35623 -1.86241
1.5181 0.7045 0.137303 1.81521 0.401884 -0.000256108 1.6584 -0.427143 -0.0369251 -2.98345 -2.0122 1.39486 -0.152756 3.12906 1.35623 -1.86241
1.52097 0.7045 0.137303 1.81521 0.401884 -0.000256108 1.6584 -0.427143 -0.0369251 -2.98345 -2.0122 1.39486 -0.152756 3.12906 1.35623 -1.86241
1.52397 0.7045 0.137303 1.81521 0.401884 -0.000256108 1.6584 -0.427143 -0.0369251 -2.98345 -2.0122 1.39486 -0.152756 3.12906 1.35623 -1.86241
1.52714 0.7045 0.137303 1.81521 0.401884 -0.000256108 1.6584 -0.427143 -0.0369251 -2.98345 -2.0122 1.39486 -0.152756 3.12906 1.35623 -1.86241
1.53022 0.7045 0.137303 1.81521 0.401884 -0.000256108 1.6584 -0.427143 -0.0369251 -2.98345 -2.0122 1.39486 -0.152756 3.12906 1.35623 -1.86241
1.5334 0.7045 0.137303 1.81521 0.401884 -0.000256108 1.6584 -0.427143 -0.0369251 -2.98345 -2.0122 1.39486 -0.152756 3.12906 1.35623 -1.86241
1.5367 0.7045 0.137303 1.81521 0.401884 -0.000256108 1.6584 -0.427143 -0.0369251 -2.98345 -2.0122 1.39486 -0.152756 3.12906 1.35623 -1.86241
1.5403 0.7045 0.137303 1.81521 0.401884 -0.000256108 1.6584 -0.427143 -0.0369251 -2.98345 -2.0122 1.39486 -0.152756 3.12906 1.35623 -1.86241
1.54401 0.7045 0.137303 1.81521 0.401884 -0.000256108 1.6584 -0.427143 -0.0369251 -2.98345 -2.0122 1.39486 -0.152756 3.12906 1.35623 -1.86241
1.54778 0.7045 0.137303 1.81521 0.401884 -0.000256108 1.6584 -0.427143 -0.0369251 -2.98345 -2.0122 1.39486 -0.152756 3.12906 1.35623 -1.86241
1.55164 0.7045 0.137303 1.81521 0.401884 -0.000256108 1.6584 -0.427143 -0.0369251 -2.98345 -2.0122 1.39486 -0.152756 3.12906 1.35623 -1.86241
1.55544 0.7045 0.137303 1.81521 0.401884 -0.000256108 1.6584 -0.427143 -0.0369251 -2.98345 -2.0122 1.39486 -0.152756 3.12906 1.35623 -1.86241
1.5595 0.7045 0.137303 1.81521 0.401884 -0.000256108 1.6584 -0.427143 -0.0369251 -2.98345 -2.0122 1.39486 -0.152756 3.12906 1.35623 -1.86241
1.56366 0.7045 0.137303 1.81521 0.401884 -0.000256108 1.6584 -0.427143 -0.0369251 -2.98345 -2.0122 1.39486 -0.152756 3.12906 1.35623 -1.86241
1.56794 0.7045 0.137303 1.81521 0.401884 -0.000256108 1.6584 -0.427143 -0.0369251 -2.98345 -2.0122 1.39486 -0.152756 3.12906 1.35623 -1.86241
1.57229 0.7045 0.137303 1.81521 0.401884 -0.000256108 1.6584 -0.427143 -0.0369251 -2.98345 -2.0122 1.39486 -0.152756 3.12906 1.35623 -1.86241
1.57678 0.7045 0.137303 1.81521 0.401884 -0.000256108 1.6584 -0.427143 -0.0369251 -2.98345 -2.0122 1.39486 -0.152756 3.12906 1.35623 -1.86241
1.58202 0.7045 0.137303 1.81521 0.401884 -0.000256108 1.6584 -0.427143 -0.0369251 -2.98345 -2.0122 1.39486 -0.152756 3.12906 1.35623 -1.86241
1.58694 0.7045 0.137303 1.81521 0.401884 -0.000256108 1.6584 -0.427143 -0.0369251 -2.98345 -2.0122 1.39486 -0.152756 3.12906 1.35623 -1.86241
1.59198 0.7045 0.137303 1.81521 0.401884 -0.000256108 1.6584 -0.427143 -0.0369251 -2.98345 -2.0122 1.39486 -0.152756 3.12906 1.35623 -1.86241
1.59725 0.7045 0.137303 1.81521 0.401884 -0.000256108 1.6584 -0.427143 -0.0369251 -2.98345 -2.0122 1.39486 -0.152756 3.12906 1.35623 -1.86241
1.60236 0.7045 0.137303 1.81521 0.401884 -0.000256108 1.6584 -0.427143 -0.0369251 -2.98345 -2.0122 1.39486 -0.152756 3.12906 1.35623 -1.86241
1.60763 0.7045 0.137303 1.81521 0.401884 -0.000256108 1.6584 -0.427143 -0.0369251 -2.98345 -2.0122 1.39486 -0.152756 3.12906 1.35623 -1.86241
1.613 0.7045 0.137303 1.81521 0.401884 -0.000256108 1.6584 -0.427143 -0.0369251 -2.98345 -2.0122 1.39486 -0.152756 3.12906 1.35623 -1.86241
1.61851 0.7045 0.137303 1.81521 0.401884 -0.000256108 1.6584 -0.427143 -0.0369251 -2.98345 -2.0122 1.39486 -0.152756 3.12906 1.35623 -1.86241
1.62427 0.7045 0.137303 1.81521 0.401884 -0.000256108 1.6584 -0.427143 -0.0369251 -2.98345 -2.0122 1.39486 -0.152756 3.12906 1.35623 -1.86241
1.6302 0.7045 0.137303 1.81521 0.401884 -0.000256108 1.6584 -0.427143 -0.0369251 -2.98345 -2.0122 1.39486 -0.152756 3.12906 1.35623 -1.86241
1.63638 0.7045 0.137303 1.81521 0.401884 -0.000256108 1.6584 -0.427143 -0.0369251 -2.98345 -2.0122 1.39486 -0.152756 3.12906 1.35623 -1.86241
1.64267 0.7045 0.137303 1.81521 0.401884 -0.000256108 1.6584 -0.427143 -0.0369251 -2.98345 -2.0122 1.39486 -0.152756 3.12906 1.35623 -1.86241
1.64909 0.7045 0.137303 1.81521 0.401884 -0.000256108 1.6584 -0.427143 -0.0369251 -2.98345 -2.0122 1.39486 -0.152756 3.12906 1.35623 -1.86241
1.6557 0.7045 0.137303 1.81521 0.401884 -0.000256108 1.6584 -0.427143 -0.0369251 -2.98345 -2.0122 1.39486 -0.152756 3.12906 1.35623 -1.86241
1.6626 0.7045 0.137303 1.81521 0.401884 -0.000256108 1.6584 -0.427143 -0.0369251 -2.98345 -2.0122 1.39486 -0.152756 3.12906 1.35623 -1.86241
1.66964 0.7045 0.137303 1.81521 0.401884 -0.000256108 1.6584 -0.427143 -0.0369251 -2.98345 -2.0122 1.39486 -0.152756 3.12906 1.35623 -1.86241
1.67679 0.7045 0.137303 1.81521 0.401884 -0.000256108 1.6584 -0.427143 -0.0369251 -2.98345 -2.0122 1.39486 -0.152756 3.12906 1.35623 -1.86241
1.68423 0.7045 0.137303 1.81521 0.401884 -0.000256108 1.6584 -0.427143 -0.0369251 -2.98345 -2.0122 1.39486 -0.152756 3.12906 1.35623 -1.86241
1.69185 0.7045 0.137303 1.81521 0.401884 -0.000256108 1.6584 -0.427143 -0.0369251 -2.98345 -2.0122 1.39486 -0.152756 3.12906 1.35623 -1.86241
1.69982 0.7045 0.137303 1.81521 0.401884 -0.000256108 1.6584 -0.427143 -0.0369251 -2.98345 -2.0122 1.39486 -0.152756 3.12906 1.35623 -1.86241
1.70799 0.7045 0.137303 1.81521 0.401884 -0.000256108 1.6584 -0.427143 -0.0369251 -2.98345 -2.0122 1.39486 -0.152756 3.12906 1.35623 -1.86241
1.71648 0.7045 0.137303 1.81521 0.401884 -0.000256108 1.6584 -0.427143 -0.0369251 -2.98345 -2.0122 1.39486 -0.152756 3.12906 1.35623 -1.86241
1.72514 0.7045 0.137303 1.81521 0.401884 -0.000256108 1.6584 -0.427143 -0.0369251 -2.98345 -2.0122 1.39486 -0.152756 3.12906 1.35623 -1.86241
1.73465 0.7045 0.137303 1.81521 0.401884 -0.000256108 1.6584 -0.427143 -0.0369251 -2.98345 -2.0122 1.39486 -0.152756 3.12906 1.35623 -1.86241
1.74395 0.7045 0.137303 1.81521 0.401884 -0.000256108 1.6584 -0.427143 -0.0369251 -2.98345 -2.0122 1.39486 -0.152756 3.12906 1.35623 -1.86241
1.75347 0.7045 0.137303 1.81521 0.401884 -0.000256108 1.6584 -0.427143 -0.0369251 -2.98345 -2.0122 1.39486 -0.152756 3.12906 1.35623 -1.86241
1.76328 0.7045 0.137303 1.81521 0.401884 -0.000256108 1.6584 -0.427143 -0.0369251 -2.98345 -2.0122 1.39486 -0.152756 3.12906 1.35623 -1.86241
1.77334 0.7045 0.137303 1.81521 0.401884 -0.000256108 1.6584 -0.427143 -0.0369251 -2.98345 -2.0122 1.39486 -0.152756 3.12906 1.35623 -1.86241
1.78416 0.7045 0.137303 1.81521 0.401884 -0.000256108 1.6584 -0.427143 -0.0369251 -2.98345 -2.0122 1.39486 -0.152756 3.12906 1.35623 -1.86241
1.79493 0.7045 0.137303 1.81521 0.401884 -0.000256108 1.6584 -0.427143 -0.0369251 -2.98345 -2.0122 1.39486 -0.152756 3.12906 1.35623 -1.86241
1.80602 0.7045 0.137303 1.81521 0.401884 -0.000256108 1.6584 -0.427143 -0.0369251 -2.98345 -2.0122 1.39486 -0.152756 3.12906 1.35623 -1.86241
1.80135 0.7045 0.137303 1.81521 0.401884 -0.000256108 1.6584 -0.427143 -0.0369251 -2.98345 -2.0122 1.39486 -0.152756 3.12906 1.35623 -1.86241
1.80007 0.7045 0.137303 1.81521 0.401884 -0.000256108 1.6584 -0.427143 -0.0369251 -2.98345 -2.0122 1.39486 -0.152756 3.12906 1.35623 -1.86241
1.7987 0.7045 0.137303 1.81521 0.401884 -0.000256108 1.6584 -0.427143 -0.0369251 -2.98345 -2.0122 1.39486 -0.152756 3.12906 1.35623 -1.86241
1.79749 0.7045 0.137303 1.81521 0.401884 -0.000256108 1.6584 -0.427143 -0.0369251 -2.98345 -2.0122 1.39486 -0.152756 3.12906 1.35623 -1.86241
1.79544 0.7045 0.137303 1.81521 0.401884 -0.000256108 1.6584 -0.427143 -0.0369251 -2.98345 -2.0122 1.39486 -0.152756 3.12906 1.35623 -1.86241
1.79307 0.7045 0.137303 1.81521 0.401884 -0.000256108 1.6584 -0.427143 -0.0369251 -2.98345 -2.0122 1.39486 -0.152756 3.12906 1.35623 -1.86241
1.79066 0.7045 0.137303 1.81521 0.401884 -0.000256108 1.6584 -0.427143 -0.0369251 -2.98345 -2.0122 1.39486 -0.152756 3.12906 1.35623 -1.86241
1.78831 0.7045 0.137303 1.81521 0.401884 -0.000256108 1.6584 -0.427143 -0.0369251 -2.98345 -2.0122 1.39486 -0.152756 3.12906 1.35623 -1.86241
1.786 0.7045 0.137303 1.81521 0.401884 -0.000256108 1.6584 -0.427143 -0.0369251 -2.98345 -2.0122 1.39486 -0.152756 3.12906 1.35623 -1.86241
1.78369 0.7045 0.137303 1.81521 0.401884 -0.000256108 1.6584 -0.427143 -0.0369251 -2.98345 -2.0122 1.39486 -0.152756 3.12906 1.35623 -1.86241
1.77958 0.7045 0.137303 1.81521 0.401884 -0.000256108 1.6584 -0.427143 -0.0369251 -2.98345 -2.0122 1.39486 -0.152756 3.12906 1.35623 -1.86241
1.7753 0.7045 0.137303 1.81521 0.401884 -0.000256108 1.6584 -0.427143 -0.0369251 -2.98345 -2.0122 1.39486 -0.152756 3.12906 1.35623 -1.86241
1.77103 0.7045 0.137303 1.81521 0.401884 -0.000256108 1.6584 -0.427143 -0.0369251 -2.98345 -2.0122 1.39486 -0.152756 3.12906 1.35623 -1.86241
1.76669 0.7045 0.137303 1.81521 0.401884 -0.000256108 1.6584 -0.427143 -0.0369251 -2.98345 -2.0122 1.39486 -0.152756 3.12906 1.35623 -1.86241
1.7623 0.7045 0.137303 1.81521 0.401884 -0.000256108 1.6584 -0.427143 -0.0369251 -2.98345 -2.0122 1.39486 -0.152756 3.12906 1.35623 -1.86241
1.75793 0.7045 0.137303 1.81521 0.401884 -0.000256108 1.6584 -0.427143 -0.0369251 -2.98345 -2.0122 1.39486 -0.152756 3.12906 1.35623 -1.86241
1.75357 0.7045 0.137303 1.81521 0.401884 -0.000256108 1.6584 -0.427143 -0.0369251 -2.98345 -2.0122 1.39486 -0.152756 3.12906 1.35623 -1.86241
1.74925 0.7045 0.137303 1.81521 0.401884 -0.000256108 1.6584 -0.427143 -0.0369251 -2.98345 -2.0122 1.39486 -0.152756 3.12906 1.35623 -1.86241
1.74482 0.7045 0.137303 1.81521 0.401884 -0.000256108 1.6584 -0.427143 -0.0369251 -2.98345 -2.0122 1.39486 -0.152756 3.12906 1.35623 -1.86241
1.74045 0.7045 0.137303 1.81521 0.401884 -0.000256108 1.6584 -0.427143 -0.0369251 -2.98345 -2.0122 1.39486 -0.152756 3.12906 1.35623 -1.86241
1.73566 0.7045 0.137303 1.81521 0.401884 -0.000256108 1.6584 -0.427143 -0.0369251 -2.98345 -2.0122 1.39486 -0.152756 3.12906 1.35623 -1.86241
1.73122 0.7045 0.137303 1.81521 0.401884 -0.000256108 1.6584 -0.427143 -0.0369251 -2.98345 -2.0122 1.39486 -0.152756 3.12906 1.35623 -1.86241
1.72651 0.7045 0.137303 1.81521 0.401884 -0.000256108 1.6584 -0.427143 -0.0369251 -2.98345 -2.0122 1.39486 -0.152756 3.12906 1.35623 -1.86241
1.72201 0.7045 0.137303 1.81521 0.401884 -0.000256108 1.6584 -0.427143 -0.0369251 -2.98345 -2.0122 1.39486 -0.152756 3.12906 1.35623 -1.86241
1.71756 0.7045 0.137303 1.81521 0.401884 -0.000256108 1.6584 -0.427143 -0.0369251 -2.98345 -2.0122 1.39486 -0.152756 3.12906 1.35623 -1.86241
1.71304 0.7045 0.137303 1.81521 0.401884 -0.000256108 1.6584 -0.427143 -0.0369251 -2.98345 -2.0122 1.39486 -0.152756 3.12906 1.35623 -1.86241
1.70856 0.7045 0.137303 1.81521 0.401884 -0.000256108 1.6584 -0.427143 -0.0369251 -2.98345 -2.0122 1.39486 -0.152756 3.12906 1.35623 -1.86241
1.70396 0.7045 0.137303 1.81521 0.401884 -0.000256108 1.6584 -0.427143 -0.0369251 -2.98345 -2.0122 1.39486 -0.152756 3.12906 1.35623 -1.86241
1.69949 0.7045 0.137303 1.81521 0.401884 -0.000256108 1.6584 -0.427143 -0.0369251 -2.98345 -2.0122 1.39486 -0.152756 3.12906 1.35623 -1.86241
1.69498 0.7045 0.137303 1.81521 0.401884 -0.000256108 1.6584 -0.427143 -0.0369251 -2.98345 -2.0122 1.39486 -0.152756 3.12906 1.35623 -1.86241
1.69043 0.7045 0.137303 1.81521 0.401884 -0.000256108 1.6584 -0.427143 -0.0369251 -2.98345 -2.0122 1.39486 -0.152756 3.12906 1.35623 -1.86241
1.6858 0.7045 0.137303 1.81521 0.401884 -0.000256108 1.6584 -0.427143 -0.0369251 -2.98345 -2.0122 1.39486 -0.152756 3.12906 1.35623 -1.86241
1.68121 0.7045 0.137303 1.81521 0.401884 -0.000256108 1.6584 -0.427143 -0.0369251 -2.98345 -2.0122 1.39486 -0.152756 3.12906 1.35623 -1.86241
1.67634 0.7045 0.137303 1.81521 0.401884 -0.000256108 1.6584 -0.427143 -0.0369251 -2.98345 -2.0122 1.39486 -0.152756 3.12906 1.35623 -1.86241
1.67143 0.7045 0.137303 1.81521 0.401884 -0.000256108 1.6584 -0.427143 -0.0369251 -2.98345 -2.0122 1.39486 -0.152756 3.12906 1.35623 -1.86241
1.66665 0.7045 0.137303 1.81521 0.401884 -0.000256108 1.6584 -0.427143 -0.0369251 -2.98345 -2.0122 1.39486 -0.152756 3.12906 1.35623 -1.86241
1.66189 0.7045 0.137303 1.81521 0.401884 -0.000256108 1.6584 -0.427143 -0.0369251 -2.98345 -2.0122 1.39486 -0.152756 3.12906 1.35623 -1.86241
1.65722 0.7045 0.137303 1.81521 0.401884 -0.000256108 1.6584 -0.427143 -0.0369251 -2.98345 -2.0122 1.39486 -0.152756 3.12906 1.35623 -1.86241
1.65253 0.7045 0.137303 1.81521 0.401884 -0.000256108 1.6584 -0.427143 -0.0369251 -2.98345 -2.0122 1.39486 -0.152756 3.12906 1.35623 -1.86241
1.64778 0.7045 0.137303 1.81521 0.401884 -0.000256108 1.6584 -0.427143 -0.0369251 -2.98345 -2.0122 1.39486 -0.152756 3.12906 1.35623 -1.86241
1.64296 0.7045 0.137303 1.81521 0.401884 -0.000256108 1.6584 -0.427143 -0.0369251 -2.98345 -2.0122 1.39486 -0.152756 3.12906 1.35623 -1.86241
1.63817 0.7045 0.137303 1.81521 0.401884 -0.000256108 1.6584 -0.427143 -0.0369251 -2.98345 -2.0122 1.39486 -0.152756 3.12906 1.35623 -1.86241
1.6334 0.7045 0.137303 1.81521 0.401884 -0.000256108 1.6584 -0.427143 -0.0369251 -2.98345 -2.0122 1.39486 -0.152756 3.12906 1.35623 -1.86241
1.62858 0.7045 0.137303 1.81521 0.401884 -0.000256108 1.6584 -0.427143 -0.0369251 -2.98345 -2.0122 1.39486 -0.152756 3.12906 1.35623 -1.86241
1.62369 0.7045 0.137303 1.81521 0.401884 -0.000256108 1.6584 -0.427143 -0.0369251 -2.98345 -2.0122 1.39486 -0.152756 3.12906 1.35623 -1.86241
1.61886 0.7045 0.137303 1.81521 0.401884 -0.000256108 1.6584 -0.427143 -0.0369251 -2.98345 -2.0122 1.39486 -0.152756 3.12906 1.35623 -1.86241
1.61395 0.7045 0.137303 1.81521 0.401884 -0.000256108 1.6584 -0.427143 -0.0369251 -2.98345 -2.0122 1.39486 -0.152756 3.12906 1.35623 -1.86241
1.60899 0.7045 0.137303 1.81521 0.401884 -0.000256108 1.6584 -0.427143 -0.0369251 -2.98345 -2.0122 1.39486 -0.152756 3.12906 1.35623 -1.86241
1.6041 0.7045 0.137303 1.81521 0.401884 -0.000256108 1.6584 -0.427143 -0.0369251 -2.98345 -2.0122 1.39486 -0.152756 3.12906 1.35623 -1.86241
1.5989 0.7045 0.137303 1.81521 0.401884 -0.000256108 1.6584 -0.427143 -0.0369251 -2.98345 -2.0122 1.39486 -0.152756 3.12906 1.35623 -1.86241
1.59395 0.7045 0.137303 1.81521 0.401884 -0.000256108 1.6584 -0.427143 -0.0369251 -2.98345 -2.0122 1.39486 -0.152756 3.12906 1.35623 -1.86241
1.58899 0.7045 0.137303 1.81521 0.401884 -0.000256108 1.6584 -0.427143 -0.0369251 -2.98345 -2.0122 1.39486 -0.152756 3.12906 1.35623 -1.86241
1.584 0.7045 0.137303 1.81521 0.401884 -0.000256108 1.6584 -0.427143 -0.0369251 -2.98345 -2.0122 1.39486 -0.152756 3.12906 1.35623 -1.86241
1.57888 0.7045 0.137303 1.81521 0.401884 -0.000256108 1.6584 -0.427143 -0.0369251 -2.98345 -2.0122 1.39486 -0.152756 3.12906 1.35623 -1.86241
1.57392 0.7045 0.137303 1.81521 0.401884 -0.000256108 1.6584 -0.427143 -0.0369251 -2.98345 -2.0122 1.39486 -0.152756 3.12906 1.35623 -1.86241
1.56889 0.7045 0.137303 1.81521 0.401884 -0.000256108 1.6584 -0.427143 -0.0369251 -2.98345 -2.0122 1.39486 -0.152756 3.12906 1.35623 -1.86241
1.56373 0.7045 0.137303 1.81521 0.401884 -0.000256108 1.6584 -0.427143 -0.0369251 -2.98345 -2.0122 1.39486 -0.152756 3.12906 1.35623 -1.86241
1.55872 0.7045 0.137303 1.81521 0.401884 -0.000256108 1.6584 -0.427143 -0.0369251 -2.98345 -2.0122 1.39486 -0.152756 3.12906 1.35623 -1.86241
1.55369 0.7045 0.137303 1.81521 0.401884 -0.000256108 1.6584 -0.427143 -0.0369251 -2.98345 -2.0122 1.39486 -0.152756 3.12906 1.35623 -1.86241
1.54859 0.7045 0.137303 1.81521 0.401884 -0.000256108 1.6584 -0.427143 -0.0369251 -2.98345 -2.0122 1.39486 -0.152756 3.12906 1.35623 -1.86241
1.54345 0.7045 0.137303 1.81521 0.401884 -0.000256108 1.6584 -0.427143 -0.0369251 -2.98345 -2.0122 1.39486 -0.152756 3.12906 1.35623 -1.86241
1.53833 0.7045 0.137303 1.81521 0.401884 -0.000256108 1.6584 -0.427143 -0.0369251 -2.98345 -2.0122 1.39486 -0.152756 3.12906 1.35623 -1.86241
1.53313 0.7045 0.137303 1.81521 0.401884 -0.000256108 1.6584 -0.427143 -0.0369251 -2.98345 -2.0122 1.39486 -0.152756 3.12906 1.35623 -1.86241
1.52777 0.7045 0.137303 1.81521 0.401884 -0.000256108 1.6584 -0.427143 -0.0369251 -2.98345 -2.0122 1.39486 -0.152756 3.12906 1.35623 -1.86241
1.52247 0.7045 0.137303 1.81521 0.401884 -0.000256108 1.6584 -0.427143 -0.0369251 -2.98345 -2.0122 1.39486 -0.152756 3.12906 1.35623 -1.86241
1.51719 0.7045 0.137303 1.81521 0.401884 -0.000256108 1.6584 -0.427143 -0.0369251 -2.98345 -2.0122 1.39486 -0.152756 3.12906 1.35623 -1.86241
1.51185 0.7045 0.137303 1.81521 0.401884 -0.000256108 1.6584 -0.427143 -0.0369251 -2.98345 -2.0122 1.39486 -0.152756 3.12906 1.35623 -1.86241
1.50651 0.7045 0.137303 1.81521 0.401884 -0.000256108 1.6584 -0.427143 -0.0369251 -2.98345 -2.0122 1.39486 -0.152756 3.12906 1.35623 -1.86241
1.50126 0.7045 0.137303 1.81521 0.401884 -0.000256108 1.6584 -0.427143 -0.0369251 -2.98345 -2.0122 1.39486 -0.152756 3.12906 1.35623 -1.86241
1.49596 0.7045 0.137303 1.81521 0.401884 -0.000256108 1.6584 -0.427143 -0.0369251 -2.98345 -2.0122 1.39486 -0.152756 3.12906 1.35623 -1.86241
1.49065 0.7045 0.137303 1.81521 0.401884 -0.000256108 1.6584 -0.427143 -0.0369251 -2.98345 -2.0122 1.39486 -0.152756 3.12906 1.35623 -1.86241
1.4853 0.7045 0.137303 1.81521 0.401884 -0.000256108 1.6584 -0.427143 -0.0369251 -2.98345 -2.0122 1.39486 -0.152756 3.12906 1.35623 -1.86241
1.47974 0.7045 0.137303 1.81521 0.401884 -0.000256108 1.6584 -0.427143 -0.0369251 -2.98345 -2.0122 1.39486 -0.152756 3.12906 1.35623 -1.86241
1.4743 0.7045 0.137303 1.81521 0.401884 -0.000256108 1.6584 -0.427143 -0.0369251 -2.98345 -2.0122 1.39486 -0.152756 3.12906 1.35623 -1.86241
1.46892 0.7045 0.137303 1.81521 0.401884 -0.000256108 1.6584 -0.427143 -0.0369251 -2.98345 -2.0122 1.39486 -0.152756 3.12906 1.35623 -1.86241
1.46313 0.7045 0.137303 1.81521 0.401884 -0.000256108 1.6584 -0.427143 -0.0369251 -2.98345 -2.0122 1.39486 -0.152756 3.12906 1.35623 -1.86241
1.45763 0.7045 0.137303 1.81521 0.401884 -0.000256108 1.6584 -0.427143 -0.0369251 -2.98345 -2.0122 1.39486 -0.152756 3.12906 1.35623 -1.86241
1.45219 0.7045 0.137303 1.81521 0.401884 -0.000256108 1.6584 -0.427143 -0.0369251 -2.98345 -2.0122 1.39486 -0.152756 3.12906 1.35623 -1.86241
1.44668 0.7045 0.137303 1.81521 0.401884 -0.000256108 1.6584 -0.427143 -0.0369251 -2.98345 -2.0122 1.39486 -0.152756 3.12906 1.35623 -1.86241
1.44123 0.7045 0.137303 1.81521 0.401884 -0.000256108 1.6584 -0.427143 -0.0369251 -2.98345 -2.0122 1.39486 -0.152756 3.12906 1.35623 -1.86241
1.43572 0.7045 0.137303 1.81521 0.401884 -0.000256108 1.6584 -0.427143 -0.0369251 -2.98345 -2.0122 1.39486 -0.152756 3.12906 1.35623 -1.86241
1.42992 0.7045 0.137303 1.81521 0.401884 -0.000256108 1.6584 -0.427143 -0.0369251 -2.98345 -2.0122 1.39486 -0.152756 3.12906 1.35623 -1.86241
1.42435 0.7045 0.137303 1.81521 0.401884 -0.000256108 1.6584 -0.427143 -0.0369251 -2.98345 -2.0122 1.39486 -0.152756 3.12906 1.35623 -1.86241
1.41874 0.7045 0.137303 1.81521 0.401884 -0.000256108 1.6584 -0.427143 -0.0369251 -2.98345 -2.0122 1.39486 -0.152756 3.12906 1.35623 -1.86241
1.41306 0.7045 0.137303 1.81521 0.401884 -0.000256108 1.6584 -0.427143 -0.0369251 -2.98345 -2.0122 1.39486 -0.152756 3.12906 1.35623 -1.86241
1.40736 0.7045 0.137303 1.81521 0.401884 -0.000256108 1.6584 -0.427143 -0.0369251 -2.98345 -2.0122 1.39486 -0.152756 3.12906 1.35623 -1.86241
1.40162 0.7045 0.137303 1.81521 0.401884 -0.000256108 1.6584 -0.427143 -0.0369251 -2.98345 -2.0122 1.39486 -0.152756 3.12906 1.35623 -1.86241
1.39589 0.7045 0.137303 1.81521 0.401884 -0.000256108 1.6584 -0.427143 -0.0369251 -2.98345 -2.0122 1.39486 -0.152756 3.12906 1.35623 -1.86241
1.3901 0.7045 0.137303 1.81521 0.401884 -0.000256108 1.6584 -0.427143 -0.0369251 -2.98345 -2.0122 1.39486 -0.152756 3.12906 1.35623 -1.86241
1.3843 0.7045 0.137303 1.81521 0.401884 -0.000256108 1.6584 -0.427143 -0.0369251 -2.98345 -2.0122 1.39486 -0.152756 3.12906 1.35623 -1.86241
1.37829 0.7045 0.137303 1.81521 0.401884 -0.000256108 1.6584 -0.427143 -0.0369251 -2.98345 -2.0122 1.39486 -0.152756 3.12906 1.35623 -1.86241
1.3724 0.7045 0.137303 1.81521 0.401884 -0.000256108 1.6584 -0.427143 -0.0369251 -2.98345 -2.0122 1.39486 -0.152756 3.12906 1.35623 -1.86241
1.36655 0.7045 0.137303 1.81521 0.401884 -0.000256108 1.6584 -0.427143 -0.0369251 -2.98345 -2.0122 1.39486 -0.152756 3.12906 1.35623 -1.86241
1.36072 0.7045 0.137303 1.81521 0.401884 -0.000256108 1.6584 -0.427143 -0.0369251 -2.98345 -2.0122 1.39486 -0.152756 3.12906 1.35623 -1.86241
1.35484 0.7045 0.137303 1.81521 0.401884 -0.000256108 1.6584 -0.427143 -0.0369251 -2.98345 -2.0122 1.39486 -0.152756 3.12906 1.35623 -1.86241
1.34895 0.7045 0.137303 1.81521 0.401884 -0.000256108 1.6584 -0.427143 -0.0369251 -2.98345 -2.0122 1.39486 -0.152756 3.12906 1.35623 -1.86241
1.34293 0.7045 0.137303 1.81521 0.401884 -0.000256108 1.6584 -0.427143 -0.0369251 -2.98345 -2.0122 1.39486 -0.152756 3.12906 1.35623 -1.86241
1.33701 0.7045 0.137303 1.81521 0.401884 -0.000256108 1.6584 -0.427143 -0.0369251 -2.98345 -2.0122 1.39486 -0.152756 3.12906 1.35623 -1.86241
1.33104 0.7045 0.137303 1.81521 0.401884 -0.000256108 1.6584 -0.427143 -0.0369251 -2.98345 -2.0122 1.39486 -0.152756 3.12906 1.35623 -1.86241
