17.738
17.749
17.759
17.769
17.78
17.79
17.801
17.811
17.822
17.833
17.853
17.874
17.895
17.916
17.936
17.957
17.977
17.998
18.019
18.039
18.078
18.117
18.164
18.206
18.246
18.284
18.323
18.362
18.401
18.44
18.478
18.518
18.556
18.595
18.634
18.672
18.711
18.75
18.788
18.827
18.867
18.906
18.945
18.984
19.023
19.062
19.101
19.14
19.185
19.225
19.266
19.304
19.343
19.381
19.42
19.458
19.496
19.535
19.574
19.613
19.652
19.691
19.729
19.768
19.807
19.845
19.884
19.923
19.962
20.001
20.042
20.082
20.121
20.159
20.198
20.238
20.277
20.316
20.355
22.777
22.788
22.798
22.809
22.82
22.831
22.841
22.852
22.863
22.876
22.915
22.954
22.994
23.032
23.071
23.109
23.148
23.186
23.226
23.267
23.307
23.348
23.386
23.425
23.463
23.502
23.541
23.58
23.618
23.657
23.695
23.734
23.775
23.816
23.854
23.894
23.933
23.972
24.01
24.049
24.088
24.128
24.166
24.205
24.244
24.282
24.323
24.361
24.402
24.441
24.48
24.518
24.558
24.597
24.635
24.674
24.713
24.751
24.79
24.829
24.867
24.905
24.945
24.985
25.024
25.063
25.103
25.141
25.179
25.218
25.256
25.296
25.335
25.374
25.415
25.454
25.492
25.531
25.569
25.608
25.647
25.686
25.725
25.763
25.802
25.841
25.88
25.919
25.958
25.998
26.038
26.077
26.115
26.154
26.193
26.232
26.271
26.309
26.349
