2.17742 1.19276 -1.89652 1.28475 2.55971 -0.000256108 0.551919 -1.56962 -1.47546 -1.00732 -1.95117 -2.34666 -2.00941 0.0827514 1.97097 2.65644
2.17742 1.19276 -1.89652 1.28475 2.55971 -0.000256108 0.551919 -1.56962 -1.47546 -1.00732 -1.95117 -2.34666 -2.00941 0.0827514 1.97097 2.65644
2.17742 1.19276 -1.89652 1.28475 2.55971 -0.000256108 0.551919 -1.56962 -1.47546 -1.00732 -1.95117 -2.34666 -2.00941 0.0827514 1.97097 2.65644
2.17742 1.19276 -1.89652 1.28475 2.55971 -0.000256108 0.551919 -1.56962 -1.47546 -1.00732 -1.95117 -2.34666 -2.00941 0.0827514 1.97097 2.65644
2.17742 1.19276 -1.89652 1.28475 2.55971 -0.000256108 0.551919 -1.56962 -1.47546 -1.00732 -1.95117 -2.34666 -2.00941 0.0827514 1.97097 2.65644
2.17742 1.19276 -1.89652 1.28475 2.55971 -0.000256108 0.551919 -1.56962 -1.47546 -1.00732 -1.95117 -2.34666 -2.00941 0.0827514 1.97097 2.65644
2.17767 1.19276 -1.89652 1.28475 2.55971 -0.000256108 0.551919 -1.56962 -1.47546 -1.00732 -1.95117 -2.34666 -2.00941 0.0827514 1.97097 2.65644
2.17791 1.19276 -1.89652 1.28475 2.55971 -0.000256108 0.551919 -1.56962 -1.47546 -1.00732 -1.95117 -2.34666 -2.00941 0.0827514 1.97097 2.65644
2.17814 1.19276 -1.89652 1.28475 2.55971 -0.000256108 0.551919 -1.56962 -1.47546 -1.00732 -1.95117 -2.34666 -2.00941 0.0827514 1.97097 2.65644
2.17838 1.19276 -1.89652 1.28475 2.55971 -0.000256108 0.551919 -1.56962 -1.47546 -1.00732 -1.95117 -2.34666 -2.00941 0.0827514 1.97097 2.65644
2.17866 1.19276 -1.89652 1.28475 2.55971 -0.000256108 0.551919 -1.56962 -1.47546 -1.00732 -1.95117 -2.34666 -2.00941 0.0827514 1.97097 2.65644
2.17896 1.19276 -1.89652 1.28475 2.55971 -0.000256108 0.551919 -1.56962 -1.47546 -1.00732 -1.95117 -2.34666 -2.00941 0.0827514 1.97097 2.65644
2.17928 1.19276 -1.89652 1.28475 2.55971 -0.000256108 0.551919 -1.56962 -1.47546 -1.00732 -1.95117 -2.34666 -2.00941 0.0827514 1.97097 2.65644
2.17957 1.19276 -1.89652 1.28475 2.55971 -0.000256108 0.551919 -1.56962 -1.47546 -1.00732 -1.95117 -2.34666 -2.00941 0.0827514 1.97097 2.65644
2.17987 1.19276 -1.89652 1.28475 2.55971 -0.000256108 0.551919 -1.56962 -1.47546 -1.00732 -1.95117 -2.34666 -2.00941 0.0827514 1.97097 2.65644
2.1802 1.19276 -1.89652 1.28475 2.55971 -0.000256108 0.551919 -1.56962 -1.47546 -1.00732 -1.95117 -2.34666 -2.00941 0.0827514 1.97097 2.65644
2.18058 1.19276 -1.89652 1.28475 2.55971 -0.000256108 0.551919 -1.56962 -1.47546 -1.00732 -1.95117 -2.34666 -2.00941 0.0827514 1.97097 2.65644
2.18101 1.19276 -1.89652 1.28475 2.55971 -0.000256108 0.551919 -1.56962 -1.47546 -1.00732 -1.95117 -2.34666 -2.00941 0.0827514 1.97097 2.65644
2.18149 1.19276 -1.89652 1.28475 2.55971 -0.000256108 0.551919 -1.56962 -1.47546 -1.00732 -1.95117 -2.34666 -2.00941 0.0827514 1.97097 2.65644
2.18199 1.19276 -1.89652 1.28475 2.55971 -0.000256108 0.551919 -1.56962 -1.47546 -1.00732 -1.95117 -2.34666 -2.00941 0.0827514 1.97097 2.65644
2.18298 1.19276 -1.89652 1.28475 2.55971 -0.000256108 0.551919 -1.56962 -1.47546 -1.00732 -1.95117 -2.34666 -2.00941 0.0827514 1.97097 2.65644
2.18397 1.19276 -1.89652 1.28475 2.55971 -0.000256108 0.551919 -1.56962 -1.47546 -1.00732 -1.95117 -2.34666 -2.00941 0.0827514 1.97097 2.65644
2.18489 1.19276 -1.89652 1.28475 2.55971 -0.000256108 0.551919 -1.56962 -1.47546 -1.00732 -1.95117 -2.34666 -2.00941 0.0827514 1.97097 2.65644
2.18592 1.19276 -1.89652 1.28475 2.55971 -0.000256108 0.551919 -1.56962 -1.47546 -1.00732 -1.95117 -2.34666 -2.00941 0.0827514 1.97097 2.65644
2.18703 1.19276 -1.89652 1.28475 2.55971 -0.000256108 0.551919 -1.56962 -1.47546 -1.00732 -1.95117 -2.34666 -2.00941 0.0827514 1.97097 2.65644
2.18818 1.19276 -1.89652 1.28475 2.55971 -0.000256108 0.551919 -1.56962 -1.47546 -1.00732 -1.95117 -2.34666 -2.00941 0.0827514 1.97097 2.65644
2.18937 1.19276 -1.89652 1.28475 2.55971 -0.000256108 0.551919 -1.56962 -1.47546 -1.00732 -1.95117 -2.34666 -2.00941 0.0827514 1.97097 2.65644
2.19068 1.19276 -1.89652 1.28475 2.55971 -0.000256108 0.551919 -1.56962 -1.47546 -1.00732 -1.95117 -2.34666 -2.00941 0.0827514 1.97097 2.65644
2.19211 1.19276 -1.89652 1.28475 2.55971 -0.000256108 0.551919 -1.56962 -1.47546 -1.00732 -1.95117 -2.34666 -2.00941 0.0827514 1.97097 2.65644
2.19353 1.19276 -1.89652 1.28475 2.55971 -0.000256108 0.551919 -1.56962 -1.47546 -1.00732 -1.95117 -2.34666 -2.00941 0.0827514 1.97097 2.65644
2.19505 1.19276 -1.89652 1.28475 2.55971 -0.000256108 0.551919 -1.56962 -1.47546 -1.00732 -1.95117 -2.34666 -2.00941 0.0827514 1.97097 2.65644
2.19641 1.19276 -1.89652 1.28475 2.55971 -0.000256108 0.551919 -1.56962 -1.47546 -1.00732 -1.95117 -2.34666 -2.00941 0.0827514 1.97097 2.65644
2.19781 1.19276 -1.89652 1.28475 2.55971 -0.000256108 0.551919 -1.56962 -1.47546 -1.00732 -1.95117 -2.34666 -2.00941 0.0827514 1.97097 2.65644
2.19934 1.19276 -1.89652 1.28475 2.55971 -0.000256108 0.551919 -1.56962 -1.47546 -1.00732 -1.95117 -2.34666 -2.00941 0.0827514 1.97097 2.65644
2.20089 1.19276 -1.89652 1.28475 2.55971 -0.000256108 0.551919 -1.56962 -1.47546 -1.00732 -1.95117 -2.34666 -2.00941 0.0827514 1.97097 2.65644
2.20253 1.19276 -1.89652 1.28475 2.55971 -0.000256108 0.551919 -1.56962 -1.47546 -1.00732 -1.95117 -2.34666 -2.00941 0.0827514 1.97097 2.65644
2.20416 1.19276 -1.89652 1.28475 2.55971 -0.000256108 0.551919 -1.56962 -1.47546 -1.00732 -1.95117 -2.34666 -2.00941 0.0827514 1.97097 2.65644
2.20577 1.19276 -1.89652 1.28475 2.55971 -0.000256108 0.551919 -1.56962 -1.47546 -1.00732 -1.95117 -2.34666 -2.00941 0.0827514 1.97097 2.65644
2.2075 1.19276 -1.89652 1.28475 2.55971 -0.000256108 0.551919 -1.56962 -1.47546 -1.00732 -1.95117 -2.34666 -2.00941 0.0827514 1.97097 2.65644
2.20935 1.19276 -1.89652 1.28475 2.55971 -0.000256108 0.551919 -1.56962 -1.47546 -1.00732 -1.95117 -2.34666 -2.00941 0.0827514 1.97097 2.65644
2.21132 1.19276 -1.89652 1.28475 2.55971 -0.000256108 0.551919 -1.56962 -1.47546 -1.00732 -1.95117 -2.34666 -2.00941 0.0827514 1.97097 2.65644
2.21332 1.19276 -1.89652 1.28475 2.55971 -0.000256108 0.551919 -1.56962 -1.47546 -1.00732 -1.95117 -2.34666 -2.00941 0.0827514 1.97097 2.65644
2.2153 1.19276 -1.89652 1.28475 2.55971 -0.000256108 0.551919 -1.56962 -1.47546 -1.00732 -1.95117 -2.34666 -2.00941 0.0827514 1.97097 2.65644
2.21718 1.19276 -1.89652 1.28475 2.55971 -0.000256108 0.551919 -1.56962 -1.47546 -1.00732 -1.95117 -2.34666 -2.00941 0.0827514 1.97097 2.65644
2.21925 1.19276 -1.89652 1.28475 2.55971 -0.000256108 0.551919 -1.56962 -1.47546 -1.00732 -1.95117 -2.34666 -2.00941 0.0827514 1.97097 2.65644
2.22143 1.19276 -1.89652 1.28475 2.55971 -0.000256108 0.551919 -1.56962 -1.47546 -1.00732 -1.95117 -2.34666 -2.00941 0.0827514 1.97097 2.65644
2.22366 1.19276 -1.89652 1.28475 2.55971 -0.000256108 0.551919 -1.56962 -1.47546 -1.00732 -1.95117 -2.34666 -2.00941 0.0827514 1.97097 2.65644
2.22594 1.19276 -1.89652 1.28475 2.55971 -0.000256108 0.551919 -1.56962 -1.47546 -1.00732 -1.95117 -2.34666 -2.00941 0.0827514 1.97097 2.65644
2.22818 1.19276 -1.89652 1.28475 2.55971 -0.000256108 0.551919 -1.56962 -1.47546 -1.00732 -1.95117 -2.34666 -2.00941 0.0827514 1.97097 2.65644
2.23049 1.19276 -1.89652 1.28475 2.55971 -0.000256108 0.551919 -1.56962 -1.47546 -1.00732 -1.95117 -2.34666 -2.00941 0.0827514 1.97097 2.65644
2.23286 1.19276 -1.89652 1.28475 2.55971 -0.000256108 0.551919 -1.56962 -1.47546 -1.00732 -1.95117 -2.34666 -2.00941 0.0827514 1.97097 2.65644
2.23539 1.19276 -1.89652 1.28475 2.55971 -0.000256108 0.551919 -1.56962 -1.47546 -1.00732 -1.95117 -2.34666 -2.00941 0.0827514 1.97097 2.65644
2.23791 1.19276 -1.89652 1.28475 2.55971 -0.000256108 0.551919 -1.56962 -1.47546 -1.00732 -1.95117 -2.34666 -2.00941 0.0827514 1.97097 2.65644
2.24051 1.19276 -1.89652 1.28475 2.55971 -0.000256108 0.551919 -1.56962 -1.47546 -1.00732 -1.95117 -2.34666 -2.00941 0.0827514 1.97097 2.65644
2.24361 1.19276 -1.89652 1.28475 2.55971 -0.000256108 0.551919 -1.56962 -1.47546 -1.00732 -1.95117 -2.34666 -2.00941 0.0827514 1.97097 2.65644
2.24646 1.19276 -1.89652 1.28475 2.55971 -0.000256108 0.551919 -1.56962 -1.47546 -1.00732 -1.95117 -2.34666 -2.00941 0.0827514 1.97097 2.65644
2.24951 1.19276 -1.89652 1.28475 2.55971 -0.000256108 0.551919 -1.56962 -1.47546 -1.00732 -1.95117 -2.34666 -2.00941 0.0827514 1.97097 2.65644
2.25245 1.19276 -1.89652 1.28475 2.55971 -0.000256108 0.551919 -1.56962 -1.47546 -1.00732 -1.95117 -2.34666 -2.00941 0.0827514 1.97097 2.65644
2.25546 1.19276 -1.89652 1.28475 2.55971 -0.000256108 0.551919 -1.56962 -1.47546 -1.00732 -1.95117 -2.34666 -2.00941 0.0827514 1.97097 2.65644
2.25851 1.19276 -1.89652 1.28475 2.55971 -0.000256108 0.551919 -1.56962 -1.47546 -1.00732 -1.95117 -2.34666 -2.00941 0.0827514 1.97097 2.65644
2.2618 1.19276 -1.89652 1.28475 2.55971 -0.000256108 0.551919 -1.56962 -1.47546 -1.00732 -1.95117 -2.34666 -2.00941 0.0827514 1.97097 2.65644
2.26518 1.19276 -1.89652 1.28475 2.55971 -0.000256108 0.551919 -1.56962 -1.47546 -1.00732 -1.95117 -2.34666 -2.00941 0.0827514 1.97097 2.65644
2.26861 1.19276 -1.89652 1.28475 2.55971 -0.000256108 0.551919 -1.56962 -1.47546 -1.00732 -1.95117 -2.34666 -2.00941 0.0827514 1.97097 2.65644
2.27214 1.19276 -1.89652 1.28475 2.55971 -0.000256108 0.551919 -1.56962 -1.47546 -1.00732 -1.95117 -2.34666 -2.00941 0.0827514 1.97097 2.65644
2.27573 1.19276 -1.89652 1.28475 2.55971 -0.000256108 0.551919 -1.56962 -1.47546 -1.00732 -1.95117 -2.34666 -2.00941 0.0827514 1.97097 2.65644
2.27939 1.19276 -1.89652 1.28475 2.55971 -0.000256108 0.551919 -1.56962 -1.47546 -1.00732 -1.95117 -2.34666 -2.00941 0.0827514 1.97097 2.65644
2.28323 1.19276 -1.89652 1.28475 2.55971 -0.000256108 0.551919 -1.56962 -1.47546 -1.00732 -1.95117 -2.34666 -2.00941 0.0827514 1.97097 2.65644
2.28725 1.19276 -1.89652 1.28475 2.55971 -0.000256108 0.551919 -1.56962 -1.47546 -1.00732 -1.95117 -2.34666 -2.00941 0.0827514 1.97097 2.65644
2.29126 1.19276 -1.89652 1.28475 2.55971 -0.000256108 0.551919 -1.56962 -1.47546 -1.00732 -1.95117 -2.34666 -2.00941 0.0827514 1.97097 2.65644
2.29543 1.19276 -1.89652 1.28475 2.55971 -0.000256108 0.551919 -1.56962 -1.47546 -1.00732 -1.95117 -2.34666 -2.00941 0.0827514 1.97097 2.65644
2.29972 1.19276 -1.89652 1.28475 2.55971 -0.000256108 0.551919 -1.56962 -1.47546 -1.00732 -1.95117 -2.34666 -2.00941 0.0827514 1.97097 2.65644
2.30411 1.19276 -1.89652 1.28475 2.55971 -0.000256108 0.551919 -1.56962 -1.47546 -1.00732 -1.95117 -2.34666 -2.00941 0.0827514 1.97097 2.65644
2.30869 1.19276 -1.89652 1.28475 2.55971 -0.000256108 0.551919 -1.56962 -1.47546 -1.00732 -1.95117 -2.34666 -2.00941 0.0827514 1.97097 2.65644
2.31353 1.19276 -1.89652 1.28475 2.55971 -0.000256108 0.551919 -1.56962 -1.47546 -1.00732 -1.95117 -2.34666 -2.00941 0.0827514 1.97097 2.65644
2.31834 1.19276 -1.89652 1.28475 2.55971 -0.000256108 0.551919 -1.56962 -1.47546 -1.00732 -1.95117 -2.34666 -2.00941 0.0827514 1.97097 2.65644
2.32332 1.19276 -1.89652 1.28475 2.55971 -0.000256108 0.551919 -1.56962 -1.47546 -1.00732 -1.95117 -2.34666 -2.00941 0.0827514 1.97097 2.65644
2.32856 1.19276 -1.89652 1.28475 2.55971 -0.000256108 0.551919 -1.56962 -1.47546 -1.00732 -1.95117 -2.34666 -2.00941 0.0827514 1.97097 2.65644
2.33393 1.19276 -1.89652 1.28475 2.55971 -0.000256108 0.551919 -1.56962 -1.47546 -1.00732 -1.95117 -2.34666 -2.00941 0.0827514 1.97097 2.65644
2.33936 1.19276 -1.89652 1.28475 2.55971 -0.000256108 0.551919 -1.56962 -1.47546 -1.00732 -1.95117 -2.34666 -2.00941 0.0827514 1.97097 2.65644
2.34498 1.19276 -1.89652 1.28475 2.55971 -0.000256108 0.551919 -1.56962 -1.47546 -1.00732 -1.95117 -2.34666 -2.00941 0.0827514 1.97097 2.65644
2.35076 1.19276 -1.89652 1.28475 2.55971 -0.000256108 0.551919 -1.56962 -1.47546 -1.00732 -1.95117 -2.34666 -2.00941 0.0827514 1.97097 2.65644
2.35681 1.19276 -1.89652 1.28475 2.55971 -0.000256108 0.551919 -1.56962 -1.47546 -1.00732 -1.95117 -2.34666 -2.00941 0.0827514 1.97097 2.65644
2.36326 1.19276 -1.89652 1.28475 2.55971 -0.000256108 0.551919 -1.56962 -1.47546 -1.00732 -1.95117 -2.34666 -2.00941 0.0827514 1.97097 2.65644
2.36959 1.19276 -1.89652 1.28475 2.55971 -0.000256108 0.551919 -1.56962 -1.47546 -1.00732 -1.95117 -2.34666 -2.00941 0.0827514 1.97097 2.65644
2.37611 1.19276 -1.89652 1.28475 2.55971 -0.000256108 0.551919 -1.56962 -1.47546 -1.00732 -1.95117 -2.34666 -2.00941 0.0827514 1.97097 2.65644
2.3828 1.19276 -1.89652 1.28475 2.55971 -0.000256108 0.551919 -1.56962 -1.47546 -1.00732 -1.95117 -2.34666 -2.00941 0.0827514 1.97097 2.65644
2.38975 1.19276 -1.89652 1.28475 2.55971 -0.000256108 0.551919 -1.56962 -1.47546 -1.00732 -1.95117 -2.34666 -2.00941 0.0827514 1.97097 2.65644
2.39683 1.19276 -1.89652 1.28475 2.55971 -0.000256108 0.551919 -1.56962 -1.47546 -1.00732 -1.95117 -2.34666 -2.00941 0.0827514 1.97097 2.65644
2.40424 1.19276 -1.89652 1.28475 2.55971 -0.000256108 0.551919 -1.56962 -1.47546 -1.00732 -1.95117 -2.34666 -2.00941 0.0827514 1.97097 2.65644
2.4119 1.19276 -1.89652 1.28475 2.55971 -0.000256108 0.551919 -1.56962 -1.47546 -1.00732 -1.95117 -2.34666 -2.00941 0.0827514 1.97097 2.65644
2.41959 1.19276 -1.89652 1.28475 2.55971 -0.000256108 0.551919 -1.56962 -1.47546 -1.00732 -1.95117 -2.34666 -2.00941 0.0827514 1.97097 2.65644
2.42777 1.19276 -1.89652 1.28475 2.55971 -0.000256108 0.551919 -1.56962 -1.47546 -1.00732 -1.95117 -2.34666 -2.00941 0.0827514 1.97097 2.65644
2.43633 1.19276 -1.89652 1.28475 2.55971 -0.000256108 0.551919 -1.56962 -1.47546 -1.00732 -1.95117 -2.34666 -2.00941 0.0827514 1.97097 2.65644
2.44497 1.19276 -1.89652 1.28475 2.55971 -0.000256108 0.551919 -1.56962 -1.47546 -1.00732 -1.95117 -2.34666 -2.00941 0.0827514 1.97097 2.65644
2.45383 1.19276 -1.89652 1.28475 2.55971 -0.000256108 0.551919 -1.56962 -1.47546 -1.00732 -1.95117 -2.34666 -2.00941 0.0827514 1.97097 2.65644
2.46306 1.19276 -1.89652 1.28475 2.55971 -0.000256108 0.551919 -1.56962 -1.47546 -1.00732 -1.95117 -2.34666 -2.00941 0.0827514 1.97097 2.65644
2.47264 1.19276 -1.89652 1.28475 2.55971 -0.000256108 0.551919 -1.56962 -1.47546 -1.00732 -1.95117 -2.34666 -2.00941 0.0827514 1.97097 2.65644
2.48245 1.19276 -1.89652 1.28475 2.55971 -0.000256108 0.551919 -1.56962 -1.47546 -1.00732 -1.95117 -2.34666 -2.00941 0.0827514 1.97097 2.65644
2.49269 1.19276 -1.89652 1.28475 2.55971 -0.000256108 0.551919 -1.56962 -1.47546 -1.00732 -1.95117 -2.34666 -2.00941 0.0827514 1.97097 2.65644
2.50339 1.19276 -1.89652 1.28475 2.55971 -0.000256108 0.551919 -1.56962 -1.47546 -1.00732 -1.95117 -2.34666 -2.00941 0.0827514 1.97097 2.65644
2.51049 1.19276 -1.89652 1.28475 2.55971 -0.000256108 0.551919 -1.56962 -1.47546 -1.00732 -1.95117 -2.34666 -2.00941 0.0827514 1.97097 2.65644
2.50941 1.19276 -1.89652 1.28475 2.55971 -0.000256108 0.551919 -1.56962 -1.47546 -1.00732 -1.95117 -2.34666 -2.00941 0.0827514 1.97097 2.65644
2.50806 1.19276 -1.89652 1.28475 2.55971 -0.000256108 0.551919 -1.56962 -1.47546 -1.00732 -1.95117 -2.34666 -2.00941 0.0827514 1.97097 2.65644
2.50664 1.19276 -1.89652 1.28475 2.55971 -0.000256108 0.551919 -1.56962 -1.47546 -1.00732 -1.95117 -2.34666 -2.00941 0.0827514 1.97097 2.65644
2.50509 1.19276 -1.89652 1.28475 2.55971 -0.000256108 0.551919 -1.56962 -1.47546 -1.00732 -1.95117 -2.34666 -2.00941 0.0827514 1.97097 2.65644
2.50357 1.19276 -1.89652 1.28475 2.55971 -0.000256108 0.551919 -1.56962 -1.47546 -1.00732 -1.95117 -2.34666 -2.00941 0.0827514 1.97097 2.65644
2.50221 1.19276 -1.89652 1.28475 2.55971 -0.000256108 0.551919 -1.56962 -1.47546 -1.00732 -1.95117 -2.34666 -2.00941 0.0827514 1.97097 2.65644
2.50073 1.19276 -1.89652 1.28475 2.55971 -0.000256108 0.551919 -1.56962 -1.47546 -1.00732 -1.95117 -2.34666 -2.00941 0.0827514 1.97097 2.65644
2.49911 1.19276 -1.89652 1.28475 2.55971 -0.000256108 0.551919 -1.56962 -1.47546 -1.00732 -1.95117 -2.34666 -2.00941 0.0827514 1.97097 2.65644
2.49746 1.19276 -1.89652 1.28475 2.55971 -0.000256108 0.551919 -1.56962 -1.47546 -1.00732 -1.95117 -2.34666 -2.00941 0.0827514 1.97097 2.65644
2.49419 1.19276 -1.89652 1.28475 2.55971 -0.000256108 0.551919 -1.56962 -1.47546 -1.00732 -1.95117 -2.34666 -2.00941 0.0827514 1.97097 2.65644
2.49046 1.19276 -1.89652 1.28475 2.55971 -0.000256108 0.551919 -1.56962 -1.47546 -1.00732 -1.95117 -2.34666 -2.00941 0.0827514 1.97097 2.65644
2.48633 1.19276 -1.89652 1.28475 2.55971 -0.000256108 0.551919 -1.56962 -1.47546 -1.00732 -1.95117 -2.34666 -2.00941 0.0827514 1.97097 2.65644
2.48215 1.19276 -1.89652 1.28475 2.55971 -0.000256108 0.551919 -1.56962 -1.47546 -1.00732 -1.95117 -2.34666 -2.00941 0.0827514 1.97097 2.65644
2.47785 1.19276 -1.89652 1.28475 2.55971 -0.000256108 0.551919 -1.56962 -1.47546 -1.00732 -1.95117 -2.34666 -2.00941 0.0827514 1.97097 2.65644
2.47335 1.19276 -1.89652 1.28475 2.55971 -0.000256108 0.551919 -1.56962 -1.47546 -1.00732 -1.95117 -2.34666 -2.00941 0.0827514 1.97097 2.65644
2.4688 1.19276 -1.89652 1.28475 2.55971 -0.000256108 0.551919 -1.56962 -1.47546 -1.00732 -1.95117 -2.34666 -2.00941 0.0827514 1.97097 2.65644
2.46448 1.19276 -1.89652 1.28475 2.55971 -0.000256108 0.551919 -1.56962 -1.47546 -1.00732 -1.95117 -2.34666 -2.00941 0.0827514 1.97097 2.65644
2.46022 1.19276 -1.89652 1.28475 2.55971 -0.000256108 0.551919 -1.56962 -1.47546 -1.00732 -1.95117 -2.34666 -2.00941 0.0827514 1.97097 2.65644
2.45594 1.19276 -1.89652 1.28475 2.55971 -0.000256108 0.551919 -1.56962 -1.47546 -1.00732 -1.95117 -2.34666 -2.00941 0.0827514 1.97097 2.65644
2.45158 1.19276 -1.89652 1.28475 2.55971 -0.000256108 0.551919 -1.56962 -1.47546 -1.00732 -1.95117 -2.34666 -2.00941 0.0827514 1.97097 2.65644
2.44713 1.19276 -1.89652 1.28475 2.55971 -0.000256108 0.551919 -1.56962 -1.47546 -1.00732 -1.95117 -2.34666 -2.00941 0.0827514 1.97097 2.65644
2.44267 1.19276 -1.89652 1.28475 2.55971 -0.000256108 0.551919 -1.56962 -1.47546 -1.00732 -1.95117 -2.34666 -2.00941 0.0827514 1.97097 2.65644
2.43823 1.19276 -1.89652 1.28475 2.55971 -0.000256108 0.551919 -1.56962 -1.47546 -1.00732 -1.95117 -2.34666 -2.00941 0.0827514 1.97097 2.65644
2.43364 1.19276 -1.89652 1.28475 2.55971 -0.000256108 0.551919 -1.56962 -1.47546 -1.00732 -1.95117 -2.34666 -2.00941 0.0827514 1.97097 2.65644
2.42903 1.19276 -1.89652 1.28475 2.55971 -0.000256108 0.551919 -1.56962 -1.47546 -1.00732 -1.95117 -2.34666 -2.00941 0.0827514 1.97097 2.65644
2.4245 1.19276 -1.89652 1.28475 2.55971 -0.000256108 0.551919 -1.56962 -1.47546 -1.00732 -1.95117 -2.34666 -2.00941 0.0827514 1.97097 2.65644
2.41996 1.19276 -1.89652 1.28475 2.55971 -0.000256108 0.551919 -1.56962 -1.47546 -1.00732 -1.95117 -2.34666 -2.00941 0.0827514 1.97097 2.65644
2.41549 1.19276 -1.89652 1.28475 2.55971 -0.000256108 0.551919 -1.56962 -1.47546 -1.00732 -1.95117 -2.34666 -2.00941 0.0827514 1.97097 2.65644
2.41094 1.19276 -1.89652 1.28475 2.55971 -0.000256108 0.551919 -1.56962 -1.47546 -1.00732 -1.95117 -2.34666 -2.00941 0.0827514 1.97097 2.65644
2.40643 1.19276 -1.89652 1.28475 2.55971 -0.000256108 0.551919 -1.56962 -1.47546 -1.00732 -1.95117 -2.34666 -2.00941 0.0827514 1.97097 2.65644
2.40194 1.19276 -1.89652 1.28475 2.55971 -0.000256108 0.551919 -1.56962 -1.47546 -1.00732 -1.95117 -2.34666 -2.00941 0.0827514 1.97097 2.65644
2.39739 1.19276 -1.89652 1.28475 2.55971 -0.000256108 0.551919 -1.56962 -1.47546 -1.00732 -1.95117 -2.34666 -2.00941 0.0827514 1.97097 2.65644
2.3928 1.19276 -1.89652 1.28475 2.55971 -0.000256108 0.551919 -1.56962 -1.47546 -1.00732 -1.95117 -2.34666 -2.00941 0.0827514 1.97097 2.65644
2.38802 1.19276 -1.89652 1.28475 2.55971 -0.000256108 0.551919 -1.56962 -1.47546 -1.00732 -1.95117 -2.34666 -2.00941 0.0827514 1.97097 2.65644
2.38341 1.19276 -1.89652 1.28475 2.55971 -0.000256108 0.551919 -1.56962 -1.47546 -1.00732 -1.95117 -2.34666 -2.00941 0.0827514 1.97097 2.65644
2.37874 1.19276 -1.89652 1.28475 2.55971 -0.000256108 0.551919 -1.56962 -1.47546 -1.00732 -1.95117 -2.34666 -2.00941 0.0827514 1.97097 2.65644
2.37405 1.19276 -1.89652 1.28475 2.55971 -0.000256108 0.551919 -1.56962 -1.47546 -1.00732 -1.95117 -2.34666 -2.00941 0.0827514 1.97097 2.65644
2.36931 1.19276 -1.89652 1.28475 2.55971 -0.000256108 0.551919 -1.56962 -1.47546 -1.00732 -1.95117 -2.34666 -2.00941 0.0827514 1.97097 2.65644
2.36455 1.19276 -1.89652 1.28475 2.55971 -0.000256108 0.551919 -1.56962 -1.47546 -1.00732 -1.95117 -2.34666 -2.00941 0.0827514 1.97097 2.65644
2.35974 1.19276 -1.89652 1.28475 2.55971 -0.000256108 0.551919 -1.56962 -1.47546 -1.00732 -1.95117 -2.34666 -2.00941 0.0827514 1.97097 2.65644
2.35493 1.19276 -1.89652 1.28475 2.55971 -0.000256108 0.551919 -1.56962 -1.47546 -1.00732 -1.95117 -2.34666 -2.00941 0.0827514 1.97097 2.65644
2.34975 1.19276 -1.89652 1.28475 2.55971 -0.000256108 0.551919 -1.56962 -1.47546 -1.00732 -1.95117 -2.34666 -2.00941 0.0827514 1.97097 2.65644
2.34492 1.19276 -1.89652 1.28475 2.55971 -0.000256108 0.551919 -1.56962 -1.47546 -1.00732 -1.95117 -2.34666 -2.00941 0.0827514 1.97097 2.65644
2.34013 1.19276 -1.89652 1.28475 2.55971 -0.000256108 0.551919 -1.56962 -1.47546 -1.00732 -1.95117 -2.34666 -2.00941 0.0827514 1.97097 2.65644
2.3353 1.19276 -1.89652 1.28475 2.55971 -0.000256108 0.551919 -1.56962 -1.47546 -1.00732 -1.95117 -2.34666 -2.00941 0.0827514 1.97097 2.65644
2.33042 1.19276 -1.89652 1.28475 2.55971 -0.000256108 0.551919 -1.56962 -1.47546 -1.00732 -1.95117 -2.34666 -2.00941 0.0827514 1.97097 2.65644
2.32549 1.19276 -1.89652 1.28475 2.55971 -0.000256108 0.551919 -1.56962 -1.47546 -1.00732 -1.95117 -2.34666 -2.00941 0.0827514 1.97097 2.65644
2.32066 1.19276 -1.89652 1.28475 2.55971 -0.000256108 0.551919 -1.56962 -1.47546 -1.00732 -1.95117 -2.34666 -2.00941 0.0827514 1.97097 2.65644
2.31571 1.19276 -1.89652 1.28475 2.55971 -0.000256108 0.551919 -1.56962 -1.47546 -1.00732 -1.95117 -2.34666 -2.00941 0.0827514 1.97097 2.65644
2.31069 1.19276 -1.89652 1.28475 2.55971 -0.000256108 0.551919 -1.56962 -1.47546 -1.00732 -1.95117 -2.34666 -2.00941 0.0827514 1.97097 2.65644
2.30558 1.19276 -1.89652 1.28475 2.55971 -0.000256108 0.551919 -1.56962 -1.47546 -1.00732 -1.95117 -2.34666 -2.00941 0.0827514 1.97097 2.65644
2.3005 1.19276 -1.89652 1.28475 2.55971 -0.000256108 0.551919 -1.56962 -1.47546 -1.00732 -1.95117 -2.34666 -2.00941 0.0827514 1.97097 2.65644
2.29548 1.19276 -1.89652 1.28475 2.55971 -0.000256108 0.551919 -1.56962 -1.47546 -1.00732 -1.95117 -2.34666 -2.00941 0.0827514 1.97097 2.65644
2.29042 1.19276 -1.89652 1.28475 2.55971 -0.000256108 0.551919 -1.56962 -1.47546 -1.00732 -1.95117 -2.34666 -2.00941 0.0827514 1.97097 2.65644
2.28537 1.19276 -1.89652 1.28475 2.55971 -0.000256108 0.551919 -1.56962 -1.47546 -1.00732 -1.95117 -2.34666 -2.00941 0.0827514 1.97097 2.65644
2.28033 1.19276 -1.89652 1.28475 2.55971 -0.000256108 0.551919 -1.56962 -1.47546 -1.00732 -1.95117 -2.34666 -2.00941 0.0827514 1.97097 2.65644
2.27526 1.19276 -1.89652 1.28475 2.55971 -0.000256108 0.551919 -1.56962 -1.47546 -1.00732 -1.95117 -2.34666 -2.00941 0.0827514 1.97097 2.65644
2.2702 1.19276 -1.89652 1.28475 2.55971 -0.000256108 0.551919 -1.56962 -1.47546 -1.00732 -1.95117 -2.34666 -2.00941 0.0827514 1.97097 2.65644
2.26474 1.19276 -1.89652 1.28475 2.55971 -0.000256108 0.551919 -1.56962 -1.47546 -1.00732 -1.95117 -2.34666 -2.00941 0.0827514 1.97097 2.65644
2.25955 1.19276 -1.89652 1.28475 2.55971 -0.000256108 0.551919 -1.56962 -1.47546 -1.00732 -1.95117 -2.34666 -2.00941 0.0827514 1.97097 2.65644
2.2543 1.19276 -1.89652 1.28475 2.55971 -0.000256108 0.551919 -1.56962 -1.47546 -1.00732 -1.95117 -2.34666 -2.00941 0.0827514 1.97097 2.65644
2.24905 1.19276 -1.89652 1.28475 2.55971 -0.000256108 0.551919 -1.56962 -1.47546 -1.00732 -1.95117 -2.34666 -2.00941 0.0827514 1.97097 2.65644
2.24385 1.19276 -1.89652 1.28475 2.55971 -0.000256108 0.551919 -1.56962 -1.47546 -1.00732 -1.95117 -2.34666 -2.00941 0.0827514 1.97097 2.65644
2.2386 1.19276 -1.89652 1.28475 2.55971 -0.000256108 0.551919 -1.56962 -1.47546 -1.00732 -1.95117 -2.34666 -2.00941 0.0827514 1.97097 2.65644
2.23328 1.19276 -1.89652 1.28475 2.55971 -0.000256108 0.551919 -1.56962 -1.47546 -1.00732 -1.95117 -2.34666 -2.00941 0.0827514 1.97097 2.65644
2.2279 1.19276 -1.89652 1.28475 2.55971 -0.000256108 0.551919 -1.56962 -1.47546 -1.00732 -1.95117 -2.34666 -2.00941 0.0827514 1.97097 2.65644
2.22254 1.19276 -1.89652 1.28475 2.55971 -0.000256108 0.551919 -1.56962 -1.47546 -1.00732 -1.95117 -2.34666 -2.00941 0.0827514 1.97097 2.65644
2.21694 1.19276 -1.89652 1.28475 2.55971 -0.000256108 0.551919 -1.56962 -1.47546 -1.00732 -1.95117 -2.34666 -2.00941 0.0827514 1.97097 2.65644
2.21139 1.19276 -1.89652 1.28475 2.55971 -0.000256108 0.551919 -1.56962 -1.47546 -1.00732 -1.95117 -2.34666 -2.00941 0.0827514 1.97097 2.65644
2.20605 1.19276 -1.89652 1.28475 2.55971 -0.000256108 0.551919 -1.56962 -1.47546 -1.00732 -1.95117 -2.34666 -2.00941 0.0827514 1.97097 2.65644
2.2006 1.19276 -1.89652 1.28475 2.55971 -0.000256108 0.551919 -1.56962 -1.47546 -1.00732 -1.95117 -2.34666 -2.00941 0.0827514 1.97097 2.65644
2.19521 1.19276 -1.89652 1.28475 2.55971 -0.000256108 0.551919 -1.56962 -1.47546 -1.00732 -1.95117 -2.34666 -2.00941 0.0827514 1.97097 2.65644
2.18978 1.19276 -1.89652 1.28475 2.55971 -0.000256108 0.551919 -1.56962 -1.47546 -1.00732 -1.95117 -2.34666 -2.00941 0.0827514 1.97097 2.65644
2.18429 1.19276 -1.89652 1.28475 2.55971 -0.000256108 0.551919 -1.56962 -1.47546 -1.00732 -1.95117 -2.34666 -2.00941 0.0827514 1.97097 2.65644
2.17874 1.19276 -1.89652 1.28475 2.55971 -0.000256108 0.551919 -1.56962 -1.47546 -1.00732 -1.95117 -2.34666 -2.00941 0.0827514 1.97097 2.65644
2.17322 1.19276 -1.89652 1.28475 2.55971 -0.000256108 0.551919 -1.56962 -1.47546 -1.00732 -1.95117 -2.34666 -2.00941 0.0827514 1.97097 2.65644
2.16758 1.19276 -1.89652 1.28475 2.55971 -0.000256108 0.551919 -1.56962 -1.47546 -1.00732 -1.95117 -2.34666 -2.00941 0.0827514 1.97097 2.65644
2.16199 1.19276 -1.89652 1.28475 2.55971 -0.000256108 0.551919 -1.56962 -1.47546 -1.00732 -1.95117 -2.34666 -2.00941 0.0827514 1.97097 2.65644
2.15616 1.19276 -1.89652 1.28475 2.55971 -0.000256108 0.551919 -1.56962 -1.47546 -1.00732 -1.95117 -2.34666 -2.00941 0.0827514 1.97097 2.65644
2.15052 1.19276 -1.89652 1.28475 2.55971 -0.000256108 0.551919 -1.56962 -1.47546 -1.00732 -1.95117 -2.34666 -2.00941 0.0827514 1.97097 2.65644
2.14494 1.19276 -1.89652 1.28475 2.55971 -0.000256108 0.551919 -1.56962 -1.47546 -1.00732 -1.95117 -2.34666 -2.00941 0.0827514 1.97097 2.65644
2.1393 1.19276 -1.89652 1.28475 2.55971 -0.000256108 0.551919 -1.56962 -1.47546 -1.00732 -1.95117 -2.34666 -2.00941 0.0827514 1.97097 2.65644
2.13359 1.19276 -1.89652 1.28475 2.55971 -0.000256108 0.551919 -1.56962 -1.47546 -1.00732 -1.95117 -2.34666 -2.00941 0.0827514 1.97097 2.65644
