8.363
8.374
8.384
8.394
8.405
8.415
8.426
8.436
8.446
8.458
8.479
8.5
8.521
8.541
8.562
8.583
8.603
8.624
8.645
8.665
8.704
8.742
8.78
8.819
8.857
8.896
8.934
8.977
9.018
9.059
9.097
9.136
9.174
9.212
9.251
9.289
9.328
9.367
9.405
9.444
9.482
9.521
9.559
9.597
9.636
9.674
9.714
9.752
9.791
9.831
9.87
9.91
9.949
9.991
10.032
10.073
10.112
10.15
10.189
10.228
10.266
10.304
10.343
10.382
10.421
10.459
10.498
10.537
10.575
10.614
10.653
10.691
10.731
10.77
10.809
10.848
10.887
10.926
10.965
11.004
11.043
11.083
11.122
11.161
11.199
11.237
11.276
11.315
11.354
11.392
11.431
11.47
11.509
11.547
11.585
11.624
11.663
11.701
11.74
11.779
13.817
13.828
13.839
13.849
13.86
13.871
13.881
13.892
13.903
13.916
13.955
13.994
14.032
14.071
14.11
14.151
14.19
14.229
14.268
14.307
14.345
14.384
14.423
14.463
14.503
14.542
14.582
14.62
14.659
14.697
14.736
14.774
14.813
14.852
14.891
14.93
14.969
15.008
15.046
15.085
15.125
15.166
15.205
15.245
15.283
15.322
15.361
15.399
15.438
15.477
15.516
15.556
15.596
15.634
15.673
15.712
15.75
15.788
15.829
15.868
15.907
15.946
15.985
16.024
16.062
16.101
16.141
16.182
16.221
16.26
16.299
16.337
16.375
16.414
16.452
16.491
16.53
16.569
16.609
16.648
16.686
16.725
16.763
16.802
