1.44414 1.23355 2.88284 -0.567166 1.95136 0.722064 2.5693 -1.97174 1.80804 -0.779139 1.80846 -2.90174 0.820982 0.809524 -1.09962 -2.17083
1.44414 1.23355 2.88284 -0.567166 1.95136 0.722064 2.5693 -1.97174 1.80804 -0.779139 1.80846 -2.90174 0.820982 0.809524 -1.09962 -2.17083
1.44414 1.23355 2.88284 -0.567166 1.95136 0.722064 2.5693 -1.97174 1.80804 -0.779139 1.80846 -2.90174 0.820982 0.809524 -1.09962 -2.17083
1.44414 1.23355 2.88284 -0.567166 1.95136 0.722064 2.5693 -1.97174 1.80804 -0.779139 1.80846 -2.90174 0.820982 0.809524 -1.09962 -2.17083
1.44414 1.23355 2.88284 -0.567166 1.95136 0.722064 2.5693 -1.97174 1.80804 -0.779139 1.80846 -2.90174 0.820982 0.809524 -1.09962 -2.17083
1.44414 1.23355 2.88284 -0.567166 1.95136 0.722064 2.5693 -1.97174 1.80804 -0.779139 1.80846 -2.90174 0.820982 0.809524 -1.09962 -2.17083
1.44414 1.23355 2.88284 -0.567166 1.95136 0.722064 2.5693 -1.97174 1.80804 -0.779139 1.80846 -2.90174 0.820982 0.809524 -1.09962 -2.17083
1.44414 1.23355 2.88284 -0.567166 1.95136 0.722064 2.5693 -1.97174 1.80804 -0.779139 1.80846 -2.90174 0.820982 0.809524 -1.09962 -2.17083
1.44414 1.23355 2.88284 -0.567166 1.95136 0.722064 2.5693 -1.97174 1.80804 -0.779139 1.80846 -2.90174 0.820982 0.809524 -1.09962 -2.17083
1.44414 1.23355 2.88284 -0.567166 1.95136 0.722064 2.5693 -1.97174 1.80804 -0.779139 1.80846 -2.90174 0.820982 0.809524 -1.09962 -2.17083
1.44414 1.23355 2.88284 -0.567166 1.95136 0.722064 2.5693 -1.97174 1.80804 -0.779139 1.80846 -2.90174 0.820982 0.809524 -1.09962 -2.17083
1.44414 1.23355 2.88284 -0.567166 1.95136 0.722064 2.5693 -1.97174 1.80804 -0.779139 1.80846 -2.90174 0.820982 0.809524 -1.09962 -2.17083
1.44414 1.23355 2.88284 -0.567166 1.95136 0.722064 2.5693 -1.97174 1.80804 -0.779139 1.80846 -2.90174 0.820982 0.809524 -1.09962 -2.17083
1.44414 1.23355 2.88284 -0.567166 1.95136 0.722064 2.5693 -1.97174 1.80804 -0.779139 1.80846 -2.90174 0.820982 0.809524 -1.09962 -2.17083
1.44414 1.23355 2.88284 -0.567166 1.95136 0.722064 2.5693 -1.97174 1.80804 -0.779139 1.80846 -2.90174 0.820982 0.809524 -1.09962 -2.17083
1.44414 1.23355 2.88284 -0.567166 1.95136 0.722064 2.5693 -1.97174 1.80804 -0.779139 1.80846 -2.90174 0.820982 0.809524 -1.09962 -2.17083
1.44414 1.23355 2.88284 -0.567166 1.95136 0.722064 2.5693 -1.97174 1.80804 -0.779139 1.80846 -2.90174 0.820982 0.809524 -1.09962 -2.17083
1.44414 1.23355 2.88284 -0.567166 1.95136 0.722064 2.5693 -1.97174 1.80804 -0.779139 1.80846 -2.90174 0.820982 0.809524 -1.09962 -2.17083
1.44414 1.23355 2.88284 -0.567166 1.95136 0.722064 2.5693 -1.97174 1.80804 -0.779139 1.80846 -2.90174 0.820982 0.809524 -1.09962 -2.17083
1.44414 1.23355 2.88284 -0.567166 1.95136 0.722064 2.5693 -1.97174 1.80804 -0.779139 1.80846 -2.90174 0.820982 0.809524 -1.09962 -2.17083
1.44517 1.23355 2.88284 -0.567166 1.95136 0.722064 2.5693 -1.97174 1.80804 -0.779139 1.80846 -2.90174 0.820982 0.809524 -1.09962 -2.17083
1.44661 1.23355 2.88284 -0.567166 1.95136 0.722064 2.5693 -1.97174 1.80804 -0.779139 1.80846 -2.90174 0.820982 0.809524 -1.09962 -2.17083
1.44813 1.23355 2.88284 -0.567166 1.95136 0.722064 2.5693 -1.97174 1.80804 -0.779139 1.80846 -2.90174 0.820982 0.809524 -1.09962 -2.17083
1.44959 1.23355 2.88284 -0.567166 1.95136 0.722064 2.5693 -1.97174 1.80804 -0.779139 1.80846 -2.90174 0.820982 0.809524 -1.09962 -2.17083
1.45117 1.23355 2.88284 -0.567166 1.95136 0.722064 2.5693 -1.97174 1.80804 -0.779139 1.80846 -2.90174 0.820982 0.809524 -1.09962 -2.17083
1.45304 1.23355 2.88284 -0.567166 1.95136 0.722064 2.5693 -1.97174 1.80804 -0.779139 1.80846 -2.90174 0.820982 0.809524 -1.09962 -2.17083
1.45529 1.23355 2.88284 -0.567166 1.95136 0.722064 2.5693 -1.97174 1.80804 -0.779139 1.80846 -2.90174 0.820982 0.809524 -1.09962 -2.17083
1.45793 1.23355 2.88284 -0.567166 1.95136 0.722064 2.5693 -1.97174 1.80804 -0.779139 1.80846 -2.90174 0.820982 0.809524 -1.09962 -2.17083
1.46109 1.23355 2.88284 -0.567166 1.95136 0.722064 2.5693 -1.97174 1.80804 -0.779139 1.80846 -2.90174 0.820982 0.809524 -1.09962 -2.17083
1.4645 1.23355 2.88284 -0.567166 1.95136 0.722064 2.5693 -1.97174 1.80804 -0.779139 1.80846 -2.90174 0.820982 0.809524 -1.09962 -2.17083
1.46803 1.23355 2.88284 -0.567166 1.95136 0.722064 2.5693 -1.97174 1.80804 -0.779139 1.80846 -2.90174 0.820982 0.809524 -1.09962 -2.17083
1.4714 1.23355 2.88284 -0.567166 1.95136 0.722064 2.5693 -1.97174 1.80804 -0.779139 1.80846 -2.90174 0.820982 0.809524 -1.09962 -2.17083
1.4747 1.23355 2.88284 -0.567166 1.95136 0.722064 2.5693 -1.97174 1.80804 -0.779139 1.80846 -2.90174 0.820982 0.809524 -1.09962 -2.17083
1.47828 1.23355 2.88284 -0.567166 1.95136 0.722064 2.5693 -1.97174 1.80804 -0.779139 1.80846 -2.90174 0.820982 0.809524 -1.09962 -2.17083
1.48215 1.23355 2.88284 -0.567166 1.95136 0.722064 2.5693 -1.97174 1.80804 -0.779139 1.80846 -2.90174 0.820982 0.809524 -1.09962 -2.17083
1.48611 1.23355 2.88284 -0.567166 1.95136 0.722064 2.5693 -1.97174 1.80804 -0.779139 1.80846 -2.90174 0.820982 0.809524 -1.09962 -2.17083
1.49026 1.23355 2.88284 -0.567166 1.95136 0.722064 2.5693 -1.97174 1.80804 -0.779139 1.80846 -2.90174 0.820982 0.809524 -1.09962 -2.17083
1.49449 1.23355 2.88284 -0.567166 1.95136 0.722064 2.5693 -1.97174 1.80804 -0.779139 1.80846 -2.90174 0.820982 0.809524 -1.09962 -2.17083
1.49894 1.23355 2.88284 -0.567166 1.95136 0.722064 2.5693 -1.97174 1.80804 -0.779139 1.80846 -2.90174 0.820982 0.809524 -1.09962 -2.17083
1.50345 1.23355 2.88284 -0.567166 1.95136 0.722064 2.5693 -1.97174 1.80804 -0.779139 1.80846 -2.90174 0.820982 0.809524 -1.09962 -2.17083
1.50822 1.23355 2.88284 -0.567166 1.95136 0.722064 2.5693 -1.97174 1.80804 -0.779139 1.80846 -2.90174 0.820982 0.809524 -1.09962 -2.17083
1.51305 1.23355 2.88284 -0.567166 1.95136 0.722064 2.5693 -1.97174 1.80804 -0.779139 1.80846 -2.90174 0.820982 0.809524 -1.09962 -2.17083
1.51795 1.23355 2.88284 -0.567166 1.95136 0.722064 2.5693 -1.97174 1.80804 -0.779139 1.80846 -2.90174 0.820982 0.809524 -1.09962 -2.17083
1.52314 1.23355 2.88284 -0.567166 1.95136 0.722064 2.5693 -1.97174 1.80804 -0.779139 1.80846 -2.90174 0.820982 0.809524 -1.09962 -2.17083
1.52853 1.23355 2.88284 -0.567166 1.95136 0.722064 2.5693 -1.97174 1.80804 -0.779139 1.80846 -2.90174 0.820982 0.809524 -1.09962 -2.17083
1.53397 1.23355 2.88284 -0.567166 1.95136 0.722064 2.5693 -1.97174 1.80804 -0.779139 1.80846 -2.90174 0.820982 0.809524 -1.09962 -2.17083
1.53957 1.23355 2.88284 -0.567166 1.95136 0.722064 2.5693 -1.97174 1.80804 -0.779139 1.80846 -2.90174 0.820982 0.809524 -1.09962 -2.17083
1.54568 1.23355 2.88284 -0.567166 1.95136 0.722064 2.5693 -1.97174 1.80804 -0.779139 1.80846 -2.90174 0.820982 0.809524 -1.09962 -2.17083
1.55204 1.23355 2.88284 -0.567166 1.95136 0.722064 2.5693 -1.97174 1.80804 -0.779139 1.80846 -2.90174 0.820982 0.809524 -1.09962 -2.17083
1.55835 1.23355 2.88284 -0.567166 1.95136 0.722064 2.5693 -1.97174 1.80804 -0.779139 1.80846 -2.90174 0.820982 0.809524 -1.09962 -2.17083
1.565 1.23355 2.88284 -0.567166 1.95136 0.722064 2.5693 -1.97174 1.80804 -0.779139 1.80846 -2.90174 0.820982 0.809524 -1.09962 -2.17083
1.57176 1.23355 2.88284 -0.567166 1.95136 0.722064 2.5693 -1.97174 1.80804 -0.779139 1.80846 -2.90174 0.820982 0.809524 -1.09962 -2.17083
1.57863 1.23355 2.88284 -0.567166 1.95136 0.722064 2.5693 -1.97174 1.80804 -0.779139 1.80846 -2.90174 0.820982 0.809524 -1.09962 -2.17083
1.58593 1.23355 2.88284 -0.567166 1.95136 0.722064 2.5693 -1.97174 1.80804 -0.779139 1.80846 -2.90174 0.820982 0.809524 -1.09962 -2.17083
1.59337 1.23355 2.88284 -0.567166 1.95136 0.722064 2.5693 -1.97174 1.80804 -0.779139 1.80846 -2.90174 0.820982 0.809524 -1.09962 -2.17083
1.60102 1.23355 2.88284 -0.567166 1.95136 0.722064 2.5693 -1.97174 1.80804 -0.779139 1.80846 -2.90174 0.820982 0.809524 -1.09962 -2.17083
1.60903 1.23355 2.88284 -0.567166 1.95136 0.722064 2.5693 -1.97174 1.80804 -0.779139 1.80846 -2.90174 0.820982 0.809524 -1.09962 -2.17083
1.61727 1.23355 2.88284 -0.567166 1.95136 0.722064 2.5693 -1.97174 1.80804 -0.779139 1.80846 -2.90174 0.820982 0.809524 -1.09962 -2.17083
1.62594 1.23355 2.88284 -0.567166 1.95136 0.722064 2.5693 -1.97174 1.80804 -0.779139 1.80846 -2.90174 0.820982 0.809524 -1.09962 -2.17083
1.63472 1.23355 2.88284 -0.567166 1.95136 0.722064 2.5693 -1.97174 1.80804 -0.779139 1.80846 -2.90174 0.820982 0.809524 -1.09962 -2.17083
1.64397 1.23355 2.88284 -0.567166 1.95136 0.722064 2.5693 -1.97174 1.80804 -0.779139 1.80846 -2.90174 0.820982 0.809524 -1.09962 -2.17083
1.65333 1.23355 2.88284 -0.567166 1.95136 0.722064 2.5693 -1.97174 1.80804 -0.779139 1.80846 -2.90174 0.820982 0.809524 -1.09962 -2.17083
1.66319 1.23355 2.88284 -0.567166 1.95136 0.722064 2.5693 -1.97174 1.80804 -0.779139 1.80846 -2.90174 0.820982 0.809524 -1.09962 -2.17083
1.67343 1.23355 2.88284 -0.567166 1.95136 0.722064 2.5693 -1.97174 1.80804 -0.779139 1.80846 -2.90174 0.820982 0.809524 -1.09962 -2.17083
1.68395 1.23355 2.88284 -0.567166 1.95136 0.722064 2.5693 -1.97174 1.80804 -0.779139 1.80846 -2.90174 0.820982 0.809524 -1.09962 -2.17083
1.69493 1.23355 2.88284 -0.567166 1.95136 0.722064 2.5693 -1.97174 1.80804 -0.779139 1.80846 -2.90174 0.820982 0.809524 -1.09962 -2.17083
1.70131 1.23355 2.88284 -0.567166 1.95136 0.722064 2.5693 -1.97174 1.80804 -0.779139 1.80846 -2.90174 0.820982 0.809524 -1.09962 -2.17083
1.70131 1.23355 2.88284 -0.567166 1.95136 0.722064 2.5693 -1.97174 1.80804 -0.779139 1.80846 -2.90174 0.820982 0.809524 -1.09962 -2.17083
1.70131 1.23355 2.88284 -0.567166 1.95136 0.722064 2.5693 -1.97174 1.80804 -0.779139 1.80846 -2.90174 0.820982 0.809524 -1.09962 -2.17083
1.70131 1.23355 2.88284 -0.567166 1.95136 0.722064 2.5693 -1.97174 1.80804 -0.779139 1.80846 -2.90174 0.820982 0.809524 -1.09962 -2.17083
1.70131 1.23355 2.88284 -0.567166 1.95136 0.722064 2.5693 -1.97174 1.80804 -0.779139 1.80846 -2.90174 0.820982 0.809524 -1.09962 -2.17083
1.70131 1.23355 2.88284 -0.567166 1.95136 0.722064 2.5693 -1.97174 1.80804 -0.779139 1.80846 -2.90174 0.820982 0.809524 -1.09962 -2.17083
1.7014 1.23355 2.88284 -0.567166 1.95136 0.722064 2.5693 -1.97174 1.80804 -0.779139 1.80846 -2.90174 0.820982 0.809524 -1.09962 -2.17083
1.70165 1.23355 2.88284 -0.567166 1.95136 0.722064 2.5693 -1.97174 1.80804 -0.779139 1.80846 -2.90174 0.820982 0.809524 -1.09962 -2.17083
1.70179 1.23355 2.88284 -0.567166 1.95136 0.722064 2.5693 -1.97174 1.80804 -0.779139 1.80846 -2.90174 0.820982 0.809524 -1.09962 -2.17083
1.70187 1.23355 2.88284 -0.567166 1.95136 0.722064 2.5693 -1.97174 1.80804 -0.779139 1.80846 -2.90174 0.820982 0.809524 -1.09962 -2.17083
1.7021 1.23355 2.88284 -0.567166 1.95136 0.722064 2.5693 -1.97174 1.80804 -0.779139 1.80846 -2.90174 0.820982 0.809524 -1.09962 -2.17083
1.70253 1.23355 2.88284 -0.567166 1.95136 0.722064 2.5693 -1.97174 1.80804 -0.779139 1.80846 -2.90174 0.820982 0.809524 -1.09962 -2.17083
1.70329 1.23355 2.88284 -0.567166 1.95136 0.722064 2.5693 -1.97174 1.80804 -0.779139 1.80846 -2.90174 0.820982 0.809524 -1.09962 -2.17083
1.7045 1.23355 2.88284 -0.567166 1.95136 0.722064 2.5693 -1.97174 1.80804 -0.779139 1.80846 -2.90174 0.820982 0.809524 -1.09962 -2.17083
1.70857 1.23355 2.88284 -0.567166 1.95136 0.722064 2.5693 -1.97174 1.80804 -0.779139 1.80846 -2.90174 0.820982 0.809524 -1.09962 -2.17083
1.71483 1.23355 2.88284 -0.567166 1.95136 0.722064 2.5693 -1.97174 1.80804 -0.779139 1.80846 -2.90174 0.820982 0.809524 -1.09962 -2.17083
1.72182 1.23355 2.88284 -0.567166 1.95136 0.722064 2.5693 -1.97174 1.80804 -0.779139 1.80846 -2.90174 0.820982 0.809524 -1.09962 -2.17083
1.72912 1.23355 2.88284 -0.567166 1.95136 0.722064 2.5693 -1.97174 1.80804 -0.779139 1.80846 -2.90174 0.820982 0.809524 -1.09962 -2.17083
1.73677 1.23355 2.88284 -0.567166 1.95136 0.722064 2.5693 -1.97174 1.80804 -0.779139 1.80846 -2.90174 0.820982 0.809524 -1.09962 -2.17083
1.74553 1.23355 2.88284 -0.567166 1.95136 0.722064 2.5693 -1.97174 1.80804 -0.779139 1.80846 -2.90174 0.820982 0.809524 -1.09962 -2.17083
1.75553 1.23355 2.88284 -0.567166 1.95136 0.722064 2.5693 -1.97174 1.80804 -0.779139 1.80846 -2.90174 0.820982 0.809524 -1.09962 -2.17083
1.76689 1.23355 2.88284 -0.567166 1.95136 0.722064 2.5693 -1.97174 1.80804 -0.779139 1.80846 -2.90174 0.820982 0.809524 -1.09962 -2.17083
1.77926 1.23355 2.88284 -0.567166 1.95136 0.722064 2.5693 -1.97174 1.80804 -0.779139 1.80846 -2.90174 0.820982 0.809524 -1.09962 -2.17083
1.79277 1.23355 2.88284 -0.567166 1.95136 0.722064 2.5693 -1.97174 1.80804 -0.779139 1.80846 -2.90174 0.820982 0.809524 -1.09962 -2.17083
1.80746 1.23355 2.88284 -0.567166 1.95136 0.722064 2.5693 -1.97174 1.80804 -0.779139 1.80846 -2.90174 0.820982 0.809524 -1.09962 -2.17083
1.8115 1.23355 2.88284 -0.567166 1.95136 0.722064 2.5693 -1.97174 1.80804 -0.779139 1.80846 -2.90174 0.820982 0.809524 -1.09962 -2.17083
1.8115 1.23355 2.88284 -0.567166 1.95136 0.722064 2.5693 -1.97174 1.80804 -0.779139 1.80846 -2.90174 0.820982 0.809524 -1.09962 -2.17083
1.8115 1.23355 2.88284 -0.567166 1.95136 0.722064 2.5693 -1.97174 1.80804 -0.779139 1.80846 -2.90174 0.820982 0.809524 -1.09962 -2.17083
1.8115 1.23355 2.88284 -0.567166 1.95136 0.722064 2.5693 -1.97174 1.80804 -0.779139 1.80846 -2.90174 0.820982 0.809524 -1.09962 -2.17083
1.8115 1.23355 2.88284 -0.567166 1.95136 0.722064 2.5693 -1.97174 1.80804 -0.779139 1.80846 -2.90174 0.820982 0.809524 -1.09962 -2.17083
1.8115 1.23355 2.88284 -0.567166 1.95136 0.722064 2.5693 -1.97174 1.80804 -0.779139 1.80846 -2.90174 0.820982 0.809524 -1.09962 -2.17083
1.81152 1.23355 2.88284 -0.567166 1.95136 0.722064 2.5693 -1.97174 1.80804 -0.779139 1.80846 -2.90174 0.820982 0.809524 -1.09962 -2.17083
1.81147 1.23355 2.88284 -0.567166 1.95136 0.722064 2.5693 -1.97174 1.80804 -0.779139 1.80846 -2.90174 0.820982 0.809524 -1.09962 -2.17083
1.81139 1.23355 2.88284 -0.567166 1.95136 0.722064 2.5693 -1.97174 1.80804 -0.779139 1.80846 -2.90174 0.820982 0.809524 -1.09962 -2.17083
1.81125 1.23355 2.88284 -0.567166 1.95136 0.722064 2.5693 -1.97174 1.80804 -0.779139 1.80846 -2.90174 0.820982 0.809524 -1.09962 -2.17083
1.81028 1.23355 2.88284 -0.567166 1.95136 0.722064 2.5693 -1.97174 1.80804 -0.779139 1.80846 -2.90174 0.820982 0.809524 -1.09962 -2.17083
1.8089 1.23355 2.88284 -0.567166 1.95136 0.722064 2.5693 -1.97174 1.80804 -0.779139 1.80846 -2.90174 0.820982 0.809524 -1.09962 -2.17083
1.80674 1.23355 2.88284 -0.567166 1.95136 0.722064 2.5693 -1.97174 1.80804 -0.779139 1.80846 -2.90174 0.820982 0.809524 -1.09962 -2.17083
1.80363 1.23355 2.88284 -0.567166 1.95136 0.722064 2.5693 -1.97174 1.80804 -0.779139 1.80846 -2.90174 0.820982 0.809524 -1.09962 -2.17083
1.8004 1.23355 2.88284 -0.567166 1.95136 0.722064 2.5693 -1.97174 1.80804 -0.779139 1.80846 -2.90174 0.820982 0.809524 -1.09962 -2.17083
1.79707 1.23355 2.88284 -0.567166 1.95136 0.722064 2.5693 -1.97174 1.80804 -0.779139 1.80846 -2.90174 0.820982 0.809524 -1.09962 -2.17083
1.79362 1.23355 2.88284 -0.567166 1.95136 0.722064 2.5693 -1.97174 1.80804 -0.779139 1.80846 -2.90174 0.820982 0.809524 -1.09962 -2.17083
1.79002 1.23355 2.88284 -0.567166 1.95136 0.722064 2.5693 -1.97174 1.80804 -0.779139 1.80846 -2.90174 0.820982 0.809524 -1.09962 -2.17083
1.78634 1.23355 2.88284 -0.567166 1.95136 0.722064 2.5693 -1.97174 1.80804 -0.779139 1.80846 -2.90174 0.820982 0.809524 -1.09962 -2.17083
1.7826 1.23355 2.88284 -0.567166 1.95136 0.722064 2.5693 -1.97174 1.80804 -0.779139 1.80846 -2.90174 0.820982 0.809524 -1.09962 -2.17083
1.77888 1.23355 2.88284 -0.567166 1.95136 0.722064 2.5693 -1.97174 1.80804 -0.779139 1.80846 -2.90174 0.820982 0.809524 -1.09962 -2.17083
1.77509 1.23355 2.88284 -0.567166 1.95136 0.722064 2.5693 -1.97174 1.80804 -0.779139 1.80846 -2.90174 0.820982 0.809524 -1.09962 -2.17083
1.77138 1.23355 2.88284 -0.567166 1.95136 0.722064 2.5693 -1.97174 1.80804 -0.779139 1.80846 -2.90174 0.820982 0.809524 -1.09962 -2.17083
1.76769 1.23355 2.88284 -0.567166 1.95136 0.722064 2.5693 -1.97174 1.80804 -0.779139 1.80846 -2.90174 0.820982 0.809524 -1.09962 -2.17083
1.76396 1.23355 2.88284 -0.567166 1.95136 0.722064 2.5693 -1.97174 1.80804 -0.779139 1.80846 -2.90174 0.820982 0.809524 -1.09962 -2.17083
1.76025 1.23355 2.88284 -0.567166 1.95136 0.722064 2.5693 -1.97174 1.80804 -0.779139 1.80846 -2.90174 0.820982 0.809524 -1.09962 -2.17083
1.75661 1.23355 2.88284 -0.567166 1.95136 0.722064 2.5693 -1.97174 1.80804 -0.779139 1.80846 -2.90174 0.820982 0.809524 -1.09962 -2.17083
1.75288 1.23355 2.88284 -0.567166 1.95136 0.722064 2.5693 -1.97174 1.80804 -0.779139 1.80846 -2.90174 0.820982 0.809524 -1.09962 -2.17083
1.74909 1.23355 2.88284 -0.567166 1.95136 0.722064 2.5693 -1.97174 1.80804 -0.779139 1.80846 -2.90174 0.820982 0.809524 -1.09962 -2.17083
1.74528 1.23355 2.88284 -0.567166 1.95136 0.722064 2.5693 -1.97174 1.80804 -0.779139 1.80846 -2.90174 0.820982 0.809524 -1.09962 -2.17083
1.74134 1.23355 2.88284 -0.567166 1.95136 0.722064 2.5693 -1.97174 1.80804 -0.779139 1.80846 -2.90174 0.820982 0.809524 -1.09962 -2.17083
1.73757 1.23355 2.88284 -0.567166 1.95136 0.722064 2.5693 -1.97174 1.80804 -0.779139 1.80846 -2.90174 0.820982 0.809524 -1.09962 -2.17083
1.73379 1.23355 2.88284 -0.567166 1.95136 0.722064 2.5693 -1.97174 1.80804 -0.779139 1.80846 -2.90174 0.820982 0.809524 -1.09962 -2.17083
1.72998 1.23355 2.88284 -0.567166 1.95136 0.722064 2.5693 -1.97174 1.80804 -0.779139 1.80846 -2.90174 0.820982 0.809524 -1.09962 -2.17083
1.72611 1.23355 2.88284 -0.567166 1.95136 0.722064 2.5693 -1.97174 1.80804 -0.779139 1.80846 -2.90174 0.820982 0.809524 -1.09962 -2.17083
1.72226 1.23355 2.88284 -0.567166 1.95136 0.722064 2.5693 -1.97174 1.80804 -0.779139 1.80846 -2.90174 0.820982 0.809524 -1.09962 -2.17083
1.71844 1.23355 2.88284 -0.567166 1.95136 0.722064 2.5693 -1.97174 1.80804 -0.779139 1.80846 -2.90174 0.820982 0.809524 -1.09962 -2.17083
1.71458 1.23355 2.88284 -0.567166 1.95136 0.722064 2.5693 -1.97174 1.80804 -0.779139 1.80846 -2.90174 0.820982 0.809524 -1.09962 -2.17083
1.71066 1.23355 2.88284 -0.567166 1.95136 0.722064 2.5693 -1.97174 1.80804 -0.779139 1.80846 -2.90174 0.820982 0.809524 -1.09962 -2.17083
1.7066 1.23355 2.88284 -0.567166 1.95136 0.722064 2.5693 -1.97174 1.80804 -0.779139 1.80846 -2.90174 0.820982 0.809524 -1.09962 -2.17083
1.7026 1.23355 2.88284 -0.567166 1.95136 0.722064 2.5693 -1.97174 1.80804 -0.779139 1.80846 -2.90174 0.820982 0.809524 -1.09962 -2.17083
1.69866 1.23355 2.88284 -0.567166 1.95136 0.722064 2.5693 -1.97174 1.80804 -0.779139 1.80846 -2.90174 0.820982 0.809524 -1.09962 -2.17083
1.69474 1.23355 2.88284 -0.567166 1.95136 0.722064 2.5693 -1.97174 1.80804 -0.779139 1.80846 -2.90174 0.820982 0.809524 -1.09962 -2.17083
1.69071 1.23355 2.88284 -0.567166 1.95136 0.722064 2.5693 -1.97174 1.80804 -0.779139 1.80846 -2.90174 0.820982 0.809524 -1.09962 -2.17083
1.6866 1.23355 2.88284 -0.567166 1.95136 0.722064 2.5693 -1.97174 1.80804 -0.779139 1.80846 -2.90174 0.820982 0.809524 -1.09962 -2.17083
1.68251 1.23355 2.88284 -0.567166 1.95136 0.722064 2.5693 -1.97174 1.80804 -0.779139 1.80846 -2.90174 0.820982 0.809524 -1.09962 -2.17083
1.67836 1.23355 2.88284 -0.567166 1.95136 0.722064 2.5693 -1.97174 1.80804 -0.779139 1.80846 -2.90174 0.820982 0.809524 -1.09962 -2.17083
1.6743 1.23355 2.88284 -0.567166 1.95136 0.722064 2.5693 -1.97174 1.80804 -0.779139 1.80846 -2.90174 0.820982 0.809524 -1.09962 -2.17083
1.67016 1.23355 2.88284 -0.567166 1.95136 0.722064 2.5693 -1.97174 1.80804 -0.779139 1.80846 -2.90174 0.820982 0.809524 -1.09962 -2.17083
1.66584 1.23355 2.88284 -0.567166 1.95136 0.722064 2.5693 -1.97174 1.80804 -0.779139 1.80846 -2.90174 0.820982 0.809524 -1.09962 -2.17083
1.66169 1.23355 2.88284 -0.567166 1.95136 0.722064 2.5693 -1.97174 1.80804 -0.779139 1.80846 -2.90174 0.820982 0.809524 -1.09962 -2.17083
1.65756 1.23355 2.88284 -0.567166 1.95136 0.722064 2.5693 -1.97174 1.80804 -0.779139 1.80846 -2.90174 0.820982 0.809524 -1.09962 -2.17083
1.65345 1.23355 2.88284 -0.567166 1.95136 0.722064 2.5693 -1.97174 1.80804 -0.779139 1.80846 -2.90174 0.820982 0.809524 -1.09962 -2.17083
1.64933 1.23355 2.88284 -0.567166 1.95136 0.722064 2.5693 -1.97174 1.80804 -0.779139 1.80846 -2.90174 0.820982 0.809524 -1.09962 -2.17083
1.64509 1.23355 2.88284 -0.567166 1.95136 0.722064 2.5693 -1.97174 1.80804 -0.779139 1.80846 -2.90174 0.820982 0.809524 -1.09962 -2.17083
1.64091 1.23355 2.88284 -0.567166 1.95136 0.722064 2.5693 -1.97174 1.80804 -0.779139 1.80846 -2.90174 0.820982 0.809524 -1.09962 -2.17083
1.63672 1.23355 2.88284 -0.567166 1.95136 0.722064 2.5693 -1.97174 1.80804 -0.779139 1.80846 -2.90174 0.820982 0.809524 -1.09962 -2.17083
1.63248 1.23355 2.88284 -0.567166 1.95136 0.722064 2.5693 -1.97174 1.80804 -0.779139 1.80846 -2.90174 0.820982 0.809524 -1.09962 -2.17083
1.62815 1.23355 2.88284 -0.567166 1.95136 0.722064 2.5693 -1.97174 1.80804 -0.779139 1.80846 -2.90174 0.820982 0.809524 -1.09962 -2.17083
1.6238 1.23355 2.88284 -0.567166 1.95136 0.722064 2.5693 -1.97174 1.80804 -0.779139 1.80846 -2.90174 0.820982 0.809524 -1.09962 -2.17083
1.61951 1.23355 2.88284 -0.567166 1.95136 0.722064 2.5693 -1.97174 1.80804 -0.779139 1.80846 -2.90174 0.820982 0.809524 -1.09962 -2.17083
1.61525 1.23355 2.88284 -0.567166 1.95136 0.722064 2.5693 -1.97174 1.80804 -0.779139 1.80846 -2.90174 0.820982 0.809524 -1.09962 -2.17083
1.61091 1.23355 2.88284 -0.567166 1.95136 0.722064 2.5693 -1.97174 1.80804 -0.779139 1.80846 -2.90174 0.820982 0.809524 -1.09962 -2.17083
1.60658 1.23355 2.88284 -0.567166 1.95136 0.722064 2.5693 -1.97174 1.80804 -0.779139 1.80846 -2.90174 0.820982 0.809524 -1.09962 -2.17083
1.60221 1.23355 2.88284 -0.567166 1.95136 0.722064 2.5693 -1.97174 1.80804 -0.779139 1.80846 -2.90174 0.820982 0.809524 -1.09962 -2.17083
1.59788 1.23355 2.88284 -0.567166 1.95136 0.722064 2.5693 -1.97174 1.80804 -0.779139 1.80846 -2.90174 0.820982 0.809524 -1.09962 -2.17083
1.59348 1.23355 2.88284 -0.567166 1.95136 0.722064 2.5693 -1.97174 1.80804 -0.779139 1.80846 -2.90174 0.820982 0.809524 -1.09962 -2.17083
1.58903 1.23355 2.88284 -0.567166 1.95136 0.722064 2.5693 -1.97174 1.80804 -0.779139 1.80846 -2.90174 0.820982 0.809524 -1.09962 -2.17083
1.58438 1.23355 2.88284 -0.567166 1.95136 0.722064 2.5693 -1.97174 1.80804 -0.779139 1.80846 -2.90174 0.820982 0.809524 -1.09962 -2.17083
1.57986 1.23355 2.88284 -0.567166 1.95136 0.722064 2.5693 -1.97174 1.80804 -0.779139 1.80846 -2.90174 0.820982 0.809524 -1.09962 -2.17083
1.57532 1.23355 2.88284 -0.567166 1.95136 0.722064 2.5693 -1.97174 1.80804 -0.779139 1.80846 -2.90174 0.820982 0.809524 -1.09962 -2.17083
1.57068 1.23355 2.88284 -0.567166 1.95136 0.722064 2.5693 -1.97174 1.80804 -0.779139 1.80846 -2.90174 0.820982 0.809524 -1.09962 -2.17083
1.56612 1.23355 2.88284 -0.567166 1.95136 0.722064 2.5693 -1.97174 1.80804 -0.779139 1.80846 -2.90174 0.820982 0.809524 -1.09962 -2.17083
1.56156 1.23355 2.88284 -0.567166 1.95136 0.722064 2.5693 -1.97174 1.80804 -0.779139 1.80846 -2.90174 0.820982 0.809524 -1.09962 -2.17083
1.55704 1.23355 2.88284 -0.567166 1.95136 0.722064 2.5693 -1.97174 1.80804 -0.779139 1.80846 -2.90174 0.820982 0.809524 -1.09962 -2.17083
1.55247 1.23355 2.88284 -0.567166 1.95136 0.722064 2.5693 -1.97174 1.80804 -0.779139 1.80846 -2.90174 0.820982 0.809524 -1.09962 -2.17083
1.54785 1.23355 2.88284 -0.567166 1.95136 0.722064 2.5693 -1.97174 1.80804 -0.779139 1.80846 -2.90174 0.820982 0.809524 -1.09962 -2.17083
1.54319 1.23355 2.88284 -0.567166 1.95136 0.722064 2.5693 -1.97174 1.80804 -0.779139 1.80846 -2.90174 0.820982 0.809524 -1.09962 -2.17083
1.53853 1.23355 2.88284 -0.567166 1.95136 0.722064 2.5693 -1.97174 1.80804 -0.779139 1.80846 -2.90174 0.820982 0.809524 -1.09962 -2.17083
1.53387 1.23355 2.88284 -0.567166 1.95136 0.722064 2.5693 -1.97174 1.80804 -0.779139 1.80846 -2.90174 0.820982 0.809524 -1.09962 -2.17083
1.52912 1.23355 2.88284 -0.567166 1.95136 0.722064 2.5693 -1.97174 1.80804 -0.779139 1.80846 -2.90174 0.820982 0.809524 -1.09962 -2.17083
1.52443 1.23355 2.88284 -0.567166 1.95136 0.722064 2.5693 -1.97174 1.80804 -0.779139 1.80846 -2.90174 0.820982 0.809524 -1.09962 -2.17083
1.51968 1.23355 2.88284 -0.567166 1.95136 0.722064 2.5693 -1.97174 1.80804 -0.779139 1.80846 -2.90174 0.820982 0.809524 -1.09962 -2.17083
1.51497 1.23355 2.88284 -0.567166 1.95136 0.722064 2.5693 -1.97174 1.80804 -0.779139 1.80846 -2.90174 0.820982 0.809524 -1.09962 -2.17083
1.51017 1.23355 2.88284 -0.567166 1.95136 0.722064 2.5693 -1.97174 1.80804 -0.779139 1.80846 -2.90174 0.820982 0.809524 -1.09962 -2.17083
1.50539 1.23355 2.88284 -0.567166 1.95136 0.722064 2.5693 -1.97174 1.80804 -0.779139 1.80846 -2.90174 0.820982 0.809524 -1.09962 -2.17083
1.50066 1.23355 2.88284 -0.567166 1.95136 0.722064 2.5693 -1.97174 1.80804 -0.779139 1.80846 -2.90174 0.820982 0.809524 -1.09962 -2.17083
1.49572 1.23355 2.88284 -0.567166 1.95136 0.722064 2.5693 -1.97174 1.80804 -0.779139 1.80846 -2.90174 0.820982 0.809524 -1.09962 -2.17083
1.4907 1.23355 2.88284 -0.567166 1.95136 0.722064 2.5693 -1.97174 1.80804 -0.779139 1.80846 -2.90174 0.820982 0.809524 -1.09962 -2.17083
1.48573 1.23355 2.88284 -0.567166 1.95136 0.722064 2.5693 -1.97174 1.80804 -0.779139 1.80846 -2.90174 0.820982 0.809524 -1.09962 -2.17083
1.48075 1.23355 2.88284 -0.567166 1.95136 0.722064 2.5693 -1.97174 1.80804 -0.779139 1.80846 -2.90174 0.820982 0.809524 -1.09962 -2.17083
1.47577 1.23355 2.88284 -0.567166 1.95136 0.722064 2.5693 -1.97174 1.80804 -0.779139 1.80846 -2.90174 0.820982 0.809524 -1.09962 -2.17083
1.4707 1.23355 2.88284 -0.567166 1.95136 0.722064 2.5693 -1.97174 1.80804 -0.779139 1.80846 -2.90174 0.820982 0.809524 -1.09962 -2.17083
1.46569 1.23355 2.88284 -0.567166 1.95136 0.722064 2.5693 -1.97174 1.80804 -0.779139 1.80846 -2.90174 0.820982 0.809524 -1.09962 -2.17083
1.46073 1.23355 2.88284 -0.567166 1.95136 0.722064 2.5693 -1.97174 1.80804 -0.779139 1.80846 -2.90174 0.820982 0.809524 -1.09962 -2.17083
