15.496
15.506
15.517
15.527
15.537
15.548
15.558
15.568
15.579
15.591
15.612
15.631
15.652
15.672
15.694
15.714
15.735
15.756
15.776
15.796
15.834
15.872
15.911
15.949
15.987
16.026
16.065
16.105
16.145
16.184
16.223
16.261
16.299
16.337
16.375
16.414
16.452
16.491
16.53
16.568
16.607
16.645
16.684
16.722
16.761
16.799
16.838
16.878
16.917
16.956
16.996
17.034
17.072
17.111
17.149
17.188
17.226
17.265
17.304
17.342
17.381
17.419
17.458
17.496
17.534
17.573
18.482
18.492
18.503
18.513
18.523
18.534
18.544
18.554
18.565
18.583
18.622
18.66
18.699
18.738
18.778
18.817
18.855
18.893
18.932
18.97
19.009
19.047
19.086
19.125
19.164
20.954
20.965
20.976
20.987
20.998
21.008
21.019
21.03
21.041
21.054
21.092
21.132
21.17
21.208
21.247
21.285
21.324
21.363
21.402
21.441
21.479
21.52
21.559
21.598
21.638
21.677
21.715
21.754
21.792
21.832
21.871
21.909
21.948
21.986
22.025
22.063
22.102
22.14
22.179
22.219
22.258
22.296
22.335
22.373
22.413
22.452
22.491
22.53
22.57
22.609
22.648
22.686
22.725
22.763
22.801
22.84
22.878
22.917
22.956
22.995
23.033
23.072
23.11
23.148
23.187
23.225
23.264
23.303
23.343
23.382
23.422
23.461
23.499
23.538
23.576
23.615
23.653
23.692
23.731
23.769
23.808
23.846
23.885
23.923
23.962
24
24.038
24.078
24.117
24.156
24.195
24.235
24.274
24.312
24.35
