2.13961 -1.23005 -0.273231 -1.85643 0.939224 -0.000256108 2.92279 -0.839192 -0.639565 0.680138 -0.805154 0.106285 1.63777 -3.10243 1.78081 -2.59064
2.1396 -1.23005 -0.273231 -1.85643 0.939224 -0.000256108 2.92279 -0.839192 -0.639565 0.680138 -0.805154 0.106285 1.63777 -3.10243 1.78081 -2.59064
2.1396 -1.23005 -0.273231 -1.85643 0.939224 -0.000256108 2.92279 -0.839192 -0.639565 0.680138 -0.805154 0.106285 1.63777 -3.10243 1.78081 -2.59064
2.1396 -1.23005 -0.273231 -1.85643 0.939224 -0.000256108 2.92279 -0.839192 -0.639565 0.680138 -0.805154 0.106285 1.63777 -3.10243 1.78081 -2.59064
2.1396 -1.23005 -0.273231 -1.85643 0.939224 -0.000256108 2.92279 -0.839192 -0.639565 0.680138 -0.805154 0.106285 1.63777 -3.10243 1.78081 -2.59064
2.1396 -1.23005 -0.273231 -1.85643 0.939224 -0.000256108 2.92279 -0.839192 -0.639565 0.680138 -0.805154 0.106285 1.63777 -3.10243 1.78081 -2.59064
2.1396 -1.23005 -0.273231 -1.85643 0.939224 -0.000256108 2.92279 -0.839192 -0.639565 0.680138 -0.805154 0.106285 1.63777 -3.10243 1.78081 -2.59064
2.1396 -1.23005 -0.273231 -1.85643 0.939224 -0.000256108 2.92279 -0.839192 -0.639565 0.680138 -0.805154 0.106285 1.63777 -3.10243 1.78081 -2.59064
2.1396 -1.23005 -0.273231 -1.85643 0.939224 -0.000256108 2.92279 -0.839192 -0.639565 0.680138 -0.805154 0.106285 1.63777 -3.10243 1.78081 -2.59064
2.13972 -1.23005 -0.273231 -1.85643 0.939224 -0.000256108 2.92279 -0.839192 -0.639565 0.680138 -0.805154 0.106285 1.63777 -3.10243 1.78081 -2.59064
2.14026 -1.23005 -0.273231 -1.85643 0.939224 -0.000256108 2.92279 -0.839192 -0.639565 0.680138 -0.805154 0.106285 1.63777 -3.10243 1.78081 -2.59064
2.14097 -1.23005 -0.273231 -1.85643 0.939224 -0.000256108 2.92279 -0.839192 -0.639565 0.680138 -0.805154 0.106285 1.63777 -3.10243 1.78081 -2.59064
2.14177 -1.23005 -0.273231 -1.85643 0.939224 -0.000256108 2.92279 -0.839192 -0.639565 0.680138 -0.805154 0.106285 1.63777 -3.10243 1.78081 -2.59064
2.14263 -1.23005 -0.273231 -1.85643 0.939224 -0.000256108 2.92279 -0.839192 -0.639565 0.680138 -0.805154 0.106285 1.63777 -3.10243 1.78081 -2.59064
2.14357 -1.23005 -0.273231 -1.85643 0.939224 -0.000256108 2.92279 -0.839192 -0.639565 0.680138 -0.805154 0.106285 1.63777 -3.10243 1.78081 -2.59064
2.14464 -1.23005 -0.273231 -1.85643 0.939224 -0.000256108 2.92279 -0.839192 -0.639565 0.680138 -0.805154 0.106285 1.63777 -3.10243 1.78081 -2.59064
2.14583 -1.23005 -0.273231 -1.85643 0.939224 -0.000256108 2.92279 -0.839192 -0.639565 0.680138 -0.805154 0.106285 1.63777 -3.10243 1.78081 -2.59064
2.1471 -1.23005 -0.273231 -1.85643 0.939224 -0.000256108 2.92279 -0.839192 -0.639565 0.680138 -0.805154 0.106285 1.63777 -3.10243 1.78081 -2.59064
2.14847 -1.23005 -0.273231 -1.85643 0.939224 -0.000256108 2.92279 -0.839192 -0.639565 0.680138 -0.805154 0.106285 1.63777 -3.10243 1.78081 -2.59064
2.14993 -1.23005 -0.273231 -1.85643 0.939224 -0.000256108 2.92279 -0.839192 -0.639565 0.680138 -0.805154 0.106285 1.63777 -3.10243 1.78081 -2.59064
2.15284 -1.23005 -0.273231 -1.85643 0.939224 -0.000256108 2.92279 -0.839192 -0.639565 0.680138 -0.805154 0.106285 1.63777 -3.10243 1.78081 -2.59064
2.15609 -1.23005 -0.273231 -1.85643 0.939224 -0.000256108 2.92279 -0.839192 -0.639565 0.680138 -0.805154 0.106285 1.63777 -3.10243 1.78081 -2.59064
2.1595 -1.23005 -0.273231 -1.85643 0.939224 -0.000256108 2.92279 -0.839192 -0.639565 0.680138 -0.805154 0.106285 1.63777 -3.10243 1.78081 -2.59064
2.16289 -1.23005 -0.273231 -1.85643 0.939224 -0.000256108 2.92279 -0.839192 -0.639565 0.680138 -0.805154 0.106285 1.63777 -3.10243 1.78081 -2.59064
2.16635 -1.23005 -0.273231 -1.85643 0.939224 -0.000256108 2.92279 -0.839192 -0.639565 0.680138 -0.805154 0.106285 1.63777 -3.10243 1.78081 -2.59064
2.16997 -1.23005 -0.273231 -1.85643 0.939224 -0.000256108 2.92279 -0.839192 -0.639565 0.680138 -0.805154 0.106285 1.63777 -3.10243 1.78081 -2.59064
2.17352 -1.23005 -0.273231 -1.85643 0.939224 -0.000256108 2.92279 -0.839192 -0.639565 0.680138 -0.805154 0.106285 1.63777 -3.10243 1.78081 -2.59064
2.17723 -1.23005 -0.273231 -1.85643 0.939224 -0.000256108 2.92279 -0.839192 -0.639565 0.680138 -0.805154 0.106285 1.63777 -3.10243 1.78081 -2.59064
2.18113 -1.23005 -0.273231 -1.85643 0.939224 -0.000256108 2.92279 -0.839192 -0.639565 0.680138 -0.805154 0.106285 1.63777 -3.10243 1.78081 -2.59064
2.18513 -1.23005 -0.273231 -1.85643 0.939224 -0.000256108 2.92279 -0.839192 -0.639565 0.680138 -0.805154 0.106285 1.63777 -3.10243 1.78081 -2.59064
2.18934 -1.23005 -0.273231 -1.85643 0.939224 -0.000256108 2.92279 -0.839192 -0.639565 0.680138 -0.805154 0.106285 1.63777 -3.10243 1.78081 -2.59064
2.19342 -1.23005 -0.273231 -1.85643 0.939224 -0.000256108 2.92279 -0.839192 -0.639565 0.680138 -0.805154 0.106285 1.63777 -3.10243 1.78081 -2.59064
2.1976 -1.23005 -0.273231 -1.85643 0.939224 -0.000256108 2.92279 -0.839192 -0.639565 0.680138 -0.805154 0.106285 1.63777 -3.10243 1.78081 -2.59064
2.20201 -1.23005 -0.273231 -1.85643 0.939224 -0.000256108 2.92279 -0.839192 -0.639565 0.680138 -0.805154 0.106285 1.63777 -3.10243 1.78081 -2.59064
2.20652 -1.23005 -0.273231 -1.85643 0.939224 -0.000256108 2.92279 -0.839192 -0.639565 0.680138 -0.805154 0.106285 1.63777 -3.10243 1.78081 -2.59064
2.2112 -1.23005 -0.273231 -1.85643 0.939224 -0.000256108 2.92279 -0.839192 -0.639565 0.680138 -0.805154 0.106285 1.63777 -3.10243 1.78081 -2.59064
2.21599 -1.23005 -0.273231 -1.85643 0.939224 -0.000256108 2.92279 -0.839192 -0.639565 0.680138 -0.805154 0.106285 1.63777 -3.10243 1.78081 -2.59064
2.22084 -1.23005 -0.273231 -1.85643 0.939224 -0.000256108 2.92279 -0.839192 -0.639565 0.680138 -0.805154 0.106285 1.63777 -3.10243 1.78081 -2.59064
2.22578 -1.23005 -0.273231 -1.85643 0.939224 -0.000256108 2.92279 -0.839192 -0.639565 0.680138 -0.805154 0.106285 1.63777 -3.10243 1.78081 -2.59064
2.23082 -1.23005 -0.273231 -1.85643 0.939224 -0.000256108 2.92279 -0.839192 -0.639565 0.680138 -0.805154 0.106285 1.63777 -3.10243 1.78081 -2.59064
2.23612 -1.23005 -0.273231 -1.85643 0.939224 -0.000256108 2.92279 -0.839192 -0.639565 0.680138 -0.805154 0.106285 1.63777 -3.10243 1.78081 -2.59064
2.24155 -1.23005 -0.273231 -1.85643 0.939224 -0.000256108 2.92279 -0.839192 -0.639565 0.680138 -0.805154 0.106285 1.63777 -3.10243 1.78081 -2.59064
2.2471 -1.23005 -0.273231 -1.85643 0.939224 -0.000256108 2.92279 -0.839192 -0.639565 0.680138 -0.805154 0.106285 1.63777 -3.10243 1.78081 -2.59064
2.25278 -1.23005 -0.273231 -1.85643 0.939224 -0.000256108 2.92279 -0.839192 -0.639565 0.680138 -0.805154 0.106285 1.63777 -3.10243 1.78081 -2.59064
2.25868 -1.23005 -0.273231 -1.85643 0.939224 -0.000256108 2.92279 -0.839192 -0.639565 0.680138 -0.805154 0.106285 1.63777 -3.10243 1.78081 -2.59064
2.26481 -1.23005 -0.273231 -1.85643 0.939224 -0.000256108 2.92279 -0.839192 -0.639565 0.680138 -0.805154 0.106285 1.63777 -3.10243 1.78081 -2.59064
2.2713 -1.23005 -0.273231 -1.85643 0.939224 -0.000256108 2.92279 -0.839192 -0.639565 0.680138 -0.805154 0.106285 1.63777 -3.10243 1.78081 -2.59064
2.27757 -1.23005 -0.273231 -1.85643 0.939224 -0.000256108 2.92279 -0.839192 -0.639565 0.680138 -0.805154 0.106285 1.63777 -3.10243 1.78081 -2.59064
2.28425 -1.23005 -0.273231 -1.85643 0.939224 -0.000256108 2.92279 -0.839192 -0.639565 0.680138 -0.805154 0.106285 1.63777 -3.10243 1.78081 -2.59064
2.29099 -1.23005 -0.273231 -1.85643 0.939224 -0.000256108 2.92279 -0.839192 -0.639565 0.680138 -0.805154 0.106285 1.63777 -3.10243 1.78081 -2.59064
2.29795 -1.23005 -0.273231 -1.85643 0.939224 -0.000256108 2.92279 -0.839192 -0.639565 0.680138 -0.805154 0.106285 1.63777 -3.10243 1.78081 -2.59064
2.30524 -1.23005 -0.273231 -1.85643 0.939224 -0.000256108 2.92279 -0.839192 -0.639565 0.680138 -0.805154 0.106285 1.63777 -3.10243 1.78081 -2.59064
2.31265 -1.23005 -0.273231 -1.85643 0.939224 -0.000256108 2.92279 -0.839192 -0.639565 0.680138 -0.805154 0.106285 1.63777 -3.10243 1.78081 -2.59064
2.3202 -1.23005 -0.273231 -1.85643 0.939224 -0.000256108 2.92279 -0.839192 -0.639565 0.680138 -0.805154 0.106285 1.63777 -3.10243 1.78081 -2.59064
2.32822 -1.23005 -0.273231 -1.85643 0.939224 -0.000256108 2.92279 -0.839192 -0.639565 0.680138 -0.805154 0.106285 1.63777 -3.10243 1.78081 -2.59064
2.33636 -1.23005 -0.273231 -1.85643 0.939224 -0.000256108 2.92279 -0.839192 -0.639565 0.680138 -0.805154 0.106285 1.63777 -3.10243 1.78081 -2.59064
2.3447 -1.23005 -0.273231 -1.85643 0.939224 -0.000256108 2.92279 -0.839192 -0.639565 0.680138 -0.805154 0.106285 1.63777 -3.10243 1.78081 -2.59064
2.35332 -1.23005 -0.273231 -1.85643 0.939224 -0.000256108 2.92279 -0.839192 -0.639565 0.680138 -0.805154 0.106285 1.63777 -3.10243 1.78081 -2.59064
2.36205 -1.23005 -0.273231 -1.85643 0.939224 -0.000256108 2.92279 -0.839192 -0.639565 0.680138 -0.805154 0.106285 1.63777 -3.10243 1.78081 -2.59064
2.37124 -1.23005 -0.273231 -1.85643 0.939224 -0.000256108 2.92279 -0.839192 -0.639565 0.680138 -0.805154 0.106285 1.63777 -3.10243 1.78081 -2.59064
2.38061 -1.23005 -0.273231 -1.85643 0.939224 -0.000256108 2.92279 -0.839192 -0.639565 0.680138 -0.805154 0.106285 1.63777 -3.10243 1.78081 -2.59064
2.39033 -1.23005 -0.273231 -1.85643 0.939224 -0.000256108 2.92279 -0.839192 -0.639565 0.680138 -0.805154 0.106285 1.63777 -3.10243 1.78081 -2.59064
2.40034 -1.23005 -0.273231 -1.85643 0.939224 -0.000256108 2.92279 -0.839192 -0.639565 0.680138 -0.805154 0.106285 1.63777 -3.10243 1.78081 -2.59064
2.41085 -1.23005 -0.273231 -1.85643 0.939224 -0.000256108 2.92279 -0.839192 -0.639565 0.680138 -0.805154 0.106285 1.63777 -3.10243 1.78081 -2.59064
2.42141 -1.23005 -0.273231 -1.85643 0.939224 -0.000256108 2.92279 -0.839192 -0.639565 0.680138 -0.805154 0.106285 1.63777 -3.10243 1.78081 -2.59064
2.43231 -1.23005 -0.273231 -1.85643 0.939224 -0.000256108 2.92279 -0.839192 -0.639565 0.680138 -0.805154 0.106285 1.63777 -3.10243 1.78081 -2.59064
2.44377 -1.23005 -0.273231 -1.85643 0.939224 -0.000256108 2.92279 -0.839192 -0.639565 0.680138 -0.805154 0.106285 1.63777 -3.10243 1.78081 -2.59064
2.45532 -1.23005 -0.273231 -1.85643 0.939224 -0.000256108 2.92279 -0.839192 -0.639565 0.680138 -0.805154 0.106285 1.63777 -3.10243 1.78081 -2.59064
2.46733 -1.23005 -0.273231 -1.85643 0.939224 -0.000256108 2.92279 -0.839192 -0.639565 0.680138 -0.805154 0.106285 1.63777 -3.10243 1.78081 -2.59064
2.47387 -1.23005 -0.273231 -1.85643 0.939224 -0.000256108 2.92279 -0.839192 -0.639565 0.680138 -0.805154 0.106285 1.63777 -3.10243 1.78081 -2.59064
2.47378 -1.23005 -0.273231 -1.85643 0.939224 -0.000256108 2.92279 -0.839192 -0.639565 0.680138 -0.805154 0.106285 1.63777 -3.10243 1.78081 -2.59064
2.47366 -1.23005 -0.273231 -1.85643 0.939224 -0.000256108 2.92279 -0.839192 -0.639565 0.680138 -0.805154 0.106285 1.63777 -3.10243 1.78081 -2.59064
2.47328 -1.23005 -0.273231 -1.85643 0.939224 -0.000256108 2.92279 -0.839192 -0.639565 0.680138 -0.805154 0.106285 1.63777 -3.10243 1.78081 -2.59064
2.47265 -1.23005 -0.273231 -1.85643 0.939224 -0.000256108 2.92279 -0.839192 -0.639565 0.680138 -0.805154 0.106285 1.63777 -3.10243 1.78081 -2.59064
2.47176 -1.23005 -0.273231 -1.85643 0.939224 -0.000256108 2.92279 -0.839192 -0.639565 0.680138 -0.805154 0.106285 1.63777 -3.10243 1.78081 -2.59064
2.47061 -1.23005 -0.273231 -1.85643 0.939224 -0.000256108 2.92279 -0.839192 -0.639565 0.680138 -0.805154 0.106285 1.63777 -3.10243 1.78081 -2.59064
2.46931 -1.23005 -0.273231 -1.85643 0.939224 -0.000256108 2.92279 -0.839192 -0.639565 0.680138 -0.805154 0.106285 1.63777 -3.10243 1.78081 -2.59064
2.46784 -1.23005 -0.273231 -1.85643 0.939224 -0.000256108 2.92279 -0.839192 -0.639565 0.680138 -0.805154 0.106285 1.63777 -3.10243 1.78081 -2.59064
2.46651 -1.23005 -0.273231 -1.85643 0.939224 -0.000256108 2.92279 -0.839192 -0.639565 0.680138 -0.805154 0.106285 1.63777 -3.10243 1.78081 -2.59064
2.46512 -1.23005 -0.273231 -1.85643 0.939224 -0.000256108 2.92279 -0.839192 -0.639565 0.680138 -0.805154 0.106285 1.63777 -3.10243 1.78081 -2.59064
2.4638 -1.23005 -0.273231 -1.85643 0.939224 -0.000256108 2.92279 -0.839192 -0.639565 0.680138 -0.805154 0.106285 1.63777 -3.10243 1.78081 -2.59064
2.46233 -1.23005 -0.273231 -1.85643 0.939224 -0.000256108 2.92279 -0.839192 -0.639565 0.680138 -0.805154 0.106285 1.63777 -3.10243 1.78081 -2.59064
2.45975 -1.23005 -0.273231 -1.85643 0.939224 -0.000256108 2.92279 -0.839192 -0.639565 0.680138 -0.805154 0.106285 1.63777 -3.10243 1.78081 -2.59064
2.45687 -1.23005 -0.273231 -1.85643 0.939224 -0.000256108 2.92279 -0.839192 -0.639565 0.680138 -0.805154 0.106285 1.63777 -3.10243 1.78081 -2.59064
2.45306 -1.23005 -0.273231 -1.85643 0.939224 -0.000256108 2.92279 -0.839192 -0.639565 0.680138 -0.805154 0.106285 1.63777 -3.10243 1.78081 -2.59064
2.44901 -1.23005 -0.273231 -1.85643 0.939224 -0.000256108 2.92279 -0.839192 -0.639565 0.680138 -0.805154 0.106285 1.63777 -3.10243 1.78081 -2.59064
2.44488 -1.23005 -0.273231 -1.85643 0.939224 -0.000256108 2.92279 -0.839192 -0.639565 0.680138 -0.805154 0.106285 1.63777 -3.10243 1.78081 -2.59064
2.44071 -1.23005 -0.273231 -1.85643 0.939224 -0.000256108 2.92279 -0.839192 -0.639565 0.680138 -0.805154 0.106285 1.63777 -3.10243 1.78081 -2.59064
2.4365 -1.23005 -0.273231 -1.85643 0.939224 -0.000256108 2.92279 -0.839192 -0.639565 0.680138 -0.805154 0.106285 1.63777 -3.10243 1.78081 -2.59064
2.43223 -1.23005 -0.273231 -1.85643 0.939224 -0.000256108 2.92279 -0.839192 -0.639565 0.680138 -0.805154 0.106285 1.63777 -3.10243 1.78081 -2.59064
2.428 -1.23005 -0.273231 -1.85643 0.939224 -0.000256108 2.92279 -0.839192 -0.639565 0.680138 -0.805154 0.106285 1.63777 -3.10243 1.78081 -2.59064
2.42372 -1.23005 -0.273231 -1.85643 0.939224 -0.000256108 2.92279 -0.839192 -0.639565 0.680138 -0.805154 0.106285 1.63777 -3.10243 1.78081 -2.59064
2.41958 -1.23005 -0.273231 -1.85643 0.939224 -0.000256108 2.92279 -0.839192 -0.639565 0.680138 -0.805154 0.106285 1.63777 -3.10243 1.78081 -2.59064
2.41535 -1.23005 -0.273231 -1.85643 0.939224 -0.000256108 2.92279 -0.839192 -0.639565 0.680138 -0.805154 0.106285 1.63777 -3.10243 1.78081 -2.59064
2.41103 -1.23005 -0.273231 -1.85643 0.939224 -0.000256108 2.92279 -0.839192 -0.639565 0.680138 -0.805154 0.106285 1.63777 -3.10243 1.78081 -2.59064
2.40666 -1.23005 -0.273231 -1.85643 0.939224 -0.000256108 2.92279 -0.839192 -0.639565 0.680138 -0.805154 0.106285 1.63777 -3.10243 1.78081 -2.59064
2.40227 -1.23005 -0.273231 -1.85643 0.939224 -0.000256108 2.92279 -0.839192 -0.639565 0.680138 -0.805154 0.106285 1.63777 -3.10243 1.78081 -2.59064
2.3979 -1.23005 -0.273231 -1.85643 0.939224 -0.000256108 2.92279 -0.839192 -0.639565 0.680138 -0.805154 0.106285 1.63777 -3.10243 1.78081 -2.59064
2.39355 -1.23005 -0.273231 -1.85643 0.939224 -0.000256108 2.92279 -0.839192 -0.639565 0.680138 -0.805154 0.106285 1.63777 -3.10243 1.78081 -2.59064
2.38898 -1.23005 -0.273231 -1.85643 0.939224 -0.000256108 2.92279 -0.839192 -0.639565 0.680138 -0.805154 0.106285 1.63777 -3.10243 1.78081 -2.59064
2.38461 -1.23005 -0.273231 -1.85643 0.939224 -0.000256108 2.92279 -0.839192 -0.639565 0.680138 -0.805154 0.106285 1.63777 -3.10243 1.78081 -2.59064
2.38019 -1.23005 -0.273231 -1.85643 0.939224 -0.000256108 2.92279 -0.839192 -0.639565 0.680138 -0.805154 0.106285 1.63777 -3.10243 1.78081 -2.59064
2.37575 -1.23005 -0.273231 -1.85643 0.939224 -0.000256108 2.92279 -0.839192 -0.639565 0.680138 -0.805154 0.106285 1.63777 -3.10243 1.78081 -2.59064
2.37129 -1.23005 -0.273231 -1.85643 0.939224 -0.000256108 2.92279 -0.839192 -0.639565 0.680138 -0.805154 0.106285 1.63777 -3.10243 1.78081 -2.59064
2.36687 -1.23005 -0.273231 -1.85643 0.939224 -0.000256108 2.92279 -0.839192 -0.639565 0.680138 -0.805154 0.106285 1.63777 -3.10243 1.78081 -2.59064
2.36247 -1.23005 -0.273231 -1.85643 0.939224 -0.000256108 2.92279 -0.839192 -0.639565 0.680138 -0.805154 0.106285 1.63777 -3.10243 1.78081 -2.59064
2.35801 -1.23005 -0.273231 -1.85643 0.939224 -0.000256108 2.92279 -0.839192 -0.639565 0.680138 -0.805154 0.106285 1.63777 -3.10243 1.78081 -2.59064
2.35342 -1.23005 -0.273231 -1.85643 0.939224 -0.000256108 2.92279 -0.839192 -0.639565 0.680138 -0.805154 0.106285 1.63777 -3.10243 1.78081 -2.59064
2.34888 -1.23005 -0.273231 -1.85643 0.939224 -0.000256108 2.92279 -0.839192 -0.639565 0.680138 -0.805154 0.106285 1.63777 -3.10243 1.78081 -2.59064
2.34439 -1.23005 -0.273231 -1.85643 0.939224 -0.000256108 2.92279 -0.839192 -0.639565 0.680138 -0.805154 0.106285 1.63777 -3.10243 1.78081 -2.59064
2.33991 -1.23005 -0.273231 -1.85643 0.939224 -0.000256108 2.92279 -0.839192 -0.639565 0.680138 -0.805154 0.106285 1.63777 -3.10243 1.78081 -2.59064
2.33535 -1.23005 -0.273231 -1.85643 0.939224 -0.000256108 2.92279 -0.839192 -0.639565 0.680138 -0.805154 0.106285 1.63777 -3.10243 1.78081 -2.59064
2.33078 -1.23005 -0.273231 -1.85643 0.939224 -0.000256108 2.92279 -0.839192 -0.639565 0.680138 -0.805154 0.106285 1.63777 -3.10243 1.78081 -2.59064
2.32622 -1.23005 -0.273231 -1.85643 0.939224 -0.000256108 2.92279 -0.839192 -0.639565 0.680138 -0.805154 0.106285 1.63777 -3.10243 1.78081 -2.59064
2.32164 -1.23005 -0.273231 -1.85643 0.939224 -0.000256108 2.92279 -0.839192 -0.639565 0.680138 -0.805154 0.106285 1.63777 -3.10243 1.78081 -2.59064
2.31696 -1.23005 -0.273231 -1.85643 0.939224 -0.000256108 2.92279 -0.839192 -0.639565 0.680138 -0.805154 0.106285 1.63777 -3.10243 1.78081 -2.59064
2.31229 -1.23005 -0.273231 -1.85643 0.939224 -0.000256108 2.92279 -0.839192 -0.639565 0.680138 -0.805154 0.106285 1.63777 -3.10243 1.78081 -2.59064
2.30769 -1.23005 -0.273231 -1.85643 0.939224 -0.000256108 2.92279 -0.839192 -0.639565 0.680138 -0.805154 0.106285 1.63777 -3.10243 1.78081 -2.59064
2.30305 -1.23005 -0.273231 -1.85643 0.939224 -0.000256108 2.92279 -0.839192 -0.639565 0.680138 -0.805154 0.106285 1.63777 -3.10243 1.78081 -2.59064
2.2984 -1.23005 -0.273231 -1.85643 0.939224 -0.000256108 2.92279 -0.839192 -0.639565 0.680138 -0.805154 0.106285 1.63777 -3.10243 1.78081 -2.59064
2.29374 -1.23005 -0.273231 -1.85643 0.939224 -0.000256108 2.92279 -0.839192 -0.639565 0.680138 -0.805154 0.106285 1.63777 -3.10243 1.78081 -2.59064
2.289 -1.23005 -0.273231 -1.85643 0.939224 -0.000256108 2.92279 -0.839192 -0.639565 0.680138 -0.805154 0.106285 1.63777 -3.10243 1.78081 -2.59064
2.28428 -1.23005 -0.273231 -1.85643 0.939224 -0.000256108 2.92279 -0.839192 -0.639565 0.680138 -0.805154 0.106285 1.63777 -3.10243 1.78081 -2.59064
2.27943 -1.23005 -0.273231 -1.85643 0.939224 -0.000256108 2.92279 -0.839192 -0.639565 0.680138 -0.805154 0.106285 1.63777 -3.10243 1.78081 -2.59064
2.27467 -1.23005 -0.273231 -1.85643 0.939224 -0.000256108 2.92279 -0.839192 -0.639565 0.680138 -0.805154 0.106285 1.63777 -3.10243 1.78081 -2.59064
2.26986 -1.23005 -0.273231 -1.85643 0.939224 -0.000256108 2.92279 -0.839192 -0.639565 0.680138 -0.805154 0.106285 1.63777 -3.10243 1.78081 -2.59064
2.26503 -1.23005 -0.273231 -1.85643 0.939224 -0.000256108 2.92279 -0.839192 -0.639565 0.680138 -0.805154 0.106285 1.63777 -3.10243 1.78081 -2.59064
2.26026 -1.23005 -0.273231 -1.85643 0.939224 -0.000256108 2.92279 -0.839192 -0.639565 0.680138 -0.805154 0.106285 1.63777 -3.10243 1.78081 -2.59064
2.25545 -1.23005 -0.273231 -1.85643 0.939224 -0.000256108 2.92279 -0.839192 -0.639565 0.680138 -0.805154 0.106285 1.63777 -3.10243 1.78081 -2.59064
2.25052 -1.23005 -0.273231 -1.85643 0.939224 -0.000256108 2.92279 -0.839192 -0.639565 0.680138 -0.805154 0.106285 1.63777 -3.10243 1.78081 -2.59064
2.24564 -1.23005 -0.273231 -1.85643 0.939224 -0.000256108 2.92279 -0.839192 -0.639565 0.680138 -0.805154 0.106285 1.63777 -3.10243 1.78081 -2.59064
2.24067 -1.23005 -0.273231 -1.85643 0.939224 -0.000256108 2.92279 -0.839192 -0.639565 0.680138 -0.805154 0.106285 1.63777 -3.10243 1.78081 -2.59064
2.23574 -1.23005 -0.273231 -1.85643 0.939224 -0.000256108 2.92279 -0.839192 -0.639565 0.680138 -0.805154 0.106285 1.63777 -3.10243 1.78081 -2.59064
2.23078 -1.23005 -0.273231 -1.85643 0.939224 -0.000256108 2.92279 -0.839192 -0.639565 0.680138 -0.805154 0.106285 1.63777 -3.10243 1.78081 -2.59064
2.22584 -1.23005 -0.273231 -1.85643 0.939224 -0.000256108 2.92279 -0.839192 -0.639565 0.680138 -0.805154 0.106285 1.63777 -3.10243 1.78081 -2.59064
2.2209 -1.23005 -0.273231 -1.85643 0.939224 -0.000256108 2.92279 -0.839192 -0.639565 0.680138 -0.805154 0.106285 1.63777 -3.10243 1.78081 -2.59064
2.21594 -1.23005 -0.273231 -1.85643 0.939224 -0.000256108 2.92279 -0.839192 -0.639565 0.680138 -0.805154 0.106285 1.63777 -3.10243 1.78081 -2.59064
2.21092 -1.23005 -0.273231 -1.85643 0.939224 -0.000256108 2.92279 -0.839192 -0.639565 0.680138 -0.805154 0.106285 1.63777 -3.10243 1.78081 -2.59064
2.20588 -1.23005 -0.273231 -1.85643 0.939224 -0.000256108 2.92279 -0.839192 -0.639565 0.680138 -0.805154 0.106285 1.63777 -3.10243 1.78081 -2.59064
2.20074 -1.23005 -0.273231 -1.85643 0.939224 -0.000256108 2.92279 -0.839192 -0.639565 0.680138 -0.805154 0.106285 1.63777 -3.10243 1.78081 -2.59064
2.19567 -1.23005 -0.273231 -1.85643 0.939224 -0.000256108 2.92279 -0.839192 -0.639565 0.680138 -0.805154 0.106285 1.63777 -3.10243 1.78081 -2.59064
2.19056 -1.23005 -0.273231 -1.85643 0.939224 -0.000256108 2.92279 -0.839192 -0.639565 0.680138 -0.805154 0.106285 1.63777 -3.10243 1.78081 -2.59064
2.18542 -1.23005 -0.273231 -1.85643 0.939224 -0.000256108 2.92279 -0.839192 -0.639565 0.680138 -0.805154 0.106285 1.63777 -3.10243 1.78081 -2.59064
2.18033 -1.23005 -0.273231 -1.85643 0.939224 -0.000256108 2.92279 -0.839192 -0.639565 0.680138 -0.805154 0.106285 1.63777 -3.10243 1.78081 -2.59064
2.17521 -1.23005 -0.273231 -1.85643 0.939224 -0.000256108 2.92279 -0.839192 -0.639565 0.680138 -0.805154 0.106285 1.63777 -3.10243 1.78081 -2.59064
2.17004 -1.23005 -0.273231 -1.85643 0.939224 -0.000256108 2.92279 -0.839192 -0.639565 0.680138 -0.805154 0.106285 1.63777 -3.10243 1.78081 -2.59064
2.16482 -1.23005 -0.273231 -1.85643 0.939224 -0.000256108 2.92279 -0.839192 -0.639565 0.680138 -0.805154 0.106285 1.63777 -3.10243 1.78081 -2.59064
2.1595 -1.23005 -0.273231 -1.85643 0.939224 -0.000256108 2.92279 -0.839192 -0.639565 0.680138 -0.805154 0.106285 1.63777 -3.10243 1.78081 -2.59064
2.15417 -1.23005 -0.273231 -1.85643 0.939224 -0.000256108 2.92279 -0.839192 -0.639565 0.680138 -0.805154 0.106285 1.63777 -3.10243 1.78081 -2.59064
2.14889 -1.23005 -0.273231 -1.85643 0.939224 -0.000256108 2.92279 -0.839192 -0.639565 0.680138 -0.805154 0.106285 1.63777 -3.10243 1.78081 -2.59064
2.1436 -1.23005 -0.273231 -1.85643 0.939224 -0.000256108 2.92279 -0.839192 -0.639565 0.680138 -0.805154 0.106285 1.63777 -3.10243 1.78081 -2.59064
2.13828 -1.23005 -0.273231 -1.85643 0.939224 -0.000256108 2.92279 -0.839192 -0.639565 0.680138 -0.805154 0.106285 1.63777 -3.10243 1.78081 -2.59064
2.13294 -1.23005 -0.273231 -1.85643 0.939224 -0.000256108 2.92279 -0.839192 -0.639565 0.680138 -0.805154 0.106285 1.63777 -3.10243 1.78081 -2.59064
2.12757 -1.23005 -0.273231 -1.85643 0.939224 -0.000256108 2.92279 -0.839192 -0.639565 0.680138 -0.805154 0.106285 1.63777 -3.10243 1.78081 -2.59064
2.12226 -1.23005 -0.273231 -1.85643 0.939224 -0.000256108 2.92279 -0.839192 -0.639565 0.680138 -0.805154 0.106285 1.63777 -3.10243 1.78081 -2.59064
2.11687 -1.23005 -0.273231 -1.85643 0.939224 -0.000256108 2.92279 -0.839192 -0.639565 0.680138 -0.805154 0.106285 1.63777 -3.10243 1.78081 -2.59064
2.11152 -1.23005 -0.273231 -1.85643 0.939224 -0.000256108 2.92279 -0.839192 -0.639565 0.680138 -0.805154 0.106285 1.63777 -3.10243 1.78081 -2.59064
2.10609 -1.23005 -0.273231 -1.85643 0.939224 -0.000256108 2.92279 -0.839192 -0.639565 0.680138 -0.805154 0.106285 1.63777 -3.10243 1.78081 -2.59064
2.10069 -1.23005 -0.273231 -1.85643 0.939224 -0.000256108 2.92279 -0.839192 -0.639565 0.680138 -0.805154 0.106285 1.63777 -3.10243 1.78081 -2.59064
2.09525 -1.23005 -0.273231 -1.85643 0.939224 -0.000256108 2.92279 -0.839192 -0.639565 0.680138 -0.805154 0.106285 1.63777 -3.10243 1.78081 -2.59064
2.08978 -1.23005 -0.273231 -1.85643 0.939224 -0.000256108 2.92279 -0.839192 -0.639565 0.680138 -0.805154 0.106285 1.63777 -3.10243 1.78081 -2.59064
2.0843 -1.23005 -0.273231 -1.85643 0.939224 -0.000256108 2.92279 -0.839192 -0.639565 0.680138 -0.805154 0.106285 1.63777 -3.10243 1.78081 -2.59064
