5.053
5.063
5.073
5.084
5.094
5.104
5.114
5.125
5.135
5.147
5.168
5.188
5.209
5.229
5.25
5.27
5.292
5.312
5.333
5.353
5.393
5.432
5.472
5.511
5.551
5.59
5.63
5.669
5.708
5.748
5.788
5.828
5.868
5.907
5.947
5.987
6.026
6.066
6.105
6.144
6.183
6.223
6.262
6.301
6.341
6.381
6.421
6.46
6.5
6.539
6.578
6.618
6.657
6.697
6.737
6.776
6.816
6.855
6.895
6.934
6.973
7.013
7.053
7.092
7.131
7.171
7.211
7.25
7.289
9.138
9.15
9.16
9.17
9.181
9.191
9.201
9.212
9.222
9.235
9.254
9.274
9.295
9.335
9.375
9.415
9.454
9.494
9.534
9.573
9.613
9.652
9.693
9.732
9.771
9.811
9.851
9.891
9.931
9.971
10.012
10.052
10.092
10.131
10.171
10.21
10.25
10.29
10.33
10.369
10.408
10.448
10.487
10.526
10.565
10.606
10.645
10.684
10.724
10.763
10.802
10.841
10.881
10.921
10.961
11
11.039
11.079
11.118
11.157
11.197
11.237
11.277
11.316
11.356
11.395
11.434
11.474
11.513
11.553
11.593
11.632
11.672
11.711
11.75
11.789
11.829
11.869
11.909
11.949
11.989
12.028
12.068
12.108
12.147
12.187
12.225
12.265
12.304
12.343
12.383
12.422
12.461
