1.40933 -1.33049 -1.57565 -1.67565 1.00119 -1.22349 -1.97832 0.0149624 0.419545 -2.22577 1.12868 0.136897 1.83008 -2.2698 -1.77131 -0.361388
1.40933 -1.33049 -1.57565 -1.67565 1.00119 -1.22349 -1.97832 0.0149624 0.419545 -2.22577 1.12868 0.136897 1.83008 -2.2698 -1.77131 -0.361388
1.40933 -1.33049 -1.57565 -1.67565 1.00119 -1.22349 -1.97832 0.0149624 0.419545 -2.22577 1.12868 0.136897 1.83008 -2.2698 -1.77131 -0.361388
1.40933 -1.33049 -1.57565 -1.67565 1.00119 -1.22349 -1.97832 0.0149624 0.419545 -2.22577 1.12868 0.136897 1.83008 -2.2698 -1.77131 -0.361388
1.40933 -1.33049 -1.57565 -1.67565 1.00119 -1.22349 -1.97832 0.0149624 0.419545 -2.22577 1.12868 0.136897 1.83008 -2.2698 -1.77131 -0.361388
1.40933 -1.33049 -1.57565 -1.67565 1.00119 -1.22349 -1.97832 0.0149624 0.419545 -2.22577 1.12868 0.136897 1.83008 -2.2698 -1.77131 -0.361388
1.40933 -1.33049 -1.57565 -1.67565 1.00119 -1.22349 -1.97832 0.0149624 0.419545 -2.22577 1.12868 0.136897 1.83008 -2.2698 -1.77131 -0.361388
1.40933 -1.33049 -1.57565 -1.67565 1.00119 -1.22349 -1.97832 0.0149624 0.419545 -2.22577 1.12868 0.136897 1.83008 -2.2698 -1.77131 -0.361388
1.40933 -1.33049 -1.57565 -1.67565 1.00119 -1.22349 -1.97832 0.0149624 0.419545 -2.22577 1.12868 0.136897 1.83008 -2.2698 -1.77131 -0.361388
1.40933 -1.33049 -1.57565 -1.67565 1.00119 -1.22349 -1.97832 0.0149624 0.419545 -2.22577 1.12868 0.136897 1.83008 -2.2698 -1.77131 -0.361388
1.40933 -1.33049 -1.57565 -1.67565 1.00119 -1.22349 -1.97832 0.0149624 0.419545 -2.22577 1.12868 0.136897 1.83008 -2.2698 -1.77131 -0.361388
1.40933 -1.33049 -1.57565 -1.67565 1.00119 -1.22349 -1.97832 0.0149624 0.419545 -2.22577 1.12868 0.136897 1.83008 -2.2698 -1.77131 -0.361388
1.40933 -1.33049 -1.57565 -1.67565 1.00119 -1.22349 -1.97832 0.0149624 0.419545 -2.22577 1.12868 0.136897 1.83008 -2.2698 -1.77131 -0.361388
1.40933 -1.33049 -1.57565 -1.67565 1.00119 -1.22349 -1.97832 0.0149624 0.419545 -2.22577 1.12868 0.136897 1.83008 -2.2698 -1.77131 -0.361388
1.40933 -1.33049 -1.57565 -1.67565 1.00119 -1.22349 -1.97832 0.0149624 0.419545 -2.22577 1.12868 0.136897 1.83008 -2.2698 -1.77131 -0.361388
1.40933 -1.33049 -1.57565 -1.67565 1.00119 -1.22349 -1.97832 0.0149624 0.419545 -2.22577 1.12868 0.136897 1.83008 -2.2698 -1.77131 -0.361388
1.40933 -1.33049 -1.57565 -1.67565 1.00119 -1.22349 -1.97832 0.0149624 0.419545 -2.22577 1.12868 0.136897 1.83008 -2.2698 -1.77131 -0.361388
1.40933 -1.33049 -1.57565 -1.67565 1.00119 -1.22349 -1.97832 0.0149624 0.419545 -2.22577 1.12868 0.136897 1.83008 -2.2698 -1.77131 -0.361388
1.40933 -1.33049 -1.57565 -1.67565 1.00119 -1.22349 -1.97832 0.0149624 0.419545 -2.22577 1.12868 0.136897 1.83008 -2.2698 -1.77131 -0.361388
1.40933 -1.33049 -1.57565 -1.67565 1.00119 -1.22349 -1.97832 0.0149624 0.419545 -2.22577 1.12868 0.136897 1.83008 -2.2698 -1.77131 -0.361388
1.41001 -1.33049 -1.57565 -1.67565 1.00119 -1.22349 -1.97832 0.0149624 0.419545 -2.22577 1.12868 0.136897 1.83008 -2.2698 -1.77131 -0.361388
1.41073 -1.33049 -1.57565 -1.67565 1.00119 -1.22349 -1.97832 0.0149624 0.419545 -2.22577 1.12868 0.136897 1.83008 -2.2698 -1.77131 -0.361388
1.41139 -1.33049 -1.57565 -1.67565 1.00119 -1.22349 -1.97832 0.0149624 0.419545 -2.22577 1.12868 0.136897 1.83008 -2.2698 -1.77131 -0.361388
1.41207 -1.33049 -1.57565 -1.67565 1.00119 -1.22349 -1.97832 0.0149624 0.419545 -2.22577 1.12868 0.136897 1.83008 -2.2698 -1.77131 -0.361388
1.41296 -1.33049 -1.57565 -1.67565 1.00119 -1.22349 -1.97832 0.0149624 0.419545 -2.22577 1.12868 0.136897 1.83008 -2.2698 -1.77131 -0.361388
1.41423 -1.33049 -1.57565 -1.67565 1.00119 -1.22349 -1.97832 0.0149624 0.419545 -2.22577 1.12868 0.136897 1.83008 -2.2698 -1.77131 -0.361388
1.41554 -1.33049 -1.57565 -1.67565 1.00119 -1.22349 -1.97832 0.0149624 0.419545 -2.22577 1.12868 0.136897 1.83008 -2.2698 -1.77131 -0.361388
1.41692 -1.33049 -1.57565 -1.67565 1.00119 -1.22349 -1.97832 0.0149624 0.419545 -2.22577 1.12868 0.136897 1.83008 -2.2698 -1.77131 -0.361388
1.41844 -1.33049 -1.57565 -1.67565 1.00119 -1.22349 -1.97832 0.0149624 0.419545 -2.22577 1.12868 0.136897 1.83008 -2.2698 -1.77131 -0.361388
1.4201 -1.33049 -1.57565 -1.67565 1.00119 -1.22349 -1.97832 0.0149624 0.419545 -2.22577 1.12868 0.136897 1.83008 -2.2698 -1.77131 -0.361388
1.42201 -1.33049 -1.57565 -1.67565 1.00119 -1.22349 -1.97832 0.0149624 0.419545 -2.22577 1.12868 0.136897 1.83008 -2.2698 -1.77131 -0.361388
1.42414 -1.33049 -1.57565 -1.67565 1.00119 -1.22349 -1.97832 0.0149624 0.419545 -2.22577 1.12868 0.136897 1.83008 -2.2698 -1.77131 -0.361388
1.42652 -1.33049 -1.57565 -1.67565 1.00119 -1.22349 -1.97832 0.0149624 0.419545 -2.22577 1.12868 0.136897 1.83008 -2.2698 -1.77131 -0.361388
1.42891 -1.33049 -1.57565 -1.67565 1.00119 -1.22349 -1.97832 0.0149624 0.419545 -2.22577 1.12868 0.136897 1.83008 -2.2698 -1.77131 -0.361388
1.43124 -1.33049 -1.57565 -1.67565 1.00119 -1.22349 -1.97832 0.0149624 0.419545 -2.22577 1.12868 0.136897 1.83008 -2.2698 -1.77131 -0.361388
1.4338 -1.33049 -1.57565 -1.67565 1.00119 -1.22349 -1.97832 0.0149624 0.419545 -2.22577 1.12868 0.136897 1.83008 -2.2698 -1.77131 -0.361388
1.43632 -1.33049 -1.57565 -1.67565 1.00119 -1.22349 -1.97832 0.0149624 0.419545 -2.22577 1.12868 0.136897 1.83008 -2.2698 -1.77131 -0.361388
1.43893 -1.33049 -1.57565 -1.67565 1.00119 -1.22349 -1.97832 0.0149624 0.419545 -2.22577 1.12868 0.136897 1.83008 -2.2698 -1.77131 -0.361388
1.44176 -1.33049 -1.57565 -1.67565 1.00119 -1.22349 -1.97832 0.0149624 0.419545 -2.22577 1.12868 0.136897 1.83008 -2.2698 -1.77131 -0.361388
1.44465 -1.33049 -1.57565 -1.67565 1.00119 -1.22349 -1.97832 0.0149624 0.419545 -2.22577 1.12868 0.136897 1.83008 -2.2698 -1.77131 -0.361388
1.4476 -1.33049 -1.57565 -1.67565 1.00119 -1.22349 -1.97832 0.0149624 0.419545 -2.22577 1.12868 0.136897 1.83008 -2.2698 -1.77131 -0.361388
1.45043 -1.33049 -1.57565 -1.67565 1.00119 -1.22349 -1.97832 0.0149624 0.419545 -2.22577 1.12868 0.136897 1.83008 -2.2698 -1.77131 -0.361388
1.45322 -1.33049 -1.57565 -1.67565 1.00119 -1.22349 -1.97832 0.0149624 0.419545 -2.22577 1.12868 0.136897 1.83008 -2.2698 -1.77131 -0.361388
1.45616 -1.33049 -1.57565 -1.67565 1.00119 -1.22349 -1.97832 0.0149624 0.419545 -2.22577 1.12868 0.136897 1.83008 -2.2698 -1.77131 -0.361388
1.45954 -1.33049 -1.57565 -1.67565 1.00119 -1.22349 -1.97832 0.0149624 0.419545 -2.22577 1.12868 0.136897 1.83008 -2.2698 -1.77131 -0.361388
1.46286 -1.33049 -1.57565 -1.67565 1.00119 -1.22349 -1.97832 0.0149624 0.419545 -2.22577 1.12868 0.136897 1.83008 -2.2698 -1.77131 -0.361388
1.46635 -1.33049 -1.57565 -1.67565 1.00119 -1.22349 -1.97832 0.0149624 0.419545 -2.22577 1.12868 0.136897 1.83008 -2.2698 -1.77131 -0.361388
1.46979 -1.33049 -1.57565 -1.67565 1.00119 -1.22349 -1.97832 0.0149624 0.419545 -2.22577 1.12868 0.136897 1.83008 -2.2698 -1.77131 -0.361388
1.47313 -1.33049 -1.57565 -1.67565 1.00119 -1.22349 -1.97832 0.0149624 0.419545 -2.22577 1.12868 0.136897 1.83008 -2.2698 -1.77131 -0.361388
1.47672 -1.33049 -1.57565 -1.67565 1.00119 -1.22349 -1.97832 0.0149624 0.419545 -2.22577 1.12868 0.136897 1.83008 -2.2698 -1.77131 -0.361388
1.48047 -1.33049 -1.57565 -1.67565 1.00119 -1.22349 -1.97832 0.0149624 0.419545 -2.22577 1.12868 0.136897 1.83008 -2.2698 -1.77131 -0.361388
1.48444 -1.33049 -1.57565 -1.67565 1.00119 -1.22349 -1.97832 0.0149624 0.419545 -2.22577 1.12868 0.136897 1.83008 -2.2698 -1.77131 -0.361388
1.48855 -1.33049 -1.57565 -1.67565 1.00119 -1.22349 -1.97832 0.0149624 0.419545 -2.22577 1.12868 0.136897 1.83008 -2.2698 -1.77131 -0.361388
1.4925 -1.33049 -1.57565 -1.67565 1.00119 -1.22349 -1.97832 0.0149624 0.419545 -2.22577 1.12868 0.136897 1.83008 -2.2698 -1.77131 -0.361388
1.49656 -1.33049 -1.57565 -1.67565 1.00119 -1.22349 -1.97832 0.0149624 0.419545 -2.22577 1.12868 0.136897 1.83008 -2.2698 -1.77131 -0.361388
1.50078 -1.33049 -1.57565 -1.67565 1.00119 -1.22349 -1.97832 0.0149624 0.419545 -2.22577 1.12868 0.136897 1.83008 -2.2698 -1.77131 -0.361388
1.50525 -1.33049 -1.57565 -1.67565 1.00119 -1.22349 -1.97832 0.0149624 0.419545 -2.22577 1.12868 0.136897 1.83008 -2.2698 -1.77131 -0.361388
1.50995 -1.33049 -1.57565 -1.67565 1.00119 -1.22349 -1.97832 0.0149624 0.419545 -2.22577 1.12868 0.136897 1.83008 -2.2698 -1.77131 -0.361388
1.51443 -1.33049 -1.57565 -1.67565 1.00119 -1.22349 -1.97832 0.0149624 0.419545 -2.22577 1.12868 0.136897 1.83008 -2.2698 -1.77131 -0.361388
1.51912 -1.33049 -1.57565 -1.67565 1.00119 -1.22349 -1.97832 0.0149624 0.419545 -2.22577 1.12868 0.136897 1.83008 -2.2698 -1.77131 -0.361388
1.52412 -1.33049 -1.57565 -1.67565 1.00119 -1.22349 -1.97832 0.0149624 0.419545 -2.22577 1.12868 0.136897 1.83008 -2.2698 -1.77131 -0.361388
1.52923 -1.33049 -1.57565 -1.67565 1.00119 -1.22349 -1.97832 0.0149624 0.419545 -2.22577 1.12868 0.136897 1.83008 -2.2698 -1.77131 -0.361388
1.53428 -1.33049 -1.57565 -1.67565 1.00119 -1.22349 -1.97832 0.0149624 0.419545 -2.22577 1.12868 0.136897 1.83008 -2.2698 -1.77131 -0.361388
1.53953 -1.33049 -1.57565 -1.67565 1.00119 -1.22349 -1.97832 0.0149624 0.419545 -2.22577 1.12868 0.136897 1.83008 -2.2698 -1.77131 -0.361388
1.54503 -1.33049 -1.57565 -1.67565 1.00119 -1.22349 -1.97832 0.0149624 0.419545 -2.22577 1.12868 0.136897 1.83008 -2.2698 -1.77131 -0.361388
1.55065 -1.33049 -1.57565 -1.67565 1.00119 -1.22349 -1.97832 0.0149624 0.419545 -2.22577 1.12868 0.136897 1.83008 -2.2698 -1.77131 -0.361388
1.55624 -1.33049 -1.57565 -1.67565 1.00119 -1.22349 -1.97832 0.0149624 0.419545 -2.22577 1.12868 0.136897 1.83008 -2.2698 -1.77131 -0.361388
1.56204 -1.33049 -1.57565 -1.67565 1.00119 -1.22349 -1.97832 0.0149624 0.419545 -2.22577 1.12868 0.136897 1.83008 -2.2698 -1.77131 -0.361388
1.56819 -1.33049 -1.57565 -1.67565 1.00119 -1.22349 -1.97832 0.0149624 0.419545 -2.22577 1.12868 0.136897 1.83008 -2.2698 -1.77131 -0.361388
1.57435 -1.33049 -1.57565 -1.67565 1.00119 -1.22349 -1.97832 0.0149624 0.419545 -2.22577 1.12868 0.136897 1.83008 -2.2698 -1.77131 -0.361388
1.58077 -1.33049 -1.57565 -1.67565 1.00119 -1.22349 -1.97832 0.0149624 0.419545 -2.22577 1.12868 0.136897 1.83008 -2.2698 -1.77131 -0.361388
1.58742 -1.33049 -1.57565 -1.67565 1.00119 -1.22349 -1.97832 0.0149624 0.419545 -2.22577 1.12868 0.136897 1.83008 -2.2698 -1.77131 -0.361388
1.5942 -1.33049 -1.57565 -1.67565 1.00119 -1.22349 -1.97832 0.0149624 0.419545 -2.22577 1.12868 0.136897 1.83008 -2.2698 -1.77131 -0.361388
1.60115 -1.33049 -1.57565 -1.67565 1.00119 -1.22349 -1.97832 0.0149624 0.419545 -2.22577 1.12868 0.136897 1.83008 -2.2698 -1.77131 -0.361388
1.60836 -1.33049 -1.57565 -1.67565 1.00119 -1.22349 -1.97832 0.0149624 0.419545 -2.22577 1.12868 0.136897 1.83008 -2.2698 -1.77131 -0.361388
1.61565 -1.33049 -1.57565 -1.67565 1.00119 -1.22349 -1.97832 0.0149624 0.419545 -2.22577 1.12868 0.136897 1.83008 -2.2698 -1.77131 -0.361388
1.6232 -1.33049 -1.57565 -1.67565 1.00119 -1.22349 -1.97832 0.0149624 0.419545 -2.22577 1.12868 0.136897 1.83008 -2.2698 -1.77131 -0.361388
1.63095 -1.33049 -1.57565 -1.67565 1.00119 -1.22349 -1.97832 0.0149624 0.419545 -2.22577 1.12868 0.136897 1.83008 -2.2698 -1.77131 -0.361388
1.63887 -1.33049 -1.57565 -1.67565 1.00119 -1.22349 -1.97832 0.0149624 0.419545 -2.22577 1.12868 0.136897 1.83008 -2.2698 -1.77131 -0.361388
1.6471 -1.33049 -1.57565 -1.67565 1.00119 -1.22349 -1.97832 0.0149624 0.419545 -2.22577 1.12868 0.136897 1.83008 -2.2698 -1.77131 -0.361388
1.65545 -1.33049 -1.57565 -1.67565 1.00119 -1.22349 -1.97832 0.0149624 0.419545 -2.22577 1.12868 0.136897 1.83008 -2.2698 -1.77131 -0.361388
1.66435 -1.33049 -1.57565 -1.67565 1.00119 -1.22349 -1.97832 0.0149624 0.419545 -2.22577 1.12868 0.136897 1.83008 -2.2698 -1.77131 -0.361388
1.67371 -1.33049 -1.57565 -1.67565 1.00119 -1.22349 -1.97832 0.0149624 0.419545 -2.22577 1.12868 0.136897 1.83008 -2.2698 -1.77131 -0.361388
1.67371 -1.33049 -1.57565 -1.67565 1.00119 -1.22349 -1.97832 0.0149624 0.419545 -2.22577 1.12868 0.136897 1.83008 -2.2698 -1.77131 -0.361388
1.67371 -1.33049 -1.57565 -1.67565 1.00119 -1.22349 -1.97832 0.0149624 0.419545 -2.22577 1.12868 0.136897 1.83008 -2.2698 -1.77131 -0.361388
1.67371 -1.33049 -1.57565 -1.67565 1.00119 -1.22349 -1.97832 0.0149624 0.419545 -2.22577 1.12868 0.136897 1.83008 -2.2698 -1.77131 -0.361388
1.67371 -1.33049 -1.57565 -1.67565 1.00119 -1.22349 -1.97832 0.0149624 0.419545 -2.22577 1.12868 0.136897 1.83008 -2.2698 -1.77131 -0.361388
1.67371 -1.33049 -1.57565 -1.67565 1.00119 -1.22349 -1.97832 0.0149624 0.419545 -2.22577 1.12868 0.136897 1.83008 -2.2698 -1.77131 -0.361388
1.67371 -1.33049 -1.57565 -1.67565 1.00119 -1.22349 -1.97832 0.0149624 0.419545 -2.22577 1.12868 0.136897 1.83008 -2.2698 -1.77131 -0.361388
1.67375 -1.33049 -1.57565 -1.67565 1.00119 -1.22349 -1.97832 0.0149624 0.419545 -2.22577 1.12868 0.136897 1.83008 -2.2698 -1.77131 -0.361388
1.67378 -1.33049 -1.57565 -1.67565 1.00119 -1.22349 -1.97832 0.0149624 0.419545 -2.22577 1.12868 0.136897 1.83008 -2.2698 -1.77131 -0.361388
1.67379 -1.33049 -1.57565 -1.67565 1.00119 -1.22349 -1.97832 0.0149624 0.419545 -2.22577 1.12868 0.136897 1.83008 -2.2698 -1.77131 -0.361388
1.67379 -1.33049 -1.57565 -1.67565 1.00119 -1.22349 -1.97832 0.0149624 0.419545 -2.22577 1.12868 0.136897 1.83008 -2.2698 -1.77131 -0.361388
1.6738 -1.33049 -1.57565 -1.67565 1.00119 -1.22349 -1.97832 0.0149624 0.419545 -2.22577 1.12868 0.136897 1.83008 -2.2698 -1.77131 -0.361388
1.67381 -1.33049 -1.57565 -1.67565 1.00119 -1.22349 -1.97832 0.0149624 0.419545 -2.22577 1.12868 0.136897 1.83008 -2.2698 -1.77131 -0.361388
1.67384 -1.33049 -1.57565 -1.67565 1.00119 -1.22349 -1.97832 0.0149624 0.419545 -2.22577 1.12868 0.136897 1.83008 -2.2698 -1.77131 -0.361388
1.67397 -1.33049 -1.57565 -1.67565 1.00119 -1.22349 -1.97832 0.0149624 0.419545 -2.22577 1.12868 0.136897 1.83008 -2.2698 -1.77131 -0.361388
1.67633 -1.33049 -1.57565 -1.67565 1.00119 -1.22349 -1.97832 0.0149624 0.419545 -2.22577 1.12868 0.136897 1.83008 -2.2698 -1.77131 -0.361388
1.68075 -1.33049 -1.57565 -1.67565 1.00119 -1.22349 -1.97832 0.0149624 0.419545 -2.22577 1.12868 0.136897 1.83008 -2.2698 -1.77131 -0.361388
1.68609 -1.33049 -1.57565 -1.67565 1.00119 -1.22349 -1.97832 0.0149624 0.419545 -2.22577 1.12868 0.136897 1.83008 -2.2698 -1.77131 -0.361388
1.69174 -1.33049 -1.57565 -1.67565 1.00119 -1.22349 -1.97832 0.0149624 0.419545 -2.22577 1.12868 0.136897 1.83008 -2.2698 -1.77131 -0.361388
1.69816 -1.33049 -1.57565 -1.67565 1.00119 -1.22349 -1.97832 0.0149624 0.419545 -2.22577 1.12868 0.136897 1.83008 -2.2698 -1.77131 -0.361388
1.70566 -1.33049 -1.57565 -1.67565 1.00119 -1.22349 -1.97832 0.0149624 0.419545 -2.22577 1.12868 0.136897 1.83008 -2.2698 -1.77131 -0.361388
1.71427 -1.33049 -1.57565 -1.67565 1.00119 -1.22349 -1.97832 0.0149624 0.419545 -2.22577 1.12868 0.136897 1.83008 -2.2698 -1.77131 -0.361388
1.72375 -1.33049 -1.57565 -1.67565 1.00119 -1.22349 -1.97832 0.0149624 0.419545 -2.22577 1.12868 0.136897 1.83008 -2.2698 -1.77131 -0.361388
1.73365 -1.33049 -1.57565 -1.67565 1.00119 -1.22349 -1.97832 0.0149624 0.419545 -2.22577 1.12868 0.136897 1.83008 -2.2698 -1.77131 -0.361388
1.74394 -1.33049 -1.57565 -1.67565 1.00119 -1.22349 -1.97832 0.0149624 0.419545 -2.22577 1.12868 0.136897 1.83008 -2.2698 -1.77131 -0.361388
1.75468 -1.33049 -1.57565 -1.67565 1.00119 -1.22349 -1.97832 0.0149624 0.419545 -2.22577 1.12868 0.136897 1.83008 -2.2698 -1.77131 -0.361388
1.76608 -1.33049 -1.57565 -1.67565 1.00119 -1.22349 -1.97832 0.0149624 0.419545 -2.22577 1.12868 0.136897 1.83008 -2.2698 -1.77131 -0.361388
1.77823 -1.33049 -1.57565 -1.67565 1.00119 -1.22349 -1.97832 0.0149624 0.419545 -2.22577 1.12868 0.136897 1.83008 -2.2698 -1.77131 -0.361388
1.77924 -1.33049 -1.57565 -1.67565 1.00119 -1.22349 -1.97832 0.0149624 0.419545 -2.22577 1.12868 0.136897 1.83008 -2.2698 -1.77131 -0.361388
1.77924 -1.33049 -1.57565 -1.67565 1.00119 -1.22349 -1.97832 0.0149624 0.419545 -2.22577 1.12868 0.136897 1.83008 -2.2698 -1.77131 -0.361388
1.77924 -1.33049 -1.57565 -1.67565 1.00119 -1.22349 -1.97832 0.0149624 0.419545 -2.22577 1.12868 0.136897 1.83008 -2.2698 -1.77131 -0.361388
1.77924 -1.33049 -1.57565 -1.67565 1.00119 -1.22349 -1.97832 0.0149624 0.419545 -2.22577 1.12868 0.136897 1.83008 -2.2698 -1.77131 -0.361388
1.77924 -1.33049 -1.57565 -1.67565 1.00119 -1.22349 -1.97832 0.0149624 0.419545 -2.22577 1.12868 0.136897 1.83008 -2.2698 -1.77131 -0.361388
1.77924 -1.33049 -1.57565 -1.67565 1.00119 -1.22349 -1.97832 0.0149624 0.419545 -2.22577 1.12868 0.136897 1.83008 -2.2698 -1.77131 -0.361388
1.77925 -1.33049 -1.57565 -1.67565 1.00119 -1.22349 -1.97832 0.0149624 0.419545 -2.22577 1.12868 0.136897 1.83008 -2.2698 -1.77131 -0.361388
1.77921 -1.33049 -1.57565 -1.67565 1.00119 -1.22349 -1.97832 0.0149624 0.419545 -2.22577 1.12868 0.136897 1.83008 -2.2698 -1.77131 -0.361388
1.77913 -1.33049 -1.57565 -1.67565 1.00119 -1.22349 -1.97832 0.0149624 0.419545 -2.22577 1.12868 0.136897 1.83008 -2.2698 -1.77131 -0.361388
1.77885 -1.33049 -1.57565 -1.67565 1.00119 -1.22349 -1.97832 0.0149624 0.419545 -2.22577 1.12868 0.136897 1.83008 -2.2698 -1.77131 -0.361388
1.77749 -1.33049 -1.57565 -1.67565 1.00119 -1.22349 -1.97832 0.0149624 0.419545 -2.22577 1.12868 0.136897 1.83008 -2.2698 -1.77131 -0.361388
1.77573 -1.33049 -1.57565 -1.67565 1.00119 -1.22349 -1.97832 0.0149624 0.419545 -2.22577 1.12868 0.136897 1.83008 -2.2698 -1.77131 -0.361388
1.77332 -1.33049 -1.57565 -1.67565 1.00119 -1.22349 -1.97832 0.0149624 0.419545 -2.22577 1.12868 0.136897 1.83008 -2.2698 -1.77131 -0.361388
1.76988 -1.33049 -1.57565 -1.67565 1.00119 -1.22349 -1.97832 0.0149624 0.419545 -2.22577 1.12868 0.136897 1.83008 -2.2698 -1.77131 -0.361388
1.76617 -1.33049 -1.57565 -1.67565 1.00119 -1.22349 -1.97832 0.0149624 0.419545 -2.22577 1.12868 0.136897 1.83008 -2.2698 -1.77131 -0.361388
1.76231 -1.33049 -1.57565 -1.67565 1.00119 -1.22349 -1.97832 0.0149624 0.419545 -2.22577 1.12868 0.136897 1.83008 -2.2698 -1.77131 -0.361388
1.75834 -1.33049 -1.57565 -1.67565 1.00119 -1.22349 -1.97832 0.0149624 0.419545 -2.22577 1.12868 0.136897 1.83008 -2.2698 -1.77131 -0.361388
1.7543 -1.33049 -1.57565 -1.67565 1.00119 -1.22349 -1.97832 0.0149624 0.419545 -2.22577 1.12868 0.136897 1.83008 -2.2698 -1.77131 -0.361388
1.7502 -1.33049 -1.57565 -1.67565 1.00119 -1.22349 -1.97832 0.0149624 0.419545 -2.22577 1.12868 0.136897 1.83008 -2.2698 -1.77131 -0.361388
1.74606 -1.33049 -1.57565 -1.67565 1.00119 -1.22349 -1.97832 0.0149624 0.419545 -2.22577 1.12868 0.136897 1.83008 -2.2698 -1.77131 -0.361388
1.74189 -1.33049 -1.57565 -1.67565 1.00119 -1.22349 -1.97832 0.0149624 0.419545 -2.22577 1.12868 0.136897 1.83008 -2.2698 -1.77131 -0.361388
1.73782 -1.33049 -1.57565 -1.67565 1.00119 -1.22349 -1.97832 0.0149624 0.419545 -2.22577 1.12868 0.136897 1.83008 -2.2698 -1.77131 -0.361388
1.73389 -1.33049 -1.57565 -1.67565 1.00119 -1.22349 -1.97832 0.0149624 0.419545 -2.22577 1.12868 0.136897 1.83008 -2.2698 -1.77131 -0.361388
1.72991 -1.33049 -1.57565 -1.67565 1.00119 -1.22349 -1.97832 0.0149624 0.419545 -2.22577 1.12868 0.136897 1.83008 -2.2698 -1.77131 -0.361388
1.72582 -1.33049 -1.57565 -1.67565 1.00119 -1.22349 -1.97832 0.0149624 0.419545 -2.22577 1.12868 0.136897 1.83008 -2.2698 -1.77131 -0.361388
1.72173 -1.33049 -1.57565 -1.67565 1.00119 -1.22349 -1.97832 0.0149624 0.419545 -2.22577 1.12868 0.136897 1.83008 -2.2698 -1.77131 -0.361388
1.71767 -1.33049 -1.57565 -1.67565 1.00119 -1.22349 -1.97832 0.0149624 0.419545 -2.22577 1.12868 0.136897 1.83008 -2.2698 -1.77131 -0.361388
1.71358 -1.33049 -1.57565 -1.67565 1.00119 -1.22349 -1.97832 0.0149624 0.419545 -2.22577 1.12868 0.136897 1.83008 -2.2698 -1.77131 -0.361388
1.70946 -1.33049 -1.57565 -1.67565 1.00119 -1.22349 -1.97832 0.0149624 0.419545 -2.22577 1.12868 0.136897 1.83008 -2.2698 -1.77131 -0.361388
1.70528 -1.33049 -1.57565 -1.67565 1.00119 -1.22349 -1.97832 0.0149624 0.419545 -2.22577 1.12868 0.136897 1.83008 -2.2698 -1.77131 -0.361388
1.7012 -1.33049 -1.57565 -1.67565 1.00119 -1.22349 -1.97832 0.0149624 0.419545 -2.22577 1.12868 0.136897 1.83008 -2.2698 -1.77131 -0.361388
1.69708 -1.33049 -1.57565 -1.67565 1.00119 -1.22349 -1.97832 0.0149624 0.419545 -2.22577 1.12868 0.136897 1.83008 -2.2698 -1.77131 -0.361388
1.69296 -1.33049 -1.57565 -1.67565 1.00119 -1.22349 -1.97832 0.0149624 0.419545 -2.22577 1.12868 0.136897 1.83008 -2.2698 -1.77131 -0.361388
1.68882 -1.33049 -1.57565 -1.67565 1.00119 -1.22349 -1.97832 0.0149624 0.419545 -2.22577 1.12868 0.136897 1.83008 -2.2698 -1.77131 -0.361388
1.68458 -1.33049 -1.57565 -1.67565 1.00119 -1.22349 -1.97832 0.0149624 0.419545 -2.22577 1.12868 0.136897 1.83008 -2.2698 -1.77131 -0.361388
1.68024 -1.33049 -1.57565 -1.67565 1.00119 -1.22349 -1.97832 0.0149624 0.419545 -2.22577 1.12868 0.136897 1.83008 -2.2698 -1.77131 -0.361388
1.676 -1.33049 -1.57565 -1.67565 1.00119 -1.22349 -1.97832 0.0149624 0.419545 -2.22577 1.12868 0.136897 1.83008 -2.2698 -1.77131 -0.361388
1.67177 -1.33049 -1.57565 -1.67565 1.00119 -1.22349 -1.97832 0.0149624 0.419545 -2.22577 1.12868 0.136897 1.83008 -2.2698 -1.77131 -0.361388
1.66749 -1.33049 -1.57565 -1.67565 1.00119 -1.22349 -1.97832 0.0149624 0.419545 -2.22577 1.12868 0.136897 1.83008 -2.2698 -1.77131 -0.361388
1.66323 -1.33049 -1.57565 -1.67565 1.00119 -1.22349 -1.97832 0.0149624 0.419545 -2.22577 1.12868 0.136897 1.83008 -2.2698 -1.77131 -0.361388
1.65895 -1.33049 -1.57565 -1.67565 1.00119 -1.22349 -1.97832 0.0149624 0.419545 -2.22577 1.12868 0.136897 1.83008 -2.2698 -1.77131 -0.361388
1.65466 -1.33049 -1.57565 -1.67565 1.00119 -1.22349 -1.97832 0.0149624 0.419545 -2.22577 1.12868 0.136897 1.83008 -2.2698 -1.77131 -0.361388
1.65031 -1.33049 -1.57565 -1.67565 1.00119 -1.22349 -1.97832 0.0149624 0.419545 -2.22577 1.12868 0.136897 1.83008 -2.2698 -1.77131 -0.361388
1.64584 -1.33049 -1.57565 -1.67565 1.00119 -1.22349 -1.97832 0.0149624 0.419545 -2.22577 1.12868 0.136897 1.83008 -2.2698 -1.77131 -0.361388
1.64138 -1.33049 -1.57565 -1.67565 1.00119 -1.22349 -1.97832 0.0149624 0.419545 -2.22577 1.12868 0.136897 1.83008 -2.2698 -1.77131 -0.361388
1.63703 -1.33049 -1.57565 -1.67565 1.00119 -1.22349 -1.97832 0.0149624 0.419545 -2.22577 1.12868 0.136897 1.83008 -2.2698 -1.77131 -0.361388
1.63263 -1.33049 -1.57565 -1.67565 1.00119 -1.22349 -1.97832 0.0149624 0.419545 -2.22577 1.12868 0.136897 1.83008 -2.2698 -1.77131 -0.361388
1.62817 -1.33049 -1.57565 -1.67565 1.00119 -1.22349 -1.97832 0.0149624 0.419545 -2.22577 1.12868 0.136897 1.83008 -2.2698 -1.77131 -0.361388
1.62372 -1.33049 -1.57565 -1.67565 1.00119 -1.22349 -1.97832 0.0149624 0.419545 -2.22577 1.12868 0.136897 1.83008 -2.2698 -1.77131 -0.361388
1.61932 -1.33049 -1.57565 -1.67565 1.00119 -1.22349 -1.97832 0.0149624 0.419545 -2.22577 1.12868 0.136897 1.83008 -2.2698 -1.77131 -0.361388
1.61488 -1.33049 -1.57565 -1.67565 1.00119 -1.22349 -1.97832 0.0149624 0.419545 -2.22577 1.12868 0.136897 1.83008 -2.2698 -1.77131 -0.361388
1.61045 -1.33049 -1.57565 -1.67565 1.00119 -1.22349 -1.97832 0.0149624 0.419545 -2.22577 1.12868 0.136897 1.83008 -2.2698 -1.77131 -0.361388
1.60597 -1.33049 -1.57565 -1.67565 1.00119 -1.22349 -1.97832 0.0149624 0.419545 -2.22577 1.12868 0.136897 1.83008 -2.2698 -1.77131 -0.361388
1.60153 -1.33049 -1.57565 -1.67565 1.00119 -1.22349 -1.97832 0.0149624 0.419545 -2.22577 1.12868 0.136897 1.83008 -2.2698 -1.77131 -0.361388
1.59704 -1.33049 -1.57565 -1.67565 1.00119 -1.22349 -1.97832 0.0149624 0.419545 -2.22577 1.12868 0.136897 1.83008 -2.2698 -1.77131 -0.361388
1.59247 -1.33049 -1.57565 -1.67565 1.00119 -1.22349 -1.97832 0.0149624 0.419545 -2.22577 1.12868 0.136897 1.83008 -2.2698 -1.77131 -0.361388
1.58798 -1.33049 -1.57565 -1.67565 1.00119 -1.22349 -1.97832 0.0149624 0.419545 -2.22577 1.12868 0.136897 1.83008 -2.2698 -1.77131 -0.361388
1.5834 -1.33049 -1.57565 -1.67565 1.00119 -1.22349 -1.97832 0.0149624 0.419545 -2.22577 1.12868 0.136897 1.83008 -2.2698 -1.77131 -0.361388
1.57881 -1.33049 -1.57565 -1.67565 1.00119 -1.22349 -1.97832 0.0149624 0.419545 -2.22577 1.12868 0.136897 1.83008 -2.2698 -1.77131 -0.361388
1.57428 -1.33049 -1.57565 -1.67565 1.00119 -1.22349 -1.97832 0.0149624 0.419545 -2.22577 1.12868 0.136897 1.83008 -2.2698 -1.77131 -0.361388
1.56964 -1.33049 -1.57565 -1.67565 1.00119 -1.22349 -1.97832 0.0149624 0.419545 -2.22577 1.12868 0.136897 1.83008 -2.2698 -1.77131 -0.361388
1.56499 -1.33049 -1.57565 -1.67565 1.00119 -1.22349 -1.97832 0.0149624 0.419545 -2.22577 1.12868 0.136897 1.83008 -2.2698 -1.77131 -0.361388
1.56036 -1.33049 -1.57565 -1.67565 1.00119 -1.22349 -1.97832 0.0149624 0.419545 -2.22577 1.12868 0.136897 1.83008 -2.2698 -1.77131 -0.361388
1.55566 -1.33049 -1.57565 -1.67565 1.00119 -1.22349 -1.97832 0.0149624 0.419545 -2.22577 1.12868 0.136897 1.83008 -2.2698 -1.77131 -0.361388
1.55086 -1.33049 -1.57565 -1.67565 1.00119 -1.22349 -1.97832 0.0149624 0.419545 -2.22577 1.12868 0.136897 1.83008 -2.2698 -1.77131 -0.361388
1.54609 -1.33049 -1.57565 -1.67565 1.00119 -1.22349 -1.97832 0.0149624 0.419545 -2.22577 1.12868 0.136897 1.83008 -2.2698 -1.77131 -0.361388
1.54142 -1.33049 -1.57565 -1.67565 1.00119 -1.22349 -1.97832 0.0149624 0.419545 -2.22577 1.12868 0.136897 1.83008 -2.2698 -1.77131 -0.361388
1.53675 -1.33049 -1.57565 -1.67565 1.00119 -1.22349 -1.97832 0.0149624 0.419545 -2.22577 1.12868 0.136897 1.83008 -2.2698 -1.77131 -0.361388
1.53197 -1.33049 -1.57565 -1.67565 1.00119 -1.22349 -1.97832 0.0149624 0.419545 -2.22577 1.12868 0.136897 1.83008 -2.2698 -1.77131 -0.361388
1.5272 -1.33049 -1.57565 -1.67565 1.00119 -1.22349 -1.97832 0.0149624 0.419545 -2.22577 1.12868 0.136897 1.83008 -2.2698 -1.77131 -0.361388
1.52247 -1.33049 -1.57565 -1.67565 1.00119 -1.22349 -1.97832 0.0149624 0.419545 -2.22577 1.12868 0.136897 1.83008 -2.2698 -1.77131 -0.361388
1.51777 -1.33049 -1.57565 -1.67565 1.00119 -1.22349 -1.97832 0.0149624 0.419545 -2.22577 1.12868 0.136897 1.83008 -2.2698 -1.77131 -0.361388
1.51297 -1.33049 -1.57565 -1.67565 1.00119 -1.22349 -1.97832 0.0149624 0.419545 -2.22577 1.12868 0.136897 1.83008 -2.2698 -1.77131 -0.361388
1.50815 -1.33049 -1.57565 -1.67565 1.00119 -1.22349 -1.97832 0.0149624 0.419545 -2.22577 1.12868 0.136897 1.83008 -2.2698 -1.77131 -0.361388
1.50318 -1.33049 -1.57565 -1.67565 1.00119 -1.22349 -1.97832 0.0149624 0.419545 -2.22577 1.12868 0.136897 1.83008 -2.2698 -1.77131 -0.361388
1.4984 -1.33049 -1.57565 -1.67565 1.00119 -1.22349 -1.97832 0.0149624 0.419545 -2.22577 1.12868 0.136897 1.83008 -2.2698 -1.77131 -0.361388
1.49349 -1.33049 -1.57565 -1.67565 1.00119 -1.22349 -1.97832 0.0149624 0.419545 -2.22577 1.12868 0.136897 1.83008 -2.2698 -1.77131 -0.361388
1.4886 -1.33049 -1.57565 -1.67565 1.00119 -1.22349 -1.97832 0.0149624 0.419545 -2.22577 1.12868 0.136897 1.83008 -2.2698 -1.77131 -0.361388
1.48369 -1.33049 -1.57565 -1.67565 1.00119 -1.22349 -1.97832 0.0149624 0.419545 -2.22577 1.12868 0.136897 1.83008 -2.2698 -1.77131 -0.361388
1.4788 -1.33049 -1.57565 -1.67565 1.00119 -1.22349 -1.97832 0.0149624 0.419545 -2.22577 1.12868 0.136897 1.83008 -2.2698 -1.77131 -0.361388
1.47384 -1.33049 -1.57565 -1.67565 1.00119 -1.22349 -1.97832 0.0149624 0.419545 -2.22577 1.12868 0.136897 1.83008 -2.2698 -1.77131 -0.361388
1.46881 -1.33049 -1.57565 -1.67565 1.00119 -1.22349 -1.97832 0.0149624 0.419545 -2.22577 1.12868 0.136897 1.83008 -2.2698 -1.77131 -0.361388
1.46375 -1.33049 -1.57565 -1.67565 1.00119 -1.22349 -1.97832 0.0149624 0.419545 -2.22577 1.12868 0.136897 1.83008 -2.2698 -1.77131 -0.361388
1.45865 -1.33049 -1.57565 -1.67565 1.00119 -1.22349 -1.97832 0.0149624 0.419545 -2.22577 1.12868 0.136897 1.83008 -2.2698 -1.77131 -0.361388
1.45347 -1.33049 -1.57565 -1.67565 1.00119 -1.22349 -1.97832 0.0149624 0.419545 -2.22577 1.12868 0.136897 1.83008 -2.2698 -1.77131 -0.361388
1.4484 -1.33049 -1.57565 -1.67565 1.00119 -1.22349 -1.97832 0.0149624 0.419545 -2.22577 1.12868 0.136897 1.83008 -2.2698 -1.77131 -0.361388
1.44327 -1.33049 -1.57565 -1.67565 1.00119 -1.22349 -1.97832 0.0149624 0.419545 -2.22577 1.12868 0.136897 1.83008 -2.2698 -1.77131 -0.361388
1.43826 -1.33049 -1.57565 -1.67565 1.00119 -1.22349 -1.97832 0.0149624 0.419545 -2.22577 1.12868 0.136897 1.83008 -2.2698 -1.77131 -0.361388
1.43314 -1.33049 -1.57565 -1.67565 1.00119 -1.22349 -1.97832 0.0149624 0.419545 -2.22577 1.12868 0.136897 1.83008 -2.2698 -1.77131 -0.361388
1.42801 -1.33049 -1.57565 -1.67565 1.00119 -1.22349 -1.97832 0.0149624 0.419545 -2.22577 1.12868 0.136897 1.83008 -2.2698 -1.77131 -0.361388
1.42282 -1.33049 -1.57565 -1.67565 1.00119 -1.22349 -1.97832 0.0149624 0.419545 -2.22577 1.12868 0.136897 1.83008 -2.2698 -1.77131 -0.361388
1.41763 -1.33049 -1.57565 -1.67565 1.00119 -1.22349 -1.97832 0.0149624 0.419545 -2.22577 1.12868 0.136897 1.83008 -2.2698 -1.77131 -0.361388
1.41242 -1.33049 -1.57565 -1.67565 1.00119 -1.22349 -1.97832 0.0149624 0.419545 -2.22577 1.12868 0.136897 1.83008 -2.2698 -1.77131 -0.361388
1.40704 -1.33049 -1.57565 -1.67565 1.00119 -1.22349 -1.97832 0.0149624 0.419545 -2.22577 1.12868 0.136897 1.83008 -2.2698 -1.77131 -0.361388
1.39419 -1.33049 -1.57565 -1.67565 1.00119 -1.22349 -1.97832 0.0149624 0.419545 -2.22577 1.12868 0.136897 1.83008 -2.2698 -1.77131 -0.361388
1.39419 -1.33049 -1.57565 -1.67565 1.00119 -1.22349 -1.97832 0.0149624 0.419545 -2.22577 1.12868 0.136897 1.83008 -2.2698 -1.77131 -0.361388
1.39419 -1.33049 -1.57565 -1.67565 1.00119 -1.22349 -1.97832 0.0149624 0.419545 -2.22577 1.12868 0.136897 1.83008 -2.2698 -1.77131 -0.361388
1.39419 -1.33049 -1.57565 -1.67565 1.00119 -1.22349 -1.97832 0.0149624 0.419545 -2.22577 1.12868 0.136897 1.83008 -2.2698 -1.77131 -0.361388
1.39419 -1.33049 -1.57565 -1.67565 1.00119 -1.22349 -1.97832 0.0149624 0.419545 -2.22577 1.12868 0.136897 1.83008 -2.2698 -1.77131 -0.361388
1.39419 -1.33049 -1.57565 -1.67565 1.00119 -1.22349 -1.97832 0.0149624 0.419545 -2.22577 1.12868 0.136897 1.83008 -2.2698 -1.77131 -0.361388
1.39399 -1.33049 -1.57565 -1.67565 1.00119 -1.22349 -1.97832 0.0149624 0.419545 -2.22577 1.12868 0.136897 1.83008 -2.2698 -1.77131 -0.361388
1.39348 -1.33049 -1.57565 -1.67565 1.00119 -1.22349 -1.97832 0.0149624 0.419545 -2.22577 1.12868 0.136897 1.83008 -2.2698 -1.77131 -0.361388
1.39273 -1.33049 -1.57565 -1.67565 1.00119 -1.22349 -1.97832 0.0149624 0.419545 -2.22577 1.12868 0.136897 1.83008 -2.2698 -1.77131 -0.361388
1.39172 -1.33049 -1.57565 -1.67565 1.00119 -1.22349 -1.97832 0.0149624 0.419545 -2.22577 1.12868 0.136897 1.83008 -2.2698 -1.77131 -0.361388
1.38912 -1.33049 -1.57565 -1.67565 1.00119 -1.22349 -1.97832 0.0149624 0.419545 -2.22577 1.12868 0.136897 1.83008 -2.2698 -1.77131 -0.361388
1.38604 -1.33049 -1.57565 -1.67565 1.00119 -1.22349 -1.97832 0.0149624 0.419545 -2.22577 1.12868 0.136897 1.83008 -2.2698 -1.77131 -0.361388
1.38226 -1.33049 -1.57565 -1.67565 1.00119 -1.22349 -1.97832 0.0149624 0.419545 -2.22577 1.12868 0.136897 1.83008 -2.2698 -1.77131 -0.361388
1.37733 -1.33049 -1.57565 -1.67565 1.00119 -1.22349 -1.97832 0.0149624 0.419545 -2.22577 1.12868 0.136897 1.83008 -2.2698 -1.77131 -0.361388
1.37209 -1.33049 -1.57565 -1.67565 1.00119 -1.22349 -1.97832 0.0149624 0.419545 -2.22577 1.12868 0.136897 1.83008 -2.2698 -1.77131 -0.361388
1.36678 -1.33049 -1.57565 -1.67565 1.00119 -1.22349 -1.97832 0.0149624 0.419545 -2.22577 1.12868 0.136897 1.83008 -2.2698 -1.77131 -0.361388
1.36142 -1.33049 -1.57565 -1.67565 1.00119 -1.22349 -1.97832 0.0149624 0.419545 -2.22577 1.12868 0.136897 1.83008 -2.2698 -1.77131 -0.361388
1.35599 -1.33049 -1.57565 -1.67565 1.00119 -1.22349 -1.97832 0.0149624 0.419545 -2.22577 1.12868 0.136897 1.83008 -2.2698 -1.77131 -0.361388
1.35041 -1.33049 -1.57565 -1.67565 1.00119 -1.22349 -1.97832 0.0149624 0.419545 -2.22577 1.12868 0.136897 1.83008 -2.2698 -1.77131 -0.361388
1.34484 -1.33049 -1.57565 -1.67565 1.00119 -1.22349 -1.97832 0.0149624 0.419545 -2.22577 1.12868 0.136897 1.83008 -2.2698 -1.77131 -0.361388
1.33932 -1.33049 -1.57565 -1.67565 1.00119 -1.22349 -1.97832 0.0149624 0.419545 -2.22577 1.12868 0.136897 1.83008 -2.2698 -1.77131 -0.361388
1.33363 -1.33049 -1.57565 -1.67565 1.00119 -1.22349 -1.97832 0.0149624 0.419545 -2.22577 1.12868 0.136897 1.83008 -2.2698 -1.77131 -0.361388
1.3281 -1.33049 -1.57565 -1.67565 1.00119 -1.22349 -1.97832 0.0149624 0.419545 -2.22577 1.12868 0.136897 1.83008 -2.2698 -1.77131 -0.361388
1.32257 -1.33049 -1.57565 -1.67565 1.00119 -1.22349 -1.97832 0.0149624 0.419545 -2.22577 1.12868 0.136897 1.83008 -2.2698 -1.77131 -0.361388
1.31697 -1.33049 -1.57565 -1.67565 1.00119 -1.22349 -1.97832 0.0149624 0.419545 -2.22577 1.12868 0.136897 1.83008 -2.2698 -1.77131 -0.361388
1.31134 -1.33049 -1.57565 -1.67565 1.00119 -1.22349 -1.97832 0.0149624 0.419545 -2.22577 1.12868 0.136897 1.83008 -2.2698 -1.77131 -0.361388
1.30571 -1.33049 -1.57565 -1.67565 1.00119 -1.22349 -1.97832 0.0149624 0.419545 -2.22577 1.12868 0.136897 1.83008 -2.2698 -1.77131 -0.361388
1.30012 -1.33049 -1.57565 -1.67565 1.00119 -1.22349 -1.97832 0.0149624 0.419545 -2.22577 1.12868 0.136897 1.83008 -2.2698 -1.77131 -0.361388
1.29442 -1.33049 -1.57565 -1.67565 1.00119 -1.22349 -1.97832 0.0149624 0.419545 -2.22577 1.12868 0.136897 1.83008 -2.2698 -1.77131 -0.361388
1.28875 -1.33049 -1.57565 -1.67565 1.00119 -1.22349 -1.97832 0.0149624 0.419545 -2.22577 1.12868 0.136897 1.83008 -2.2698 -1.77131 -0.361388
1.28286 -1.33049 -1.57565 -1.67565 1.00119 -1.22349 -1.97832 0.0149624 0.419545 -2.22577 1.12868 0.136897 1.83008 -2.2698 -1.77131 -0.361388
1.27718 -1.33049 -1.57565 -1.67565 1.00119 -1.22349 -1.97832 0.0149624 0.419545 -2.22577 1.12868 0.136897 1.83008 -2.2698 -1.77131 -0.361388
1.27144 -1.33049 -1.57565 -1.67565 1.00119 -1.22349 -1.97832 0.0149624 0.419545 -2.22577 1.12868 0.136897 1.83008 -2.2698 -1.77131 -0.361388
1.26565 -1.33049 -1.57565 -1.67565 1.00119 -1.22349 -1.97832 0.0149624 0.419545 -2.22577 1.12868 0.136897 1.83008 -2.2698 -1.77131 -0.361388
1.25989 -1.33049 -1.57565 -1.67565 1.00119 -1.22349 -1.97832 0.0149624 0.419545 -2.22577 1.12868 0.136897 1.83008 -2.2698 -1.77131 -0.361388
1.2541 -1.33049 -1.57565 -1.67565 1.00119 -1.22349 -1.97832 0.0149624 0.419545 -2.22577 1.12868 0.136897 1.83008 -2.2698 -1.77131 -0.361388
1.24829 -1.33049 -1.57565 -1.67565 1.00119 -1.22349 -1.97832 0.0149624 0.419545 -2.22577 1.12868 0.136897 1.83008 -2.2698 -1.77131 -0.361388
1.24243 -1.33049 -1.57565 -1.67565 1.00119 -1.22349 -1.97832 0.0149624 0.419545 -2.22577 1.12868 0.136897 1.83008 -2.2698 -1.77131 -0.361388
1.23653 -1.33049 -1.57565 -1.67565 1.00119 -1.22349 -1.97832 0.0149624 0.419545 -2.22577 1.12868 0.136897 1.83008 -2.2698 -1.77131 -0.361388
1.23055 -1.33049 -1.57565 -1.67565 1.00119 -1.22349 -1.97832 0.0149624 0.419545 -2.22577 1.12868 0.136897 1.83008 -2.2698 -1.77131 -0.361388
