51.397
51.408
51.418
51.428
51.439
51.449
51.459
51.47
51.48
51.492
51.512
51.533
51.553
51.574
51.595
51.615
51.636
51.656
51.677
51.697
51.736
51.774
51.813
51.851
51.889
51.929
51.967
52.006
52.045
52.083
52.121
52.16
52.198
52.237
52.277
52.318
52.357
52.396
52.435
52.473
52.511
52.55
52.588
52.628
52.667
52.705
52.744
52.782
52.821
52.86
52.898
52.937
52.976
53.015
53.053
53.092
53.131
53.17
53.209
53.249
53.288
53.326
53.365
53.404
53.443
53.481
53.52
53.558
53.597
53.636
53.675
53.713
53.752
53.791
53.829
53.868
53.906
53.945
53.983
54.022
54.06
54.1
55.702
55.713
55.723
55.733
55.744
55.754
55.765
55.775
55.785
55.797
55.818
55.838
55.877
55.915
55.953
55.992
56.03
56.069
56.108
56.146
56.184
56.223
56.261
56.3
56.338
56.376
56.415
56.455
57.882
57.893
57.904
57.915
57.925
57.936
57.947
57.958
57.969
57.982
58.02
58.058
58.097
58.135
58.174
58.213
58.251
58.29
58.329
58.368
58.408
58.447
58.485
58.524
58.563
58.602
58.64
58.678
58.717
58.755
58.793
58.832
58.87
58.908
58.947
58.987
59.025
59.063
59.102
59.14
59.178
59.217
59.257
59.296
59.335
59.374
59.413
59.451
59.49
59.528
59.567
59.605
59.643
59.682
59.721
59.759
59.797
59.836
59.875
59.913
59.952
59.99
60.029
60.069
60.108
60.147
60.186
60.224
60.263
60.302
60.34
60.378
60.416
60.455
60.494
60.533
60.571
60.61
60.648
60.687
60.725
60.764
60.803
60.843
60.883
60.921
60.96
60.998
61.036
61.075
61.114
61.153
61.191
61.231
62.845
62.855
62.867
62.877
62.888
62.899
62.91
62.92
62.931
62.945
62.984
63.023
63.062
63.101
63.139
63.178
63.217
63.255
63.294
63.332
63.372
63.411
63.451
63.49
63.529
63.568
63.606
63.645
63.683
63.723
63.762
63.8
63.839
63.878
63.916
63.955
63.993
64.032
64.071
64.11
