0
0
0
0
0
0
0
0
0
0
0
0.0105281
0
0.0105281
0
0
0.0105281
0.0105281
0.0210563
0.0210563
0.115809
0.147394
0.178978
0.221091
0.231619
0.263203
0.284259
0.305316
0.326372
0.368484
0.400069
0.421125
0.431653
0.452709
0
0
0
0
0
0
0.0105281
0.0210563
0.0421125
0.0526406
0.0526406
0.0526406
0.0631688
0.0947531
0.210563
0.242147
0.284259
0.3369
0.368484
0.400069
0.442181
0
0
0
0
0
0
0
0
0
-0.0105281
0
-0.0210563
-0.0210563
-0.0421125
-0.0736969
-0.0736969
-0.084225
-0.084225
-0.084225
-0.084225
-0.084225
-0.0736969
-0.084225
-0.0736969
-0.084225
-0.0736969
-0.084225
-0.0736969
-0.084225
-0.084225
-0.084225
-0.084225
-0.084225
-0.084225
-0.084225
-0.084225
-0.084225
-0.084225
-0.084225
-0.0947531
-0.0947531
-0.084225
-0.084225
-0.084225
-0.0947531
-0.084225
-0.084225
-0.084225
-0.084225
-0.084225
-0.084225
-0.0947531
-0.084225
-0.084225
-0.0947531
-0.084225
-0.084225
-0.0947531
-0.084225
-0.0947531
-0.0947531
-0.0947531
-0.084225
-0.0947531
-0.084225
-0.0947531
-0.0947531
-0.0947531
-0.0947531
-0.0947531
-0.105281
-0.0947531
-0.0947531
-0.0947531
-0.0947531
-0.105281
-0.0947531
-0.105281
-0.0947531
-0.105281
-0.105281
-0.105281
-0.0947531
-0.105281
-0.0947531
-0.105281
-0.105281
-0.0947531
-0.105281
-0.105281
-0.105281
-0.105281
-0.105281
-0.105281
-0.105281
-0.105281
-0.105281
-0.105281
-0.105281
-0.105281
