1.95584 0.512378 1.63862 -1.11114 -2.29366 1.5217 3.0173 0.62594 2.31924 0.391473 1.81266 -1.91951 1.60154 -2.31855 1.92246 1.74349
1.95584 0.512378 1.63862 -1.11114 -2.29366 1.5217 3.0173 0.62594 2.31924 0.391473 1.81266 -1.91951 1.60154 -2.31855 1.92246 1.74349
1.95584 0.512378 1.63862 -1.11114 -2.29366 1.5217 3.0173 0.62594 2.31924 0.391473 1.81266 -1.91951 1.60154 -2.31855 1.92246 1.74349
1.95584 0.512378 1.63862 -1.11114 -2.29366 1.5217 3.0173 0.62594 2.31924 0.391473 1.81266 -1.91951 1.60154 -2.31855 1.92246 1.74349
1.95584 0.512378 1.63862 -1.11114 -2.29366 1.5217 3.0173 0.62594 2.31924 0.391473 1.81266 -1.91951 1.60154 -2.31855 1.92246 1.74349
1.95584 0.512378 1.63862 -1.11114 -2.29366 1.5217 3.0173 0.62594 2.31924 0.391473 1.81266 -1.91951 1.60154 -2.31855 1.92246 1.74349
1.95584 0.512378 1.63862 -1.11114 -2.29366 1.5217 3.0173 0.62594 2.31924 0.391473 1.81266 -1.91951 1.60154 -2.31855 1.92246 1.74349
1.95584 0.512378 1.63862 -1.11114 -2.29366 1.5217 3.0173 0.62594 2.31924 0.391473 1.81266 -1.91951 1.60154 -2.31855 1.92246 1.74349
1.95584 0.512378 1.63862 -1.11114 -2.29366 1.5217 3.0173 0.62594 2.31924 0.391473 1.81266 -1.91951 1.60154 -2.31855 1.92246 1.74349
1.95584 0.512378 1.63862 -1.11114 -2.29366 1.5217 3.0173 0.62594 2.31924 0.391473 1.81266 -1.91951 1.60154 -2.31855 1.92246 1.74349
1.95584 0.512378 1.63862 -1.11114 -2.29366 1.5217 3.0173 0.62594 2.31924 0.391473 1.81266 -1.91951 1.60154 -2.31855 1.92246 1.74349
1.95593 0.512378 1.63862 -1.11114 -2.29366 1.5217 3.0173 0.62594 2.31924 0.391473 1.81266 -1.91951 1.60154 -2.31855 1.92246 1.74349
1.95613 0.512378 1.63862 -1.11114 -2.29366 1.5217 3.0173 0.62594 2.31924 0.391473 1.81266 -1.91951 1.60154 -2.31855 1.92246 1.74349
1.95617 0.512378 1.63862 -1.11114 -2.29366 1.5217 3.0173 0.62594 2.31924 0.391473 1.81266 -1.91951 1.60154 -2.31855 1.92246 1.74349
1.95625 0.512378 1.63862 -1.11114 -2.29366 1.5217 3.0173 0.62594 2.31924 0.391473 1.81266 -1.91951 1.60154 -2.31855 1.92246 1.74349
1.95638 0.512378 1.63862 -1.11114 -2.29366 1.5217 3.0173 0.62594 2.31924 0.391473 1.81266 -1.91951 1.60154 -2.31855 1.92246 1.74349
1.95662 0.512378 1.63862 -1.11114 -2.29366 1.5217 3.0173 0.62594 2.31924 0.391473 1.81266 -1.91951 1.60154 -2.31855 1.92246 1.74349
1.95692 0.512378 1.63862 -1.11114 -2.29366 1.5217 3.0173 0.62594 2.31924 0.391473 1.81266 -1.91951 1.60154 -2.31855 1.92246 1.74349
1.95723 0.512378 1.63862 -1.11114 -2.29366 1.5217 3.0173 0.62594 2.31924 0.391473 1.81266 -1.91951 1.60154 -2.31855 1.92246 1.74349
1.95763 0.512378 1.63862 -1.11114 -2.29366 1.5217 3.0173 0.62594 2.31924 0.391473 1.81266 -1.91951 1.60154 -2.31855 1.92246 1.74349
1.96078 0.512378 1.63862 -1.11114 -2.29366 1.5217 3.0173 0.62594 2.31924 0.391473 1.81266 -1.91951 1.60154 -2.31855 1.92246 1.74349
1.96614 0.512378 1.63862 -1.11114 -2.29366 1.5217 3.0173 0.62594 2.31924 0.391473 1.81266 -1.91951 1.60154 -2.31855 1.92246 1.74349
1.97273 0.512378 1.63862 -1.11114 -2.29366 1.5217 3.0173 0.62594 2.31924 0.391473 1.81266 -1.91951 1.60154 -2.31855 1.92246 1.74349
1.98043 0.512378 1.63862 -1.11114 -2.29366 1.5217 3.0173 0.62594 2.31924 0.391473 1.81266 -1.91951 1.60154 -2.31855 1.92246 1.74349
1.98895 0.512378 1.63862 -1.11114 -2.29366 1.5217 3.0173 0.62594 2.31924 0.391473 1.81266 -1.91951 1.60154 -2.31855 1.92246 1.74349
1.99852 0.512378 1.63862 -1.11114 -2.29366 1.5217 3.0173 0.62594 2.31924 0.391473 1.81266 -1.91951 1.60154 -2.31855 1.92246 1.74349
2.00894 0.512378 1.63862 -1.11114 -2.29366 1.5217 3.0173 0.62594 2.31924 0.391473 1.81266 -1.91951 1.60154 -2.31855 1.92246 1.74349
2.02055 0.512378 1.63862 -1.11114 -2.29366 1.5217 3.0173 0.62594 2.31924 0.391473 1.81266 -1.91951 1.60154 -2.31855 1.92246 1.74349
2.03289 0.512378 1.63862 -1.11114 -2.29366 1.5217 3.0173 0.62594 2.31924 0.391473 1.81266 -1.91951 1.60154 -2.31855 1.92246 1.74349
2.04672 0.512378 1.63862 -1.11114 -2.29366 1.5217 3.0173 0.62594 2.31924 0.391473 1.81266 -1.91951 1.60154 -2.31855 1.92246 1.74349
2.06178 0.512378 1.63862 -1.11114 -2.29366 1.5217 3.0173 0.62594 2.31924 0.391473 1.81266 -1.91951 1.60154 -2.31855 1.92246 1.74349
2.07739 0.512378 1.63862 -1.11114 -2.29366 1.5217 3.0173 0.62594 2.31924 0.391473 1.81266 -1.91951 1.60154 -2.31855 1.92246 1.74349
2.09373 0.512378 1.63862 -1.11114 -2.29366 1.5217 3.0173 0.62594 2.31924 0.391473 1.81266 -1.91951 1.60154 -2.31855 1.92246 1.74349
2.11061 0.512378 1.63862 -1.11114 -2.29366 1.5217 3.0173 0.62594 2.31924 0.391473 1.81266 -1.91951 1.60154 -2.31855 1.92246 1.74349
2.11576 0.512378 1.63862 -1.11114 -2.29366 1.5217 3.0173 0.62594 2.31924 0.391473 1.81266 -1.91951 1.60154 -2.31855 1.92246 1.74349
2.11576 0.512378 1.63862 -1.11114 -2.29366 1.5217 3.0173 0.62594 2.31924 0.391473 1.81266 -1.91951 1.60154 -2.31855 1.92246 1.74349
2.11576 0.512378 1.63862 -1.11114 -2.29366 1.5217 3.0173 0.62594 2.31924 0.391473 1.81266 -1.91951 1.60154 -2.31855 1.92246 1.74349
2.11576 0.512378 1.63862 -1.11114 -2.29366 1.5217 3.0173 0.62594 2.31924 0.391473 1.81266 -1.91951 1.60154 -2.31855 1.92246 1.74349
2.11576 0.512378 1.63862 -1.11114 -2.29366 1.5217 3.0173 0.62594 2.31924 0.391473 1.81266 -1.91951 1.60154 -2.31855 1.92246 1.74349
2.11576 0.512378 1.63862 -1.11114 -2.29366 1.5217 3.0173 0.62594 2.31924 0.391473 1.81266 -1.91951 1.60154 -2.31855 1.92246 1.74349
2.116 0.512378 1.63862 -1.11114 -2.29366 1.5217 3.0173 0.62594 2.31924 0.391473 1.81266 -1.91951 1.60154 -2.31855 1.92246 1.74349
2.11669 0.512378 1.63862 -1.11114 -2.29366 1.5217 3.0173 0.62594 2.31924 0.391473 1.81266 -1.91951 1.60154 -2.31855 1.92246 1.74349
2.11761 0.512378 1.63862 -1.11114 -2.29366 1.5217 3.0173 0.62594 2.31924 0.391473 1.81266 -1.91951 1.60154 -2.31855 1.92246 1.74349
2.11866 0.512378 1.63862 -1.11114 -2.29366 1.5217 3.0173 0.62594 2.31924 0.391473 1.81266 -1.91951 1.60154 -2.31855 1.92246 1.74349
2.12059 0.512378 1.63862 -1.11114 -2.29366 1.5217 3.0173 0.62594 2.31924 0.391473 1.81266 -1.91951 1.60154 -2.31855 1.92246 1.74349
2.12273 0.512378 1.63862 -1.11114 -2.29366 1.5217 3.0173 0.62594 2.31924 0.391473 1.81266 -1.91951 1.60154 -2.31855 1.92246 1.74349
2.12519 0.512378 1.63862 -1.11114 -2.29366 1.5217 3.0173 0.62594 2.31924 0.391473 1.81266 -1.91951 1.60154 -2.31855 1.92246 1.74349
2.12834 0.512378 1.63862 -1.11114 -2.29366 1.5217 3.0173 0.62594 2.31924 0.391473 1.81266 -1.91951 1.60154 -2.31855 1.92246 1.74349
2.13455 0.512378 1.63862 -1.11114 -2.29366 1.5217 3.0173 0.62594 2.31924 0.391473 1.81266 -1.91951 1.60154 -2.31855 1.92246 1.74349
2.14337 0.512378 1.63862 -1.11114 -2.29366 1.5217 3.0173 0.62594 2.31924 0.391473 1.81266 -1.91951 1.60154 -2.31855 1.92246 1.74349
2.15374 0.512378 1.63862 -1.11114 -2.29366 1.5217 3.0173 0.62594 2.31924 0.391473 1.81266 -1.91951 1.60154 -2.31855 1.92246 1.74349
2.16552 0.512378 1.63862 -1.11114 -2.29366 1.5217 3.0173 0.62594 2.31924 0.391473 1.81266 -1.91951 1.60154 -2.31855 1.92246 1.74349
2.17942 0.512378 1.63862 -1.11114 -2.29366 1.5217 3.0173 0.62594 2.31924 0.391473 1.81266 -1.91951 1.60154 -2.31855 1.92246 1.74349
2.19456 0.512378 1.63862 -1.11114 -2.29366 1.5217 3.0173 0.62594 2.31924 0.391473 1.81266 -1.91951 1.60154 -2.31855 1.92246 1.74349
2.21087 0.512378 1.63862 -1.11114 -2.29366 1.5217 3.0173 0.62594 2.31924 0.391473 1.81266 -1.91951 1.60154 -2.31855 1.92246 1.74349
2.21794 0.512378 1.63862 -1.11114 -2.29366 1.5217 3.0173 0.62594 2.31924 0.391473 1.81266 -1.91951 1.60154 -2.31855 1.92246 1.74349
2.21794 0.512378 1.63862 -1.11114 -2.29366 1.5217 3.0173 0.62594 2.31924 0.391473 1.81266 -1.91951 1.60154 -2.31855 1.92246 1.74349
2.21794 0.512378 1.63862 -1.11114 -2.29366 1.5217 3.0173 0.62594 2.31924 0.391473 1.81266 -1.91951 1.60154 -2.31855 1.92246 1.74349
2.21794 0.512378 1.63862 -1.11114 -2.29366 1.5217 3.0173 0.62594 2.31924 0.391473 1.81266 -1.91951 1.60154 -2.31855 1.92246 1.74349
2.21794 0.512378 1.63862 -1.11114 -2.29366 1.5217 3.0173 0.62594 2.31924 0.391473 1.81266 -1.91951 1.60154 -2.31855 1.92246 1.74349
2.21794 0.512378 1.63862 -1.11114 -2.29366 1.5217 3.0173 0.62594 2.31924 0.391473 1.81266 -1.91951 1.60154 -2.31855 1.92246 1.74349
2.21795 0.512378 1.63862 -1.11114 -2.29366 1.5217 3.0173 0.62594 2.31924 0.391473 1.81266 -1.91951 1.60154 -2.31855 1.92246 1.74349
2.21798 0.512378 1.63862 -1.11114 -2.29366 1.5217 3.0173 0.62594 2.31924 0.391473 1.81266 -1.91951 1.60154 -2.31855 1.92246 1.74349
2.21796 0.512378 1.63862 -1.11114 -2.29366 1.5217 3.0173 0.62594 2.31924 0.391473 1.81266 -1.91951 1.60154 -2.31855 1.92246 1.74349
2.21787 0.512378 1.63862 -1.11114 -2.29366 1.5217 3.0173 0.62594 2.31924 0.391473 1.81266 -1.91951 1.60154 -2.31855 1.92246 1.74349
2.21772 0.512378 1.63862 -1.11114 -2.29366 1.5217 3.0173 0.62594 2.31924 0.391473 1.81266 -1.91951 1.60154 -2.31855 1.92246 1.74349
2.21714 0.512378 1.63862 -1.11114 -2.29366 1.5217 3.0173 0.62594 2.31924 0.391473 1.81266 -1.91951 1.60154 -2.31855 1.92246 1.74349
2.2162 0.512378 1.63862 -1.11114 -2.29366 1.5217 3.0173 0.62594 2.31924 0.391473 1.81266 -1.91951 1.60154 -2.31855 1.92246 1.74349
2.21473 0.512378 1.63862 -1.11114 -2.29366 1.5217 3.0173 0.62594 2.31924 0.391473 1.81266 -1.91951 1.60154 -2.31855 1.92246 1.74349
2.21217 0.512378 1.63862 -1.11114 -2.29366 1.5217 3.0173 0.62594 2.31924 0.391473 1.81266 -1.91951 1.60154 -2.31855 1.92246 1.74349
2.20934 0.512378 1.63862 -1.11114 -2.29366 1.5217 3.0173 0.62594 2.31924 0.391473 1.81266 -1.91951 1.60154 -2.31855 1.92246 1.74349
2.20645 0.512378 1.63862 -1.11114 -2.29366 1.5217 3.0173 0.62594 2.31924 0.391473 1.81266 -1.91951 1.60154 -2.31855 1.92246 1.74349
2.20339 0.512378 1.63862 -1.11114 -2.29366 1.5217 3.0173 0.62594 2.31924 0.391473 1.81266 -1.91951 1.60154 -2.31855 1.92246 1.74349
2.20023 0.512378 1.63862 -1.11114 -2.29366 1.5217 3.0173 0.62594 2.31924 0.391473 1.81266 -1.91951 1.60154 -2.31855 1.92246 1.74349
2.1971 0.512378 1.63862 -1.11114 -2.29366 1.5217 3.0173 0.62594 2.31924 0.391473 1.81266 -1.91951 1.60154 -2.31855 1.92246 1.74349
2.19398 0.512378 1.63862 -1.11114 -2.29366 1.5217 3.0173 0.62594 2.31924 0.391473 1.81266 -1.91951 1.60154 -2.31855 1.92246 1.74349
2.19091 0.512378 1.63862 -1.11114 -2.29366 1.5217 3.0173 0.62594 2.31924 0.391473 1.81266 -1.91951 1.60154 -2.31855 1.92246 1.74349
2.18788 0.512378 1.63862 -1.11114 -2.29366 1.5217 3.0173 0.62594 2.31924 0.391473 1.81266 -1.91951 1.60154 -2.31855 1.92246 1.74349
2.18474 0.512378 1.63862 -1.11114 -2.29366 1.5217 3.0173 0.62594 2.31924 0.391473 1.81266 -1.91951 1.60154 -2.31855 1.92246 1.74349
2.18164 0.512378 1.63862 -1.11114 -2.29366 1.5217 3.0173 0.62594 2.31924 0.391473 1.81266 -1.91951 1.60154 -2.31855 1.92246 1.74349
2.17855 0.512378 1.63862 -1.11114 -2.29366 1.5217 3.0173 0.62594 2.31924 0.391473 1.81266 -1.91951 1.60154 -2.31855 1.92246 1.74349
2.17545 0.512378 1.63862 -1.11114 -2.29366 1.5217 3.0173 0.62594 2.31924 0.391473 1.81266 -1.91951 1.60154 -2.31855 1.92246 1.74349
2.17234 0.512378 1.63862 -1.11114 -2.29366 1.5217 3.0173 0.62594 2.31924 0.391473 1.81266 -1.91951 1.60154 -2.31855 1.92246 1.74349
2.16923 0.512378 1.63862 -1.11114 -2.29366 1.5217 3.0173 0.62594 2.31924 0.391473 1.81266 -1.91951 1.60154 -2.31855 1.92246 1.74349
2.16605 0.512378 1.63862 -1.11114 -2.29366 1.5217 3.0173 0.62594 2.31924 0.391473 1.81266 -1.91951 1.60154 -2.31855 1.92246 1.74349
2.1629 0.512378 1.63862 -1.11114 -2.29366 1.5217 3.0173 0.62594 2.31924 0.391473 1.81266 -1.91951 1.60154 -2.31855 1.92246 1.74349
2.15968 0.512378 1.63862 -1.11114 -2.29366 1.5217 3.0173 0.62594 2.31924 0.391473 1.81266 -1.91951 1.60154 -2.31855 1.92246 1.74349
2.15646 0.512378 1.63862 -1.11114 -2.29366 1.5217 3.0173 0.62594 2.31924 0.391473 1.81266 -1.91951 1.60154 -2.31855 1.92246 1.74349
2.15316 0.512378 1.63862 -1.11114 -2.29366 1.5217 3.0173 0.62594 2.31924 0.391473 1.81266 -1.91951 1.60154 -2.31855 1.92246 1.74349
2.14997 0.512378 1.63862 -1.11114 -2.29366 1.5217 3.0173 0.62594 2.31924 0.391473 1.81266 -1.91951 1.60154 -2.31855 1.92246 1.74349
2.14682 0.512378 1.63862 -1.11114 -2.29366 1.5217 3.0173 0.62594 2.31924 0.391473 1.81266 -1.91951 1.60154 -2.31855 1.92246 1.74349
2.14365 0.512378 1.63862 -1.11114 -2.29366 1.5217 3.0173 0.62594 2.31924 0.391473 1.81266 -1.91951 1.60154 -2.31855 1.92246 1.74349
2.14035 0.512378 1.63862 -1.11114 -2.29366 1.5217 3.0173 0.62594 2.31924 0.391473 1.81266 -1.91951 1.60154 -2.31855 1.92246 1.74349
2.13702 0.512378 1.63862 -1.11114 -2.29366 1.5217 3.0173 0.62594 2.31924 0.391473 1.81266 -1.91951 1.60154 -2.31855 1.92246 1.74349
2.1337 0.512378 1.63862 -1.11114 -2.29366 1.5217 3.0173 0.62594 2.31924 0.391473 1.81266 -1.91951 1.60154 -2.31855 1.92246 1.74349
2.13038 0.512378 1.63862 -1.11114 -2.29366 1.5217 3.0173 0.62594 2.31924 0.391473 1.81266 -1.91951 1.60154 -2.31855 1.92246 1.74349
2.12701 0.512378 1.63862 -1.11114 -2.29366 1.5217 3.0173 0.62594 2.31924 0.391473 1.81266 -1.91951 1.60154 -2.31855 1.92246 1.74349
2.12364 0.512378 1.63862 -1.11114 -2.29366 1.5217 3.0173 0.62594 2.31924 0.391473 1.81266 -1.91951 1.60154 -2.31855 1.92246 1.74349
2.12016 0.512378 1.63862 -1.11114 -2.29366 1.5217 3.0173 0.62594 2.31924 0.391473 1.81266 -1.91951 1.60154 -2.31855 1.92246 1.74349
2.11673 0.512378 1.63862 -1.11114 -2.29366 1.5217 3.0173 0.62594 2.31924 0.391473 1.81266 -1.91951 1.60154 -2.31855 1.92246 1.74349
2.11341 0.512378 1.63862 -1.11114 -2.29366 1.5217 3.0173 0.62594 2.31924 0.391473 1.81266 -1.91951 1.60154 -2.31855 1.92246 1.74349
2.11012 0.512378 1.63862 -1.11114 -2.29366 1.5217 3.0173 0.62594 2.31924 0.391473 1.81266 -1.91951 1.60154 -2.31855 1.92246 1.74349
2.10678 0.512378 1.63862 -1.11114 -2.29366 1.5217 3.0173 0.62594 2.31924 0.391473 1.81266 -1.91951 1.60154 -2.31855 1.92246 1.74349
2.1034 0.512378 1.63862 -1.11114 -2.29366 1.5217 3.0173 0.62594 2.31924 0.391473 1.81266 -1.91951 1.60154 -2.31855 1.92246 1.74349
2.09993 0.512378 1.63862 -1.11114 -2.29366 1.5217 3.0173 0.62594 2.31924 0.391473 1.81266 -1.91951 1.60154 -2.31855 1.92246 1.74349
2.0965 0.512378 1.63862 -1.11114 -2.29366 1.5217 3.0173 0.62594 2.31924 0.391473 1.81266 -1.91951 1.60154 -2.31855 1.92246 1.74349
2.09312 0.512378 1.63862 -1.11114 -2.29366 1.5217 3.0173 0.62594 2.31924 0.391473 1.81266 -1.91951 1.60154 -2.31855 1.92246 1.74349
2.08963 0.512378 1.63862 -1.11114 -2.29366 1.5217 3.0173 0.62594 2.31924 0.391473 1.81266 -1.91951 1.60154 -2.31855 1.92246 1.74349
2.08619 0.512378 1.63862 -1.11114 -2.29366 1.5217 3.0173 0.62594 2.31924 0.391473 1.81266 -1.91951 1.60154 -2.31855 1.92246 1.74349
2.08273 0.512378 1.63862 -1.11114 -2.29366 1.5217 3.0173 0.62594 2.31924 0.391473 1.81266 -1.91951 1.60154 -2.31855 1.92246 1.74349
2.07921 0.512378 1.63862 -1.11114 -2.29366 1.5217 3.0173 0.62594 2.31924 0.391473 1.81266 -1.91951 1.60154 -2.31855 1.92246 1.74349
2.0757 0.512378 1.63862 -1.11114 -2.29366 1.5217 3.0173 0.62594 2.31924 0.391473 1.81266 -1.91951 1.60154 -2.31855 1.92246 1.74349
2.07225 0.512378 1.63862 -1.11114 -2.29366 1.5217 3.0173 0.62594 2.31924 0.391473 1.81266 -1.91951 1.60154 -2.31855 1.92246 1.74349
2.06874 0.512378 1.63862 -1.11114 -2.29366 1.5217 3.0173 0.62594 2.31924 0.391473 1.81266 -1.91951 1.60154 -2.31855 1.92246 1.74349
2.06526 0.512378 1.63862 -1.11114 -2.29366 1.5217 3.0173 0.62594 2.31924 0.391473 1.81266 -1.91951 1.60154 -2.31855 1.92246 1.74349
2.06169 0.512378 1.63862 -1.11114 -2.29366 1.5217 3.0173 0.62594 2.31924 0.391473 1.81266 -1.91951 1.60154 -2.31855 1.92246 1.74349
2.05806 0.512378 1.63862 -1.11114 -2.29366 1.5217 3.0173 0.62594 2.31924 0.391473 1.81266 -1.91951 1.60154 -2.31855 1.92246 1.74349
2.05436 0.512378 1.63862 -1.11114 -2.29366 1.5217 3.0173 0.62594 2.31924 0.391473 1.81266 -1.91951 1.60154 -2.31855 1.92246 1.74349
2.05077 0.512378 1.63862 -1.11114 -2.29366 1.5217 3.0173 0.62594 2.31924 0.391473 1.81266 -1.91951 1.60154 -2.31855 1.92246 1.74349
2.0471 0.512378 1.63862 -1.11114 -2.29366 1.5217 3.0173 0.62594 2.31924 0.391473 1.81266 -1.91951 1.60154 -2.31855 1.92246 1.74349
2.04345 0.512378 1.63862 -1.11114 -2.29366 1.5217 3.0173 0.62594 2.31924 0.391473 1.81266 -1.91951 1.60154 -2.31855 1.92246 1.74349
2.03967 0.512378 1.63862 -1.11114 -2.29366 1.5217 3.0173 0.62594 2.31924 0.391473 1.81266 -1.91951 1.60154 -2.31855 1.92246 1.74349
2.03594 0.512378 1.63862 -1.11114 -2.29366 1.5217 3.0173 0.62594 2.31924 0.391473 1.81266 -1.91951 1.60154 -2.31855 1.92246 1.74349
2.03228 0.512378 1.63862 -1.11114 -2.29366 1.5217 3.0173 0.62594 2.31924 0.391473 1.81266 -1.91951 1.60154 -2.31855 1.92246 1.74349
2.02862 0.512378 1.63862 -1.11114 -2.29366 1.5217 3.0173 0.62594 2.31924 0.391473 1.81266 -1.91951 1.60154 -2.31855 1.92246 1.74349
2.02491 0.512378 1.63862 -1.11114 -2.29366 1.5217 3.0173 0.62594 2.31924 0.391473 1.81266 -1.91951 1.60154 -2.31855 1.92246 1.74349
2.0211 0.512378 1.63862 -1.11114 -2.29366 1.5217 3.0173 0.62594 2.31924 0.391473 1.81266 -1.91951 1.60154 -2.31855 1.92246 1.74349
2.01736 0.512378 1.63862 -1.11114 -2.29366 1.5217 3.0173 0.62594 2.31924 0.391473 1.81266 -1.91951 1.60154 -2.31855 1.92246 1.74349
2.01363 0.512378 1.63862 -1.11114 -2.29366 1.5217 3.0173 0.62594 2.31924 0.391473 1.81266 -1.91951 1.60154 -2.31855 1.92246 1.74349
2.00989 0.512378 1.63862 -1.11114 -2.29366 1.5217 3.0173 0.62594 2.31924 0.391473 1.81266 -1.91951 1.60154 -2.31855 1.92246 1.74349
2.00613 0.512378 1.63862 -1.11114 -2.29366 1.5217 3.0173 0.62594 2.31924 0.391473 1.81266 -1.91951 1.60154 -2.31855 1.92246 1.74349
2.00228 0.512378 1.63862 -1.11114 -2.29366 1.5217 3.0173 0.62594 2.31924 0.391473 1.81266 -1.91951 1.60154 -2.31855 1.92246 1.74349
1.99846 0.512378 1.63862 -1.11114 -2.29366 1.5217 3.0173 0.62594 2.31924 0.391473 1.81266 -1.91951 1.60154 -2.31855 1.92246 1.74349
1.99467 0.512378 1.63862 -1.11114 -2.29366 1.5217 3.0173 0.62594 2.31924 0.391473 1.81266 -1.91951 1.60154 -2.31855 1.92246 1.74349
1.99089 0.512378 1.63862 -1.11114 -2.29366 1.5217 3.0173 0.62594 2.31924 0.391473 1.81266 -1.91951 1.60154 -2.31855 1.92246 1.74349
1.98692 0.512378 1.63862 -1.11114 -2.29366 1.5217 3.0173 0.62594 2.31924 0.391473 1.81266 -1.91951 1.60154 -2.31855 1.92246 1.74349
1.98304 0.512378 1.63862 -1.11114 -2.29366 1.5217 3.0173 0.62594 2.31924 0.391473 1.81266 -1.91951 1.60154 -2.31855 1.92246 1.74349
1.97912 0.512378 1.63862 -1.11114 -2.29366 1.5217 3.0173 0.62594 2.31924 0.391473 1.81266 -1.91951 1.60154 -2.31855 1.92246 1.74349
1.97525 0.512378 1.63862 -1.11114 -2.29366 1.5217 3.0173 0.62594 2.31924 0.391473 1.81266 -1.91951 1.60154 -2.31855 1.92246 1.74349
1.97133 0.512378 1.63862 -1.11114 -2.29366 1.5217 3.0173 0.62594 2.31924 0.391473 1.81266 -1.91951 1.60154 -2.31855 1.92246 1.74349
1.96745 0.512378 1.63862 -1.11114 -2.29366 1.5217 3.0173 0.62594 2.31924 0.391473 1.81266 -1.91951 1.60154 -2.31855 1.92246 1.74349
1.96349 0.512378 1.63862 -1.11114 -2.29366 1.5217 3.0173 0.62594 2.31924 0.391473 1.81266 -1.91951 1.60154 -2.31855 1.92246 1.74349
1.9595 0.512378 1.63862 -1.11114 -2.29366 1.5217 3.0173 0.62594 2.31924 0.391473 1.81266 -1.91951 1.60154 -2.31855 1.92246 1.74349
1.95547 0.512378 1.63862 -1.11114 -2.29366 1.5217 3.0173 0.62594 2.31924 0.391473 1.81266 -1.91951 1.60154 -2.31855 1.92246 1.74349
1.95138 0.512378 1.63862 -1.11114 -2.29366 1.5217 3.0173 0.62594 2.31924 0.391473 1.81266 -1.91951 1.60154 -2.31855 1.92246 1.74349
1.94736 0.512378 1.63862 -1.11114 -2.29366 1.5217 3.0173 0.62594 2.31924 0.391473 1.81266 -1.91951 1.60154 -2.31855 1.92246 1.74349
1.94333 0.512378 1.63862 -1.11114 -2.29366 1.5217 3.0173 0.62594 2.31924 0.391473 1.81266 -1.91951 1.60154 -2.31855 1.92246 1.74349
1.93921 0.512378 1.63862 -1.11114 -2.29366 1.5217 3.0173 0.62594 2.31924 0.391473 1.81266 -1.91951 1.60154 -2.31855 1.92246 1.74349
1.93517 0.512378 1.63862 -1.11114 -2.29366 1.5217 3.0173 0.62594 2.31924 0.391473 1.81266 -1.91951 1.60154 -2.31855 1.92246 1.74349
1.93116 0.512378 1.63862 -1.11114 -2.29366 1.5217 3.0173 0.62594 2.31924 0.391473 1.81266 -1.91951 1.60154 -2.31855 1.92246 1.74349
1.92707 0.512378 1.63862 -1.11114 -2.29366 1.5217 3.0173 0.62594 2.31924 0.391473 1.81266 -1.91951 1.60154 -2.31855 1.92246 1.74349
1.92293 0.512378 1.63862 -1.11114 -2.29366 1.5217 3.0173 0.62594 2.31924 0.391473 1.81266 -1.91951 1.60154 -2.31855 1.92246 1.74349
1.9188 0.512378 1.63862 -1.11114 -2.29366 1.5217 3.0173 0.62594 2.31924 0.391473 1.81266 -1.91951 1.60154 -2.31855 1.92246 1.74349
1.91471 0.512378 1.63862 -1.11114 -2.29366 1.5217 3.0173 0.62594 2.31924 0.391473 1.81266 -1.91951 1.60154 -2.31855 1.92246 1.74349
1.91058 0.512378 1.63862 -1.11114 -2.29366 1.5217 3.0173 0.62594 2.31924 0.391473 1.81266 -1.91951 1.60154 -2.31855 1.92246 1.74349
