20.94
20.951
20.961
20.972
20.982
20.992
21.003
21.013
21.023
21.035
21.056
21.076
21.097
21.117
21.138
21.159
21.179
21.2
21.22
21.241
21.28
21.319
21.358
21.396
21.435
21.473
21.512
21.552
21.59
21.629
21.667
21.706
21.745
21.783
23.666
23.677
23.688
23.698
23.709
23.72
23.731
23.741
23.752
23.766
23.806
23.845
23.883
23.921
23.96
23.998
24.036
24.076
24.115
24.153
24.191
26.473
26.483
26.494
26.504
26.514
26.525
26.535
26.546
26.556
26.568
26.588
26.628
26.666
26.705
26.745
26.785
26.824
26.863
26.901
26.94
26.979
27.018
27.057
27.096
27.135
27.173
27.211
27.25
27.288
27.327
27.366
27.404
27.443
27.482
27.521
27.56
27.598
27.636
27.675
27.714
27.754
27.793
27.833
27.872
27.911
27.949
27.988
28.026
28.065
28.104
28.142
28.181
28.22
28.259
28.297
28.336
28.374
28.413
28.452
28.49
28.529
28.568
28.607
28.646
28.686
28.725
28.764
28.803
28.842
28.88
28.919
28.958
28.996
29.035
29.074
29.112
29.151
29.19
29.228
29.267
29.306
29.345
29.384
29.422
29.461
29.5
29.538
29.577
29.617
29.657
29.696
29.735
29.773
29.812
29.851
29.889
29.928
29.966
30.006
30.044
