1.4311 1.16534 1.68477 0.78534 -0.796687 -0.214503 -0.981645 0.240673 -2.71267 1.0125 -0.351018 -2.95995 -1.88964 0.688231 0.246615 -1.50624
1.4311 1.16534 1.68477 0.78534 -0.796687 -0.214503 -0.981645 0.240673 -2.71267 1.0125 -0.351018 -2.95995 -1.88964 0.688231 0.246615 -1.50624
1.4311 1.16534 1.68477 0.78534 -0.796687 -0.214503 -0.981645 0.240673 -2.71267 1.0125 -0.351018 -2.95995 -1.88964 0.688231 0.246615 -1.50624
1.4311 1.16534 1.68477 0.78534 -0.796687 -0.214503 -0.981645 0.240673 -2.71267 1.0125 -0.351018 -2.95995 -1.88964 0.688231 0.246615 -1.50624
1.4311 1.16534 1.68477 0.78534 -0.796687 -0.214503 -0.981645 0.240673 -2.71267 1.0125 -0.351018 -2.95995 -1.88964 0.688231 0.246615 -1.50624
1.4311 1.16534 1.68477 0.78534 -0.796687 -0.214503 -0.981645 0.240673 -2.71267 1.0125 -0.351018 -2.95995 -1.88964 0.688231 0.246615 -1.50624
1.4311 1.16534 1.68477 0.78534 -0.796687 -0.214503 -0.981645 0.240673 -2.71267 1.0125 -0.351018 -2.95995 -1.88964 0.688231 0.246615 -1.50624
1.4311 1.16534 1.68477 0.78534 -0.796687 -0.214503 -0.981645 0.240673 -2.71267 1.0125 -0.351018 -2.95995 -1.88964 0.688231 0.246615 -1.50624
1.4311 1.16534 1.68477 0.78534 -0.796687 -0.214503 -0.981645 0.240673 -2.71267 1.0125 -0.351018 -2.95995 -1.88964 0.688231 0.246615 -1.50624
1.4311 1.16534 1.68477 0.78534 -0.796687 -0.214503 -0.981645 0.240673 -2.71267 1.0125 -0.351018 -2.95995 -1.88964 0.688231 0.246615 -1.50624
1.4311 1.16534 1.68477 0.78534 -0.796687 -0.214503 -0.981645 0.240673 -2.71267 1.0125 -0.351018 -2.95995 -1.88964 0.688231 0.246615 -1.50624
1.43109 1.16534 1.68477 0.78534 -0.796687 -0.214503 -0.981645 0.240673 -2.71267 1.0125 -0.351018 -2.95995 -1.88964 0.688231 0.246615 -1.50624
1.43108 1.16534 1.68477 0.78534 -0.796687 -0.214503 -0.981645 0.240673 -2.71267 1.0125 -0.351018 -2.95995 -1.88964 0.688231 0.246615 -1.50624
1.43108 1.16534 1.68477 0.78534 -0.796687 -0.214503 -0.981645 0.240673 -2.71267 1.0125 -0.351018 -2.95995 -1.88964 0.688231 0.246615 -1.50624
1.43108 1.16534 1.68477 0.78534 -0.796687 -0.214503 -0.981645 0.240673 -2.71267 1.0125 -0.351018 -2.95995 -1.88964 0.688231 0.246615 -1.50624
1.43108 1.16534 1.68477 0.78534 -0.796687 -0.214503 -0.981645 0.240673 -2.71267 1.0125 -0.351018 -2.95995 -1.88964 0.688231 0.246615 -1.50624
1.43108 1.16534 1.68477 0.78534 -0.796687 -0.214503 -0.981645 0.240673 -2.71267 1.0125 -0.351018 -2.95995 -1.88964 0.688231 0.246615 -1.50624
1.43108 1.16534 1.68477 0.78534 -0.796687 -0.214503 -0.981645 0.240673 -2.71267 1.0125 -0.351018 -2.95995 -1.88964 0.688231 0.246615 -1.50624
1.43108 1.16534 1.68477 0.78534 -0.796687 -0.214503 -0.981645 0.240673 -2.71267 1.0125 -0.351018 -2.95995 -1.88964 0.688231 0.246615 -1.50624
1.43108 1.16534 1.68477 0.78534 -0.796687 -0.214503 -0.981645 0.240673 -2.71267 1.0125 -0.351018 -2.95995 -1.88964 0.688231 0.246615 -1.50624
1.43177 1.16534 1.68477 0.78534 -0.796687 -0.214503 -0.981645 0.240673 -2.71267 1.0125 -0.351018 -2.95995 -1.88964 0.688231 0.246615 -1.50624
1.43259 1.16534 1.68477 0.78534 -0.796687 -0.214503 -0.981645 0.240673 -2.71267 1.0125 -0.351018 -2.95995 -1.88964 0.688231 0.246615 -1.50624
1.43331 1.16534 1.68477 0.78534 -0.796687 -0.214503 -0.981645 0.240673 -2.71267 1.0125 -0.351018 -2.95995 -1.88964 0.688231 0.246615 -1.50624
1.43398 1.16534 1.68477 0.78534 -0.796687 -0.214503 -0.981645 0.240673 -2.71267 1.0125 -0.351018 -2.95995 -1.88964 0.688231 0.246615 -1.50624
1.43464 1.16534 1.68477 0.78534 -0.796687 -0.214503 -0.981645 0.240673 -2.71267 1.0125 -0.351018 -2.95995 -1.88964 0.688231 0.246615 -1.50624
1.43543 1.16534 1.68477 0.78534 -0.796687 -0.214503 -0.981645 0.240673 -2.71267 1.0125 -0.351018 -2.95995 -1.88964 0.688231 0.246615 -1.50624
1.43639 1.16534 1.68477 0.78534 -0.796687 -0.214503 -0.981645 0.240673 -2.71267 1.0125 -0.351018 -2.95995 -1.88964 0.688231 0.246615 -1.50624
1.43749 1.16534 1.68477 0.78534 -0.796687 -0.214503 -0.981645 0.240673 -2.71267 1.0125 -0.351018 -2.95995 -1.88964 0.688231 0.246615 -1.50624
1.43854 1.16534 1.68477 0.78534 -0.796687 -0.214503 -0.981645 0.240673 -2.71267 1.0125 -0.351018 -2.95995 -1.88964 0.688231 0.246615 -1.50624
1.43963 1.16534 1.68477 0.78534 -0.796687 -0.214503 -0.981645 0.240673 -2.71267 1.0125 -0.351018 -2.95995 -1.88964 0.688231 0.246615 -1.50624
1.4409 1.16534 1.68477 0.78534 -0.796687 -0.214503 -0.981645 0.240673 -2.71267 1.0125 -0.351018 -2.95995 -1.88964 0.688231 0.246615 -1.50624
1.44221 1.16534 1.68477 0.78534 -0.796687 -0.214503 -0.981645 0.240673 -2.71267 1.0125 -0.351018 -2.95995 -1.88964 0.688231 0.246615 -1.50624
1.44348 1.16534 1.68477 0.78534 -0.796687 -0.214503 -0.981645 0.240673 -2.71267 1.0125 -0.351018 -2.95995 -1.88964 0.688231 0.246615 -1.50624
1.44486 1.16534 1.68477 0.78534 -0.796687 -0.214503 -0.981645 0.240673 -2.71267 1.0125 -0.351018 -2.95995 -1.88964 0.688231 0.246615 -1.50624
1.44634 1.16534 1.68477 0.78534 -0.796687 -0.214503 -0.981645 0.240673 -2.71267 1.0125 -0.351018 -2.95995 -1.88964 0.688231 0.246615 -1.50624
1.44799 1.16534 1.68477 0.78534 -0.796687 -0.214503 -0.981645 0.240673 -2.71267 1.0125 -0.351018 -2.95995 -1.88964 0.688231 0.246615 -1.50624
1.4496 1.16534 1.68477 0.78534 -0.796687 -0.214503 -0.981645 0.240673 -2.71267 1.0125 -0.351018 -2.95995 -1.88964 0.688231 0.246615 -1.50624
1.45115 1.16534 1.68477 0.78534 -0.796687 -0.214503 -0.981645 0.240673 -2.71267 1.0125 -0.351018 -2.95995 -1.88964 0.688231 0.246615 -1.50624
1.45281 1.16534 1.68477 0.78534 -0.796687 -0.214503 -0.981645 0.240673 -2.71267 1.0125 -0.351018 -2.95995 -1.88964 0.688231 0.246615 -1.50624
1.45447 1.16534 1.68477 0.78534 -0.796687 -0.214503 -0.981645 0.240673 -2.71267 1.0125 -0.351018 -2.95995 -1.88964 0.688231 0.246615 -1.50624
1.45608 1.16534 1.68477 0.78534 -0.796687 -0.214503 -0.981645 0.240673 -2.71267 1.0125 -0.351018 -2.95995 -1.88964 0.688231 0.246615 -1.50624
1.45777 1.16534 1.68477 0.78534 -0.796687 -0.214503 -0.981645 0.240673 -2.71267 1.0125 -0.351018 -2.95995 -1.88964 0.688231 0.246615 -1.50624
1.45937 1.16534 1.68477 0.78534 -0.796687 -0.214503 -0.981645 0.240673 -2.71267 1.0125 -0.351018 -2.95995 -1.88964 0.688231 0.246615 -1.50624
1.46121 1.16534 1.68477 0.78534 -0.796687 -0.214503 -0.981645 0.240673 -2.71267 1.0125 -0.351018 -2.95995 -1.88964 0.688231 0.246615 -1.50624
1.46312 1.16534 1.68477 0.78534 -0.796687 -0.214503 -0.981645 0.240673 -2.71267 1.0125 -0.351018 -2.95995 -1.88964 0.688231 0.246615 -1.50624
1.46517 1.16534 1.68477 0.78534 -0.796687 -0.214503 -0.981645 0.240673 -2.71267 1.0125 -0.351018 -2.95995 -1.88964 0.688231 0.246615 -1.50624
1.46718 1.16534 1.68477 0.78534 -0.796687 -0.214503 -0.981645 0.240673 -2.71267 1.0125 -0.351018 -2.95995 -1.88964 0.688231 0.246615 -1.50624
1.46913 1.16534 1.68477 0.78534 -0.796687 -0.214503 -0.981645 0.240673 -2.71267 1.0125 -0.351018 -2.95995 -1.88964 0.688231 0.246615 -1.50624
1.4711 1.16534 1.68477 0.78534 -0.796687 -0.214503 -0.981645 0.240673 -2.71267 1.0125 -0.351018 -2.95995 -1.88964 0.688231 0.246615 -1.50624
1.47319 1.16534 1.68477 0.78534 -0.796687 -0.214503 -0.981645 0.240673 -2.71267 1.0125 -0.351018 -2.95995 -1.88964 0.688231 0.246615 -1.50624
1.47532 1.16534 1.68477 0.78534 -0.796687 -0.214503 -0.981645 0.240673 -2.71267 1.0125 -0.351018 -2.95995 -1.88964 0.688231 0.246615 -1.50624
1.4775 1.16534 1.68477 0.78534 -0.796687 -0.214503 -0.981645 0.240673 -2.71267 1.0125 -0.351018 -2.95995 -1.88964 0.688231 0.246615 -1.50624
1.47961 1.16534 1.68477 0.78534 -0.796687 -0.214503 -0.981645 0.240673 -2.71267 1.0125 -0.351018 -2.95995 -1.88964 0.688231 0.246615 -1.50624
1.48193 1.16534 1.68477 0.78534 -0.796687 -0.214503 -0.981645 0.240673 -2.71267 1.0125 -0.351018 -2.95995 -1.88964 0.688231 0.246615 -1.50624
1.48422 1.16534 1.68477 0.78534 -0.796687 -0.214503 -0.981645 0.240673 -2.71267 1.0125 -0.351018 -2.95995 -1.88964 0.688231 0.246615 -1.50624
1.48651 1.16534 1.68477 0.78534 -0.796687 -0.214503 -0.981645 0.240673 -2.71267 1.0125 -0.351018 -2.95995 -1.88964 0.688231 0.246615 -1.50624
1.48884 1.16534 1.68477 0.78534 -0.796687 -0.214503 -0.981645 0.240673 -2.71267 1.0125 -0.351018 -2.95995 -1.88964 0.688231 0.246615 -1.50624
1.49128 1.16534 1.68477 0.78534 -0.796687 -0.214503 -0.981645 0.240673 -2.71267 1.0125 -0.351018 -2.95995 -1.88964 0.688231 0.246615 -1.50624
1.49379 1.16534 1.68477 0.78534 -0.796687 -0.214503 -0.981645 0.240673 -2.71267 1.0125 -0.351018 -2.95995 -1.88964 0.688231 0.246615 -1.50624
1.49632 1.16534 1.68477 0.78534 -0.796687 -0.214503 -0.981645 0.240673 -2.71267 1.0125 -0.351018 -2.95995 -1.88964 0.688231 0.246615 -1.50624
1.49887 1.16534 1.68477 0.78534 -0.796687 -0.214503 -0.981645 0.240673 -2.71267 1.0125 -0.351018 -2.95995 -1.88964 0.688231 0.246615 -1.50624
1.50156 1.16534 1.68477 0.78534 -0.796687 -0.214503 -0.981645 0.240673 -2.71267 1.0125 -0.351018 -2.95995 -1.88964 0.688231 0.246615 -1.50624
1.50438 1.16534 1.68477 0.78534 -0.796687 -0.214503 -0.981645 0.240673 -2.71267 1.0125 -0.351018 -2.95995 -1.88964 0.688231 0.246615 -1.50624
1.50723 1.16534 1.68477 0.78534 -0.796687 -0.214503 -0.981645 0.240673 -2.71267 1.0125 -0.351018 -2.95995 -1.88964 0.688231 0.246615 -1.50624
1.50999 1.16534 1.68477 0.78534 -0.796687 -0.214503 -0.981645 0.240673 -2.71267 1.0125 -0.351018 -2.95995 -1.88964 0.688231 0.246615 -1.50624
1.51268 1.16534 1.68477 0.78534 -0.796687 -0.214503 -0.981645 0.240673 -2.71267 1.0125 -0.351018 -2.95995 -1.88964 0.688231 0.246615 -1.50624
1.51544 1.16534 1.68477 0.78534 -0.796687 -0.214503 -0.981645 0.240673 -2.71267 1.0125 -0.351018 -2.95995 -1.88964 0.688231 0.246615 -1.50624
1.51831 1.16534 1.68477 0.78534 -0.796687 -0.214503 -0.981645 0.240673 -2.71267 1.0125 -0.351018 -2.95995 -1.88964 0.688231 0.246615 -1.50624
1.52134 1.16534 1.68477 0.78534 -0.796687 -0.214503 -0.981645 0.240673 -2.71267 1.0125 -0.351018 -2.95995 -1.88964 0.688231 0.246615 -1.50624
1.52449 1.16534 1.68477 0.78534 -0.796687 -0.214503 -0.981645 0.240673 -2.71267 1.0125 -0.351018 -2.95995 -1.88964 0.688231 0.246615 -1.50624
1.52776 1.16534 1.68477 0.78534 -0.796687 -0.214503 -0.981645 0.240673 -2.71267 1.0125 -0.351018 -2.95995 -1.88964 0.688231 0.246615 -1.50624
1.53088 1.16534 1.68477 0.78534 -0.796687 -0.214503 -0.981645 0.240673 -2.71267 1.0125 -0.351018 -2.95995 -1.88964 0.688231 0.246615 -1.50624
1.53412 1.16534 1.68477 0.78534 -0.796687 -0.214503 -0.981645 0.240673 -2.71267 1.0125 -0.351018 -2.95995 -1.88964 0.688231 0.246615 -1.50624
1.53734 1.16534 1.68477 0.78534 -0.796687 -0.214503 -0.981645 0.240673 -2.71267 1.0125 -0.351018 -2.95995 -1.88964 0.688231 0.246615 -1.50624
1.54091 1.16534 1.68477 0.78534 -0.796687 -0.214503 -0.981645 0.240673 -2.71267 1.0125 -0.351018 -2.95995 -1.88964 0.688231 0.246615 -1.50624
1.54473 1.16534 1.68477 0.78534 -0.796687 -0.214503 -0.981645 0.240673 -2.71267 1.0125 -0.351018 -2.95995 -1.88964 0.688231 0.246615 -1.50624
1.55162 1.16534 1.68477 0.78534 -0.796687 -0.214503 -0.981645 0.240673 -2.71267 1.0125 -0.351018 -2.95995 -1.88964 0.688231 0.246615 -1.50624
1.55162 1.16534 1.68477 0.78534 -0.796687 -0.214503 -0.981645 0.240673 -2.71267 1.0125 -0.351018 -2.95995 -1.88964 0.688231 0.246615 -1.50624
1.55162 1.16534 1.68477 0.78534 -0.796687 -0.214503 -0.981645 0.240673 -2.71267 1.0125 -0.351018 -2.95995 -1.88964 0.688231 0.246615 -1.50624
1.55162 1.16534 1.68477 0.78534 -0.796687 -0.214503 -0.981645 0.240673 -2.71267 1.0125 -0.351018 -2.95995 -1.88964 0.688231 0.246615 -1.50624
1.55162 1.16534 1.68477 0.78534 -0.796687 -0.214503 -0.981645 0.240673 -2.71267 1.0125 -0.351018 -2.95995 -1.88964 0.688231 0.246615 -1.50624
1.55162 1.16534 1.68477 0.78534 -0.796687 -0.214503 -0.981645 0.240673 -2.71267 1.0125 -0.351018 -2.95995 -1.88964 0.688231 0.246615 -1.50624
1.55162 1.16534 1.68477 0.78534 -0.796687 -0.214503 -0.981645 0.240673 -2.71267 1.0125 -0.351018 -2.95995 -1.88964 0.688231 0.246615 -1.50624
1.55148 1.16534 1.68477 0.78534 -0.796687 -0.214503 -0.981645 0.240673 -2.71267 1.0125 -0.351018 -2.95995 -1.88964 0.688231 0.246615 -1.50624
1.55101 1.16534 1.68477 0.78534 -0.796687 -0.214503 -0.981645 0.240673 -2.71267 1.0125 -0.351018 -2.95995 -1.88964 0.688231 0.246615 -1.50624
1.55029 1.16534 1.68477 0.78534 -0.796687 -0.214503 -0.981645 0.240673 -2.71267 1.0125 -0.351018 -2.95995 -1.88964 0.688231 0.246615 -1.50624
1.54923 1.16534 1.68477 0.78534 -0.796687 -0.214503 -0.981645 0.240673 -2.71267 1.0125 -0.351018 -2.95995 -1.88964 0.688231 0.246615 -1.50624
1.54681 1.16534 1.68477 0.78534 -0.796687 -0.214503 -0.981645 0.240673 -2.71267 1.0125 -0.351018 -2.95995 -1.88964 0.688231 0.246615 -1.50624
1.54404 1.16534 1.68477 0.78534 -0.796687 -0.214503 -0.981645 0.240673 -2.71267 1.0125 -0.351018 -2.95995 -1.88964 0.688231 0.246615 -1.50624
1.54061 1.16534 1.68477 0.78534 -0.796687 -0.214503 -0.981645 0.240673 -2.71267 1.0125 -0.351018 -2.95995 -1.88964 0.688231 0.246615 -1.50624
1.53614 1.16534 1.68477 0.78534 -0.796687 -0.214503 -0.981645 0.240673 -2.71267 1.0125 -0.351018 -2.95995 -1.88964 0.688231 0.246615 -1.50624
1.53138 1.16534 1.68477 0.78534 -0.796687 -0.214503 -0.981645 0.240673 -2.71267 1.0125 -0.351018 -2.95995 -1.88964 0.688231 0.246615 -1.50624
1.52661 1.16534 1.68477 0.78534 -0.796687 -0.214503 -0.981645 0.240673 -2.71267 1.0125 -0.351018 -2.95995 -1.88964 0.688231 0.246615 -1.50624
1.52171 1.16534 1.68477 0.78534 -0.796687 -0.214503 -0.981645 0.240673 -2.71267 1.0125 -0.351018 -2.95995 -1.88964 0.688231 0.246615 -1.50624
1.51672 1.16534 1.68477 0.78534 -0.796687 -0.214503 -0.981645 0.240673 -2.71267 1.0125 -0.351018 -2.95995 -1.88964 0.688231 0.246615 -1.50624
1.51168 1.16534 1.68477 0.78534 -0.796687 -0.214503 -0.981645 0.240673 -2.71267 1.0125 -0.351018 -2.95995 -1.88964 0.688231 0.246615 -1.50624
1.50653 1.16534 1.68477 0.78534 -0.796687 -0.214503 -0.981645 0.240673 -2.71267 1.0125 -0.351018 -2.95995 -1.88964 0.688231 0.246615 -1.50624
1.50142 1.16534 1.68477 0.78534 -0.796687 -0.214503 -0.981645 0.240673 -2.71267 1.0125 -0.351018 -2.95995 -1.88964 0.688231 0.246615 -1.50624
1.49633 1.16534 1.68477 0.78534 -0.796687 -0.214503 -0.981645 0.240673 -2.71267 1.0125 -0.351018 -2.95995 -1.88964 0.688231 0.246615 -1.50624
1.49115 1.16534 1.68477 0.78534 -0.796687 -0.214503 -0.981645 0.240673 -2.71267 1.0125 -0.351018 -2.95995 -1.88964 0.688231 0.246615 -1.50624
1.48607 1.16534 1.68477 0.78534 -0.796687 -0.214503 -0.981645 0.240673 -2.71267 1.0125 -0.351018 -2.95995 -1.88964 0.688231 0.246615 -1.50624
1.48104 1.16534 1.68477 0.78534 -0.796687 -0.214503 -0.981645 0.240673 -2.71267 1.0125 -0.351018 -2.95995 -1.88964 0.688231 0.246615 -1.50624
1.47602 1.16534 1.68477 0.78534 -0.796687 -0.214503 -0.981645 0.240673 -2.71267 1.0125 -0.351018 -2.95995 -1.88964 0.688231 0.246615 -1.50624
1.47102 1.16534 1.68477 0.78534 -0.796687 -0.214503 -0.981645 0.240673 -2.71267 1.0125 -0.351018 -2.95995 -1.88964 0.688231 0.246615 -1.50624
1.46596 1.16534 1.68477 0.78534 -0.796687 -0.214503 -0.981645 0.240673 -2.71267 1.0125 -0.351018 -2.95995 -1.88964 0.688231 0.246615 -1.50624
1.46074 1.16534 1.68477 0.78534 -0.796687 -0.214503 -0.981645 0.240673 -2.71267 1.0125 -0.351018 -2.95995 -1.88964 0.688231 0.246615 -1.50624
1.45547 1.16534 1.68477 0.78534 -0.796687 -0.214503 -0.981645 0.240673 -2.71267 1.0125 -0.351018 -2.95995 -1.88964 0.688231 0.246615 -1.50624
1.4501 1.16534 1.68477 0.78534 -0.796687 -0.214503 -0.981645 0.240673 -2.71267 1.0125 -0.351018 -2.95995 -1.88964 0.688231 0.246615 -1.50624
1.44471 1.16534 1.68477 0.78534 -0.796687 -0.214503 -0.981645 0.240673 -2.71267 1.0125 -0.351018 -2.95995 -1.88964 0.688231 0.246615 -1.50624
1.43914 1.16534 1.68477 0.78534 -0.796687 -0.214503 -0.981645 0.240673 -2.71267 1.0125 -0.351018 -2.95995 -1.88964 0.688231 0.246615 -1.50624
1.43381 1.16534 1.68477 0.78534 -0.796687 -0.214503 -0.981645 0.240673 -2.71267 1.0125 -0.351018 -2.95995 -1.88964 0.688231 0.246615 -1.50624
1.4285 1.16534 1.68477 0.78534 -0.796687 -0.214503 -0.981645 0.240673 -2.71267 1.0125 -0.351018 -2.95995 -1.88964 0.688231 0.246615 -1.50624
1.42328 1.16534 1.68477 0.78534 -0.796687 -0.214503 -0.981645 0.240673 -2.71267 1.0125 -0.351018 -2.95995 -1.88964 0.688231 0.246615 -1.50624
1.41802 1.16534 1.68477 0.78534 -0.796687 -0.214503 -0.981645 0.240673 -2.71267 1.0125 -0.351018 -2.95995 -1.88964 0.688231 0.246615 -1.50624
1.41277 1.16534 1.68477 0.78534 -0.796687 -0.214503 -0.981645 0.240673 -2.71267 1.0125 -0.351018 -2.95995 -1.88964 0.688231 0.246615 -1.50624
1.40741 1.16534 1.68477 0.78534 -0.796687 -0.214503 -0.981645 0.240673 -2.71267 1.0125 -0.351018 -2.95995 -1.88964 0.688231 0.246615 -1.50624
1.40201 1.16534 1.68477 0.78534 -0.796687 -0.214503 -0.981645 0.240673 -2.71267 1.0125 -0.351018 -2.95995 -1.88964 0.688231 0.246615 -1.50624
1.39657 1.16534 1.68477 0.78534 -0.796687 -0.214503 -0.981645 0.240673 -2.71267 1.0125 -0.351018 -2.95995 -1.88964 0.688231 0.246615 -1.50624
1.391 1.16534 1.68477 0.78534 -0.796687 -0.214503 -0.981645 0.240673 -2.71267 1.0125 -0.351018 -2.95995 -1.88964 0.688231 0.246615 -1.50624
1.38553 1.16534 1.68477 0.78534 -0.796687 -0.214503 -0.981645 0.240673 -2.71267 1.0125 -0.351018 -2.95995 -1.88964 0.688231 0.246615 -1.50624
1.38008 1.16534 1.68477 0.78534 -0.796687 -0.214503 -0.981645 0.240673 -2.71267 1.0125 -0.351018 -2.95995 -1.88964 0.688231 0.246615 -1.50624
1.37462 1.16534 1.68477 0.78534 -0.796687 -0.214503 -0.981645 0.240673 -2.71267 1.0125 -0.351018 -2.95995 -1.88964 0.688231 0.246615 -1.50624
1.36912 1.16534 1.68477 0.78534 -0.796687 -0.214503 -0.981645 0.240673 -2.71267 1.0125 -0.351018 -2.95995 -1.88964 0.688231 0.246615 -1.50624
1.36359 1.16534 1.68477 0.78534 -0.796687 -0.214503 -0.981645 0.240673 -2.71267 1.0125 -0.351018 -2.95995 -1.88964 0.688231 0.246615 -1.50624
1.3581 1.16534 1.68477 0.78534 -0.796687 -0.214503 -0.981645 0.240673 -2.71267 1.0125 -0.351018 -2.95995 -1.88964 0.688231 0.246615 -1.50624
1.35255 1.16534 1.68477 0.78534 -0.796687 -0.214503 -0.981645 0.240673 -2.71267 1.0125 -0.351018 -2.95995 -1.88964 0.688231 0.246615 -1.50624
1.34691 1.16534 1.68477 0.78534 -0.796687 -0.214503 -0.981645 0.240673 -2.71267 1.0125 -0.351018 -2.95995 -1.88964 0.688231 0.246615 -1.50624
1.34132 1.16534 1.68477 0.78534 -0.796687 -0.214503 -0.981645 0.240673 -2.71267 1.0125 -0.351018 -2.95995 -1.88964 0.688231 0.246615 -1.50624
1.33562 1.16534 1.68477 0.78534 -0.796687 -0.214503 -0.981645 0.240673 -2.71267 1.0125 -0.351018 -2.95995 -1.88964 0.688231 0.246615 -1.50624
1.32997 1.16534 1.68477 0.78534 -0.796687 -0.214503 -0.981645 0.240673 -2.71267 1.0125 -0.351018 -2.95995 -1.88964 0.688231 0.246615 -1.50624
1.32434 1.16534 1.68477 0.78534 -0.796687 -0.214503 -0.981645 0.240673 -2.71267 1.0125 -0.351018 -2.95995 -1.88964 0.688231 0.246615 -1.50624
1.31868 1.16534 1.68477 0.78534 -0.796687 -0.214503 -0.981645 0.240673 -2.71267 1.0125 -0.351018 -2.95995 -1.88964 0.688231 0.246615 -1.50624
1.31291 1.16534 1.68477 0.78534 -0.796687 -0.214503 -0.981645 0.240673 -2.71267 1.0125 -0.351018 -2.95995 -1.88964 0.688231 0.246615 -1.50624
1.30711 1.16534 1.68477 0.78534 -0.796687 -0.214503 -0.981645 0.240673 -2.71267 1.0125 -0.351018 -2.95995 -1.88964 0.688231 0.246615 -1.50624
1.30076 1.16534 1.68477 0.78534 -0.796687 -0.214503 -0.981645 0.240673 -2.71267 1.0125 -0.351018 -2.95995 -1.88964 0.688231 0.246615 -1.50624
1.29494 1.16534 1.68477 0.78534 -0.796687 -0.214503 -0.981645 0.240673 -2.71267 1.0125 -0.351018 -2.95995 -1.88964 0.688231 0.246615 -1.50624
1.28898 1.16534 1.68477 0.78534 -0.796687 -0.214503 -0.981645 0.240673 -2.71267 1.0125 -0.351018 -2.95995 -1.88964 0.688231 0.246615 -1.50624
1.28319 1.16534 1.68477 0.78534 -0.796687 -0.214503 -0.981645 0.240673 -2.71267 1.0125 -0.351018 -2.95995 -1.88964 0.688231 0.246615 -1.50624
1.2774 1.16534 1.68477 0.78534 -0.796687 -0.214503 -0.981645 0.240673 -2.71267 1.0125 -0.351018 -2.95995 -1.88964 0.688231 0.246615 -1.50624
1.27152 1.16534 1.68477 0.78534 -0.796687 -0.214503 -0.981645 0.240673 -2.71267 1.0125 -0.351018 -2.95995 -1.88964 0.688231 0.246615 -1.50624
1.26566 1.16534 1.68477 0.78534 -0.796687 -0.214503 -0.981645 0.240673 -2.71267 1.0125 -0.351018 -2.95995 -1.88964 0.688231 0.246615 -1.50624
1.2598 1.16534 1.68477 0.78534 -0.796687 -0.214503 -0.981645 0.240673 -2.71267 1.0125 -0.351018 -2.95995 -1.88964 0.688231 0.246615 -1.50624
1.25387 1.16534 1.68477 0.78534 -0.796687 -0.214503 -0.981645 0.240673 -2.71267 1.0125 -0.351018 -2.95995 -1.88964 0.688231 0.246615 -1.50624
