30.75
30.761
30.771
30.781
30.792
30.802
30.812
30.823
30.833
30.845
30.865
30.886
30.906
30.927
30.947
30.968
30.989
31.009
31.03
31.051
31.089
31.127
31.166
31.205
31.243
31.281
31.32
31.358
31.397
31.435
31.474
31.513
31.553
31.592
31.631
31.669
31.708
31.746
31.785
31.824
31.862
31.901
31.939
31.978
32.016
32.055
32.093
32.132
32.17
32.209
32.247
32.286
32.325
32.365
32.404
32.443
32.482
32.52
32.558
32.597
32.635
32.674
32.713
32.751
32.79
32.829
32.868
32.906
32.944
32.983
33.021
33.06
33.1
33.139
33.178
33.217
33.955
33.966
33.976
33.986
33.997
34.007
34.018
34.028
34.038
34.05
34.071
34.11
34.148
34.187
34.226
34.264
34.303
34.341
34.38
34.418
34.457
34.495
34.534
34.573
34.611
34.649
34.688
34.726
34.764
34.804
34.843
34.882
34.922
34.962
35.001
35.039
35.078
35.116
35.155
35.193
35.232
35.271
35.31
35.349
35.387
35.426
35.465
35.503
35.542
35.581
35.619
35.659
35.697
35.736
35.774
35.813
35.852
35.895
35.934
35.974
36.013
36.051
36.09
36.128
36.167
36.205
36.244
