2.69376 0.570661 1.71463 -1.12618 -0.743422 -0.0456676 -1.91887 -1.13427 0.506434 -0.210157 1.37964 2.51029 1.63534 2.09834 -1.89468 1.92316
2.69376 0.570661 1.71463 -1.12618 -0.743422 -0.0456676 -1.91887 -1.13427 0.506434 -0.210157 1.37964 2.51029 1.63534 2.09834 -1.89468 1.92316
2.69376 0.570661 1.71463 -1.12618 -0.743422 -0.0456676 -1.91887 -1.13427 0.506434 -0.210157 1.37964 2.51029 1.63534 2.09834 -1.89468 1.92316
2.69376 0.570661 1.71463 -1.12618 -0.743422 -0.0456676 -1.91887 -1.13427 0.506434 -0.210157 1.37964 2.51029 1.63534 2.09834 -1.89468 1.92316
2.69376 0.570661 1.71463 -1.12618 -0.743422 -0.0456676 -1.91887 -1.13427 0.506434 -0.210157 1.37964 2.51029 1.63534 2.09834 -1.89468 1.92316
2.69376 0.570661 1.71463 -1.12618 -0.743422 -0.0456676 -1.91887 -1.13427 0.506434 -0.210157 1.37964 2.51029 1.63534 2.09834 -1.89468 1.92316
2.69376 0.570661 1.71463 -1.12618 -0.743422 -0.0456676 -1.91887 -1.13427 0.506434 -0.210157 1.37964 2.51029 1.63534 2.09834 -1.89468 1.92316
2.69376 0.570661 1.71463 -1.12618 -0.743422 -0.0456676 -1.91887 -1.13427 0.506434 -0.210157 1.37964 2.51029 1.63534 2.09834 -1.89468 1.92316
2.69376 0.570661 1.71463 -1.12618 -0.743422 -0.0456676 -1.91887 -1.13427 0.506434 -0.210157 1.37964 2.51029 1.63534 2.09834 -1.89468 1.92316
2.69376 0.570661 1.71463 -1.12618 -0.743422 -0.0456676 -1.91887 -1.13427 0.506434 -0.210157 1.37964 2.51029 1.63534 2.09834 -1.89468 1.92316
2.69376 0.570661 1.71463 -1.12618 -0.743422 -0.0456676 -1.91887 -1.13427 0.506434 -0.210157 1.37964 2.51029 1.63534 2.09834 -1.89468 1.92316
2.69381 0.570661 1.71463 -1.12618 -0.743422 -0.0456676 -1.91887 -1.13427 0.506434 -0.210157 1.37964 2.51029 1.63534 2.09834 -1.89468 1.92316
2.69381 0.570661 1.71463 -1.12618 -0.743422 -0.0456676 -1.91887 -1.13427 0.506434 -0.210157 1.37964 2.51029 1.63534 2.09834 -1.89468 1.92316
2.69379 0.570661 1.71463 -1.12618 -0.743422 -0.0456676 -1.91887 -1.13427 0.506434 -0.210157 1.37964 2.51029 1.63534 2.09834 -1.89468 1.92316
2.69371 0.570661 1.71463 -1.12618 -0.743422 -0.0456676 -1.91887 -1.13427 0.506434 -0.210157 1.37964 2.51029 1.63534 2.09834 -1.89468 1.92316
2.69368 0.570661 1.71463 -1.12618 -0.743422 -0.0456676 -1.91887 -1.13427 0.506434 -0.210157 1.37964 2.51029 1.63534 2.09834 -1.89468 1.92316
2.69345 0.570661 1.71463 -1.12618 -0.743422 -0.0456676 -1.91887 -1.13427 0.506434 -0.210157 1.37964 2.51029 1.63534 2.09834 -1.89468 1.92316
2.69301 0.570661 1.71463 -1.12618 -0.743422 -0.0456676 -1.91887 -1.13427 0.506434 -0.210157 1.37964 2.51029 1.63534 2.09834 -1.89468 1.92316
2.69231 0.570661 1.71463 -1.12618 -0.743422 -0.0456676 -1.91887 -1.13427 0.506434 -0.210157 1.37964 2.51029 1.63534 2.09834 -1.89468 1.92316
2.69138 0.570661 1.71463 -1.12618 -0.743422 -0.0456676 -1.91887 -1.13427 0.506434 -0.210157 1.37964 2.51029 1.63534 2.09834 -1.89468 1.92316
2.68923 0.570661 1.71463 -1.12618 -0.743422 -0.0456676 -1.91887 -1.13427 0.506434 -0.210157 1.37964 2.51029 1.63534 2.09834 -1.89468 1.92316
2.68691 0.570661 1.71463 -1.12618 -0.743422 -0.0456676 -1.91887 -1.13427 0.506434 -0.210157 1.37964 2.51029 1.63534 2.09834 -1.89468 1.92316
2.68449 0.570661 1.71463 -1.12618 -0.743422 -0.0456676 -1.91887 -1.13427 0.506434 -0.210157 1.37964 2.51029 1.63534 2.09834 -1.89468 1.92316
2.68197 0.570661 1.71463 -1.12618 -0.743422 -0.0456676 -1.91887 -1.13427 0.506434 -0.210157 1.37964 2.51029 1.63534 2.09834 -1.89468 1.92316
2.67938 0.570661 1.71463 -1.12618 -0.743422 -0.0456676 -1.91887 -1.13427 0.506434 -0.210157 1.37964 2.51029 1.63534 2.09834 -1.89468 1.92316
2.67676 0.570661 1.71463 -1.12618 -0.743422 -0.0456676 -1.91887 -1.13427 0.506434 -0.210157 1.37964 2.51029 1.63534 2.09834 -1.89468 1.92316
2.67427 0.570661 1.71463 -1.12618 -0.743422 -0.0456676 -1.91887 -1.13427 0.506434 -0.210157 1.37964 2.51029 1.63534 2.09834 -1.89468 1.92316
2.6718 0.570661 1.71463 -1.12618 -0.743422 -0.0456676 -1.91887 -1.13427 0.506434 -0.210157 1.37964 2.51029 1.63534 2.09834 -1.89468 1.92316
2.66918 0.570661 1.71463 -1.12618 -0.743422 -0.0456676 -1.91887 -1.13427 0.506434 -0.210157 1.37964 2.51029 1.63534 2.09834 -1.89468 1.92316
2.66654 0.570661 1.71463 -1.12618 -0.743422 -0.0456676 -1.91887 -1.13427 0.506434 -0.210157 1.37964 2.51029 1.63534 2.09834 -1.89468 1.92316
2.6639 0.570661 1.71463 -1.12618 -0.743422 -0.0456676 -1.91887 -1.13427 0.506434 -0.210157 1.37964 2.51029 1.63534 2.09834 -1.89468 1.92316
2.6613 0.570661 1.71463 -1.12618 -0.743422 -0.0456676 -1.91887 -1.13427 0.506434 -0.210157 1.37964 2.51029 1.63534 2.09834 -1.89468 1.92316
2.65865 0.570661 1.71463 -1.12618 -0.743422 -0.0456676 -1.91887 -1.13427 0.506434 -0.210157 1.37964 2.51029 1.63534 2.09834 -1.89468 1.92316
2.65604 0.570661 1.71463 -1.12618 -0.743422 -0.0456676 -1.91887 -1.13427 0.506434 -0.210157 1.37964 2.51029 1.63534 2.09834 -1.89468 1.92316
2.65345 0.570661 1.71463 -1.12618 -0.743422 -0.0456676 -1.91887 -1.13427 0.506434 -0.210157 1.37964 2.51029 1.63534 2.09834 -1.89468 1.92316
2.65084 0.570661 1.71463 -1.12618 -0.743422 -0.0456676 -1.91887 -1.13427 0.506434 -0.210157 1.37964 2.51029 1.63534 2.09834 -1.89468 1.92316
2.64816 0.570661 1.71463 -1.12618 -0.743422 -0.0456676 -1.91887 -1.13427 0.506434 -0.210157 1.37964 2.51029 1.63534 2.09834 -1.89468 1.92316
2.64543 0.570661 1.71463 -1.12618 -0.743422 -0.0456676 -1.91887 -1.13427 0.506434 -0.210157 1.37964 2.51029 1.63534 2.09834 -1.89468 1.92316
2.64269 0.570661 1.71463 -1.12618 -0.743422 -0.0456676 -1.91887 -1.13427 0.506434 -0.210157 1.37964 2.51029 1.63534 2.09834 -1.89468 1.92316
2.64001 0.570661 1.71463 -1.12618 -0.743422 -0.0456676 -1.91887 -1.13427 0.506434 -0.210157 1.37964 2.51029 1.63534 2.09834 -1.89468 1.92316
2.63739 0.570661 1.71463 -1.12618 -0.743422 -0.0456676 -1.91887 -1.13427 0.506434 -0.210157 1.37964 2.51029 1.63534 2.09834 -1.89468 1.92316
2.63477 0.570661 1.71463 -1.12618 -0.743422 -0.0456676 -1.91887 -1.13427 0.506434 -0.210157 1.37964 2.51029 1.63534 2.09834 -1.89468 1.92316
2.6321 0.570661 1.71463 -1.12618 -0.743422 -0.0456676 -1.91887 -1.13427 0.506434 -0.210157 1.37964 2.51029 1.63534 2.09834 -1.89468 1.92316
2.62933 0.570661 1.71463 -1.12618 -0.743422 -0.0456676 -1.91887 -1.13427 0.506434 -0.210157 1.37964 2.51029 1.63534 2.09834 -1.89468 1.92316
2.62655 0.570661 1.71463 -1.12618 -0.743422 -0.0456676 -1.91887 -1.13427 0.506434 -0.210157 1.37964 2.51029 1.63534 2.09834 -1.89468 1.92316
2.62382 0.570661 1.71463 -1.12618 -0.743422 -0.0456676 -1.91887 -1.13427 0.506434 -0.210157 1.37964 2.51029 1.63534 2.09834 -1.89468 1.92316
2.62109 0.570661 1.71463 -1.12618 -0.743422 -0.0456676 -1.91887 -1.13427 0.506434 -0.210157 1.37964 2.51029 1.63534 2.09834 -1.89468 1.92316
2.61835 0.570661 1.71463 -1.12618 -0.743422 -0.0456676 -1.91887 -1.13427 0.506434 -0.210157 1.37964 2.51029 1.63534 2.09834 -1.89468 1.92316
2.61552 0.570661 1.71463 -1.12618 -0.743422 -0.0456676 -1.91887 -1.13427 0.506434 -0.210157 1.37964 2.51029 1.63534 2.09834 -1.89468 1.92316
2.6127 0.570661 1.71463 -1.12618 -0.743422 -0.0456676 -1.91887 -1.13427 0.506434 -0.210157 1.37964 2.51029 1.63534 2.09834 -1.89468 1.92316
2.60988 0.570661 1.71463 -1.12618 -0.743422 -0.0456676 -1.91887 -1.13427 0.506434 -0.210157 1.37964 2.51029 1.63534 2.09834 -1.89468 1.92316
2.60708 0.570661 1.71463 -1.12618 -0.743422 -0.0456676 -1.91887 -1.13427 0.506434 -0.210157 1.37964 2.51029 1.63534 2.09834 -1.89468 1.92316
2.60429 0.570661 1.71463 -1.12618 -0.743422 -0.0456676 -1.91887 -1.13427 0.506434 -0.210157 1.37964 2.51029 1.63534 2.09834 -1.89468 1.92316
2.60148 0.570661 1.71463 -1.12618 -0.743422 -0.0456676 -1.91887 -1.13427 0.506434 -0.210157 1.37964 2.51029 1.63534 2.09834 -1.89468 1.92316
2.59867 0.570661 1.71463 -1.12618 -0.743422 -0.0456676 -1.91887 -1.13427 0.506434 -0.210157 1.37964 2.51029 1.63534 2.09834 -1.89468 1.92316
2.59586 0.570661 1.71463 -1.12618 -0.743422 -0.0456676 -1.91887 -1.13427 0.506434 -0.210157 1.37964 2.51029 1.63534 2.09834 -1.89468 1.92316
2.59306 0.570661 1.71463 -1.12618 -0.743422 -0.0456676 -1.91887 -1.13427 0.506434 -0.210157 1.37964 2.51029 1.63534 2.09834 -1.89468 1.92316
2.59011 0.570661 1.71463 -1.12618 -0.743422 -0.0456676 -1.91887 -1.13427 0.506434 -0.210157 1.37964 2.51029 1.63534 2.09834 -1.89468 1.92316
2.58722 0.570661 1.71463 -1.12618 -0.743422 -0.0456676 -1.91887 -1.13427 0.506434 -0.210157 1.37964 2.51029 1.63534 2.09834 -1.89468 1.92316
2.58443 0.570661 1.71463 -1.12618 -0.743422 -0.0456676 -1.91887 -1.13427 0.506434 -0.210157 1.37964 2.51029 1.63534 2.09834 -1.89468 1.92316
2.58157 0.570661 1.71463 -1.12618 -0.743422 -0.0456676 -1.91887 -1.13427 0.506434 -0.210157 1.37964 2.51029 1.63534 2.09834 -1.89468 1.92316
2.57867 0.570661 1.71463 -1.12618 -0.743422 -0.0456676 -1.91887 -1.13427 0.506434 -0.210157 1.37964 2.51029 1.63534 2.09834 -1.89468 1.92316
2.5758 0.570661 1.71463 -1.12618 -0.743422 -0.0456676 -1.91887 -1.13427 0.506434 -0.210157 1.37964 2.51029 1.63534 2.09834 -1.89468 1.92316
2.57287 0.570661 1.71463 -1.12618 -0.743422 -0.0456676 -1.91887 -1.13427 0.506434 -0.210157 1.37964 2.51029 1.63534 2.09834 -1.89468 1.92316
2.56986 0.570661 1.71463 -1.12618 -0.743422 -0.0456676 -1.91887 -1.13427 0.506434 -0.210157 1.37964 2.51029 1.63534 2.09834 -1.89468 1.92316
2.56686 0.570661 1.71463 -1.12618 -0.743422 -0.0456676 -1.91887 -1.13427 0.506434 -0.210157 1.37964 2.51029 1.63534 2.09834 -1.89468 1.92316
2.56391 0.570661 1.71463 -1.12618 -0.743422 -0.0456676 -1.91887 -1.13427 0.506434 -0.210157 1.37964 2.51029 1.63534 2.09834 -1.89468 1.92316
2.56086 0.570661 1.71463 -1.12618 -0.743422 -0.0456676 -1.91887 -1.13427 0.506434 -0.210157 1.37964 2.51029 1.63534 2.09834 -1.89468 1.92316
2.55791 0.570661 1.71463 -1.12618 -0.743422 -0.0456676 -1.91887 -1.13427 0.506434 -0.210157 1.37964 2.51029 1.63534 2.09834 -1.89468 1.92316
2.55495 0.570661 1.71463 -1.12618 -0.743422 -0.0456676 -1.91887 -1.13427 0.506434 -0.210157 1.37964 2.51029 1.63534 2.09834 -1.89468 1.92316
2.55192 0.570661 1.71463 -1.12618 -0.743422 -0.0456676 -1.91887 -1.13427 0.506434 -0.210157 1.37964 2.51029 1.63534 2.09834 -1.89468 1.92316
2.54878 0.570661 1.71463 -1.12618 -0.743422 -0.0456676 -1.91887 -1.13427 0.506434 -0.210157 1.37964 2.51029 1.63534 2.09834 -1.89468 1.92316
2.54572 0.570661 1.71463 -1.12618 -0.743422 -0.0456676 -1.91887 -1.13427 0.506434 -0.210157 1.37964 2.51029 1.63534 2.09834 -1.89468 1.92316
2.54272 0.570661 1.71463 -1.12618 -0.743422 -0.0456676 -1.91887 -1.13427 0.506434 -0.210157 1.37964 2.51029 1.63534 2.09834 -1.89468 1.92316
2.53969 0.570661 1.71463 -1.12618 -0.743422 -0.0456676 -1.91887 -1.13427 0.506434 -0.210157 1.37964 2.51029 1.63534 2.09834 -1.89468 1.92316
2.53665 0.570661 1.71463 -1.12618 -0.743422 -0.0456676 -1.91887 -1.13427 0.506434 -0.210157 1.37964 2.51029 1.63534 2.09834 -1.89468 1.92316
2.53351 0.570661 1.71463 -1.12618 -0.743422 -0.0456676 -1.91887 -1.13427 0.506434 -0.210157 1.37964 2.51029 1.63534 2.09834 -1.89468 1.92316
2.53036 0.570661 1.71463 -1.12618 -0.743422 -0.0456676 -1.91887 -1.13427 0.506434 -0.210157 1.37964 2.51029 1.63534 2.09834 -1.89468 1.92316
2.52726 0.570661 1.71463 -1.12618 -0.743422 -0.0456676 -1.91887 -1.13427 0.506434 -0.210157 1.37964 2.51029 1.63534 2.09834 -1.89468 1.92316
2.52418 0.570661 1.71463 -1.12618 -0.743422 -0.0456676 -1.91887 -1.13427 0.506434 -0.210157 1.37964 2.51029 1.63534 2.09834 -1.89468 1.92316
2.5211 0.570661 1.71463 -1.12618 -0.743422 -0.0456676 -1.91887 -1.13427 0.506434 -0.210157 1.37964 2.51029 1.63534 2.09834 -1.89468 1.92316
2.518 0.570661 1.71463 -1.12618 -0.743422 -0.0456676 -1.91887 -1.13427 0.506434 -0.210157 1.37964 2.51029 1.63534 2.09834 -1.89468 1.92316
2.51488 0.570661 1.71463 -1.12618 -0.743422 -0.0456676 -1.91887 -1.13427 0.506434 -0.210157 1.37964 2.51029 1.63534 2.09834 -1.89468 1.92316
2.51173 0.570661 1.71463 -1.12618 -0.743422 -0.0456676 -1.91887 -1.13427 0.506434 -0.210157 1.37964 2.51029 1.63534 2.09834 -1.89468 1.92316
2.50856 0.570661 1.71463 -1.12618 -0.743422 -0.0456676 -1.91887 -1.13427 0.506434 -0.210157 1.37964 2.51029 1.63534 2.09834 -1.89468 1.92316
2.50547 0.570661 1.71463 -1.12618 -0.743422 -0.0456676 -1.91887 -1.13427 0.506434 -0.210157 1.37964 2.51029 1.63534 2.09834 -1.89468 1.92316
2.50227 0.570661 1.71463 -1.12618 -0.743422 -0.0456676 -1.91887 -1.13427 0.506434 -0.210157 1.37964 2.51029 1.63534 2.09834 -1.89468 1.92316
2.4991 0.570661 1.71463 -1.12618 -0.743422 -0.0456676 -1.91887 -1.13427 0.506434 -0.210157 1.37964 2.51029 1.63534 2.09834 -1.89468 1.92316
2.49591 0.570661 1.71463 -1.12618 -0.743422 -0.0456676 -1.91887 -1.13427 0.506434 -0.210157 1.37964 2.51029 1.63534 2.09834 -1.89468 1.92316
2.49269 0.570661 1.71463 -1.12618 -0.743422 -0.0456676 -1.91887 -1.13427 0.506434 -0.210157 1.37964 2.51029 1.63534 2.09834 -1.89468 1.92316
2.4894 0.570661 1.71463 -1.12618 -0.743422 -0.0456676 -1.91887 -1.13427 0.506434 -0.210157 1.37964 2.51029 1.63534 2.09834 -1.89468 1.92316
2.48613 0.570661 1.71463 -1.12618 -0.743422 -0.0456676 -1.91887 -1.13427 0.506434 -0.210157 1.37964 2.51029 1.63534 2.09834 -1.89468 1.92316
2.48284 0.570661 1.71463 -1.12618 -0.743422 -0.0456676 -1.91887 -1.13427 0.506434 -0.210157 1.37964 2.51029 1.63534 2.09834 -1.89468 1.92316
2.47959 0.570661 1.71463 -1.12618 -0.743422 -0.0456676 -1.91887 -1.13427 0.506434 -0.210157 1.37964 2.51029 1.63534 2.09834 -1.89468 1.92316
2.47633 0.570661 1.71463 -1.12618 -0.743422 -0.0456676 -1.91887 -1.13427 0.506434 -0.210157 1.37964 2.51029 1.63534 2.09834 -1.89468 1.92316
2.47299 0.570661 1.71463 -1.12618 -0.743422 -0.0456676 -1.91887 -1.13427 0.506434 -0.210157 1.37964 2.51029 1.63534 2.09834 -1.89468 1.92316
2.46964 0.570661 1.71463 -1.12618 -0.743422 -0.0456676 -1.91887 -1.13427 0.506434 -0.210157 1.37964 2.51029 1.63534 2.09834 -1.89468 1.92316
2.46632 0.570661 1.71463 -1.12618 -0.743422 -0.0456676 -1.91887 -1.13427 0.506434 -0.210157 1.37964 2.51029 1.63534 2.09834 -1.89468 1.92316
2.46302 0.570661 1.71463 -1.12618 -0.743422 -0.0456676 -1.91887 -1.13427 0.506434 -0.210157 1.37964 2.51029 1.63534 2.09834 -1.89468 1.92316
2.45975 0.570661 1.71463 -1.12618 -0.743422 -0.0456676 -1.91887 -1.13427 0.506434 -0.210157 1.37964 2.51029 1.63534 2.09834 -1.89468 1.92316
2.45644 0.570661 1.71463 -1.12618 -0.743422 -0.0456676 -1.91887 -1.13427 0.506434 -0.210157 1.37964 2.51029 1.63534 2.09834 -1.89468 1.92316
2.45308 0.570661 1.71463 -1.12618 -0.743422 -0.0456676 -1.91887 -1.13427 0.506434 -0.210157 1.37964 2.51029 1.63534 2.09834 -1.89468 1.92316
2.44968 0.570661 1.71463 -1.12618 -0.743422 -0.0456676 -1.91887 -1.13427 0.506434 -0.210157 1.37964 2.51029 1.63534 2.09834 -1.89468 1.92316
2.4463 0.570661 1.71463 -1.12618 -0.743422 -0.0456676 -1.91887 -1.13427 0.506434 -0.210157 1.37964 2.51029 1.63534 2.09834 -1.89468 1.92316
2.44296 0.570661 1.71463 -1.12618 -0.743422 -0.0456676 -1.91887 -1.13427 0.506434 -0.210157 1.37964 2.51029 1.63534 2.09834 -1.89468 1.92316
2.4396 0.570661 1.71463 -1.12618 -0.743422 -0.0456676 -1.91887 -1.13427 0.506434 -0.210157 1.37964 2.51029 1.63534 2.09834 -1.89468 1.92316
2.43623 0.570661 1.71463 -1.12618 -0.743422 -0.0456676 -1.91887 -1.13427 0.506434 -0.210157 1.37964 2.51029 1.63534 2.09834 -1.89468 1.92316
2.43276 0.570661 1.71463 -1.12618 -0.743422 -0.0456676 -1.91887 -1.13427 0.506434 -0.210157 1.37964 2.51029 1.63534 2.09834 -1.89468 1.92316
2.42927 0.570661 1.71463 -1.12618 -0.743422 -0.0456676 -1.91887 -1.13427 0.506434 -0.210157 1.37964 2.51029 1.63534 2.09834 -1.89468 1.92316
2.42583 0.570661 1.71463 -1.12618 -0.743422 -0.0456676 -1.91887 -1.13427 0.506434 -0.210157 1.37964 2.51029 1.63534 2.09834 -1.89468 1.92316
2.42238 0.570661 1.71463 -1.12618 -0.743422 -0.0456676 -1.91887 -1.13427 0.506434 -0.210157 1.37964 2.51029 1.63534 2.09834 -1.89468 1.92316
2.41888 0.570661 1.71463 -1.12618 -0.743422 -0.0456676 -1.91887 -1.13427 0.506434 -0.210157 1.37964 2.51029 1.63534 2.09834 -1.89468 1.92316
2.41531 0.570661 1.71463 -1.12618 -0.743422 -0.0456676 -1.91887 -1.13427 0.506434 -0.210157 1.37964 2.51029 1.63534 2.09834 -1.89468 1.92316
2.4117 0.570661 1.71463 -1.12618 -0.743422 -0.0456676 -1.91887 -1.13427 0.506434 -0.210157 1.37964 2.51029 1.63534 2.09834 -1.89468 1.92316
2.40809 0.570661 1.71463 -1.12618 -0.743422 -0.0456676 -1.91887 -1.13427 0.506434 -0.210157 1.37964 2.51029 1.63534 2.09834 -1.89468 1.92316
2.40452 0.570661 1.71463 -1.12618 -0.743422 -0.0456676 -1.91887 -1.13427 0.506434 -0.210157 1.37964 2.51029 1.63534 2.09834 -1.89468 1.92316
2.40101 0.570661 1.71463 -1.12618 -0.743422 -0.0456676 -1.91887 -1.13427 0.506434 -0.210157 1.37964 2.51029 1.63534 2.09834 -1.89468 1.92316
2.39746 0.570661 1.71463 -1.12618 -0.743422 -0.0456676 -1.91887 -1.13427 0.506434 -0.210157 1.37964 2.51029 1.63534 2.09834 -1.89468 1.92316
2.39385 0.570661 1.71463 -1.12618 -0.743422 -0.0456676 -1.91887 -1.13427 0.506434 -0.210157 1.37964 2.51029 1.63534 2.09834 -1.89468 1.92316
2.39021 0.570661 1.71463 -1.12618 -0.743422 -0.0456676 -1.91887 -1.13427 0.506434 -0.210157 1.37964 2.51029 1.63534 2.09834 -1.89468 1.92316
2.38667 0.570661 1.71463 -1.12618 -0.743422 -0.0456676 -1.91887 -1.13427 0.506434 -0.210157 1.37964 2.51029 1.63534 2.09834 -1.89468 1.92316
2.38309 0.570661 1.71463 -1.12618 -0.743422 -0.0456676 -1.91887 -1.13427 0.506434 -0.210157 1.37964 2.51029 1.63534 2.09834 -1.89468 1.92316
2.3795 0.570661 1.71463 -1.12618 -0.743422 -0.0456676 -1.91887 -1.13427 0.506434 -0.210157 1.37964 2.51029 1.63534 2.09834 -1.89468 1.92316
2.37592 0.570661 1.71463 -1.12618 -0.743422 -0.0456676 -1.91887 -1.13427 0.506434 -0.210157 1.37964 2.51029 1.63534 2.09834 -1.89468 1.92316
2.37213 0.570661 1.71463 -1.12618 -0.743422 -0.0456676 -1.91887 -1.13427 0.506434 -0.210157 1.37964 2.51029 1.63534 2.09834 -1.89468 1.92316
2.36844 0.570661 1.71463 -1.12618 -0.743422 -0.0456676 -1.91887 -1.13427 0.506434 -0.210157 1.37964 2.51029 1.63534 2.09834 -1.89468 1.92316
2.36476 0.570661 1.71463 -1.12618 -0.743422 -0.0456676 -1.91887 -1.13427 0.506434 -0.210157 1.37964 2.51029 1.63534 2.09834 -1.89468 1.92316
2.36105 0.570661 1.71463 -1.12618 -0.743422 -0.0456676 -1.91887 -1.13427 0.506434 -0.210157 1.37964 2.51029 1.63534 2.09834 -1.89468 1.92316
2.35738 0.570661 1.71463 -1.12618 -0.743422 -0.0456676 -1.91887 -1.13427 0.506434 -0.210157 1.37964 2.51029 1.63534 2.09834 -1.89468 1.92316
2.35368 0.570661 1.71463 -1.12618 -0.743422 -0.0456676 -1.91887 -1.13427 0.506434 -0.210157 1.37964 2.51029 1.63534 2.09834 -1.89468 1.92316
2.34988 0.570661 1.71463 -1.12618 -0.743422 -0.0456676 -1.91887 -1.13427 0.506434 -0.210157 1.37964 2.51029 1.63534 2.09834 -1.89468 1.92316
2.34613 0.570661 1.71463 -1.12618 -0.743422 -0.0456676 -1.91887 -1.13427 0.506434 -0.210157 1.37964 2.51029 1.63534 2.09834 -1.89468 1.92316
2.34237 0.570661 1.71463 -1.12618 -0.743422 -0.0456676 -1.91887 -1.13427 0.506434 -0.210157 1.37964 2.51029 1.63534 2.09834 -1.89468 1.92316
2.33853 0.570661 1.71463 -1.12618 -0.743422 -0.0456676 -1.91887 -1.13427 0.506434 -0.210157 1.37964 2.51029 1.63534 2.09834 -1.89468 1.92316
2.33465 0.570661 1.71463 -1.12618 -0.743422 -0.0456676 -1.91887 -1.13427 0.506434 -0.210157 1.37964 2.51029 1.63534 2.09834 -1.89468 1.92316
2.3308 0.570661 1.71463 -1.12618 -0.743422 -0.0456676 -1.91887 -1.13427 0.506434 -0.210157 1.37964 2.51029 1.63534 2.09834 -1.89468 1.92316
2.32696 0.570661 1.71463 -1.12618 -0.743422 -0.0456676 -1.91887 -1.13427 0.506434 -0.210157 1.37964 2.51029 1.63534 2.09834 -1.89468 1.92316
2.32323 0.570661 1.71463 -1.12618 -0.743422 -0.0456676 -1.91887 -1.13427 0.506434 -0.210157 1.37964 2.51029 1.63534 2.09834 -1.89468 1.92316
2.3194 0.570661 1.71463 -1.12618 -0.743422 -0.0456676 -1.91887 -1.13427 0.506434 -0.210157 1.37964 2.51029 1.63534 2.09834 -1.89468 1.92316
2.31554 0.570661 1.71463 -1.12618 -0.743422 -0.0456676 -1.91887 -1.13427 0.506434 -0.210157 1.37964 2.51029 1.63534 2.09834 -1.89468 1.92316
2.31164 0.570661 1.71463 -1.12618 -0.743422 -0.0456676 -1.91887 -1.13427 0.506434 -0.210157 1.37964 2.51029 1.63534 2.09834 -1.89468 1.92316
2.30783 0.570661 1.71463 -1.12618 -0.743422 -0.0456676 -1.91887 -1.13427 0.506434 -0.210157 1.37964 2.51029 1.63534 2.09834 -1.89468 1.92316
2.30396 0.570661 1.71463 -1.12618 -0.743422 -0.0456676 -1.91887 -1.13427 0.506434 -0.210157 1.37964 2.51029 1.63534 2.09834 -1.89468 1.92316
2.29993 0.570661 1.71463 -1.12618 -0.743422 -0.0456676 -1.91887 -1.13427 0.506434 -0.210157 1.37964 2.51029 1.63534 2.09834 -1.89468 1.92316
2.29606 0.570661 1.71463 -1.12618 -0.743422 -0.0456676 -1.91887 -1.13427 0.506434 -0.210157 1.37964 2.51029 1.63534 2.09834 -1.89468 1.92316
2.29211 0.570661 1.71463 -1.12618 -0.743422 -0.0456676 -1.91887 -1.13427 0.506434 -0.210157 1.37964 2.51029 1.63534 2.09834 -1.89468 1.92316
2.2882 0.570661 1.71463 -1.12618 -0.743422 -0.0456676 -1.91887 -1.13427 0.506434 -0.210157 1.37964 2.51029 1.63534 2.09834 -1.89468 1.92316
2.28423 0.570661 1.71463 -1.12618 -0.743422 -0.0456676 -1.91887 -1.13427 0.506434 -0.210157 1.37964 2.51029 1.63534 2.09834 -1.89468 1.92316
2.28023 0.570661 1.71463 -1.12618 -0.743422 -0.0456676 -1.91887 -1.13427 0.506434 -0.210157 1.37964 2.51029 1.63534 2.09834 -1.89468 1.92316
2.27618 0.570661 1.71463 -1.12618 -0.743422 -0.0456676 -1.91887 -1.13427 0.506434 -0.210157 1.37964 2.51029 1.63534 2.09834 -1.89468 1.92316
2.27185 0.570661 1.71463 -1.12618 -0.743422 -0.0456676 -1.91887 -1.13427 0.506434 -0.210157 1.37964 2.51029 1.63534 2.09834 -1.89468 1.92316
2.26781 0.570661 1.71463 -1.12618 -0.743422 -0.0456676 -1.91887 -1.13427 0.506434 -0.210157 1.37964 2.51029 1.63534 2.09834 -1.89468 1.92316
2.26364 0.570661 1.71463 -1.12618 -0.743422 -0.0456676 -1.91887 -1.13427 0.506434 -0.210157 1.37964 2.51029 1.63534 2.09834 -1.89468 1.92316
2.25955 0.570661 1.71463 -1.12618 -0.743422 -0.0456676 -1.91887 -1.13427 0.506434 -0.210157 1.37964 2.51029 1.63534 2.09834 -1.89468 1.92316
2.2554 0.570661 1.71463 -1.12618 -0.743422 -0.0456676 -1.91887 -1.13427 0.506434 -0.210157 1.37964 2.51029 1.63534 2.09834 -1.89468 1.92316
2.25118 0.570661 1.71463 -1.12618 -0.743422 -0.0456676 -1.91887 -1.13427 0.506434 -0.210157 1.37964 2.51029 1.63534 2.09834 -1.89468 1.92316
2.24705 0.570661 1.71463 -1.12618 -0.743422 -0.0456676 -1.91887 -1.13427 0.506434 -0.210157 1.37964 2.51029 1.63534 2.09834 -1.89468 1.92316
2.24291 0.570661 1.71463 -1.12618 -0.743422 -0.0456676 -1.91887 -1.13427 0.506434 -0.210157 1.37964 2.51029 1.63534 2.09834 -1.89468 1.92316
2.23881 0.570661 1.71463 -1.12618 -0.743422 -0.0456676 -1.91887 -1.13427 0.506434 -0.210157 1.37964 2.51029 1.63534 2.09834 -1.89468 1.92316
2.23454 0.570661 1.71463 -1.12618 -0.743422 -0.0456676 -1.91887 -1.13427 0.506434 -0.210157 1.37964 2.51029 1.63534 2.09834 -1.89468 1.92316
2.23033 0.570661 1.71463 -1.12618 -0.743422 -0.0456676 -1.91887 -1.13427 0.506434 -0.210157 1.37964 2.51029 1.63534 2.09834 -1.89468 1.92316
2.22605 0.570661 1.71463 -1.12618 -0.743422 -0.0456676 -1.91887 -1.13427 0.506434 -0.210157 1.37964 2.51029 1.63534 2.09834 -1.89468 1.92316
2.22189 0.570661 1.71463 -1.12618 -0.743422 -0.0456676 -1.91887 -1.13427 0.506434 -0.210157 1.37964 2.51029 1.63534 2.09834 -1.89468 1.92316
2.21763 0.570661 1.71463 -1.12618 -0.743422 -0.0456676 -1.91887 -1.13427 0.506434 -0.210157 1.37964 2.51029 1.63534 2.09834 -1.89468 1.92316
2.21338 0.570661 1.71463 -1.12618 -0.743422 -0.0456676 -1.91887 -1.13427 0.506434 -0.210157 1.37964 2.51029 1.63534 2.09834 -1.89468 1.92316
2.20909 0.570661 1.71463 -1.12618 -0.743422 -0.0456676 -1.91887 -1.13427 0.506434 -0.210157 1.37964 2.51029 1.63534 2.09834 -1.89468 1.92316
2.2048 0.570661 1.71463 -1.12618 -0.743422 -0.0456676 -1.91887 -1.13427 0.506434 -0.210157 1.37964 2.51029 1.63534 2.09834 -1.89468 1.92316
2.20048 0.570661 1.71463 -1.12618 -0.743422 -0.0456676 -1.91887 -1.13427 0.506434 -0.210157 1.37964 2.51029 1.63534 2.09834 -1.89468 1.92316
2.19616 0.570661 1.71463 -1.12618 -0.743422 -0.0456676 -1.91887 -1.13427 0.506434 -0.210157 1.37964 2.51029 1.63534 2.09834 -1.89468 1.92316
2.19179 0.570661 1.71463 -1.12618 -0.743422 -0.0456676 -1.91887 -1.13427 0.506434 -0.210157 1.37964 2.51029 1.63534 2.09834 -1.89468 1.92316
2.18741 0.570661 1.71463 -1.12618 -0.743422 -0.0456676 -1.91887 -1.13427 0.506434 -0.210157 1.37964 2.51029 1.63534 2.09834 -1.89468 1.92316
2.18297 0.570661 1.71463 -1.12618 -0.743422 -0.0456676 -1.91887 -1.13427 0.506434 -0.210157 1.37964 2.51029 1.63534 2.09834 -1.89468 1.92316
2.17857 0.570661 1.71463 -1.12618 -0.743422 -0.0456676 -1.91887 -1.13427 0.506434 -0.210157 1.37964 2.51029 1.63534 2.09834 -1.89468 1.92316
2.17413 0.570661 1.71463 -1.12618 -0.743422 -0.0456676 -1.91887 -1.13427 0.506434 -0.210157 1.37964 2.51029 1.63534 2.09834 -1.89468 1.92316
2.1696 0.570661 1.71463 -1.12618 -0.743422 -0.0456676 -1.91887 -1.13427 0.506434 -0.210157 1.37964 2.51029 1.63534 2.09834 -1.89468 1.92316
2.16513 0.570661 1.71463 -1.12618 -0.743422 -0.0456676 -1.91887 -1.13427 0.506434 -0.210157 1.37964 2.51029 1.63534 2.09834 -1.89468 1.92316
2.15446 0.570661 1.71463 -1.12618 -0.743422 -0.0456676 -1.91887 -1.13427 0.506434 -0.210157 1.37964 2.51029 1.63534 2.09834 -1.89468 1.92316
2.15446 0.570661 1.71463 -1.12618 -0.743422 -0.0456676 -1.91887 -1.13427 0.506434 -0.210157 1.37964 2.51029 1.63534 2.09834 -1.89468 1.92316
2.15446 0.570661 1.71463 -1.12618 -0.743422 -0.0456676 -1.91887 -1.13427 0.506434 -0.210157 1.37964 2.51029 1.63534 2.09834 -1.89468 1.92316
2.15446 0.570661 1.71463 -1.12618 -0.743422 -0.0456676 -1.91887 -1.13427 0.506434 -0.210157 1.37964 2.51029 1.63534 2.09834 -1.89468 1.92316
2.15446 0.570661 1.71463 -1.12618 -0.743422 -0.0456676 -1.91887 -1.13427 0.506434 -0.210157 1.37964 2.51029 1.63534 2.09834 -1.89468 1.92316
2.15446 0.570661 1.71463 -1.12618 -0.743422 -0.0456676 -1.91887 -1.13427 0.506434 -0.210157 1.37964 2.51029 1.63534 2.09834 -1.89468 1.92316
2.15451 0.570661 1.71463 -1.12618 -0.743422 -0.0456676 -1.91887 -1.13427 0.506434 -0.210157 1.37964 2.51029 1.63534 2.09834 -1.89468 1.92316
2.15455 0.570661 1.71463 -1.12618 -0.743422 -0.0456676 -1.91887 -1.13427 0.506434 -0.210157 1.37964 2.51029 1.63534 2.09834 -1.89468 1.92316
2.15455 0.570661 1.71463 -1.12618 -0.743422 -0.0456676 -1.91887 -1.13427 0.506434 -0.210157 1.37964 2.51029 1.63534 2.09834 -1.89468 1.92316
2.15455 0.570661 1.71463 -1.12618 -0.743422 -0.0456676 -1.91887 -1.13427 0.506434 -0.210157 1.37964 2.51029 1.63534 2.09834 -1.89468 1.92316
2.15455 0.570661 1.71463 -1.12618 -0.743422 -0.0456676 -1.91887 -1.13427 0.506434 -0.210157 1.37964 2.51029 1.63534 2.09834 -1.89468 1.92316
2.15455 0.570661 1.71463 -1.12618 -0.743422 -0.0456676 -1.91887 -1.13427 0.506434 -0.210157 1.37964 2.51029 1.63534 2.09834 -1.89468 1.92316
2.15456 0.570661 1.71463 -1.12618 -0.743422 -0.0456676 -1.91887 -1.13427 0.506434 -0.210157 1.37964 2.51029 1.63534 2.09834 -1.89468 1.92316
2.15474 0.570661 1.71463 -1.12618 -0.743422 -0.0456676 -1.91887 -1.13427 0.506434 -0.210157 1.37964 2.51029 1.63534 2.09834 -1.89468 1.92316
2.15746 0.570661 1.71463 -1.12618 -0.743422 -0.0456676 -1.91887 -1.13427 0.506434 -0.210157 1.37964 2.51029 1.63534 2.09834 -1.89468 1.92316
2.16176 0.570661 1.71463 -1.12618 -0.743422 -0.0456676 -1.91887 -1.13427 0.506434 -0.210157 1.37964 2.51029 1.63534 2.09834 -1.89468 1.92316
2.16614 0.570661 1.71463 -1.12618 -0.743422 -0.0456676 -1.91887 -1.13427 0.506434 -0.210157 1.37964 2.51029 1.63534 2.09834 -1.89468 1.92316
2.17091 0.570661 1.71463 -1.12618 -0.743422 -0.0456676 -1.91887 -1.13427 0.506434 -0.210157 1.37964 2.51029 1.63534 2.09834 -1.89468 1.92316
2.17647 0.570661 1.71463 -1.12618 -0.743422 -0.0456676 -1.91887 -1.13427 0.506434 -0.210157 1.37964 2.51029 1.63534 2.09834 -1.89468 1.92316
2.18337 0.570661 1.71463 -1.12618 -0.743422 -0.0456676 -1.91887 -1.13427 0.506434 -0.210157 1.37964 2.51029 1.63534 2.09834 -1.89468 1.92316
2.19132 0.570661 1.71463 -1.12618 -0.743422 -0.0456676 -1.91887 -1.13427 0.506434 -0.210157 1.37964 2.51029 1.63534 2.09834 -1.89468 1.92316
2.19972 0.570661 1.71463 -1.12618 -0.743422 -0.0456676 -1.91887 -1.13427 0.506434 -0.210157 1.37964 2.51029 1.63534 2.09834 -1.89468 1.92316
2.20844 0.570661 1.71463 -1.12618 -0.743422 -0.0456676 -1.91887 -1.13427 0.506434 -0.210157 1.37964 2.51029 1.63534 2.09834 -1.89468 1.92316
2.21764 0.570661 1.71463 -1.12618 -0.743422 -0.0456676 -1.91887 -1.13427 0.506434 -0.210157 1.37964 2.51029 1.63534 2.09834 -1.89468 1.92316
2.22698 0.570661 1.71463 -1.12618 -0.743422 -0.0456676 -1.91887 -1.13427 0.506434 -0.210157 1.37964 2.51029 1.63534 2.09834 -1.89468 1.92316
2.23717 0.570661 1.71463 -1.12618 -0.743422 -0.0456676 -1.91887 -1.13427 0.506434 -0.210157 1.37964 2.51029 1.63534 2.09834 -1.89468 1.92316
2.24768 0.570661 1.71463 -1.12618 -0.743422 -0.0456676 -1.91887 -1.13427 0.506434 -0.210157 1.37964 2.51029 1.63534 2.09834 -1.89468 1.92316
2.25857 0.570661 1.71463 -1.12618 -0.743422 -0.0456676 -1.91887 -1.13427 0.506434 -0.210157 1.37964 2.51029 1.63534 2.09834 -1.89468 1.92316
2.26988 0.570661 1.71463 -1.12618 -0.743422 -0.0456676 -1.91887 -1.13427 0.506434 -0.210157 1.37964 2.51029 1.63534 2.09834 -1.89468 1.92316
2.28149 0.570661 1.71463 -1.12618 -0.743422 -0.0456676 -1.91887 -1.13427 0.506434 -0.210157 1.37964 2.51029 1.63534 2.09834 -1.89468 1.92316
2.29353 0.570661 1.71463 -1.12618 -0.743422 -0.0456676 -1.91887 -1.13427 0.506434 -0.210157 1.37964 2.51029 1.63534 2.09834 -1.89468 1.92316
2.30621 0.570661 1.71463 -1.12618 -0.743422 -0.0456676 -1.91887 -1.13427 0.506434 -0.210157 1.37964 2.51029 1.63534 2.09834 -1.89468 1.92316
2.31961 0.570661 1.71463 -1.12618 -0.743422 -0.0456676 -1.91887 -1.13427 0.506434 -0.210157 1.37964 2.51029 1.63534 2.09834 -1.89468 1.92316
2.33318 0.570661 1.71463 -1.12618 -0.743422 -0.0456676 -1.91887 -1.13427 0.506434 -0.210157 1.37964 2.51029 1.63534 2.09834 -1.89468 1.92316
2.34729 0.570661 1.71463 -1.12618 -0.743422 -0.0456676 -1.91887 -1.13427 0.506434 -0.210157 1.37964 2.51029 1.63534 2.09834 -1.89468 1.92316
2.36196 0.570661 1.71463 -1.12618 -0.743422 -0.0456676 -1.91887 -1.13427 0.506434 -0.210157 1.37964 2.51029 1.63534 2.09834 -1.89468 1.92316
2.37711 0.570661 1.71463 -1.12618 -0.743422 -0.0456676 -1.91887 -1.13427 0.506434 -0.210157 1.37964 2.51029 1.63534 2.09834 -1.89468 1.92316
