3.749
3.76
3.77
3.781
3.791
3.801
3.812
3.822
3.832
3.845
3.865
3.885
3.909
3.926
3.947
3.967
3.988
4.009
4.029
4.05
4.088
4.127
4.165
4.204
4.242
4.281
4.32
4.359
4.399
4.438
4.476
4.515
4.554
4.592
4.63
4.669
4.707
4.746
4.785
4.823
4.862
4.9
4.938
4.977
5.016
5.055
5.094
5.134
5.174
5.213
5.251
5.289
5.328
5.367
5.405
5.443
5.482
5.521
5.559
5.598
5.636
5.675
5.714
5.752
5.791
5.83
5.868
5.907
5.946
5.985
6.024
6.064
6.102
6.14
6.179
6.218
6.257
6.295
6.334
6.372
6.411
6.449
6.488
6.526
6.565
6.603
6.643
6.681
6.72
6.759
6.798
6.838
6.877
6.916
6.954
6.994
7.032
7.071
7.11
7.148
7.187
7.225
7.264
7.302
7.341
7.38
7.418
7.457
7.496
7.534
7.573
7.613
7.652
7.691
7.731
7.769
7.808
7.846
7.885
7.924
7.962
8.001
8.039
8.078
8.117
8.156
8.195
8.233
8.272
8.31
8.349
8.388
8.428
8.468
8.507
8.546
8.584
8.622
8.661
8.7
8.738
8.777
8.816
8.855
8.893
8.932
8.97
9.009
9.048
9.087
9.128
9.167
9.206
9.245
9.284
9.323
9.362
9.401
9.439
9.478
9.517
9.556
9.594
9.633
9.671
9.709
9.748
9.787
9.825
9.864
9.902
9.942
9.98
10.019
10.058
10.097
10.46
10.471
10.482
10.492
10.503
10.514
10.525
10.536
10.547
10.56
10.598
10.636
10.675
10.714
10.753
10.792
10.832
10.871
10.91
10.948
10.987
11.026
11.065
11.104
11.143
11.182
11.22
11.259
11.297
11.336
11.374
11.413
11.452
11.491
11.529
11.568
11.606
