1.34619 1.33629 2.95285 0.421604 2.0527 0.431351 2.12563 -0.0100281 -0.171405 -0.187648 0.0836354 2.86102 1.50314 2.42387 -0.790822 -2.74463
1.34619 1.33629 2.95285 0.421604 2.0527 0.431351 2.12563 -0.0100281 -0.171405 -0.187648 0.0836354 2.86102 1.50314 2.42387 -0.790822 -2.74463
1.34619 1.33629 2.95285 0.421604 2.0527 0.431351 2.12563 -0.0100281 -0.171405 -0.187648 0.0836354 2.86102 1.50314 2.42387 -0.790822 -2.74463
1.34619 1.33629 2.95285 0.421604 2.0527 0.431351 2.12563 -0.0100281 -0.171405 -0.187648 0.0836354 2.86102 1.50314 2.42387 -0.790822 -2.74463
1.34619 1.33629 2.95285 0.421604 2.0527 0.431351 2.12563 -0.0100281 -0.171405 -0.187648 0.0836354 2.86102 1.50314 2.42387 -0.790822 -2.74463
1.34619 1.33629 2.95285 0.421604 2.0527 0.431351 2.12563 -0.0100281 -0.171405 -0.187648 0.0836354 2.86102 1.50314 2.42387 -0.790822 -2.74463
1.34619 1.33629 2.95285 0.421604 2.0527 0.431351 2.12563 -0.0100281 -0.171405 -0.187648 0.0836354 2.86102 1.50314 2.42387 -0.790822 -2.74463
1.34619 1.33629 2.95285 0.421604 2.0527 0.431351 2.12563 -0.0100281 -0.171405 -0.187648 0.0836354 2.86102 1.50314 2.42387 -0.790822 -2.74463
1.34619 1.33629 2.95285 0.421604 2.0527 0.431351 2.12563 -0.0100281 -0.171405 -0.187648 0.0836354 2.86102 1.50314 2.42387 -0.790822 -2.74463
1.34619 1.33629 2.95285 0.421604 2.0527 0.431351 2.12563 -0.0100281 -0.171405 -0.187648 0.0836354 2.86102 1.50314 2.42387 -0.790822 -2.74463
1.34619 1.33629 2.95285 0.421604 2.0527 0.431351 2.12563 -0.0100281 -0.171405 -0.187648 0.0836354 2.86102 1.50314 2.42387 -0.790822 -2.74463
1.34617 1.33629 2.95285 0.421604 2.0527 0.431351 2.12563 -0.0100281 -0.171405 -0.187648 0.0836354 2.86102 1.50314 2.42387 -0.790822 -2.74463
1.34615 1.33629 2.95285 0.421604 2.0527 0.431351 2.12563 -0.0100281 -0.171405 -0.187648 0.0836354 2.86102 1.50314 2.42387 -0.790822 -2.74463
1.34615 1.33629 2.95285 0.421604 2.0527 0.431351 2.12563 -0.0100281 -0.171405 -0.187648 0.0836354 2.86102 1.50314 2.42387 -0.790822 -2.74463
1.34615 1.33629 2.95285 0.421604 2.0527 0.431351 2.12563 -0.0100281 -0.171405 -0.187648 0.0836354 2.86102 1.50314 2.42387 -0.790822 -2.74463
1.34615 1.33629 2.95285 0.421604 2.0527 0.431351 2.12563 -0.0100281 -0.171405 -0.187648 0.0836354 2.86102 1.50314 2.42387 -0.790822 -2.74463
1.34615 1.33629 2.95285 0.421604 2.0527 0.431351 2.12563 -0.0100281 -0.171405 -0.187648 0.0836354 2.86102 1.50314 2.42387 -0.790822 -2.74463
1.34615 1.33629 2.95285 0.421604 2.0527 0.431351 2.12563 -0.0100281 -0.171405 -0.187648 0.0836354 2.86102 1.50314 2.42387 -0.790822 -2.74463
1.34615 1.33629 2.95285 0.421604 2.0527 0.431351 2.12563 -0.0100281 -0.171405 -0.187648 0.0836354 2.86102 1.50314 2.42387 -0.790822 -2.74463
1.34615 1.33629 2.95285 0.421604 2.0527 0.431351 2.12563 -0.0100281 -0.171405 -0.187648 0.0836354 2.86102 1.50314 2.42387 -0.790822 -2.74463
1.34675 1.33629 2.95285 0.421604 2.0527 0.431351 2.12563 -0.0100281 -0.171405 -0.187648 0.0836354 2.86102 1.50314 2.42387 -0.790822 -2.74463
1.34737 1.33629 2.95285 0.421604 2.0527 0.431351 2.12563 -0.0100281 -0.171405 -0.187648 0.0836354 2.86102 1.50314 2.42387 -0.790822 -2.74463
1.34798 1.33629 2.95285 0.421604 2.0527 0.431351 2.12563 -0.0100281 -0.171405 -0.187648 0.0836354 2.86102 1.50314 2.42387 -0.790822 -2.74463
1.34868 1.33629 2.95285 0.421604 2.0527 0.431351 2.12563 -0.0100281 -0.171405 -0.187648 0.0836354 2.86102 1.50314 2.42387 -0.790822 -2.74463
1.34952 1.33629 2.95285 0.421604 2.0527 0.431351 2.12563 -0.0100281 -0.171405 -0.187648 0.0836354 2.86102 1.50314 2.42387 -0.790822 -2.74463
1.35042 1.33629 2.95285 0.421604 2.0527 0.431351 2.12563 -0.0100281 -0.171405 -0.187648 0.0836354 2.86102 1.50314 2.42387 -0.790822 -2.74463
1.35142 1.33629 2.95285 0.421604 2.0527 0.431351 2.12563 -0.0100281 -0.171405 -0.187648 0.0836354 2.86102 1.50314 2.42387 -0.790822 -2.74463
1.35241 1.33629 2.95285 0.421604 2.0527 0.431351 2.12563 -0.0100281 -0.171405 -0.187648 0.0836354 2.86102 1.50314 2.42387 -0.790822 -2.74463
1.35345 1.33629 2.95285 0.421604 2.0527 0.431351 2.12563 -0.0100281 -0.171405 -0.187648 0.0836354 2.86102 1.50314 2.42387 -0.790822 -2.74463
1.35469 1.33629 2.95285 0.421604 2.0527 0.431351 2.12563 -0.0100281 -0.171405 -0.187648 0.0836354 2.86102 1.50314 2.42387 -0.790822 -2.74463
1.35603 1.33629 2.95285 0.421604 2.0527 0.431351 2.12563 -0.0100281 -0.171405 -0.187648 0.0836354 2.86102 1.50314 2.42387 -0.790822 -2.74463
1.35727 1.33629 2.95285 0.421604 2.0527 0.431351 2.12563 -0.0100281 -0.171405 -0.187648 0.0836354 2.86102 1.50314 2.42387 -0.790822 -2.74463
1.35854 1.33629 2.95285 0.421604 2.0527 0.431351 2.12563 -0.0100281 -0.171405 -0.187648 0.0836354 2.86102 1.50314 2.42387 -0.790822 -2.74463
1.35989 1.33629 2.95285 0.421604 2.0527 0.431351 2.12563 -0.0100281 -0.171405 -0.187648 0.0836354 2.86102 1.50314 2.42387 -0.790822 -2.74463
1.36134 1.33629 2.95285 0.421604 2.0527 0.431351 2.12563 -0.0100281 -0.171405 -0.187648 0.0836354 2.86102 1.50314 2.42387 -0.790822 -2.74463
1.36299 1.33629 2.95285 0.421604 2.0527 0.431351 2.12563 -0.0100281 -0.171405 -0.187648 0.0836354 2.86102 1.50314 2.42387 -0.790822 -2.74463
1.36469 1.33629 2.95285 0.421604 2.0527 0.431351 2.12563 -0.0100281 -0.171405 -0.187648 0.0836354 2.86102 1.50314 2.42387 -0.790822 -2.74463
1.36657 1.33629 2.95285 0.421604 2.0527 0.431351 2.12563 -0.0100281 -0.171405 -0.187648 0.0836354 2.86102 1.50314 2.42387 -0.790822 -2.74463
1.36854 1.33629 2.95285 0.421604 2.0527 0.431351 2.12563 -0.0100281 -0.171405 -0.187648 0.0836354 2.86102 1.50314 2.42387 -0.790822 -2.74463
1.37054 1.33629 2.95285 0.421604 2.0527 0.431351 2.12563 -0.0100281 -0.171405 -0.187648 0.0836354 2.86102 1.50314 2.42387 -0.790822 -2.74463
1.37244 1.33629 2.95285 0.421604 2.0527 0.431351 2.12563 -0.0100281 -0.171405 -0.187648 0.0836354 2.86102 1.50314 2.42387 -0.790822 -2.74463
1.37448 1.33629 2.95285 0.421604 2.0527 0.431351 2.12563 -0.0100281 -0.171405 -0.187648 0.0836354 2.86102 1.50314 2.42387 -0.790822 -2.74463
1.37664 1.33629 2.95285 0.421604 2.0527 0.431351 2.12563 -0.0100281 -0.171405 -0.187648 0.0836354 2.86102 1.50314 2.42387 -0.790822 -2.74463
1.37882 1.33629 2.95285 0.421604 2.0527 0.431351 2.12563 -0.0100281 -0.171405 -0.187648 0.0836354 2.86102 1.50314 2.42387 -0.790822 -2.74463
1.38103 1.33629 2.95285 0.421604 2.0527 0.431351 2.12563 -0.0100281 -0.171405 -0.187648 0.0836354 2.86102 1.50314 2.42387 -0.790822 -2.74463
1.38339 1.33629 2.95285 0.421604 2.0527 0.431351 2.12563 -0.0100281 -0.171405 -0.187648 0.0836354 2.86102 1.50314 2.42387 -0.790822 -2.74463
1.38571 1.33629 2.95285 0.421604 2.0527 0.431351 2.12563 -0.0100281 -0.171405 -0.187648 0.0836354 2.86102 1.50314 2.42387 -0.790822 -2.74463
1.3881 1.33629 2.95285 0.421604 2.0527 0.431351 2.12563 -0.0100281 -0.171405 -0.187648 0.0836354 2.86102 1.50314 2.42387 -0.790822 -2.74463
1.39053 1.33629 2.95285 0.421604 2.0527 0.431351 2.12563 -0.0100281 -0.171405 -0.187648 0.0836354 2.86102 1.50314 2.42387 -0.790822 -2.74463
1.39311 1.33629 2.95285 0.421604 2.0527 0.431351 2.12563 -0.0100281 -0.171405 -0.187648 0.0836354 2.86102 1.50314 2.42387 -0.790822 -2.74463
1.39578 1.33629 2.95285 0.421604 2.0527 0.431351 2.12563 -0.0100281 -0.171405 -0.187648 0.0836354 2.86102 1.50314 2.42387 -0.790822 -2.74463
1.39843 1.33629 2.95285 0.421604 2.0527 0.431351 2.12563 -0.0100281 -0.171405 -0.187648 0.0836354 2.86102 1.50314 2.42387 -0.790822 -2.74463
1.40116 1.33629 2.95285 0.421604 2.0527 0.431351 2.12563 -0.0100281 -0.171405 -0.187648 0.0836354 2.86102 1.50314 2.42387 -0.790822 -2.74463
1.40392 1.33629 2.95285 0.421604 2.0527 0.431351 2.12563 -0.0100281 -0.171405 -0.187648 0.0836354 2.86102 1.50314 2.42387 -0.790822 -2.74463
1.4068 1.33629 2.95285 0.421604 2.0527 0.431351 2.12563 -0.0100281 -0.171405 -0.187648 0.0836354 2.86102 1.50314 2.42387 -0.790822 -2.74463
1.40981 1.33629 2.95285 0.421604 2.0527 0.431351 2.12563 -0.0100281 -0.171405 -0.187648 0.0836354 2.86102 1.50314 2.42387 -0.790822 -2.74463
1.41275 1.33629 2.95285 0.421604 2.0527 0.431351 2.12563 -0.0100281 -0.171405 -0.187648 0.0836354 2.86102 1.50314 2.42387 -0.790822 -2.74463
1.41579 1.33629 2.95285 0.421604 2.0527 0.431351 2.12563 -0.0100281 -0.171405 -0.187648 0.0836354 2.86102 1.50314 2.42387 -0.790822 -2.74463
1.41888 1.33629 2.95285 0.421604 2.0527 0.431351 2.12563 -0.0100281 -0.171405 -0.187648 0.0836354 2.86102 1.50314 2.42387 -0.790822 -2.74463
1.42232 1.33629 2.95285 0.421604 2.0527 0.431351 2.12563 -0.0100281 -0.171405 -0.187648 0.0836354 2.86102 1.50314 2.42387 -0.790822 -2.74463
1.42585 1.33629 2.95285 0.421604 2.0527 0.431351 2.12563 -0.0100281 -0.171405 -0.187648 0.0836354 2.86102 1.50314 2.42387 -0.790822 -2.74463
1.4295 1.33629 2.95285 0.421604 2.0527 0.431351 2.12563 -0.0100281 -0.171405 -0.187648 0.0836354 2.86102 1.50314 2.42387 -0.790822 -2.74463
1.433 1.33629 2.95285 0.421604 2.0527 0.431351 2.12563 -0.0100281 -0.171405 -0.187648 0.0836354 2.86102 1.50314 2.42387 -0.790822 -2.74463
1.4365 1.33629 2.95285 0.421604 2.0527 0.431351 2.12563 -0.0100281 -0.171405 -0.187648 0.0836354 2.86102 1.50314 2.42387 -0.790822 -2.74463
1.44014 1.33629 2.95285 0.421604 2.0527 0.431351 2.12563 -0.0100281 -0.171405 -0.187648 0.0836354 2.86102 1.50314 2.42387 -0.790822 -2.74463
1.44413 1.33629 2.95285 0.421604 2.0527 0.431351 2.12563 -0.0100281 -0.171405 -0.187648 0.0836354 2.86102 1.50314 2.42387 -0.790822 -2.74463
1.44825 1.33629 2.95285 0.421604 2.0527 0.431351 2.12563 -0.0100281 -0.171405 -0.187648 0.0836354 2.86102 1.50314 2.42387 -0.790822 -2.74463
1.45217 1.33629 2.95285 0.421604 2.0527 0.431351 2.12563 -0.0100281 -0.171405 -0.187648 0.0836354 2.86102 1.50314 2.42387 -0.790822 -2.74463
1.45622 1.33629 2.95285 0.421604 2.0527 0.431351 2.12563 -0.0100281 -0.171405 -0.187648 0.0836354 2.86102 1.50314 2.42387 -0.790822 -2.74463
1.46052 1.33629 2.95285 0.421604 2.0527 0.431351 2.12563 -0.0100281 -0.171405 -0.187648 0.0836354 2.86102 1.50314 2.42387 -0.790822 -2.74463
1.46507 1.33629 2.95285 0.421604 2.0527 0.431351 2.12563 -0.0100281 -0.171405 -0.187648 0.0836354 2.86102 1.50314 2.42387 -0.790822 -2.74463
1.46967 1.33629 2.95285 0.421604 2.0527 0.431351 2.12563 -0.0100281 -0.171405 -0.187648 0.0836354 2.86102 1.50314 2.42387 -0.790822 -2.74463
1.47427 1.33629 2.95285 0.421604 2.0527 0.431351 2.12563 -0.0100281 -0.171405 -0.187648 0.0836354 2.86102 1.50314 2.42387 -0.790822 -2.74463
1.47902 1.33629 2.95285 0.421604 2.0527 0.431351 2.12563 -0.0100281 -0.171405 -0.187648 0.0836354 2.86102 1.50314 2.42387 -0.790822 -2.74463
1.48401 1.33629 2.95285 0.421604 2.0527 0.431351 2.12563 -0.0100281 -0.171405 -0.187648 0.0836354 2.86102 1.50314 2.42387 -0.790822 -2.74463
1.4891 1.33629 2.95285 0.421604 2.0527 0.431351 2.12563 -0.0100281 -0.171405 -0.187648 0.0836354 2.86102 1.50314 2.42387 -0.790822 -2.74463
1.49431 1.33629 2.95285 0.421604 2.0527 0.431351 2.12563 -0.0100281 -0.171405 -0.187648 0.0836354 2.86102 1.50314 2.42387 -0.790822 -2.74463
1.49963 1.33629 2.95285 0.421604 2.0527 0.431351 2.12563 -0.0100281 -0.171405 -0.187648 0.0836354 2.86102 1.50314 2.42387 -0.790822 -2.74463
1.50516 1.33629 2.95285 0.421604 2.0527 0.431351 2.12563 -0.0100281 -0.171405 -0.187648 0.0836354 2.86102 1.50314 2.42387 -0.790822 -2.74463
1.51094 1.33629 2.95285 0.421604 2.0527 0.431351 2.12563 -0.0100281 -0.171405 -0.187648 0.0836354 2.86102 1.50314 2.42387 -0.790822 -2.74463
1.51682 1.33629 2.95285 0.421604 2.0527 0.431351 2.12563 -0.0100281 -0.171405 -0.187648 0.0836354 2.86102 1.50314 2.42387 -0.790822 -2.74463
1.52281 1.33629 2.95285 0.421604 2.0527 0.431351 2.12563 -0.0100281 -0.171405 -0.187648 0.0836354 2.86102 1.50314 2.42387 -0.790822 -2.74463
1.5291 1.33629 2.95285 0.421604 2.0527 0.431351 2.12563 -0.0100281 -0.171405 -0.187648 0.0836354 2.86102 1.50314 2.42387 -0.790822 -2.74463
1.53546 1.33629 2.95285 0.421604 2.0527 0.431351 2.12563 -0.0100281 -0.171405 -0.187648 0.0836354 2.86102 1.50314 2.42387 -0.790822 -2.74463
1.54188 1.33629 2.95285 0.421604 2.0527 0.431351 2.12563 -0.0100281 -0.171405 -0.187648 0.0836354 2.86102 1.50314 2.42387 -0.790822 -2.74463
1.5487 1.33629 2.95285 0.421604 2.0527 0.431351 2.12563 -0.0100281 -0.171405 -0.187648 0.0836354 2.86102 1.50314 2.42387 -0.790822 -2.74463
1.55558 1.33629 2.95285 0.421604 2.0527 0.431351 2.12563 -0.0100281 -0.171405 -0.187648 0.0836354 2.86102 1.50314 2.42387 -0.790822 -2.74463
1.56273 1.33629 2.95285 0.421604 2.0527 0.431351 2.12563 -0.0100281 -0.171405 -0.187648 0.0836354 2.86102 1.50314 2.42387 -0.790822 -2.74463
1.57031 1.33629 2.95285 0.421604 2.0527 0.431351 2.12563 -0.0100281 -0.171405 -0.187648 0.0836354 2.86102 1.50314 2.42387 -0.790822 -2.74463
1.57785 1.33629 2.95285 0.421604 2.0527 0.431351 2.12563 -0.0100281 -0.171405 -0.187648 0.0836354 2.86102 1.50314 2.42387 -0.790822 -2.74463
1.58567 1.33629 2.95285 0.421604 2.0527 0.431351 2.12563 -0.0100281 -0.171405 -0.187648 0.0836354 2.86102 1.50314 2.42387 -0.790822 -2.74463
1.59361 1.33629 2.95285 0.421604 2.0527 0.431351 2.12563 -0.0100281 -0.171405 -0.187648 0.0836354 2.86102 1.50314 2.42387 -0.790822 -2.74463
1.60179 1.33629 2.95285 0.421604 2.0527 0.431351 2.12563 -0.0100281 -0.171405 -0.187648 0.0836354 2.86102 1.50314 2.42387 -0.790822 -2.74463
1.61024 1.33629 2.95285 0.421604 2.0527 0.431351 2.12563 -0.0100281 -0.171405 -0.187648 0.0836354 2.86102 1.50314 2.42387 -0.790822 -2.74463
1.61875 1.33629 2.95285 0.421604 2.0527 0.431351 2.12563 -0.0100281 -0.171405 -0.187648 0.0836354 2.86102 1.50314 2.42387 -0.790822 -2.74463
1.62791 1.33629 2.95285 0.421604 2.0527 0.431351 2.12563 -0.0100281 -0.171405 -0.187648 0.0836354 2.86102 1.50314 2.42387 -0.790822 -2.74463
1.62791 1.33629 2.95285 0.421604 2.0527 0.431351 2.12563 -0.0100281 -0.171405 -0.187648 0.0836354 2.86102 1.50314 2.42387 -0.790822 -2.74463
1.62791 1.33629 2.95285 0.421604 2.0527 0.431351 2.12563 -0.0100281 -0.171405 -0.187648 0.0836354 2.86102 1.50314 2.42387 -0.790822 -2.74463
1.62791 1.33629 2.95285 0.421604 2.0527 0.431351 2.12563 -0.0100281 -0.171405 -0.187648 0.0836354 2.86102 1.50314 2.42387 -0.790822 -2.74463
1.62791 1.33629 2.95285 0.421604 2.0527 0.431351 2.12563 -0.0100281 -0.171405 -0.187648 0.0836354 2.86102 1.50314 2.42387 -0.790822 -2.74463
1.62791 1.33629 2.95285 0.421604 2.0527 0.431351 2.12563 -0.0100281 -0.171405 -0.187648 0.0836354 2.86102 1.50314 2.42387 -0.790822 -2.74463
1.62791 1.33629 2.95285 0.421604 2.0527 0.431351 2.12563 -0.0100281 -0.171405 -0.187648 0.0836354 2.86102 1.50314 2.42387 -0.790822 -2.74463
1.62783 1.33629 2.95285 0.421604 2.0527 0.431351 2.12563 -0.0100281 -0.171405 -0.187648 0.0836354 2.86102 1.50314 2.42387 -0.790822 -2.74463
1.62767 1.33629 2.95285 0.421604 2.0527 0.431351 2.12563 -0.0100281 -0.171405 -0.187648 0.0836354 2.86102 1.50314 2.42387 -0.790822 -2.74463
1.6272 1.33629 2.95285 0.421604 2.0527 0.431351 2.12563 -0.0100281 -0.171405 -0.187648 0.0836354 2.86102 1.50314 2.42387 -0.790822 -2.74463
1.62552 1.33629 2.95285 0.421604 2.0527 0.431351 2.12563 -0.0100281 -0.171405 -0.187648 0.0836354 2.86102 1.50314 2.42387 -0.790822 -2.74463
1.6236 1.33629 2.95285 0.421604 2.0527 0.431351 2.12563 -0.0100281 -0.171405 -0.187648 0.0836354 2.86102 1.50314 2.42387 -0.790822 -2.74463
1.6209 1.33629 2.95285 0.421604 2.0527 0.431351 2.12563 -0.0100281 -0.171405 -0.187648 0.0836354 2.86102 1.50314 2.42387 -0.790822 -2.74463
1.61711 1.33629 2.95285 0.421604 2.0527 0.431351 2.12563 -0.0100281 -0.171405 -0.187648 0.0836354 2.86102 1.50314 2.42387 -0.790822 -2.74463
1.61319 1.33629 2.95285 0.421604 2.0527 0.431351 2.12563 -0.0100281 -0.171405 -0.187648 0.0836354 2.86102 1.50314 2.42387 -0.790822 -2.74463
1.60922 1.33629 2.95285 0.421604 2.0527 0.431351 2.12563 -0.0100281 -0.171405 -0.187648 0.0836354 2.86102 1.50314 2.42387 -0.790822 -2.74463
1.60514 1.33629 2.95285 0.421604 2.0527 0.431351 2.12563 -0.0100281 -0.171405 -0.187648 0.0836354 2.86102 1.50314 2.42387 -0.790822 -2.74463
1.60101 1.33629 2.95285 0.421604 2.0527 0.431351 2.12563 -0.0100281 -0.171405 -0.187648 0.0836354 2.86102 1.50314 2.42387 -0.790822 -2.74463
1.59674 1.33629 2.95285 0.421604 2.0527 0.431351 2.12563 -0.0100281 -0.171405 -0.187648 0.0836354 2.86102 1.50314 2.42387 -0.790822 -2.74463
1.59239 1.33629 2.95285 0.421604 2.0527 0.431351 2.12563 -0.0100281 -0.171405 -0.187648 0.0836354 2.86102 1.50314 2.42387 -0.790822 -2.74463
1.58802 1.33629 2.95285 0.421604 2.0527 0.431351 2.12563 -0.0100281 -0.171405 -0.187648 0.0836354 2.86102 1.50314 2.42387 -0.790822 -2.74463
1.58361 1.33629 2.95285 0.421604 2.0527 0.431351 2.12563 -0.0100281 -0.171405 -0.187648 0.0836354 2.86102 1.50314 2.42387 -0.790822 -2.74463
1.57918 1.33629 2.95285 0.421604 2.0527 0.431351 2.12563 -0.0100281 -0.171405 -0.187648 0.0836354 2.86102 1.50314 2.42387 -0.790822 -2.74463
1.57487 1.33629 2.95285 0.421604 2.0527 0.431351 2.12563 -0.0100281 -0.171405 -0.187648 0.0836354 2.86102 1.50314 2.42387 -0.790822 -2.74463
1.57055 1.33629 2.95285 0.421604 2.0527 0.431351 2.12563 -0.0100281 -0.171405 -0.187648 0.0836354 2.86102 1.50314 2.42387 -0.790822 -2.74463
1.56606 1.33629 2.95285 0.421604 2.0527 0.431351 2.12563 -0.0100281 -0.171405 -0.187648 0.0836354 2.86102 1.50314 2.42387 -0.790822 -2.74463
1.56171 1.33629 2.95285 0.421604 2.0527 0.431351 2.12563 -0.0100281 -0.171405 -0.187648 0.0836354 2.86102 1.50314 2.42387 -0.790822 -2.74463
1.55732 1.33629 2.95285 0.421604 2.0527 0.431351 2.12563 -0.0100281 -0.171405 -0.187648 0.0836354 2.86102 1.50314 2.42387 -0.790822 -2.74463
1.5529 1.33629 2.95285 0.421604 2.0527 0.431351 2.12563 -0.0100281 -0.171405 -0.187648 0.0836354 2.86102 1.50314 2.42387 -0.790822 -2.74463
1.54841 1.33629 2.95285 0.421604 2.0527 0.431351 2.12563 -0.0100281 -0.171405 -0.187648 0.0836354 2.86102 1.50314 2.42387 -0.790822 -2.74463
1.54399 1.33629 2.95285 0.421604 2.0527 0.431351 2.12563 -0.0100281 -0.171405 -0.187648 0.0836354 2.86102 1.50314 2.42387 -0.790822 -2.74463
1.53953 1.33629 2.95285 0.421604 2.0527 0.431351 2.12563 -0.0100281 -0.171405 -0.187648 0.0836354 2.86102 1.50314 2.42387 -0.790822 -2.74463
1.53509 1.33629 2.95285 0.421604 2.0527 0.431351 2.12563 -0.0100281 -0.171405 -0.187648 0.0836354 2.86102 1.50314 2.42387 -0.790822 -2.74463
1.53065 1.33629 2.95285 0.421604 2.0527 0.431351 2.12563 -0.0100281 -0.171405 -0.187648 0.0836354 2.86102 1.50314 2.42387 -0.790822 -2.74463
1.5261 1.33629 2.95285 0.421604 2.0527 0.431351 2.12563 -0.0100281 -0.171405 -0.187648 0.0836354 2.86102 1.50314 2.42387 -0.790822 -2.74463
1.52164 1.33629 2.95285 0.421604 2.0527 0.431351 2.12563 -0.0100281 -0.171405 -0.187648 0.0836354 2.86102 1.50314 2.42387 -0.790822 -2.74463
1.51717 1.33629 2.95285 0.421604 2.0527 0.431351 2.12563 -0.0100281 -0.171405 -0.187648 0.0836354 2.86102 1.50314 2.42387 -0.790822 -2.74463
1.5126 1.33629 2.95285 0.421604 2.0527 0.431351 2.12563 -0.0100281 -0.171405 -0.187648 0.0836354 2.86102 1.50314 2.42387 -0.790822 -2.74463
1.50801 1.33629 2.95285 0.421604 2.0527 0.431351 2.12563 -0.0100281 -0.171405 -0.187648 0.0836354 2.86102 1.50314 2.42387 -0.790822 -2.74463
1.50347 1.33629 2.95285 0.421604 2.0527 0.431351 2.12563 -0.0100281 -0.171405 -0.187648 0.0836354 2.86102 1.50314 2.42387 -0.790822 -2.74463
1.49891 1.33629 2.95285 0.421604 2.0527 0.431351 2.12563 -0.0100281 -0.171405 -0.187648 0.0836354 2.86102 1.50314 2.42387 -0.790822 -2.74463
1.49432 1.33629 2.95285 0.421604 2.0527 0.431351 2.12563 -0.0100281 -0.171405 -0.187648 0.0836354 2.86102 1.50314 2.42387 -0.790822 -2.74463
1.48966 1.33629 2.95285 0.421604 2.0527 0.431351 2.12563 -0.0100281 -0.171405 -0.187648 0.0836354 2.86102 1.50314 2.42387 -0.790822 -2.74463
1.48499 1.33629 2.95285 0.421604 2.0527 0.431351 2.12563 -0.0100281 -0.171405 -0.187648 0.0836354 2.86102 1.50314 2.42387 -0.790822 -2.74463
1.48025 1.33629 2.95285 0.421604 2.0527 0.431351 2.12563 -0.0100281 -0.171405 -0.187648 0.0836354 2.86102 1.50314 2.42387 -0.790822 -2.74463
1.47557 1.33629 2.95285 0.421604 2.0527 0.431351 2.12563 -0.0100281 -0.171405 -0.187648 0.0836354 2.86102 1.50314 2.42387 -0.790822 -2.74463
1.47086 1.33629 2.95285 0.421604 2.0527 0.431351 2.12563 -0.0100281 -0.171405 -0.187648 0.0836354 2.86102 1.50314 2.42387 -0.790822 -2.74463
1.46604 1.33629 2.95285 0.421604 2.0527 0.431351 2.12563 -0.0100281 -0.171405 -0.187648 0.0836354 2.86102 1.50314 2.42387 -0.790822 -2.74463
1.46129 1.33629 2.95285 0.421604 2.0527 0.431351 2.12563 -0.0100281 -0.171405 -0.187648 0.0836354 2.86102 1.50314 2.42387 -0.790822 -2.74463
1.45657 1.33629 2.95285 0.421604 2.0527 0.431351 2.12563 -0.0100281 -0.171405 -0.187648 0.0836354 2.86102 1.50314 2.42387 -0.790822 -2.74463
1.45177 1.33629 2.95285 0.421604 2.0527 0.431351 2.12563 -0.0100281 -0.171405 -0.187648 0.0836354 2.86102 1.50314 2.42387 -0.790822 -2.74463
1.44698 1.33629 2.95285 0.421604 2.0527 0.431351 2.12563 -0.0100281 -0.171405 -0.187648 0.0836354 2.86102 1.50314 2.42387 -0.790822 -2.74463
1.44219 1.33629 2.95285 0.421604 2.0527 0.431351 2.12563 -0.0100281 -0.171405 -0.187648 0.0836354 2.86102 1.50314 2.42387 -0.790822 -2.74463
1.43719 1.33629 2.95285 0.421604 2.0527 0.431351 2.12563 -0.0100281 -0.171405 -0.187648 0.0836354 2.86102 1.50314 2.42387 -0.790822 -2.74463
1.43223 1.33629 2.95285 0.421604 2.0527 0.431351 2.12563 -0.0100281 -0.171405 -0.187648 0.0836354 2.86102 1.50314 2.42387 -0.790822 -2.74463
1.42735 1.33629 2.95285 0.421604 2.0527 0.431351 2.12563 -0.0100281 -0.171405 -0.187648 0.0836354 2.86102 1.50314 2.42387 -0.790822 -2.74463
1.42256 1.33629 2.95285 0.421604 2.0527 0.431351 2.12563 -0.0100281 -0.171405 -0.187648 0.0836354 2.86102 1.50314 2.42387 -0.790822 -2.74463
1.41769 1.33629 2.95285 0.421604 2.0527 0.431351 2.12563 -0.0100281 -0.171405 -0.187648 0.0836354 2.86102 1.50314 2.42387 -0.790822 -2.74463
1.41273 1.33629 2.95285 0.421604 2.0527 0.431351 2.12563 -0.0100281 -0.171405 -0.187648 0.0836354 2.86102 1.50314 2.42387 -0.790822 -2.74463
1.40781 1.33629 2.95285 0.421604 2.0527 0.431351 2.12563 -0.0100281 -0.171405 -0.187648 0.0836354 2.86102 1.50314 2.42387 -0.790822 -2.74463
1.4029 1.33629 2.95285 0.421604 2.0527 0.431351 2.12563 -0.0100281 -0.171405 -0.187648 0.0836354 2.86102 1.50314 2.42387 -0.790822 -2.74463
1.39796 1.33629 2.95285 0.421604 2.0527 0.431351 2.12563 -0.0100281 -0.171405 -0.187648 0.0836354 2.86102 1.50314 2.42387 -0.790822 -2.74463
1.39294 1.33629 2.95285 0.421604 2.0527 0.431351 2.12563 -0.0100281 -0.171405 -0.187648 0.0836354 2.86102 1.50314 2.42387 -0.790822 -2.74463
1.38778 1.33629 2.95285 0.421604 2.0527 0.431351 2.12563 -0.0100281 -0.171405 -0.187648 0.0836354 2.86102 1.50314 2.42387 -0.790822 -2.74463
1.38274 1.33629 2.95285 0.421604 2.0527 0.431351 2.12563 -0.0100281 -0.171405 -0.187648 0.0836354 2.86102 1.50314 2.42387 -0.790822 -2.74463
1.37774 1.33629 2.95285 0.421604 2.0527 0.431351 2.12563 -0.0100281 -0.171405 -0.187648 0.0836354 2.86102 1.50314 2.42387 -0.790822 -2.74463
1.37266 1.33629 2.95285 0.421604 2.0527 0.431351 2.12563 -0.0100281 -0.171405 -0.187648 0.0836354 2.86102 1.50314 2.42387 -0.790822 -2.74463
1.3675 1.33629 2.95285 0.421604 2.0527 0.431351 2.12563 -0.0100281 -0.171405 -0.187648 0.0836354 2.86102 1.50314 2.42387 -0.790822 -2.74463
1.36238 1.33629 2.95285 0.421604 2.0527 0.431351 2.12563 -0.0100281 -0.171405 -0.187648 0.0836354 2.86102 1.50314 2.42387 -0.790822 -2.74463
1.35723 1.33629 2.95285 0.421604 2.0527 0.431351 2.12563 -0.0100281 -0.171405 -0.187648 0.0836354 2.86102 1.50314 2.42387 -0.790822 -2.74463
1.35195 1.33629 2.95285 0.421604 2.0527 0.431351 2.12563 -0.0100281 -0.171405 -0.187648 0.0836354 2.86102 1.50314 2.42387 -0.790822 -2.74463
1.34666 1.33629 2.95285 0.421604 2.0527 0.431351 2.12563 -0.0100281 -0.171405 -0.187648 0.0836354 2.86102 1.50314 2.42387 -0.790822 -2.74463
1.34133 1.33629 2.95285 0.421604 2.0527 0.431351 2.12563 -0.0100281 -0.171405 -0.187648 0.0836354 2.86102 1.50314 2.42387 -0.790822 -2.74463
1.33599 1.33629 2.95285 0.421604 2.0527 0.431351 2.12563 -0.0100281 -0.171405 -0.187648 0.0836354 2.86102 1.50314 2.42387 -0.790822 -2.74463
1.33072 1.33629 2.95285 0.421604 2.0527 0.431351 2.12563 -0.0100281 -0.171405 -0.187648 0.0836354 2.86102 1.50314 2.42387 -0.790822 -2.74463
1.32548 1.33629 2.95285 0.421604 2.0527 0.431351 2.12563 -0.0100281 -0.171405 -0.187648 0.0836354 2.86102 1.50314 2.42387 -0.790822 -2.74463
