16.69
16.7
16.711
16.721
16.731
16.742
16.752
16.763
16.773
16.785
16.805
16.826
16.846
16.867
16.887
16.908
16.928
16.949
16.97
16.991
17.031
17.07
17.108
17.147
17.186
17.224
17.262
17.3
17.339
17.378
17.416
17.454
17.493
17.531
17.57
17.609
17.647
17.686
17.726
17.766
17.805
17.844
17.882
17.92
17.959
17.997
18.036
18.074
18.113
18.152
18.19
18.229
18.267
18.305
18.344
18.382
18.421
18.459
18.499
18.539
18.578
18.617
18.656
18.694
18.732
18.771
18.809
18.847
18.886
18.925
18.963
19.002
19.04
19.079
19.118
19.156
19.195
19.233
19.272
19.311
19.35
19.389
19.428
19.467
19.506
19.544
19.583
19.622
19.662
19.701
19.739
19.778
19.816
19.855
19.893
20.907
20.917
20.928
20.939
20.95
20.96
20.971
20.982
20.993
21.006
21.044
21.083
21.121
21.16
21.198
21.237
21.276
21.315
21.353
21.391
21.429
21.468
21.508
21.547
21.587
21.627
21.666
21.705
21.744
21.782
21.821
21.859
21.898
21.936
21.975
22.014
22.052
22.091
22.13
22.168
22.207
22.245
22.284
22.323
22.362
22.401
22.44
22.479
22.518
22.557
22.595
22.634
22.673
22.713
22.752
22.79
22.829
22.867
22.906
22.944
22.983
23.021
23.06
23.099
23.138
23.176
23.215
23.254
23.293
23.332
23.371
23.411
23.451
23.49
23.528
23.567
