1.45258 1.13353 -2.08431 -1.00969 -1.09706 1.54159 -0.726653 0.540331 -2.31803 1.57523 1.59481 0.375967 -1.19058 -0.113262 -0.86733 -2.70617
1.45258 1.13353 -2.08431 -1.00969 -1.09706 1.54159 -0.726653 0.540331 -2.31803 1.57523 1.59481 0.375967 -1.19058 -0.113262 -0.86733 -2.70617
1.45258 1.13353 -2.08431 -1.00969 -1.09706 1.54159 -0.726653 0.540331 -2.31803 1.57523 1.59481 0.375967 -1.19058 -0.113262 -0.86733 -2.70617
1.45258 1.13353 -2.08431 -1.00969 -1.09706 1.54159 -0.726653 0.540331 -2.31803 1.57523 1.59481 0.375967 -1.19058 -0.113262 -0.86733 -2.70617
1.45258 1.13353 -2.08431 -1.00969 -1.09706 1.54159 -0.726653 0.540331 -2.31803 1.57523 1.59481 0.375967 -1.19058 -0.113262 -0.86733 -2.70617
1.45258 1.13353 -2.08431 -1.00969 -1.09706 1.54159 -0.726653 0.540331 -2.31803 1.57523 1.59481 0.375967 -1.19058 -0.113262 -0.86733 -2.70617
1.45258 1.13353 -2.08431 -1.00969 -1.09706 1.54159 -0.726653 0.540331 -2.31803 1.57523 1.59481 0.375967 -1.19058 -0.113262 -0.86733 -2.70617
1.45258 1.13353 -2.08431 -1.00969 -1.09706 1.54159 -0.726653 0.540331 -2.31803 1.57523 1.59481 0.375967 -1.19058 -0.113262 -0.86733 -2.70617
1.45258 1.13353 -2.08431 -1.00969 -1.09706 1.54159 -0.726653 0.540331 -2.31803 1.57523 1.59481 0.375967 -1.19058 -0.113262 -0.86733 -2.70617
1.45258 1.13353 -2.08431 -1.00969 -1.09706 1.54159 -0.726653 0.540331 -2.31803 1.57523 1.59481 0.375967 -1.19058 -0.113262 -0.86733 -2.70617
1.45258 1.13353 -2.08431 -1.00969 -1.09706 1.54159 -0.726653 0.540331 -2.31803 1.57523 1.59481 0.375967 -1.19058 -0.113262 -0.86733 -2.70617
1.45257 1.13353 -2.08431 -1.00969 -1.09706 1.54159 -0.726653 0.540331 -2.31803 1.57523 1.59481 0.375967 -1.19058 -0.113262 -0.86733 -2.70617
1.45255 1.13353 -2.08431 -1.00969 -1.09706 1.54159 -0.726653 0.540331 -2.31803 1.57523 1.59481 0.375967 -1.19058 -0.113262 -0.86733 -2.70617
1.45255 1.13353 -2.08431 -1.00969 -1.09706 1.54159 -0.726653 0.540331 -2.31803 1.57523 1.59481 0.375967 -1.19058 -0.113262 -0.86733 -2.70617
1.45255 1.13353 -2.08431 -1.00969 -1.09706 1.54159 -0.726653 0.540331 -2.31803 1.57523 1.59481 0.375967 -1.19058 -0.113262 -0.86733 -2.70617
1.45255 1.13353 -2.08431 -1.00969 -1.09706 1.54159 -0.726653 0.540331 -2.31803 1.57523 1.59481 0.375967 -1.19058 -0.113262 -0.86733 -2.70617
1.45255 1.13353 -2.08431 -1.00969 -1.09706 1.54159 -0.726653 0.540331 -2.31803 1.57523 1.59481 0.375967 -1.19058 -0.113262 -0.86733 -2.70617
1.45255 1.13353 -2.08431 -1.00969 -1.09706 1.54159 -0.726653 0.540331 -2.31803 1.57523 1.59481 0.375967 -1.19058 -0.113262 -0.86733 -2.70617
1.45255 1.13353 -2.08431 -1.00969 -1.09706 1.54159 -0.726653 0.540331 -2.31803 1.57523 1.59481 0.375967 -1.19058 -0.113262 -0.86733 -2.70617
1.45255 1.13353 -2.08431 -1.00969 -1.09706 1.54159 -0.726653 0.540331 -2.31803 1.57523 1.59481 0.375967 -1.19058 -0.113262 -0.86733 -2.70617
1.45305 1.13353 -2.08431 -1.00969 -1.09706 1.54159 -0.726653 0.540331 -2.31803 1.57523 1.59481 0.375967 -1.19058 -0.113262 -0.86733 -2.70617
1.45341 1.13353 -2.08431 -1.00969 -1.09706 1.54159 -0.726653 0.540331 -2.31803 1.57523 1.59481 0.375967 -1.19058 -0.113262 -0.86733 -2.70617
1.45373 1.13353 -2.08431 -1.00969 -1.09706 1.54159 -0.726653 0.540331 -2.31803 1.57523 1.59481 0.375967 -1.19058 -0.113262 -0.86733 -2.70617
1.454 1.13353 -2.08431 -1.00969 -1.09706 1.54159 -0.726653 0.540331 -2.31803 1.57523 1.59481 0.375967 -1.19058 -0.113262 -0.86733 -2.70617
1.45437 1.13353 -2.08431 -1.00969 -1.09706 1.54159 -0.726653 0.540331 -2.31803 1.57523 1.59481 0.375967 -1.19058 -0.113262 -0.86733 -2.70617
1.45477 1.13353 -2.08431 -1.00969 -1.09706 1.54159 -0.726653 0.540331 -2.31803 1.57523 1.59481 0.375967 -1.19058 -0.113262 -0.86733 -2.70617
1.45519 1.13353 -2.08431 -1.00969 -1.09706 1.54159 -0.726653 0.540331 -2.31803 1.57523 1.59481 0.375967 -1.19058 -0.113262 -0.86733 -2.70617
1.45561 1.13353 -2.08431 -1.00969 -1.09706 1.54159 -0.726653 0.540331 -2.31803 1.57523 1.59481 0.375967 -1.19058 -0.113262 -0.86733 -2.70617
1.45607 1.13353 -2.08431 -1.00969 -1.09706 1.54159 -0.726653 0.540331 -2.31803 1.57523 1.59481 0.375967 -1.19058 -0.113262 -0.86733 -2.70617
1.4566 1.13353 -2.08431 -1.00969 -1.09706 1.54159 -0.726653 0.540331 -2.31803 1.57523 1.59481 0.375967 -1.19058 -0.113262 -0.86733 -2.70617
1.4572 1.13353 -2.08431 -1.00969 -1.09706 1.54159 -0.726653 0.540331 -2.31803 1.57523 1.59481 0.375967 -1.19058 -0.113262 -0.86733 -2.70617
1.4578 1.13353 -2.08431 -1.00969 -1.09706 1.54159 -0.726653 0.540331 -2.31803 1.57523 1.59481 0.375967 -1.19058 -0.113262 -0.86733 -2.70617
1.4584 1.13353 -2.08431 -1.00969 -1.09706 1.54159 -0.726653 0.540331 -2.31803 1.57523 1.59481 0.375967 -1.19058 -0.113262 -0.86733 -2.70617
1.45915 1.13353 -2.08431 -1.00969 -1.09706 1.54159 -0.726653 0.540331 -2.31803 1.57523 1.59481 0.375967 -1.19058 -0.113262 -0.86733 -2.70617
1.46009 1.13353 -2.08431 -1.00969 -1.09706 1.54159 -0.726653 0.540331 -2.31803 1.57523 1.59481 0.375967 -1.19058 -0.113262 -0.86733 -2.70617
1.46111 1.13353 -2.08431 -1.00969 -1.09706 1.54159 -0.726653 0.540331 -2.31803 1.57523 1.59481 0.375967 -1.19058 -0.113262 -0.86733 -2.70617
1.46214 1.13353 -2.08431 -1.00969 -1.09706 1.54159 -0.726653 0.540331 -2.31803 1.57523 1.59481 0.375967 -1.19058 -0.113262 -0.86733 -2.70617
1.46322 1.13353 -2.08431 -1.00969 -1.09706 1.54159 -0.726653 0.540331 -2.31803 1.57523 1.59481 0.375967 -1.19058 -0.113262 -0.86733 -2.70617
1.46445 1.13353 -2.08431 -1.00969 -1.09706 1.54159 -0.726653 0.540331 -2.31803 1.57523 1.59481 0.375967 -1.19058 -0.113262 -0.86733 -2.70617
1.46572 1.13353 -2.08431 -1.00969 -1.09706 1.54159 -0.726653 0.540331 -2.31803 1.57523 1.59481 0.375967 -1.19058 -0.113262 -0.86733 -2.70617
1.46703 1.13353 -2.08431 -1.00969 -1.09706 1.54159 -0.726653 0.540331 -2.31803 1.57523 1.59481 0.375967 -1.19058 -0.113262 -0.86733 -2.70617
1.46836 1.13353 -2.08431 -1.00969 -1.09706 1.54159 -0.726653 0.540331 -2.31803 1.57523 1.59481 0.375967 -1.19058 -0.113262 -0.86733 -2.70617
1.46962 1.13353 -2.08431 -1.00969 -1.09706 1.54159 -0.726653 0.540331 -2.31803 1.57523 1.59481 0.375967 -1.19058 -0.113262 -0.86733 -2.70617
1.47087 1.13353 -2.08431 -1.00969 -1.09706 1.54159 -0.726653 0.540331 -2.31803 1.57523 1.59481 0.375967 -1.19058 -0.113262 -0.86733 -2.70617
1.47219 1.13353 -2.08431 -1.00969 -1.09706 1.54159 -0.726653 0.540331 -2.31803 1.57523 1.59481 0.375967 -1.19058 -0.113262 -0.86733 -2.70617
1.4735 1.13353 -2.08431 -1.00969 -1.09706 1.54159 -0.726653 0.540331 -2.31803 1.57523 1.59481 0.375967 -1.19058 -0.113262 -0.86733 -2.70617
1.47479 1.13353 -2.08431 -1.00969 -1.09706 1.54159 -0.726653 0.540331 -2.31803 1.57523 1.59481 0.375967 -1.19058 -0.113262 -0.86733 -2.70617
1.47597 1.13353 -2.08431 -1.00969 -1.09706 1.54159 -0.726653 0.540331 -2.31803 1.57523 1.59481 0.375967 -1.19058 -0.113262 -0.86733 -2.70617
1.47714 1.13353 -2.08431 -1.00969 -1.09706 1.54159 -0.726653 0.540331 -2.31803 1.57523 1.59481 0.375967 -1.19058 -0.113262 -0.86733 -2.70617
1.4782 1.13353 -2.08431 -1.00969 -1.09706 1.54159 -0.726653 0.540331 -2.31803 1.57523 1.59481 0.375967 -1.19058 -0.113262 -0.86733 -2.70617
1.47934 1.13353 -2.08431 -1.00969 -1.09706 1.54159 -0.726653 0.540331 -2.31803 1.57523 1.59481 0.375967 -1.19058 -0.113262 -0.86733 -2.70617
1.48065 1.13353 -2.08431 -1.00969 -1.09706 1.54159 -0.726653 0.540331 -2.31803 1.57523 1.59481 0.375967 -1.19058 -0.113262 -0.86733 -2.70617
1.48197 1.13353 -2.08431 -1.00969 -1.09706 1.54159 -0.726653 0.540331 -2.31803 1.57523 1.59481 0.375967 -1.19058 -0.113262 -0.86733 -2.70617
1.4833 1.13353 -2.08431 -1.00969 -1.09706 1.54159 -0.726653 0.540331 -2.31803 1.57523 1.59481 0.375967 -1.19058 -0.113262 -0.86733 -2.70617
1.48476 1.13353 -2.08431 -1.00969 -1.09706 1.54159 -0.726653 0.540331 -2.31803 1.57523 1.59481 0.375967 -1.19058 -0.113262 -0.86733 -2.70617
1.48632 1.13353 -2.08431 -1.00969 -1.09706 1.54159 -0.726653 0.540331 -2.31803 1.57523 1.59481 0.375967 -1.19058 -0.113262 -0.86733 -2.70617
1.48791 1.13353 -2.08431 -1.00969 -1.09706 1.54159 -0.726653 0.540331 -2.31803 1.57523 1.59481 0.375967 -1.19058 -0.113262 -0.86733 -2.70617
1.48937 1.13353 -2.08431 -1.00969 -1.09706 1.54159 -0.726653 0.540331 -2.31803 1.57523 1.59481 0.375967 -1.19058 -0.113262 -0.86733 -2.70617
1.49091 1.13353 -2.08431 -1.00969 -1.09706 1.54159 -0.726653 0.540331 -2.31803 1.57523 1.59481 0.375967 -1.19058 -0.113262 -0.86733 -2.70617
1.49255 1.13353 -2.08431 -1.00969 -1.09706 1.54159 -0.726653 0.540331 -2.31803 1.57523 1.59481 0.375967 -1.19058 -0.113262 -0.86733 -2.70617
1.49421 1.13353 -2.08431 -1.00969 -1.09706 1.54159 -0.726653 0.540331 -2.31803 1.57523 1.59481 0.375967 -1.19058 -0.113262 -0.86733 -2.70617
1.49584 1.13353 -2.08431 -1.00969 -1.09706 1.54159 -0.726653 0.540331 -2.31803 1.57523 1.59481 0.375967 -1.19058 -0.113262 -0.86733 -2.70617
1.49747 1.13353 -2.08431 -1.00969 -1.09706 1.54159 -0.726653 0.540331 -2.31803 1.57523 1.59481 0.375967 -1.19058 -0.113262 -0.86733 -2.70617
1.49912 1.13353 -2.08431 -1.00969 -1.09706 1.54159 -0.726653 0.540331 -2.31803 1.57523 1.59481 0.375967 -1.19058 -0.113262 -0.86733 -2.70617
1.50084 1.13353 -2.08431 -1.00969 -1.09706 1.54159 -0.726653 0.540331 -2.31803 1.57523 1.59481 0.375967 -1.19058 -0.113262 -0.86733 -2.70617
1.50272 1.13353 -2.08431 -1.00969 -1.09706 1.54159 -0.726653 0.540331 -2.31803 1.57523 1.59481 0.375967 -1.19058 -0.113262 -0.86733 -2.70617
1.50469 1.13353 -2.08431 -1.00969 -1.09706 1.54159 -0.726653 0.540331 -2.31803 1.57523 1.59481 0.375967 -1.19058 -0.113262 -0.86733 -2.70617
1.50674 1.13353 -2.08431 -1.00969 -1.09706 1.54159 -0.726653 0.540331 -2.31803 1.57523 1.59481 0.375967 -1.19058 -0.113262 -0.86733 -2.70617
1.50878 1.13353 -2.08431 -1.00969 -1.09706 1.54159 -0.726653 0.540331 -2.31803 1.57523 1.59481 0.375967 -1.19058 -0.113262 -0.86733 -2.70617
1.51078 1.13353 -2.08431 -1.00969 -1.09706 1.54159 -0.726653 0.540331 -2.31803 1.57523 1.59481 0.375967 -1.19058 -0.113262 -0.86733 -2.70617
1.51283 1.13353 -2.08431 -1.00969 -1.09706 1.54159 -0.726653 0.540331 -2.31803 1.57523 1.59481 0.375967 -1.19058 -0.113262 -0.86733 -2.70617
1.51492 1.13353 -2.08431 -1.00969 -1.09706 1.54159 -0.726653 0.540331 -2.31803 1.57523 1.59481 0.375967 -1.19058 -0.113262 -0.86733 -2.70617
1.51701 1.13353 -2.08431 -1.00969 -1.09706 1.54159 -0.726653 0.540331 -2.31803 1.57523 1.59481 0.375967 -1.19058 -0.113262 -0.86733 -2.70617
1.51908 1.13353 -2.08431 -1.00969 -1.09706 1.54159 -0.726653 0.540331 -2.31803 1.57523 1.59481 0.375967 -1.19058 -0.113262 -0.86733 -2.70617
1.52121 1.13353 -2.08431 -1.00969 -1.09706 1.54159 -0.726653 0.540331 -2.31803 1.57523 1.59481 0.375967 -1.19058 -0.113262 -0.86733 -2.70617
1.52351 1.13353 -2.08431 -1.00969 -1.09706 1.54159 -0.726653 0.540331 -2.31803 1.57523 1.59481 0.375967 -1.19058 -0.113262 -0.86733 -2.70617
1.52595 1.13353 -2.08431 -1.00969 -1.09706 1.54159 -0.726653 0.540331 -2.31803 1.57523 1.59481 0.375967 -1.19058 -0.113262 -0.86733 -2.70617
1.52834 1.13353 -2.08431 -1.00969 -1.09706 1.54159 -0.726653 0.540331 -2.31803 1.57523 1.59481 0.375967 -1.19058 -0.113262 -0.86733 -2.70617
1.53076 1.13353 -2.08431 -1.00969 -1.09706 1.54159 -0.726653 0.540331 -2.31803 1.57523 1.59481 0.375967 -1.19058 -0.113262 -0.86733 -2.70617
1.53325 1.13353 -2.08431 -1.00969 -1.09706 1.54159 -0.726653 0.540331 -2.31803 1.57523 1.59481 0.375967 -1.19058 -0.113262 -0.86733 -2.70617
1.53576 1.13353 -2.08431 -1.00969 -1.09706 1.54159 -0.726653 0.540331 -2.31803 1.57523 1.59481 0.375967 -1.19058 -0.113262 -0.86733 -2.70617
1.53836 1.13353 -2.08431 -1.00969 -1.09706 1.54159 -0.726653 0.540331 -2.31803 1.57523 1.59481 0.375967 -1.19058 -0.113262 -0.86733 -2.70617
1.54106 1.13353 -2.08431 -1.00969 -1.09706 1.54159 -0.726653 0.540331 -2.31803 1.57523 1.59481 0.375967 -1.19058 -0.113262 -0.86733 -2.70617
1.54382 1.13353 -2.08431 -1.00969 -1.09706 1.54159 -0.726653 0.540331 -2.31803 1.57523 1.59481 0.375967 -1.19058 -0.113262 -0.86733 -2.70617
1.54667 1.13353 -2.08431 -1.00969 -1.09706 1.54159 -0.726653 0.540331 -2.31803 1.57523 1.59481 0.375967 -1.19058 -0.113262 -0.86733 -2.70617
1.54955 1.13353 -2.08431 -1.00969 -1.09706 1.54159 -0.726653 0.540331 -2.31803 1.57523 1.59481 0.375967 -1.19058 -0.113262 -0.86733 -2.70617
1.55237 1.13353 -2.08431 -1.00969 -1.09706 1.54159 -0.726653 0.540331 -2.31803 1.57523 1.59481 0.375967 -1.19058 -0.113262 -0.86733 -2.70617
1.55527 1.13353 -2.08431 -1.00969 -1.09706 1.54159 -0.726653 0.540331 -2.31803 1.57523 1.59481 0.375967 -1.19058 -0.113262 -0.86733 -2.70617
1.5583 1.13353 -2.08431 -1.00969 -1.09706 1.54159 -0.726653 0.540331 -2.31803 1.57523 1.59481 0.375967 -1.19058 -0.113262 -0.86733 -2.70617
1.56144 1.13353 -2.08431 -1.00969 -1.09706 1.54159 -0.726653 0.540331 -2.31803 1.57523 1.59481 0.375967 -1.19058 -0.113262 -0.86733 -2.70617
1.56463 1.13353 -2.08431 -1.00969 -1.09706 1.54159 -0.726653 0.540331 -2.31803 1.57523 1.59481 0.375967 -1.19058 -0.113262 -0.86733 -2.70617
1.5678 1.13353 -2.08431 -1.00969 -1.09706 1.54159 -0.726653 0.540331 -2.31803 1.57523 1.59481 0.375967 -1.19058 -0.113262 -0.86733 -2.70617
1.57098 1.13353 -2.08431 -1.00969 -1.09706 1.54159 -0.726653 0.540331 -2.31803 1.57523 1.59481 0.375967 -1.19058 -0.113262 -0.86733 -2.70617
1.57422 1.13353 -2.08431 -1.00969 -1.09706 1.54159 -0.726653 0.540331 -2.31803 1.57523 1.59481 0.375967 -1.19058 -0.113262 -0.86733 -2.70617
1.57757 1.13353 -2.08431 -1.00969 -1.09706 1.54159 -0.726653 0.540331 -2.31803 1.57523 1.59481 0.375967 -1.19058 -0.113262 -0.86733 -2.70617
1.5812 1.13353 -2.08431 -1.00969 -1.09706 1.54159 -0.726653 0.540331 -2.31803 1.57523 1.59481 0.375967 -1.19058 -0.113262 -0.86733 -2.70617
1.58484 1.13353 -2.08431 -1.00969 -1.09706 1.54159 -0.726653 0.540331 -2.31803 1.57523 1.59481 0.375967 -1.19058 -0.113262 -0.86733 -2.70617
1.58851 1.13353 -2.08431 -1.00969 -1.09706 1.54159 -0.726653 0.540331 -2.31803 1.57523 1.59481 0.375967 -1.19058 -0.113262 -0.86733 -2.70617
1.59223 1.13353 -2.08431 -1.00969 -1.09706 1.54159 -0.726653 0.540331 -2.31803 1.57523 1.59481 0.375967 -1.19058 -0.113262 -0.86733 -2.70617
1.59602 1.13353 -2.08431 -1.00969 -1.09706 1.54159 -0.726653 0.540331 -2.31803 1.57523 1.59481 0.375967 -1.19058 -0.113262 -0.86733 -2.70617
1.59988 1.13353 -2.08431 -1.00969 -1.09706 1.54159 -0.726653 0.540331 -2.31803 1.57523 1.59481 0.375967 -1.19058 -0.113262 -0.86733 -2.70617
1.60389 1.13353 -2.08431 -1.00969 -1.09706 1.54159 -0.726653 0.540331 -2.31803 1.57523 1.59481 0.375967 -1.19058 -0.113262 -0.86733 -2.70617
1.60799 1.13353 -2.08431 -1.00969 -1.09706 1.54159 -0.726653 0.540331 -2.31803 1.57523 1.59481 0.375967 -1.19058 -0.113262 -0.86733 -2.70617
1.61209 1.13353 -2.08431 -1.00969 -1.09706 1.54159 -0.726653 0.540331 -2.31803 1.57523 1.59481 0.375967 -1.19058 -0.113262 -0.86733 -2.70617
1.61632 1.13353 -2.08431 -1.00969 -1.09706 1.54159 -0.726653 0.540331 -2.31803 1.57523 1.59481 0.375967 -1.19058 -0.113262 -0.86733 -2.70617
1.62061 1.13353 -2.08431 -1.00969 -1.09706 1.54159 -0.726653 0.540331 -2.31803 1.57523 1.59481 0.375967 -1.19058 -0.113262 -0.86733 -2.70617
1.62516 1.13353 -2.08431 -1.00969 -1.09706 1.54159 -0.726653 0.540331 -2.31803 1.57523 1.59481 0.375967 -1.19058 -0.113262 -0.86733 -2.70617
1.62969 1.13353 -2.08431 -1.00969 -1.09706 1.54159 -0.726653 0.540331 -2.31803 1.57523 1.59481 0.375967 -1.19058 -0.113262 -0.86733 -2.70617
1.63424 1.13353 -2.08431 -1.00969 -1.09706 1.54159 -0.726653 0.540331 -2.31803 1.57523 1.59481 0.375967 -1.19058 -0.113262 -0.86733 -2.70617
1.63888 1.13353 -2.08431 -1.00969 -1.09706 1.54159 -0.726653 0.540331 -2.31803 1.57523 1.59481 0.375967 -1.19058 -0.113262 -0.86733 -2.70617
1.64378 1.13353 -2.08431 -1.00969 -1.09706 1.54159 -0.726653 0.540331 -2.31803 1.57523 1.59481 0.375967 -1.19058 -0.113262 -0.86733 -2.70617
1.64879 1.13353 -2.08431 -1.00969 -1.09706 1.54159 -0.726653 0.540331 -2.31803 1.57523 1.59481 0.375967 -1.19058 -0.113262 -0.86733 -2.70617
1.65375 1.13353 -2.08431 -1.00969 -1.09706 1.54159 -0.726653 0.540331 -2.31803 1.57523 1.59481 0.375967 -1.19058 -0.113262 -0.86733 -2.70617
1.65882 1.13353 -2.08431 -1.00969 -1.09706 1.54159 -0.726653 0.540331 -2.31803 1.57523 1.59481 0.375967 -1.19058 -0.113262 -0.86733 -2.70617
1.66785 1.13353 -2.08431 -1.00969 -1.09706 1.54159 -0.726653 0.540331 -2.31803 1.57523 1.59481 0.375967 -1.19058 -0.113262 -0.86733 -2.70617
1.66785 1.13353 -2.08431 -1.00969 -1.09706 1.54159 -0.726653 0.540331 -2.31803 1.57523 1.59481 0.375967 -1.19058 -0.113262 -0.86733 -2.70617
1.66785 1.13353 -2.08431 -1.00969 -1.09706 1.54159 -0.726653 0.540331 -2.31803 1.57523 1.59481 0.375967 -1.19058 -0.113262 -0.86733 -2.70617
1.66785 1.13353 -2.08431 -1.00969 -1.09706 1.54159 -0.726653 0.540331 -2.31803 1.57523 1.59481 0.375967 -1.19058 -0.113262 -0.86733 -2.70617
1.66785 1.13353 -2.08431 -1.00969 -1.09706 1.54159 -0.726653 0.540331 -2.31803 1.57523 1.59481 0.375967 -1.19058 -0.113262 -0.86733 -2.70617
1.66785 1.13353 -2.08431 -1.00969 -1.09706 1.54159 -0.726653 0.540331 -2.31803 1.57523 1.59481 0.375967 -1.19058 -0.113262 -0.86733 -2.70617
1.66786 1.13353 -2.08431 -1.00969 -1.09706 1.54159 -0.726653 0.540331 -2.31803 1.57523 1.59481 0.375967 -1.19058 -0.113262 -0.86733 -2.70617
1.66786 1.13353 -2.08431 -1.00969 -1.09706 1.54159 -0.726653 0.540331 -2.31803 1.57523 1.59481 0.375967 -1.19058 -0.113262 -0.86733 -2.70617
1.66786 1.13353 -2.08431 -1.00969 -1.09706 1.54159 -0.726653 0.540331 -2.31803 1.57523 1.59481 0.375967 -1.19058 -0.113262 -0.86733 -2.70617
1.66786 1.13353 -2.08431 -1.00969 -1.09706 1.54159 -0.726653 0.540331 -2.31803 1.57523 1.59481 0.375967 -1.19058 -0.113262 -0.86733 -2.70617
1.66786 1.13353 -2.08431 -1.00969 -1.09706 1.54159 -0.726653 0.540331 -2.31803 1.57523 1.59481 0.375967 -1.19058 -0.113262 -0.86733 -2.70617
1.66786 1.13353 -2.08431 -1.00969 -1.09706 1.54159 -0.726653 0.540331 -2.31803 1.57523 1.59481 0.375967 -1.19058 -0.113262 -0.86733 -2.70617
1.66787 1.13353 -2.08431 -1.00969 -1.09706 1.54159 -0.726653 0.540331 -2.31803 1.57523 1.59481 0.375967 -1.19058 -0.113262 -0.86733 -2.70617
1.66787 1.13353 -2.08431 -1.00969 -1.09706 1.54159 -0.726653 0.540331 -2.31803 1.57523 1.59481 0.375967 -1.19058 -0.113262 -0.86733 -2.70617
1.66935 1.13353 -2.08431 -1.00969 -1.09706 1.54159 -0.726653 0.540331 -2.31803 1.57523 1.59481 0.375967 -1.19058 -0.113262 -0.86733 -2.70617
1.67204 1.13353 -2.08431 -1.00969 -1.09706 1.54159 -0.726653 0.540331 -2.31803 1.57523 1.59481 0.375967 -1.19058 -0.113262 -0.86733 -2.70617
1.67506 1.13353 -2.08431 -1.00969 -1.09706 1.54159 -0.726653 0.540331 -2.31803 1.57523 1.59481 0.375967 -1.19058 -0.113262 -0.86733 -2.70617
1.67855 1.13353 -2.08431 -1.00969 -1.09706 1.54159 -0.726653 0.540331 -2.31803 1.57523 1.59481 0.375967 -1.19058 -0.113262 -0.86733 -2.70617
1.68264 1.13353 -2.08431 -1.00969 -1.09706 1.54159 -0.726653 0.540331 -2.31803 1.57523 1.59481 0.375967 -1.19058 -0.113262 -0.86733 -2.70617
1.68741 1.13353 -2.08431 -1.00969 -1.09706 1.54159 -0.726653 0.540331 -2.31803 1.57523 1.59481 0.375967 -1.19058 -0.113262 -0.86733 -2.70617
1.69276 1.13353 -2.08431 -1.00969 -1.09706 1.54159 -0.726653 0.540331 -2.31803 1.57523 1.59481 0.375967 -1.19058 -0.113262 -0.86733 -2.70617
1.69827 1.13353 -2.08431 -1.00969 -1.09706 1.54159 -0.726653 0.540331 -2.31803 1.57523 1.59481 0.375967 -1.19058 -0.113262 -0.86733 -2.70617
1.7042 1.13353 -2.08431 -1.00969 -1.09706 1.54159 -0.726653 0.540331 -2.31803 1.57523 1.59481 0.375967 -1.19058 -0.113262 -0.86733 -2.70617
1.71033 1.13353 -2.08431 -1.00969 -1.09706 1.54159 -0.726653 0.540331 -2.31803 1.57523 1.59481 0.375967 -1.19058 -0.113262 -0.86733 -2.70617
1.71667 1.13353 -2.08431 -1.00969 -1.09706 1.54159 -0.726653 0.540331 -2.31803 1.57523 1.59481 0.375967 -1.19058 -0.113262 -0.86733 -2.70617
1.72324 1.13353 -2.08431 -1.00969 -1.09706 1.54159 -0.726653 0.540331 -2.31803 1.57523 1.59481 0.375967 -1.19058 -0.113262 -0.86733 -2.70617
1.72992 1.13353 -2.08431 -1.00969 -1.09706 1.54159 -0.726653 0.540331 -2.31803 1.57523 1.59481 0.375967 -1.19058 -0.113262 -0.86733 -2.70617
1.73198 1.13353 -2.08431 -1.00969 -1.09706 1.54159 -0.726653 0.540331 -2.31803 1.57523 1.59481 0.375967 -1.19058 -0.113262 -0.86733 -2.70617
1.73198 1.13353 -2.08431 -1.00969 -1.09706 1.54159 -0.726653 0.540331 -2.31803 1.57523 1.59481 0.375967 -1.19058 -0.113262 -0.86733 -2.70617
1.73198 1.13353 -2.08431 -1.00969 -1.09706 1.54159 -0.726653 0.540331 -2.31803 1.57523 1.59481 0.375967 -1.19058 -0.113262 -0.86733 -2.70617
1.73198 1.13353 -2.08431 -1.00969 -1.09706 1.54159 -0.726653 0.540331 -2.31803 1.57523 1.59481 0.375967 -1.19058 -0.113262 -0.86733 -2.70617
1.73198 1.13353 -2.08431 -1.00969 -1.09706 1.54159 -0.726653 0.540331 -2.31803 1.57523 1.59481 0.375967 -1.19058 -0.113262 -0.86733 -2.70617
1.73198 1.13353 -2.08431 -1.00969 -1.09706 1.54159 -0.726653 0.540331 -2.31803 1.57523 1.59481 0.375967 -1.19058 -0.113262 -0.86733 -2.70617
1.73198 1.13353 -2.08431 -1.00969 -1.09706 1.54159 -0.726653 0.540331 -2.31803 1.57523 1.59481 0.375967 -1.19058 -0.113262 -0.86733 -2.70617
1.73182 1.13353 -2.08431 -1.00969 -1.09706 1.54159 -0.726653 0.540331 -2.31803 1.57523 1.59481 0.375967 -1.19058 -0.113262 -0.86733 -2.70617
1.73151 1.13353 -2.08431 -1.00969 -1.09706 1.54159 -0.726653 0.540331 -2.31803 1.57523 1.59481 0.375967 -1.19058 -0.113262 -0.86733 -2.70617
1.73102 1.13353 -2.08431 -1.00969 -1.09706 1.54159 -0.726653 0.540331 -2.31803 1.57523 1.59481 0.375967 -1.19058 -0.113262 -0.86733 -2.70617
1.73022 1.13353 -2.08431 -1.00969 -1.09706 1.54159 -0.726653 0.540331 -2.31803 1.57523 1.59481 0.375967 -1.19058 -0.113262 -0.86733 -2.70617
1.72835 1.13353 -2.08431 -1.00969 -1.09706 1.54159 -0.726653 0.540331 -2.31803 1.57523 1.59481 0.375967 -1.19058 -0.113262 -0.86733 -2.70617
1.72613 1.13353 -2.08431 -1.00969 -1.09706 1.54159 -0.726653 0.540331 -2.31803 1.57523 1.59481 0.375967 -1.19058 -0.113262 -0.86733 -2.70617
1.72319 1.13353 -2.08431 -1.00969 -1.09706 1.54159 -0.726653 0.540331 -2.31803 1.57523 1.59481 0.375967 -1.19058 -0.113262 -0.86733 -2.70617
1.71916 1.13353 -2.08431 -1.00969 -1.09706 1.54159 -0.726653 0.540331 -2.31803 1.57523 1.59481 0.375967 -1.19058 -0.113262 -0.86733 -2.70617
1.71478 1.13353 -2.08431 -1.00969 -1.09706 1.54159 -0.726653 0.540331 -2.31803 1.57523 1.59481 0.375967 -1.19058 -0.113262 -0.86733 -2.70617
1.71028 1.13353 -2.08431 -1.00969 -1.09706 1.54159 -0.726653 0.540331 -2.31803 1.57523 1.59481 0.375967 -1.19058 -0.113262 -0.86733 -2.70617
1.70566 1.13353 -2.08431 -1.00969 -1.09706 1.54159 -0.726653 0.540331 -2.31803 1.57523 1.59481 0.375967 -1.19058 -0.113262 -0.86733 -2.70617
1.70109 1.13353 -2.08431 -1.00969 -1.09706 1.54159 -0.726653 0.540331 -2.31803 1.57523 1.59481 0.375967 -1.19058 -0.113262 -0.86733 -2.70617
1.69653 1.13353 -2.08431 -1.00969 -1.09706 1.54159 -0.726653 0.540331 -2.31803 1.57523 1.59481 0.375967 -1.19058 -0.113262 -0.86733 -2.70617
1.69189 1.13353 -2.08431 -1.00969 -1.09706 1.54159 -0.726653 0.540331 -2.31803 1.57523 1.59481 0.375967 -1.19058 -0.113262 -0.86733 -2.70617
1.6874 1.13353 -2.08431 -1.00969 -1.09706 1.54159 -0.726653 0.540331 -2.31803 1.57523 1.59481 0.375967 -1.19058 -0.113262 -0.86733 -2.70617
1.68294 1.13353 -2.08431 -1.00969 -1.09706 1.54159 -0.726653 0.540331 -2.31803 1.57523 1.59481 0.375967 -1.19058 -0.113262 -0.86733 -2.70617
1.67851 1.13353 -2.08431 -1.00969 -1.09706 1.54159 -0.726653 0.540331 -2.31803 1.57523 1.59481 0.375967 -1.19058 -0.113262 -0.86733 -2.70617
1.67402 1.13353 -2.08431 -1.00969 -1.09706 1.54159 -0.726653 0.540331 -2.31803 1.57523 1.59481 0.375967 -1.19058 -0.113262 -0.86733 -2.70617
1.66947 1.13353 -2.08431 -1.00969 -1.09706 1.54159 -0.726653 0.540331 -2.31803 1.57523 1.59481 0.375967 -1.19058 -0.113262 -0.86733 -2.70617
1.66493 1.13353 -2.08431 -1.00969 -1.09706 1.54159 -0.726653 0.540331 -2.31803 1.57523 1.59481 0.375967 -1.19058 -0.113262 -0.86733 -2.70617
1.66035 1.13353 -2.08431 -1.00969 -1.09706 1.54159 -0.726653 0.540331 -2.31803 1.57523 1.59481 0.375967 -1.19058 -0.113262 -0.86733 -2.70617
1.65576 1.13353 -2.08431 -1.00969 -1.09706 1.54159 -0.726653 0.540331 -2.31803 1.57523 1.59481 0.375967 -1.19058 -0.113262 -0.86733 -2.70617
1.65102 1.13353 -2.08431 -1.00969 -1.09706 1.54159 -0.726653 0.540331 -2.31803 1.57523 1.59481 0.375967 -1.19058 -0.113262 -0.86733 -2.70617
1.64634 1.13353 -2.08431 -1.00969 -1.09706 1.54159 -0.726653 0.540331 -2.31803 1.57523 1.59481 0.375967 -1.19058 -0.113262 -0.86733 -2.70617
1.6417 1.13353 -2.08431 -1.00969 -1.09706 1.54159 -0.726653 0.540331 -2.31803 1.57523 1.59481 0.375967 -1.19058 -0.113262 -0.86733 -2.70617
1.63715 1.13353 -2.08431 -1.00969 -1.09706 1.54159 -0.726653 0.540331 -2.31803 1.57523 1.59481 0.375967 -1.19058 -0.113262 -0.86733 -2.70617
1.63253 1.13353 -2.08431 -1.00969 -1.09706 1.54159 -0.726653 0.540331 -2.31803 1.57523 1.59481 0.375967 -1.19058 -0.113262 -0.86733 -2.70617
1.62787 1.13353 -2.08431 -1.00969 -1.09706 1.54159 -0.726653 0.540331 -2.31803 1.57523 1.59481 0.375967 -1.19058 -0.113262 -0.86733 -2.70617
1.62318 1.13353 -2.08431 -1.00969 -1.09706 1.54159 -0.726653 0.540331 -2.31803 1.57523 1.59481 0.375967 -1.19058 -0.113262 -0.86733 -2.70617
1.61846 1.13353 -2.08431 -1.00969 -1.09706 1.54159 -0.726653 0.540331 -2.31803 1.57523 1.59481 0.375967 -1.19058 -0.113262 -0.86733 -2.70617
1.61374 1.13353 -2.08431 -1.00969 -1.09706 1.54159 -0.726653 0.540331 -2.31803 1.57523 1.59481 0.375967 -1.19058 -0.113262 -0.86733 -2.70617
1.6088 1.13353 -2.08431 -1.00969 -1.09706 1.54159 -0.726653 0.540331 -2.31803 1.57523 1.59481 0.375967 -1.19058 -0.113262 -0.86733 -2.70617
1.60397 1.13353 -2.08431 -1.00969 -1.09706 1.54159 -0.726653 0.540331 -2.31803 1.57523 1.59481 0.375967 -1.19058 -0.113262 -0.86733 -2.70617
1.59915 1.13353 -2.08431 -1.00969 -1.09706 1.54159 -0.726653 0.540331 -2.31803 1.57523 1.59481 0.375967 -1.19058 -0.113262 -0.86733 -2.70617
1.59423 1.13353 -2.08431 -1.00969 -1.09706 1.54159 -0.726653 0.540331 -2.31803 1.57523 1.59481 0.375967 -1.19058 -0.113262 -0.86733 -2.70617
1.58939 1.13353 -2.08431 -1.00969 -1.09706 1.54159 -0.726653 0.540331 -2.31803 1.57523 1.59481 0.375967 -1.19058 -0.113262 -0.86733 -2.70617
1.58461 1.13353 -2.08431 -1.00969 -1.09706 1.54159 -0.726653 0.540331 -2.31803 1.57523 1.59481 0.375967 -1.19058 -0.113262 -0.86733 -2.70617
1.57979 1.13353 -2.08431 -1.00969 -1.09706 1.54159 -0.726653 0.540331 -2.31803 1.57523 1.59481 0.375967 -1.19058 -0.113262 -0.86733 -2.70617
1.57498 1.13353 -2.08431 -1.00969 -1.09706 1.54159 -0.726653 0.540331 -2.31803 1.57523 1.59481 0.375967 -1.19058 -0.113262 -0.86733 -2.70617
1.57011 1.13353 -2.08431 -1.00969 -1.09706 1.54159 -0.726653 0.540331 -2.31803 1.57523 1.59481 0.375967 -1.19058 -0.113262 -0.86733 -2.70617
1.56524 1.13353 -2.08431 -1.00969 -1.09706 1.54159 -0.726653 0.540331 -2.31803 1.57523 1.59481 0.375967 -1.19058 -0.113262 -0.86733 -2.70617
1.56037 1.13353 -2.08431 -1.00969 -1.09706 1.54159 -0.726653 0.540331 -2.31803 1.57523 1.59481 0.375967 -1.19058 -0.113262 -0.86733 -2.70617
1.55548 1.13353 -2.08431 -1.00969 -1.09706 1.54159 -0.726653 0.540331 -2.31803 1.57523 1.59481 0.375967 -1.19058 -0.113262 -0.86733 -2.70617
1.5505 1.13353 -2.08431 -1.00969 -1.09706 1.54159 -0.726653 0.540331 -2.31803 1.57523 1.59481 0.375967 -1.19058 -0.113262 -0.86733 -2.70617
1.54554 1.13353 -2.08431 -1.00969 -1.09706 1.54159 -0.726653 0.540331 -2.31803 1.57523 1.59481 0.375967 -1.19058 -0.113262 -0.86733 -2.70617
1.54063 1.13353 -2.08431 -1.00969 -1.09706 1.54159 -0.726653 0.540331 -2.31803 1.57523 1.59481 0.375967 -1.19058 -0.113262 -0.86733 -2.70617
1.5357 1.13353 -2.08431 -1.00969 -1.09706 1.54159 -0.726653 0.540331 -2.31803 1.57523 1.59481 0.375967 -1.19058 -0.113262 -0.86733 -2.70617
1.53077 1.13353 -2.08431 -1.00969 -1.09706 1.54159 -0.726653 0.540331 -2.31803 1.57523 1.59481 0.375967 -1.19058 -0.113262 -0.86733 -2.70617
1.52578 1.13353 -2.08431 -1.00969 -1.09706 1.54159 -0.726653 0.540331 -2.31803 1.57523 1.59481 0.375967 -1.19058 -0.113262 -0.86733 -2.70617
1.52084 1.13353 -2.08431 -1.00969 -1.09706 1.54159 -0.726653 0.540331 -2.31803 1.57523 1.59481 0.375967 -1.19058 -0.113262 -0.86733 -2.70617
1.51583 1.13353 -2.08431 -1.00969 -1.09706 1.54159 -0.726653 0.540331 -2.31803 1.57523 1.59481 0.375967 -1.19058 -0.113262 -0.86733 -2.70617
1.51078 1.13353 -2.08431 -1.00969 -1.09706 1.54159 -0.726653 0.540331 -2.31803 1.57523 1.59481 0.375967 -1.19058 -0.113262 -0.86733 -2.70617
1.50561 1.13353 -2.08431 -1.00969 -1.09706 1.54159 -0.726653 0.540331 -2.31803 1.57523 1.59481 0.375967 -1.19058 -0.113262 -0.86733 -2.70617
1.5005 1.13353 -2.08431 -1.00969 -1.09706 1.54159 -0.726653 0.540331 -2.31803 1.57523 1.59481 0.375967 -1.19058 -0.113262 -0.86733 -2.70617
1.49529 1.13353 -2.08431 -1.00969 -1.09706 1.54159 -0.726653 0.540331 -2.31803 1.57523 1.59481 0.375967 -1.19058 -0.113262 -0.86733 -2.70617
1.49006 1.13353 -2.08431 -1.00969 -1.09706 1.54159 -0.726653 0.540331 -2.31803 1.57523 1.59481 0.375967 -1.19058 -0.113262 -0.86733 -2.70617
1.48492 1.13353 -2.08431 -1.00969 -1.09706 1.54159 -0.726653 0.540331 -2.31803 1.57523 1.59481 0.375967 -1.19058 -0.113262 -0.86733 -2.70617
1.47982 1.13353 -2.08431 -1.00969 -1.09706 1.54159 -0.726653 0.540331 -2.31803 1.57523 1.59481 0.375967 -1.19058 -0.113262 -0.86733 -2.70617
1.47466 1.13353 -2.08431 -1.00969 -1.09706 1.54159 -0.726653 0.540331 -2.31803 1.57523 1.59481 0.375967 -1.19058 -0.113262 -0.86733 -2.70617
1.46952 1.13353 -2.08431 -1.00969 -1.09706 1.54159 -0.726653 0.540331 -2.31803 1.57523 1.59481 0.375967 -1.19058 -0.113262 -0.86733 -2.70617
1.4643 1.13353 -2.08431 -1.00969 -1.09706 1.54159 -0.726653 0.540331 -2.31803 1.57523 1.59481 0.375967 -1.19058 -0.113262 -0.86733 -2.70617
1.45914 1.13353 -2.08431 -1.00969 -1.09706 1.54159 -0.726653 0.540331 -2.31803 1.57523 1.59481 0.375967 -1.19058 -0.113262 -0.86733 -2.70617
