28.83
28.84
28.851
28.861
28.872
28.882
28.892
28.903
28.913
28.925
28.945
28.966
28.986
29.007
29.027
29.048
29.069
29.089
29.109
29.13
29.168
29.207
29.246
29.284
29.322
29.361
29.399
29.438
29.476
29.514
29.553
29.591
29.63
29.67
29.709
29.749
29.789
29.827
29.865
29.904
29.943
29.982
30.02
30.059
30.098
30.136
30.176
30.214
30.253
30.291
30.33
30.368
30.406
30.444
30.483
30.524
30.563
30.603
30.642
30.68
30.719
30.758
30.796
30.834
30.873
30.912
30.951
30.99
31.028
31.067
31.105
31.143
31.182
31.22
31.258
31.298
31.337
31.376
31.415
31.454
31.492
31.53
31.569
31.607
31.646
31.685
31.724
31.762
31.801
31.839
31.877
31.916
31.954
31.993
32.032
32.071
32.109
32.149
32.188
32.227
32.266
32.305
32.343
32.382
32.421
32.46
32.498
32.537
32.575
32.614
32.652
32.691
32.729
32.768
35.477
35.488
35.499
35.51
35.52
35.531
35.542
35.553
35.563
35.577
35.617
35.656
35.694
35.733
35.772
35.811
35.849
35.887
35.926
35.965
36.004
36.042
36.081
36.12
36.158
36.197
36.236
36.938
36.948
36.959
36.969
36.98
36.99
37
37.011
37.021
37.033
37.054
37.092
37.131
37.169
37.208
37.248
37.287
37.326
37.365
37.404
37.443
37.481
37.519
37.558
37.597
37.635
37.673
37.712
37.751
37.79
37.829
37.867
37.905
37.943
37.982
38.021
38.059
38.098
38.138
38.177
38.216
38.256
38.294
38.333
38.371
38.409
38.448
38.486
38.525
38.564
38.603
38.641
38.679
38.718
38.756
38.794
38.833
38.871
38.91
38.949
38.988
39.028
39.067
39.106
39.144
39.182
39.221
39.259
39.298
