1.23522 -0.336326 2.04508 1.24938 -0.991967 0.145118 -2.47333 0.0608228 -2.81531 1.04929 0.413276 -0.333789 0.830046 -0.517321 0.960821 0.194014
1.23522 -0.336326 2.04508 1.24938 -0.991967 0.145118 -2.47333 0.0608228 -2.81531 1.04929 0.413276 -0.333789 0.830046 -0.517321 0.960821 0.194014
1.23522 -0.336326 2.04508 1.24938 -0.991967 0.145118 -2.47333 0.0608228 -2.81531 1.04929 0.413276 -0.333789 0.830046 -0.517321 0.960821 0.194014
1.23522 -0.336326 2.04508 1.24938 -0.991967 0.145118 -2.47333 0.0608228 -2.81531 1.04929 0.413276 -0.333789 0.830046 -0.517321 0.960821 0.194014
1.23522 -0.336326 2.04508 1.24938 -0.991967 0.145118 -2.47333 0.0608228 -2.81531 1.04929 0.413276 -0.333789 0.830046 -0.517321 0.960821 0.194014
1.23522 -0.336326 2.04508 1.24938 -0.991967 0.145118 -2.47333 0.0608228 -2.81531 1.04929 0.413276 -0.333789 0.830046 -0.517321 0.960821 0.194014
1.23522 -0.336326 2.04508 1.24938 -0.991967 0.145118 -2.47333 0.0608228 -2.81531 1.04929 0.413276 -0.333789 0.830046 -0.517321 0.960821 0.194014
1.23522 -0.336326 2.04508 1.24938 -0.991967 0.145118 -2.47333 0.0608228 -2.81531 1.04929 0.413276 -0.333789 0.830046 -0.517321 0.960821 0.194014
1.23522 -0.336326 2.04508 1.24938 -0.991967 0.145118 -2.47333 0.0608228 -2.81531 1.04929 0.413276 -0.333789 0.830046 -0.517321 0.960821 0.194014
1.23522 -0.336326 2.04508 1.24938 -0.991967 0.145118 -2.47333 0.0608228 -2.81531 1.04929 0.413276 -0.333789 0.830046 -0.517321 0.960821 0.194014
1.23522 -0.336326 2.04508 1.24938 -0.991967 0.145118 -2.47333 0.0608228 -2.81531 1.04929 0.413276 -0.333789 0.830046 -0.517321 0.960821 0.194014
1.23522 -0.336326 2.04508 1.24938 -0.991967 0.145118 -2.47333 0.0608228 -2.81531 1.04929 0.413276 -0.333789 0.830046 -0.517321 0.960821 0.194014
1.23522 -0.336326 2.04508 1.24938 -0.991967 0.145118 -2.47333 0.0608228 -2.81531 1.04929 0.413276 -0.333789 0.830046 -0.517321 0.960821 0.194014
1.23522 -0.336326 2.04508 1.24938 -0.991967 0.145118 -2.47333 0.0608228 -2.81531 1.04929 0.413276 -0.333789 0.830046 -0.517321 0.960821 0.194014
1.23522 -0.336326 2.04508 1.24938 -0.991967 0.145118 -2.47333 0.0608228 -2.81531 1.04929 0.413276 -0.333789 0.830046 -0.517321 0.960821 0.194014
1.23522 -0.336326 2.04508 1.24938 -0.991967 0.145118 -2.47333 0.0608228 -2.81531 1.04929 0.413276 -0.333789 0.830046 -0.517321 0.960821 0.194014
1.23522 -0.336326 2.04508 1.24938 -0.991967 0.145118 -2.47333 0.0608228 -2.81531 1.04929 0.413276 -0.333789 0.830046 -0.517321 0.960821 0.194014
1.23522 -0.336326 2.04508 1.24938 -0.991967 0.145118 -2.47333 0.0608228 -2.81531 1.04929 0.413276 -0.333789 0.830046 -0.517321 0.960821 0.194014
1.23522 -0.336326 2.04508 1.24938 -0.991967 0.145118 -2.47333 0.0608228 -2.81531 1.04929 0.413276 -0.333789 0.830046 -0.517321 0.960821 0.194014
1.23522 -0.336326 2.04508 1.24938 -0.991967 0.145118 -2.47333 0.0608228 -2.81531 1.04929 0.413276 -0.333789 0.830046 -0.517321 0.960821 0.194014
1.23607 -0.336326 2.04508 1.24938 -0.991967 0.145118 -2.47333 0.0608228 -2.81531 1.04929 0.413276 -0.333789 0.830046 -0.517321 0.960821 0.194014
1.2374 -0.336326 2.04508 1.24938 -0.991967 0.145118 -2.47333 0.0608228 -2.81531 1.04929 0.413276 -0.333789 0.830046 -0.517321 0.960821 0.194014
1.23878 -0.336326 2.04508 1.24938 -0.991967 0.145118 -2.47333 0.0608228 -2.81531 1.04929 0.413276 -0.333789 0.830046 -0.517321 0.960821 0.194014
1.2404 -0.336326 2.04508 1.24938 -0.991967 0.145118 -2.47333 0.0608228 -2.81531 1.04929 0.413276 -0.333789 0.830046 -0.517321 0.960821 0.194014
1.24238 -0.336326 2.04508 1.24938 -0.991967 0.145118 -2.47333 0.0608228 -2.81531 1.04929 0.413276 -0.333789 0.830046 -0.517321 0.960821 0.194014
1.24478 -0.336326 2.04508 1.24938 -0.991967 0.145118 -2.47333 0.0608228 -2.81531 1.04929 0.413276 -0.333789 0.830046 -0.517321 0.960821 0.194014
1.24765 -0.336326 2.04508 1.24938 -0.991967 0.145118 -2.47333 0.0608228 -2.81531 1.04929 0.413276 -0.333789 0.830046 -0.517321 0.960821 0.194014
1.25087 -0.336326 2.04508 1.24938 -0.991967 0.145118 -2.47333 0.0608228 -2.81531 1.04929 0.413276 -0.333789 0.830046 -0.517321 0.960821 0.194014
1.25406 -0.336326 2.04508 1.24938 -0.991967 0.145118 -2.47333 0.0608228 -2.81531 1.04929 0.413276 -0.333789 0.830046 -0.517321 0.960821 0.194014
1.25712 -0.336326 2.04508 1.24938 -0.991967 0.145118 -2.47333 0.0608228 -2.81531 1.04929 0.413276 -0.333789 0.830046 -0.517321 0.960821 0.194014
1.2603 -0.336326 2.04508 1.24938 -0.991967 0.145118 -2.47333 0.0608228 -2.81531 1.04929 0.413276 -0.333789 0.830046 -0.517321 0.960821 0.194014
1.26357 -0.336326 2.04508 1.24938 -0.991967 0.145118 -2.47333 0.0608228 -2.81531 1.04929 0.413276 -0.333789 0.830046 -0.517321 0.960821 0.194014
1.26709 -0.336326 2.04508 1.24938 -0.991967 0.145118 -2.47333 0.0608228 -2.81531 1.04929 0.413276 -0.333789 0.830046 -0.517321 0.960821 0.194014
1.27092 -0.336326 2.04508 1.24938 -0.991967 0.145118 -2.47333 0.0608228 -2.81531 1.04929 0.413276 -0.333789 0.830046 -0.517321 0.960821 0.194014
1.2746 -0.336326 2.04508 1.24938 -0.991967 0.145118 -2.47333 0.0608228 -2.81531 1.04929 0.413276 -0.333789 0.830046 -0.517321 0.960821 0.194014
1.27818 -0.336326 2.04508 1.24938 -0.991967 0.145118 -2.47333 0.0608228 -2.81531 1.04929 0.413276 -0.333789 0.830046 -0.517321 0.960821 0.194014
1.28178 -0.336326 2.04508 1.24938 -0.991967 0.145118 -2.47333 0.0608228 -2.81531 1.04929 0.413276 -0.333789 0.830046 -0.517321 0.960821 0.194014
1.28573 -0.336326 2.04508 1.24938 -0.991967 0.145118 -2.47333 0.0608228 -2.81531 1.04929 0.413276 -0.333789 0.830046 -0.517321 0.960821 0.194014
1.28964 -0.336326 2.04508 1.24938 -0.991967 0.145118 -2.47333 0.0608228 -2.81531 1.04929 0.413276 -0.333789 0.830046 -0.517321 0.960821 0.194014
1.29358 -0.336326 2.04508 1.24938 -0.991967 0.145118 -2.47333 0.0608228 -2.81531 1.04929 0.413276 -0.333789 0.830046 -0.517321 0.960821 0.194014
1.29761 -0.336326 2.04508 1.24938 -0.991967 0.145118 -2.47333 0.0608228 -2.81531 1.04929 0.413276 -0.333789 0.830046 -0.517321 0.960821 0.194014
1.30161 -0.336326 2.04508 1.24938 -0.991967 0.145118 -2.47333 0.0608228 -2.81531 1.04929 0.413276 -0.333789 0.830046 -0.517321 0.960821 0.194014
1.30568 -0.336326 2.04508 1.24938 -0.991967 0.145118 -2.47333 0.0608228 -2.81531 1.04929 0.413276 -0.333789 0.830046 -0.517321 0.960821 0.194014
1.31 -0.336326 2.04508 1.24938 -0.991967 0.145118 -2.47333 0.0608228 -2.81531 1.04929 0.413276 -0.333789 0.830046 -0.517321 0.960821 0.194014
1.31454 -0.336326 2.04508 1.24938 -0.991967 0.145118 -2.47333 0.0608228 -2.81531 1.04929 0.413276 -0.333789 0.830046 -0.517321 0.960821 0.194014
1.31901 -0.336326 2.04508 1.24938 -0.991967 0.145118 -2.47333 0.0608228 -2.81531 1.04929 0.413276 -0.333789 0.830046 -0.517321 0.960821 0.194014
1.32352 -0.336326 2.04508 1.24938 -0.991967 0.145118 -2.47333 0.0608228 -2.81531 1.04929 0.413276 -0.333789 0.830046 -0.517321 0.960821 0.194014
1.32819 -0.336326 2.04508 1.24938 -0.991967 0.145118 -2.47333 0.0608228 -2.81531 1.04929 0.413276 -0.333789 0.830046 -0.517321 0.960821 0.194014
1.33315 -0.336326 2.04508 1.24938 -0.991967 0.145118 -2.47333 0.0608228 -2.81531 1.04929 0.413276 -0.333789 0.830046 -0.517321 0.960821 0.194014
1.33801 -0.336326 2.04508 1.24938 -0.991967 0.145118 -2.47333 0.0608228 -2.81531 1.04929 0.413276 -0.333789 0.830046 -0.517321 0.960821 0.194014
1.34281 -0.336326 2.04508 1.24938 -0.991967 0.145118 -2.47333 0.0608228 -2.81531 1.04929 0.413276 -0.333789 0.830046 -0.517321 0.960821 0.194014
1.34799 -0.336326 2.04508 1.24938 -0.991967 0.145118 -2.47333 0.0608228 -2.81531 1.04929 0.413276 -0.333789 0.830046 -0.517321 0.960821 0.194014
1.35326 -0.336326 2.04508 1.24938 -0.991967 0.145118 -2.47333 0.0608228 -2.81531 1.04929 0.413276 -0.333789 0.830046 -0.517321 0.960821 0.194014
1.35847 -0.336326 2.04508 1.24938 -0.991967 0.145118 -2.47333 0.0608228 -2.81531 1.04929 0.413276 -0.333789 0.830046 -0.517321 0.960821 0.194014
1.36392 -0.336326 2.04508 1.24938 -0.991967 0.145118 -2.47333 0.0608228 -2.81531 1.04929 0.413276 -0.333789 0.830046 -0.517321 0.960821 0.194014
1.36966 -0.336326 2.04508 1.24938 -0.991967 0.145118 -2.47333 0.0608228 -2.81531 1.04929 0.413276 -0.333789 0.830046 -0.517321 0.960821 0.194014
1.37552 -0.336326 2.04508 1.24938 -0.991967 0.145118 -2.47333 0.0608228 -2.81531 1.04929 0.413276 -0.333789 0.830046 -0.517321 0.960821 0.194014
1.38131 -0.336326 2.04508 1.24938 -0.991967 0.145118 -2.47333 0.0608228 -2.81531 1.04929 0.413276 -0.333789 0.830046 -0.517321 0.960821 0.194014
1.38741 -0.336326 2.04508 1.24938 -0.991967 0.145118 -2.47333 0.0608228 -2.81531 1.04929 0.413276 -0.333789 0.830046 -0.517321 0.960821 0.194014
1.39352 -0.336326 2.04508 1.24938 -0.991967 0.145118 -2.47333 0.0608228 -2.81531 1.04929 0.413276 -0.333789 0.830046 -0.517321 0.960821 0.194014
1.3998 -0.336326 2.04508 1.24938 -0.991967 0.145118 -2.47333 0.0608228 -2.81531 1.04929 0.413276 -0.333789 0.830046 -0.517321 0.960821 0.194014
1.40609 -0.336326 2.04508 1.24938 -0.991967 0.145118 -2.47333 0.0608228 -2.81531 1.04929 0.413276 -0.333789 0.830046 -0.517321 0.960821 0.194014
1.41259 -0.336326 2.04508 1.24938 -0.991967 0.145118 -2.47333 0.0608228 -2.81531 1.04929 0.413276 -0.333789 0.830046 -0.517321 0.960821 0.194014
1.41913 -0.336326 2.04508 1.24938 -0.991967 0.145118 -2.47333 0.0608228 -2.81531 1.04929 0.413276 -0.333789 0.830046 -0.517321 0.960821 0.194014
1.42581 -0.336326 2.04508 1.24938 -0.991967 0.145118 -2.47333 0.0608228 -2.81531 1.04929 0.413276 -0.333789 0.830046 -0.517321 0.960821 0.194014
1.433 -0.336326 2.04508 1.24938 -0.991967 0.145118 -2.47333 0.0608228 -2.81531 1.04929 0.413276 -0.333789 0.830046 -0.517321 0.960821 0.194014
1.43997 -0.336326 2.04508 1.24938 -0.991967 0.145118 -2.47333 0.0608228 -2.81531 1.04929 0.413276 -0.333789 0.830046 -0.517321 0.960821 0.194014
1.44718 -0.336326 2.04508 1.24938 -0.991967 0.145118 -2.47333 0.0608228 -2.81531 1.04929 0.413276 -0.333789 0.830046 -0.517321 0.960821 0.194014
1.45455 -0.336326 2.04508 1.24938 -0.991967 0.145118 -2.47333 0.0608228 -2.81531 1.04929 0.413276 -0.333789 0.830046 -0.517321 0.960821 0.194014
1.46192 -0.336326 2.04508 1.24938 -0.991967 0.145118 -2.47333 0.0608228 -2.81531 1.04929 0.413276 -0.333789 0.830046 -0.517321 0.960821 0.194014
1.46967 -0.336326 2.04508 1.24938 -0.991967 0.145118 -2.47333 0.0608228 -2.81531 1.04929 0.413276 -0.333789 0.830046 -0.517321 0.960821 0.194014
1.47751 -0.336326 2.04508 1.24938 -0.991967 0.145118 -2.47333 0.0608228 -2.81531 1.04929 0.413276 -0.333789 0.830046 -0.517321 0.960821 0.194014
1.48552 -0.336326 2.04508 1.24938 -0.991967 0.145118 -2.47333 0.0608228 -2.81531 1.04929 0.413276 -0.333789 0.830046 -0.517321 0.960821 0.194014
1.49376 -0.336326 2.04508 1.24938 -0.991967 0.145118 -2.47333 0.0608228 -2.81531 1.04929 0.413276 -0.333789 0.830046 -0.517321 0.960821 0.194014
1.5021 -0.336326 2.04508 1.24938 -0.991967 0.145118 -2.47333 0.0608228 -2.81531 1.04929 0.413276 -0.333789 0.830046 -0.517321 0.960821 0.194014
1.51087 -0.336326 2.04508 1.24938 -0.991967 0.145118 -2.47333 0.0608228 -2.81531 1.04929 0.413276 -0.333789 0.830046 -0.517321 0.960821 0.194014
1.51996 -0.336326 2.04508 1.24938 -0.991967 0.145118 -2.47333 0.0608228 -2.81531 1.04929 0.413276 -0.333789 0.830046 -0.517321 0.960821 0.194014
1.52912 -0.336326 2.04508 1.24938 -0.991967 0.145118 -2.47333 0.0608228 -2.81531 1.04929 0.413276 -0.333789 0.830046 -0.517321 0.960821 0.194014
1.5383 -0.336326 2.04508 1.24938 -0.991967 0.145118 -2.47333 0.0608228 -2.81531 1.04929 0.413276 -0.333789 0.830046 -0.517321 0.960821 0.194014
1.5478 -0.336326 2.04508 1.24938 -0.991967 0.145118 -2.47333 0.0608228 -2.81531 1.04929 0.413276 -0.333789 0.830046 -0.517321 0.960821 0.194014
1.55741 -0.336326 2.04508 1.24938 -0.991967 0.145118 -2.47333 0.0608228 -2.81531 1.04929 0.413276 -0.333789 0.830046 -0.517321 0.960821 0.194014
1.56725 -0.336326 2.04508 1.24938 -0.991967 0.145118 -2.47333 0.0608228 -2.81531 1.04929 0.413276 -0.333789 0.830046 -0.517321 0.960821 0.194014
1.57723 -0.336326 2.04508 1.24938 -0.991967 0.145118 -2.47333 0.0608228 -2.81531 1.04929 0.413276 -0.333789 0.830046 -0.517321 0.960821 0.194014
1.58749 -0.336326 2.04508 1.24938 -0.991967 0.145118 -2.47333 0.0608228 -2.81531 1.04929 0.413276 -0.333789 0.830046 -0.517321 0.960821 0.194014
1.59798 -0.336326 2.04508 1.24938 -0.991967 0.145118 -2.47333 0.0608228 -2.81531 1.04929 0.413276 -0.333789 0.830046 -0.517321 0.960821 0.194014
1.60895 -0.336326 2.04508 1.24938 -0.991967 0.145118 -2.47333 0.0608228 -2.81531 1.04929 0.413276 -0.333789 0.830046 -0.517321 0.960821 0.194014
1.61994 -0.336326 2.04508 1.24938 -0.991967 0.145118 -2.47333 0.0608228 -2.81531 1.04929 0.413276 -0.333789 0.830046 -0.517321 0.960821 0.194014
1.63139 -0.336326 2.04508 1.24938 -0.991967 0.145118 -2.47333 0.0608228 -2.81531 1.04929 0.413276 -0.333789 0.830046 -0.517321 0.960821 0.194014
1.63496 -0.336326 2.04508 1.24938 -0.991967 0.145118 -2.47333 0.0608228 -2.81531 1.04929 0.413276 -0.333789 0.830046 -0.517321 0.960821 0.194014
1.63496 -0.336326 2.04508 1.24938 -0.991967 0.145118 -2.47333 0.0608228 -2.81531 1.04929 0.413276 -0.333789 0.830046 -0.517321 0.960821 0.194014
1.63496 -0.336326 2.04508 1.24938 -0.991967 0.145118 -2.47333 0.0608228 -2.81531 1.04929 0.413276 -0.333789 0.830046 -0.517321 0.960821 0.194014
1.63496 -0.336326 2.04508 1.24938 -0.991967 0.145118 -2.47333 0.0608228 -2.81531 1.04929 0.413276 -0.333789 0.830046 -0.517321 0.960821 0.194014
1.63496 -0.336326 2.04508 1.24938 -0.991967 0.145118 -2.47333 0.0608228 -2.81531 1.04929 0.413276 -0.333789 0.830046 -0.517321 0.960821 0.194014
1.63496 -0.336326 2.04508 1.24938 -0.991967 0.145118 -2.47333 0.0608228 -2.81531 1.04929 0.413276 -0.333789 0.830046 -0.517321 0.960821 0.194014
1.63496 -0.336326 2.04508 1.24938 -0.991967 0.145118 -2.47333 0.0608228 -2.81531 1.04929 0.413276 -0.333789 0.830046 -0.517321 0.960821 0.194014
1.63496 -0.336326 2.04508 1.24938 -0.991967 0.145118 -2.47333 0.0608228 -2.81531 1.04929 0.413276 -0.333789 0.830046 -0.517321 0.960821 0.194014
1.63493 -0.336326 2.04508 1.24938 -0.991967 0.145118 -2.47333 0.0608228 -2.81531 1.04929 0.413276 -0.333789 0.830046 -0.517321 0.960821 0.194014
1.63481 -0.336326 2.04508 1.24938 -0.991967 0.145118 -2.47333 0.0608228 -2.81531 1.04929 0.413276 -0.333789 0.830046 -0.517321 0.960821 0.194014
1.63464 -0.336326 2.04508 1.24938 -0.991967 0.145118 -2.47333 0.0608228 -2.81531 1.04929 0.413276 -0.333789 0.830046 -0.517321 0.960821 0.194014
1.63415 -0.336326 2.04508 1.24938 -0.991967 0.145118 -2.47333 0.0608228 -2.81531 1.04929 0.413276 -0.333789 0.830046 -0.517321 0.960821 0.194014
1.63339 -0.336326 2.04508 1.24938 -0.991967 0.145118 -2.47333 0.0608228 -2.81531 1.04929 0.413276 -0.333789 0.830046 -0.517321 0.960821 0.194014
1.63153 -0.336326 2.04508 1.24938 -0.991967 0.145118 -2.47333 0.0608228 -2.81531 1.04929 0.413276 -0.333789 0.830046 -0.517321 0.960821 0.194014
1.62924 -0.336326 2.04508 1.24938 -0.991967 0.145118 -2.47333 0.0608228 -2.81531 1.04929 0.413276 -0.333789 0.830046 -0.517321 0.960821 0.194014
1.626 -0.336326 2.04508 1.24938 -0.991967 0.145118 -2.47333 0.0608228 -2.81531 1.04929 0.413276 -0.333789 0.830046 -0.517321 0.960821 0.194014
1.62219 -0.336326 2.04508 1.24938 -0.991967 0.145118 -2.47333 0.0608228 -2.81531 1.04929 0.413276 -0.333789 0.830046 -0.517321 0.960821 0.194014
1.61818 -0.336326 2.04508 1.24938 -0.991967 0.145118 -2.47333 0.0608228 -2.81531 1.04929 0.413276 -0.333789 0.830046 -0.517321 0.960821 0.194014
1.61417 -0.336326 2.04508 1.24938 -0.991967 0.145118 -2.47333 0.0608228 -2.81531 1.04929 0.413276 -0.333789 0.830046 -0.517321 0.960821 0.194014
1.61005 -0.336326 2.04508 1.24938 -0.991967 0.145118 -2.47333 0.0608228 -2.81531 1.04929 0.413276 -0.333789 0.830046 -0.517321 0.960821 0.194014
1.60596 -0.336326 2.04508 1.24938 -0.991967 0.145118 -2.47333 0.0608228 -2.81531 1.04929 0.413276 -0.333789 0.830046 -0.517321 0.960821 0.194014
1.60195 -0.336326 2.04508 1.24938 -0.991967 0.145118 -2.47333 0.0608228 -2.81531 1.04929 0.413276 -0.333789 0.830046 -0.517321 0.960821 0.194014
1.59797 -0.336326 2.04508 1.24938 -0.991967 0.145118 -2.47333 0.0608228 -2.81531 1.04929 0.413276 -0.333789 0.830046 -0.517321 0.960821 0.194014
1.59402 -0.336326 2.04508 1.24938 -0.991967 0.145118 -2.47333 0.0608228 -2.81531 1.04929 0.413276 -0.333789 0.830046 -0.517321 0.960821 0.194014
1.59001 -0.336326 2.04508 1.24938 -0.991967 0.145118 -2.47333 0.0608228 -2.81531 1.04929 0.413276 -0.333789 0.830046 -0.517321 0.960821 0.194014
1.58606 -0.336326 2.04508 1.24938 -0.991967 0.145118 -2.47333 0.0608228 -2.81531 1.04929 0.413276 -0.333789 0.830046 -0.517321 0.960821 0.194014
1.58202 -0.336326 2.04508 1.24938 -0.991967 0.145118 -2.47333 0.0608228 -2.81531 1.04929 0.413276 -0.333789 0.830046 -0.517321 0.960821 0.194014
1.57794 -0.336326 2.04508 1.24938 -0.991967 0.145118 -2.47333 0.0608228 -2.81531 1.04929 0.413276 -0.333789 0.830046 -0.517321 0.960821 0.194014
1.5738 -0.336326 2.04508 1.24938 -0.991967 0.145118 -2.47333 0.0608228 -2.81531 1.04929 0.413276 -0.333789 0.830046 -0.517321 0.960821 0.194014
1.56955 -0.336326 2.04508 1.24938 -0.991967 0.145118 -2.47333 0.0608228 -2.81531 1.04929 0.413276 -0.333789 0.830046 -0.517321 0.960821 0.194014
1.56548 -0.336326 2.04508 1.24938 -0.991967 0.145118 -2.47333 0.0608228 -2.81531 1.04929 0.413276 -0.333789 0.830046 -0.517321 0.960821 0.194014
1.56145 -0.336326 2.04508 1.24938 -0.991967 0.145118 -2.47333 0.0608228 -2.81531 1.04929 0.413276 -0.333789 0.830046 -0.517321 0.960821 0.194014
1.55744 -0.336326 2.04508 1.24938 -0.991967 0.145118 -2.47333 0.0608228 -2.81531 1.04929 0.413276 -0.333789 0.830046 -0.517321 0.960821 0.194014
1.55337 -0.336326 2.04508 1.24938 -0.991967 0.145118 -2.47333 0.0608228 -2.81531 1.04929 0.413276 -0.333789 0.830046 -0.517321 0.960821 0.194014
1.54925 -0.336326 2.04508 1.24938 -0.991967 0.145118 -2.47333 0.0608228 -2.81531 1.04929 0.413276 -0.333789 0.830046 -0.517321 0.960821 0.194014
1.5451 -0.336326 2.04508 1.24938 -0.991967 0.145118 -2.47333 0.0608228 -2.81531 1.04929 0.413276 -0.333789 0.830046 -0.517321 0.960821 0.194014
1.54092 -0.336326 2.04508 1.24938 -0.991967 0.145118 -2.47333 0.0608228 -2.81531 1.04929 0.413276 -0.333789 0.830046 -0.517321 0.960821 0.194014
1.53676 -0.336326 2.04508 1.24938 -0.991967 0.145118 -2.47333 0.0608228 -2.81531 1.04929 0.413276 -0.333789 0.830046 -0.517321 0.960821 0.194014
1.53252 -0.336326 2.04508 1.24938 -0.991967 0.145118 -2.47333 0.0608228 -2.81531 1.04929 0.413276 -0.333789 0.830046 -0.517321 0.960821 0.194014
1.52812 -0.336326 2.04508 1.24938 -0.991967 0.145118 -2.47333 0.0608228 -2.81531 1.04929 0.413276 -0.333789 0.830046 -0.517321 0.960821 0.194014
1.52392 -0.336326 2.04508 1.24938 -0.991967 0.145118 -2.47333 0.0608228 -2.81531 1.04929 0.413276 -0.333789 0.830046 -0.517321 0.960821 0.194014
1.51976 -0.336326 2.04508 1.24938 -0.991967 0.145118 -2.47333 0.0608228 -2.81531 1.04929 0.413276 -0.333789 0.830046 -0.517321 0.960821 0.194014
1.51557 -0.336326 2.04508 1.24938 -0.991967 0.145118 -2.47333 0.0608228 -2.81531 1.04929 0.413276 -0.333789 0.830046 -0.517321 0.960821 0.194014
1.51132 -0.336326 2.04508 1.24938 -0.991967 0.145118 -2.47333 0.0608228 -2.81531 1.04929 0.413276 -0.333789 0.830046 -0.517321 0.960821 0.194014
1.50705 -0.336326 2.04508 1.24938 -0.991967 0.145118 -2.47333 0.0608228 -2.81531 1.04929 0.413276 -0.333789 0.830046 -0.517321 0.960821 0.194014
1.50281 -0.336326 2.04508 1.24938 -0.991967 0.145118 -2.47333 0.0608228 -2.81531 1.04929 0.413276 -0.333789 0.830046 -0.517321 0.960821 0.194014
1.49859 -0.336326 2.04508 1.24938 -0.991967 0.145118 -2.47333 0.0608228 -2.81531 1.04929 0.413276 -0.333789 0.830046 -0.517321 0.960821 0.194014
1.49436 -0.336326 2.04508 1.24938 -0.991967 0.145118 -2.47333 0.0608228 -2.81531 1.04929 0.413276 -0.333789 0.830046 -0.517321 0.960821 0.194014
1.49012 -0.336326 2.04508 1.24938 -0.991967 0.145118 -2.47333 0.0608228 -2.81531 1.04929 0.413276 -0.333789 0.830046 -0.517321 0.960821 0.194014
1.48579 -0.336326 2.04508 1.24938 -0.991967 0.145118 -2.47333 0.0608228 -2.81531 1.04929 0.413276 -0.333789 0.830046 -0.517321 0.960821 0.194014
1.48147 -0.336326 2.04508 1.24938 -0.991967 0.145118 -2.47333 0.0608228 -2.81531 1.04929 0.413276 -0.333789 0.830046 -0.517321 0.960821 0.194014
1.47722 -0.336326 2.04508 1.24938 -0.991967 0.145118 -2.47333 0.0608228 -2.81531 1.04929 0.413276 -0.333789 0.830046 -0.517321 0.960821 0.194014
1.47295 -0.336326 2.04508 1.24938 -0.991967 0.145118 -2.47333 0.0608228 -2.81531 1.04929 0.413276 -0.333789 0.830046 -0.517321 0.960821 0.194014
1.46867 -0.336326 2.04508 1.24938 -0.991967 0.145118 -2.47333 0.0608228 -2.81531 1.04929 0.413276 -0.333789 0.830046 -0.517321 0.960821 0.194014
1.46438 -0.336326 2.04508 1.24938 -0.991967 0.145118 -2.47333 0.0608228 -2.81531 1.04929 0.413276 -0.333789 0.830046 -0.517321 0.960821 0.194014
1.46015 -0.336326 2.04508 1.24938 -0.991967 0.145118 -2.47333 0.0608228 -2.81531 1.04929 0.413276 -0.333789 0.830046 -0.517321 0.960821 0.194014
1.45578 -0.336326 2.04508 1.24938 -0.991967 0.145118 -2.47333 0.0608228 -2.81531 1.04929 0.413276 -0.333789 0.830046 -0.517321 0.960821 0.194014
1.45133 -0.336326 2.04508 1.24938 -0.991967 0.145118 -2.47333 0.0608228 -2.81531 1.04929 0.413276 -0.333789 0.830046 -0.517321 0.960821 0.194014
1.44687 -0.336326 2.04508 1.24938 -0.991967 0.145118 -2.47333 0.0608228 -2.81531 1.04929 0.413276 -0.333789 0.830046 -0.517321 0.960821 0.194014
1.44238 -0.336326 2.04508 1.24938 -0.991967 0.145118 -2.47333 0.0608228 -2.81531 1.04929 0.413276 -0.333789 0.830046 -0.517321 0.960821 0.194014
1.43794 -0.336326 2.04508 1.24938 -0.991967 0.145118 -2.47333 0.0608228 -2.81531 1.04929 0.413276 -0.333789 0.830046 -0.517321 0.960821 0.194014
1.43341 -0.336326 2.04508 1.24938 -0.991967 0.145118 -2.47333 0.0608228 -2.81531 1.04929 0.413276 -0.333789 0.830046 -0.517321 0.960821 0.194014
1.42896 -0.336326 2.04508 1.24938 -0.991967 0.145118 -2.47333 0.0608228 -2.81531 1.04929 0.413276 -0.333789 0.830046 -0.517321 0.960821 0.194014
1.42453 -0.336326 2.04508 1.24938 -0.991967 0.145118 -2.47333 0.0608228 -2.81531 1.04929 0.413276 -0.333789 0.830046 -0.517321 0.960821 0.194014
1.42016 -0.336326 2.04508 1.24938 -0.991967 0.145118 -2.47333 0.0608228 -2.81531 1.04929 0.413276 -0.333789 0.830046 -0.517321 0.960821 0.194014
1.41573 -0.336326 2.04508 1.24938 -0.991967 0.145118 -2.47333 0.0608228 -2.81531 1.04929 0.413276 -0.333789 0.830046 -0.517321 0.960821 0.194014
1.41124 -0.336326 2.04508 1.24938 -0.991967 0.145118 -2.47333 0.0608228 -2.81531 1.04929 0.413276 -0.333789 0.830046 -0.517321 0.960821 0.194014
1.40683 -0.336326 2.04508 1.24938 -0.991967 0.145118 -2.47333 0.0608228 -2.81531 1.04929 0.413276 -0.333789 0.830046 -0.517321 0.960821 0.194014
1.40236 -0.336326 2.04508 1.24938 -0.991967 0.145118 -2.47333 0.0608228 -2.81531 1.04929 0.413276 -0.333789 0.830046 -0.517321 0.960821 0.194014
1.3979 -0.336326 2.04508 1.24938 -0.991967 0.145118 -2.47333 0.0608228 -2.81531 1.04929 0.413276 -0.333789 0.830046 -0.517321 0.960821 0.194014
1.39324 -0.336326 2.04508 1.24938 -0.991967 0.145118 -2.47333 0.0608228 -2.81531 1.04929 0.413276 -0.333789 0.830046 -0.517321 0.960821 0.194014
1.38877 -0.336326 2.04508 1.24938 -0.991967 0.145118 -2.47333 0.0608228 -2.81531 1.04929 0.413276 -0.333789 0.830046 -0.517321 0.960821 0.194014
1.38426 -0.336326 2.04508 1.24938 -0.991967 0.145118 -2.47333 0.0608228 -2.81531 1.04929 0.413276 -0.333789 0.830046 -0.517321 0.960821 0.194014
1.37973 -0.336326 2.04508 1.24938 -0.991967 0.145118 -2.47333 0.0608228 -2.81531 1.04929 0.413276 -0.333789 0.830046 -0.517321 0.960821 0.194014
1.37512 -0.336326 2.04508 1.24938 -0.991967 0.145118 -2.47333 0.0608228 -2.81531 1.04929 0.413276 -0.333789 0.830046 -0.517321 0.960821 0.194014
1.37056 -0.336326 2.04508 1.24938 -0.991967 0.145118 -2.47333 0.0608228 -2.81531 1.04929 0.413276 -0.333789 0.830046 -0.517321 0.960821 0.194014
1.36593 -0.336326 2.04508 1.24938 -0.991967 0.145118 -2.47333 0.0608228 -2.81531 1.04929 0.413276 -0.333789 0.830046 -0.517321 0.960821 0.194014
1.36133 -0.336326 2.04508 1.24938 -0.991967 0.145118 -2.47333 0.0608228 -2.81531 1.04929 0.413276 -0.333789 0.830046 -0.517321 0.960821 0.194014
1.35665 -0.336326 2.04508 1.24938 -0.991967 0.145118 -2.47333 0.0608228 -2.81531 1.04929 0.413276 -0.333789 0.830046 -0.517321 0.960821 0.194014
1.35188 -0.336326 2.04508 1.24938 -0.991967 0.145118 -2.47333 0.0608228 -2.81531 1.04929 0.413276 -0.333789 0.830046 -0.517321 0.960821 0.194014
1.34711 -0.336326 2.04508 1.24938 -0.991967 0.145118 -2.47333 0.0608228 -2.81531 1.04929 0.413276 -0.333789 0.830046 -0.517321 0.960821 0.194014
1.34247 -0.336326 2.04508 1.24938 -0.991967 0.145118 -2.47333 0.0608228 -2.81531 1.04929 0.413276 -0.333789 0.830046 -0.517321 0.960821 0.194014
1.33781 -0.336326 2.04508 1.24938 -0.991967 0.145118 -2.47333 0.0608228 -2.81531 1.04929 0.413276 -0.333789 0.830046 -0.517321 0.960821 0.194014
1.3331 -0.336326 2.04508 1.24938 -0.991967 0.145118 -2.47333 0.0608228 -2.81531 1.04929 0.413276 -0.333789 0.830046 -0.517321 0.960821 0.194014
1.32835 -0.336326 2.04508 1.24938 -0.991967 0.145118 -2.47333 0.0608228 -2.81531 1.04929 0.413276 -0.333789 0.830046 -0.517321 0.960821 0.194014
1.32369 -0.336326 2.04508 1.24938 -0.991967 0.145118 -2.47333 0.0608228 -2.81531 1.04929 0.413276 -0.333789 0.830046 -0.517321 0.960821 0.194014
1.31901 -0.336326 2.04508 1.24938 -0.991967 0.145118 -2.47333 0.0608228 -2.81531 1.04929 0.413276 -0.333789 0.830046 -0.517321 0.960821 0.194014
1.31425 -0.336326 2.04508 1.24938 -0.991967 0.145118 -2.47333 0.0608228 -2.81531 1.04929 0.413276 -0.333789 0.830046 -0.517321 0.960821 0.194014
1.30953 -0.336326 2.04508 1.24938 -0.991967 0.145118 -2.47333 0.0608228 -2.81531 1.04929 0.413276 -0.333789 0.830046 -0.517321 0.960821 0.194014
1.30467 -0.336326 2.04508 1.24938 -0.991967 0.145118 -2.47333 0.0608228 -2.81531 1.04929 0.413276 -0.333789 0.830046 -0.517321 0.960821 0.194014
1.29989 -0.336326 2.04508 1.24938 -0.991967 0.145118 -2.47333 0.0608228 -2.81531 1.04929 0.413276 -0.333789 0.830046 -0.517321 0.960821 0.194014
1.29514 -0.336326 2.04508 1.24938 -0.991967 0.145118 -2.47333 0.0608228 -2.81531 1.04929 0.413276 -0.333789 0.830046 -0.517321 0.960821 0.194014
1.29035 -0.336326 2.04508 1.24938 -0.991967 0.145118 -2.47333 0.0608228 -2.81531 1.04929 0.413276 -0.333789 0.830046 -0.517321 0.960821 0.194014
1.28553 -0.336326 2.04508 1.24938 -0.991967 0.145118 -2.47333 0.0608228 -2.81531 1.04929 0.413276 -0.333789 0.830046 -0.517321 0.960821 0.194014
1.28074 -0.336326 2.04508 1.24938 -0.991967 0.145118 -2.47333 0.0608228 -2.81531 1.04929 0.413276 -0.333789 0.830046 -0.517321 0.960821 0.194014
1.27579 -0.336326 2.04508 1.24938 -0.991967 0.145118 -2.47333 0.0608228 -2.81531 1.04929 0.413276 -0.333789 0.830046 -0.517321 0.960821 0.194014
1.27097 -0.336326 2.04508 1.24938 -0.991967 0.145118 -2.47333 0.0608228 -2.81531 1.04929 0.413276 -0.333789 0.830046 -0.517321 0.960821 0.194014
1.26613 -0.336326 2.04508 1.24938 -0.991967 0.145118 -2.47333 0.0608228 -2.81531 1.04929 0.413276 -0.333789 0.830046 -0.517321 0.960821 0.194014
1.26125 -0.336326 2.04508 1.24938 -0.991967 0.145118 -2.47333 0.0608228 -2.81531 1.04929 0.413276 -0.333789 0.830046 -0.517321 0.960821 0.194014
1.25619 -0.336326 2.04508 1.24938 -0.991967 0.145118 -2.47333 0.0608228 -2.81531 1.04929 0.413276 -0.333789 0.830046 -0.517321 0.960821 0.194014
1.2513 -0.336326 2.04508 1.24938 -0.991967 0.145118 -2.47333 0.0608228 -2.81531 1.04929 0.413276 -0.333789 0.830046 -0.517321 0.960821 0.194014
1.24636 -0.336326 2.04508 1.24938 -0.991967 0.145118 -2.47333 0.0608228 -2.81531 1.04929 0.413276 -0.333789 0.830046 -0.517321 0.960821 0.194014
1.24136 -0.336326 2.04508 1.24938 -0.991967 0.145118 -2.47333 0.0608228 -2.81531 1.04929 0.413276 -0.333789 0.830046 -0.517321 0.960821 0.194014
1.23635 -0.336326 2.04508 1.24938 -0.991967 0.145118 -2.47333 0.0608228 -2.81531 1.04929 0.413276 -0.333789 0.830046 -0.517321 0.960821 0.194014
1.23127 -0.336326 2.04508 1.24938 -0.991967 0.145118 -2.47333 0.0608228 -2.81531 1.04929 0.413276 -0.333789 0.830046 -0.517321 0.960821 0.194014
1.22625 -0.336326 2.04508 1.24938 -0.991967 0.145118 -2.47333 0.0608228 -2.81531 1.04929 0.413276 -0.333789 0.830046 -0.517321 0.960821 0.194014
1.2212 -0.336326 2.04508 1.24938 -0.991967 0.145118 -2.47333 0.0608228 -2.81531 1.04929 0.413276 -0.333789 0.830046 -0.517321 0.960821 0.194014
1.21616 -0.336326 2.04508 1.24938 -0.991967 0.145118 -2.47333 0.0608228 -2.81531 1.04929 0.413276 -0.333789 0.830046 -0.517321 0.960821 0.194014
1.21107 -0.336326 2.04508 1.24938 -0.991967 0.145118 -2.47333 0.0608228 -2.81531 1.04929 0.413276 -0.333789 0.830046 -0.517321 0.960821 0.194014
1.20603 -0.336326 2.04508 1.24938 -0.991967 0.145118 -2.47333 0.0608228 -2.81531 1.04929 0.413276 -0.333789 0.830046 -0.517321 0.960821 0.194014
1.20099 -0.336326 2.04508 1.24938 -0.991967 0.145118 -2.47333 0.0608228 -2.81531 1.04929 0.413276 -0.333789 0.830046 -0.517321 0.960821 0.194014
1.19589 -0.336326 2.04508 1.24938 -0.991967 0.145118 -2.47333 0.0608228 -2.81531 1.04929 0.413276 -0.333789 0.830046 -0.517321 0.960821 0.194014
1.1908 -0.336326 2.04508 1.24938 -0.991967 0.145118 -2.47333 0.0608228 -2.81531 1.04929 0.413276 -0.333789 0.830046 -0.517321 0.960821 0.194014
1.18572 -0.336326 2.04508 1.24938 -0.991967 0.145118 -2.47333 0.0608228 -2.81531 1.04929 0.413276 -0.333789 0.830046 -0.517321 0.960821 0.194014
1.1806 -0.336326 2.04508 1.24938 -0.991967 0.145118 -2.47333 0.0608228 -2.81531 1.04929 0.413276 -0.333789 0.830046 -0.517321 0.960821 0.194014
1.17544 -0.336326 2.04508 1.24938 -0.991967 0.145118 -2.47333 0.0608228 -2.81531 1.04929 0.413276 -0.333789 0.830046 -0.517321 0.960821 0.194014
1.17028 -0.336326 2.04508 1.24938 -0.991967 0.145118 -2.47333 0.0608228 -2.81531 1.04929 0.413276 -0.333789 0.830046 -0.517321 0.960821 0.194014
1.16511 -0.336326 2.04508 1.24938 -0.991967 0.145118 -2.47333 0.0608228 -2.81531 1.04929 0.413276 -0.333789 0.830046 -0.517321 0.960821 0.194014
1.15989 -0.336326 2.04508 1.24938 -0.991967 0.145118 -2.47333 0.0608228 -2.81531 1.04929 0.413276 -0.333789 0.830046 -0.517321 0.960821 0.194014
1.15466 -0.336326 2.04508 1.24938 -0.991967 0.145118 -2.47333 0.0608228 -2.81531 1.04929 0.413276 -0.333789 0.830046 -0.517321 0.960821 0.194014
1.14945 -0.336326 2.04508 1.24938 -0.991967 0.145118 -2.47333 0.0608228 -2.81531 1.04929 0.413276 -0.333789 0.830046 -0.517321 0.960821 0.194014
1.14429 -0.336326 2.04508 1.24938 -0.991967 0.145118 -2.47333 0.0608228 -2.81531 1.04929 0.413276 -0.333789 0.830046 -0.517321 0.960821 0.194014
1.13905 -0.336326 2.04508 1.24938 -0.991967 0.145118 -2.47333 0.0608228 -2.81531 1.04929 0.413276 -0.333789 0.830046 -0.517321 0.960821 0.194014
1.13382 -0.336326 2.04508 1.24938 -0.991967 0.145118 -2.47333 0.0608228 -2.81531 1.04929 0.413276 -0.333789 0.830046 -0.517321 0.960821 0.194014
1.12853 -0.336326 2.04508 1.24938 -0.991967 0.145118 -2.47333 0.0608228 -2.81531 1.04929 0.413276 -0.333789 0.830046 -0.517321 0.960821 0.194014
1.12318 -0.336326 2.04508 1.24938 -0.991967 0.145118 -2.47333 0.0608228 -2.81531 1.04929 0.413276 -0.333789 0.830046 -0.517321 0.960821 0.194014
