71.495
71.506
71.516
71.527
71.537
71.547
71.558
71.568
71.578
71.591
71.611
71.631
71.651
71.672
71.692
71.713
71.734
71.754
71.775
71.795
71.834
71.873
71.911
71.949
71.988
72.026
72.065
72.105
72.143
72.181
72.22
72.258
72.297
72.336
72.375
72.414
72.454
72.492
72.531
72.569
72.608
72.646
72.684
72.723
72.762
72.8
72.839
72.878
72.916
72.955
72.993
73.032
73.07
73.108
73.147
73.187
73.227
73.266
73.305
73.344
73.382
73.421
73.46
73.498
73.537
73.576
73.615
73.653
73.691
73.73
73.768
73.807
73.845
73.884
73.923
73.963
74.002
74.041
74.08
74.119
74.157
74.196
74.234
74.272
74.311
74.35
74.389
74.428
76.59
76.601
76.611
76.621
76.632
76.642
76.652
76.663
76.673
76.685
76.706
76.726
76.747
76.786
76.824
76.864
76.903
76.942
76.981
77.02
77.058
77.097
77.135
77.174
77.212
77.251
77.289
77.328
77.368
77.406
77.445
77.483
77.521
77.56
77.598
77.637
77.675
77.714
77.754
77.794
77.833
77.871
77.91
77.948
77.987
78.026
78.064
78.102
78.14
78.18
78.218
78.256
78.294
78.332
78.371
78.408
78.447
78.486
78.525
78.565
78.604
78.643
78.682
78.72
78.758
78.796
78.834
78.873
78.911
78.95
78.988
79.027
79.065
79.104
79.143
79.181
79.22
79.259
79.298
79.338
79.377
79.416
79.454
79.493
79.532
79.57
79.608
79.647
79.686
79.725
79.763
79.801
79.84
79.878
79.917
79.956
79.994
80.032
80.072
80.111
80.149
80.188
80.227
80.266
80.305
80.344
80.382
80.421
80.46
80.498
80.537
80.576
80.614
80.652
80.691
80.729
80.768
80.807
80.846
80.884
80.923
80.961
80.999
81.038
81.077
81.116
