2.18323 0.407312 1.74259 0.709422 2.46388 -2.03829 2.45973 0.513992 2.61616 2.10088 1.07384 -0.740971 -0.167284 -2.8768 1.51304 -2.93994
2.18323 0.407312 1.74259 0.709422 2.46388 -2.03829 2.45973 0.513992 2.61616 2.10088 1.07384 -0.740971 -0.167284 -2.8768 1.51304 -2.93994
2.18323 0.407312 1.74259 0.709422 2.46388 -2.03829 2.45973 0.513992 2.61616 2.10088 1.07384 -0.740971 -0.167284 -2.8768 1.51304 -2.93994
2.18323 0.407312 1.74259 0.709422 2.46388 -2.03829 2.45973 0.513992 2.61616 2.10088 1.07384 -0.740971 -0.167284 -2.8768 1.51304 -2.93994
2.18323 0.407312 1.74259 0.709422 2.46388 -2.03829 2.45973 0.513992 2.61616 2.10088 1.07384 -0.740971 -0.167284 -2.8768 1.51304 -2.93994
2.18323 0.407312 1.74259 0.709422 2.46388 -2.03829 2.45973 0.513992 2.61616 2.10088 1.07384 -0.740971 -0.167284 -2.8768 1.51304 -2.93994
2.18321 0.407312 1.74259 0.709422 2.46388 -2.03829 2.45973 0.513992 2.61616 2.10088 1.07384 -0.740971 -0.167284 -2.8768 1.51304 -2.93994
2.18309 0.407312 1.74259 0.709422 2.46388 -2.03829 2.45973 0.513992 2.61616 2.10088 1.07384 -0.740971 -0.167284 -2.8768 1.51304 -2.93994
2.18282 0.407312 1.74259 0.709422 2.46388 -2.03829 2.45973 0.513992 2.61616 2.10088 1.07384 -0.740971 -0.167284 -2.8768 1.51304 -2.93994
2.18219 0.407312 1.74259 0.709422 2.46388 -2.03829 2.45973 0.513992 2.61616 2.10088 1.07384 -0.740971 -0.167284 -2.8768 1.51304 -2.93994
2.18033 0.407312 1.74259 0.709422 2.46388 -2.03829 2.45973 0.513992 2.61616 2.10088 1.07384 -0.740971 -0.167284 -2.8768 1.51304 -2.93994
2.1782 0.407312 1.74259 0.709422 2.46388 -2.03829 2.45973 0.513992 2.61616 2.10088 1.07384 -0.740971 -0.167284 -2.8768 1.51304 -2.93994
2.17497 0.407312 1.74259 0.709422 2.46388 -2.03829 2.45973 0.513992 2.61616 2.10088 1.07384 -0.740971 -0.167284 -2.8768 1.51304 -2.93994
2.1707 0.407312 1.74259 0.709422 2.46388 -2.03829 2.45973 0.513992 2.61616 2.10088 1.07384 -0.740971 -0.167284 -2.8768 1.51304 -2.93994
2.16615 0.407312 1.74259 0.709422 2.46388 -2.03829 2.45973 0.513992 2.61616 2.10088 1.07384 -0.740971 -0.167284 -2.8768 1.51304 -2.93994
2.16142 0.407312 1.74259 0.709422 2.46388 -2.03829 2.45973 0.513992 2.61616 2.10088 1.07384 -0.740971 -0.167284 -2.8768 1.51304 -2.93994
2.15657 0.407312 1.74259 0.709422 2.46388 -2.03829 2.45973 0.513992 2.61616 2.10088 1.07384 -0.740971 -0.167284 -2.8768 1.51304 -2.93994
2.15165 0.407312 1.74259 0.709422 2.46388 -2.03829 2.45973 0.513992 2.61616 2.10088 1.07384 -0.740971 -0.167284 -2.8768 1.51304 -2.93994
2.14659 0.407312 1.74259 0.709422 2.46388 -2.03829 2.45973 0.513992 2.61616 2.10088 1.07384 -0.740971 -0.167284 -2.8768 1.51304 -2.93994
2.14175 0.407312 1.74259 0.709422 2.46388 -2.03829 2.45973 0.513992 2.61616 2.10088 1.07384 -0.740971 -0.167284 -2.8768 1.51304 -2.93994
2.13681 0.407312 1.74259 0.709422 2.46388 -2.03829 2.45973 0.513992 2.61616 2.10088 1.07384 -0.740971 -0.167284 -2.8768 1.51304 -2.93994
2.13186 0.407312 1.74259 0.709422 2.46388 -2.03829 2.45973 0.513992 2.61616 2.10088 1.07384 -0.740971 -0.167284 -2.8768 1.51304 -2.93994
2.12709 0.407312 1.74259 0.709422 2.46388 -2.03829 2.45973 0.513992 2.61616 2.10088 1.07384 -0.740971 -0.167284 -2.8768 1.51304 -2.93994
2.12229 0.407312 1.74259 0.709422 2.46388 -2.03829 2.45973 0.513992 2.61616 2.10088 1.07384 -0.740971 -0.167284 -2.8768 1.51304 -2.93994
2.11718 0.407312 1.74259 0.709422 2.46388 -2.03829 2.45973 0.513992 2.61616 2.10088 1.07384 -0.740971 -0.167284 -2.8768 1.51304 -2.93994
2.11222 0.407312 1.74259 0.709422 2.46388 -2.03829 2.45973 0.513992 2.61616 2.10088 1.07384 -0.740971 -0.167284 -2.8768 1.51304 -2.93994
2.10731 0.407312 1.74259 0.709422 2.46388 -2.03829 2.45973 0.513992 2.61616 2.10088 1.07384 -0.740971 -0.167284 -2.8768 1.51304 -2.93994
2.10242 0.407312 1.74259 0.709422 2.46388 -2.03829 2.45973 0.513992 2.61616 2.10088 1.07384 -0.740971 -0.167284 -2.8768 1.51304 -2.93994
2.09744 0.407312 1.74259 0.709422 2.46388 -2.03829 2.45973 0.513992 2.61616 2.10088 1.07384 -0.740971 -0.167284 -2.8768 1.51304 -2.93994
2.09262 0.407312 1.74259 0.709422 2.46388 -2.03829 2.45973 0.513992 2.61616 2.10088 1.07384 -0.740971 -0.167284 -2.8768 1.51304 -2.93994
2.08779 0.407312 1.74259 0.709422 2.46388 -2.03829 2.45973 0.513992 2.61616 2.10088 1.07384 -0.740971 -0.167284 -2.8768 1.51304 -2.93994
2.08287 0.407312 1.74259 0.709422 2.46388 -2.03829 2.45973 0.513992 2.61616 2.10088 1.07384 -0.740971 -0.167284 -2.8768 1.51304 -2.93994
2.07794 0.407312 1.74259 0.709422 2.46388 -2.03829 2.45973 0.513992 2.61616 2.10088 1.07384 -0.740971 -0.167284 -2.8768 1.51304 -2.93994
2.07284 0.407312 1.74259 0.709422 2.46388 -2.03829 2.45973 0.513992 2.61616 2.10088 1.07384 -0.740971 -0.167284 -2.8768 1.51304 -2.93994
2.06782 0.407312 1.74259 0.709422 2.46388 -2.03829 2.45973 0.513992 2.61616 2.10088 1.07384 -0.740971 -0.167284 -2.8768 1.51304 -2.93994
2.06287 0.407312 1.74259 0.709422 2.46388 -2.03829 2.45973 0.513992 2.61616 2.10088 1.07384 -0.740971 -0.167284 -2.8768 1.51304 -2.93994
2.05786 0.407312 1.74259 0.709422 2.46388 -2.03829 2.45973 0.513992 2.61616 2.10088 1.07384 -0.740971 -0.167284 -2.8768 1.51304 -2.93994
2.05291 0.407312 1.74259 0.709422 2.46388 -2.03829 2.45973 0.513992 2.61616 2.10088 1.07384 -0.740971 -0.167284 -2.8768 1.51304 -2.93994
2.04783 0.407312 1.74259 0.709422 2.46388 -2.03829 2.45973 0.513992 2.61616 2.10088 1.07384 -0.740971 -0.167284 -2.8768 1.51304 -2.93994
2.04275 0.407312 1.74259 0.709422 2.46388 -2.03829 2.45973 0.513992 2.61616 2.10088 1.07384 -0.740971 -0.167284 -2.8768 1.51304 -2.93994
2.03773 0.407312 1.74259 0.709422 2.46388 -2.03829 2.45973 0.513992 2.61616 2.10088 1.07384 -0.740971 -0.167284 -2.8768 1.51304 -2.93994
2.03263 0.407312 1.74259 0.709422 2.46388 -2.03829 2.45973 0.513992 2.61616 2.10088 1.07384 -0.740971 -0.167284 -2.8768 1.51304 -2.93994
2.02738 0.407312 1.74259 0.709422 2.46388 -2.03829 2.45973 0.513992 2.61616 2.10088 1.07384 -0.740971 -0.167284 -2.8768 1.51304 -2.93994
2.02203 0.407312 1.74259 0.709422 2.46388 -2.03829 2.45973 0.513992 2.61616 2.10088 1.07384 -0.740971 -0.167284 -2.8768 1.51304 -2.93994
2.01659 0.407312 1.74259 0.709422 2.46388 -2.03829 2.45973 0.513992 2.61616 2.10088 1.07384 -0.740971 -0.167284 -2.8768 1.51304 -2.93994
2.01134 0.407312 1.74259 0.709422 2.46388 -2.03829 2.45973 0.513992 2.61616 2.10088 1.07384 -0.740971 -0.167284 -2.8768 1.51304 -2.93994
2.00598 0.407312 1.74259 0.709422 2.46388 -2.03829 2.45973 0.513992 2.61616 2.10088 1.07384 -0.740971 -0.167284 -2.8768 1.51304 -2.93994
2.00073 0.407312 1.74259 0.709422 2.46388 -2.03829 2.45973 0.513992 2.61616 2.10088 1.07384 -0.740971 -0.167284 -2.8768 1.51304 -2.93994
1.99551 0.407312 1.74259 0.709422 2.46388 -2.03829 2.45973 0.513992 2.61616 2.10088 1.07384 -0.740971 -0.167284 -2.8768 1.51304 -2.93994
1.99032 0.407312 1.74259 0.709422 2.46388 -2.03829 2.45973 0.513992 2.61616 2.10088 1.07384 -0.740971 -0.167284 -2.8768 1.51304 -2.93994
1.98474 0.407312 1.74259 0.709422 2.46388 -2.03829 2.45973 0.513992 2.61616 2.10088 1.07384 -0.740971 -0.167284 -2.8768 1.51304 -2.93994
1.97936 0.407312 1.74259 0.709422 2.46388 -2.03829 2.45973 0.513992 2.61616 2.10088 1.07384 -0.740971 -0.167284 -2.8768 1.51304 -2.93994
1.97401 0.407312 1.74259 0.709422 2.46388 -2.03829 2.45973 0.513992 2.61616 2.10088 1.07384 -0.740971 -0.167284 -2.8768 1.51304 -2.93994
1.96863 0.407312 1.74259 0.709422 2.46388 -2.03829 2.45973 0.513992 2.61616 2.10088 1.07384 -0.740971 -0.167284 -2.8768 1.51304 -2.93994
1.96326 0.407312 1.74259 0.709422 2.46388 -2.03829 2.45973 0.513992 2.61616 2.10088 1.07384 -0.740971 -0.167284 -2.8768 1.51304 -2.93994
1.95789 0.407312 1.74259 0.709422 2.46388 -2.03829 2.45973 0.513992 2.61616 2.10088 1.07384 -0.740971 -0.167284 -2.8768 1.51304 -2.93994
1.95249 0.407312 1.74259 0.709422 2.46388 -2.03829 2.45973 0.513992 2.61616 2.10088 1.07384 -0.740971 -0.167284 -2.8768 1.51304 -2.93994
1.94716 0.407312 1.74259 0.709422 2.46388 -2.03829 2.45973 0.513992 2.61616 2.10088 1.07384 -0.740971 -0.167284 -2.8768 1.51304 -2.93994
1.94172 0.407312 1.74259 0.709422 2.46388 -2.03829 2.45973 0.513992 2.61616 2.10088 1.07384 -0.740971 -0.167284 -2.8768 1.51304 -2.93994
1.92871 0.407312 1.74259 0.709422 2.46388 -2.03829 2.45973 0.513992 2.61616 2.10088 1.07384 -0.740971 -0.167284 -2.8768 1.51304 -2.93994
1.92871 0.407312 1.74259 0.709422 2.46388 -2.03829 2.45973 0.513992 2.61616 2.10088 1.07384 -0.740971 -0.167284 -2.8768 1.51304 -2.93994
1.92871 0.407312 1.74259 0.709422 2.46388 -2.03829 2.45973 0.513992 2.61616 2.10088 1.07384 -0.740971 -0.167284 -2.8768 1.51304 -2.93994
1.92871 0.407312 1.74259 0.709422 2.46388 -2.03829 2.45973 0.513992 2.61616 2.10088 1.07384 -0.740971 -0.167284 -2.8768 1.51304 -2.93994
1.92871 0.407312 1.74259 0.709422 2.46388 -2.03829 2.45973 0.513992 2.61616 2.10088 1.07384 -0.740971 -0.167284 -2.8768 1.51304 -2.93994
1.92871 0.407312 1.74259 0.709422 2.46388 -2.03829 2.45973 0.513992 2.61616 2.10088 1.07384 -0.740971 -0.167284 -2.8768 1.51304 -2.93994
1.92863 0.407312 1.74259 0.709422 2.46388 -2.03829 2.45973 0.513992 2.61616 2.10088 1.07384 -0.740971 -0.167284 -2.8768 1.51304 -2.93994
1.92857 0.407312 1.74259 0.709422 2.46388 -2.03829 2.45973 0.513992 2.61616 2.10088 1.07384 -0.740971 -0.167284 -2.8768 1.51304 -2.93994
1.92857 0.407312 1.74259 0.709422 2.46388 -2.03829 2.45973 0.513992 2.61616 2.10088 1.07384 -0.740971 -0.167284 -2.8768 1.51304 -2.93994
1.92857 0.407312 1.74259 0.709422 2.46388 -2.03829 2.45973 0.513992 2.61616 2.10088 1.07384 -0.740971 -0.167284 -2.8768 1.51304 -2.93994
1.92857 0.407312 1.74259 0.709422 2.46388 -2.03829 2.45973 0.513992 2.61616 2.10088 1.07384 -0.740971 -0.167284 -2.8768 1.51304 -2.93994
1.92857 0.407312 1.74259 0.709422 2.46388 -2.03829 2.45973 0.513992 2.61616 2.10088 1.07384 -0.740971 -0.167284 -2.8768 1.51304 -2.93994
1.92857 0.407312 1.74259 0.709422 2.46388 -2.03829 2.45973 0.513992 2.61616 2.10088 1.07384 -0.740971 -0.167284 -2.8768 1.51304 -2.93994
1.92857 0.407312 1.74259 0.709422 2.46388 -2.03829 2.45973 0.513992 2.61616 2.10088 1.07384 -0.740971 -0.167284 -2.8768 1.51304 -2.93994
1.92918 0.407312 1.74259 0.709422 2.46388 -2.03829 2.45973 0.513992 2.61616 2.10088 1.07384 -0.740971 -0.167284 -2.8768 1.51304 -2.93994
1.92988 0.407312 1.74259 0.709422 2.46388 -2.03829 2.45973 0.513992 2.61616 2.10088 1.07384 -0.740971 -0.167284 -2.8768 1.51304 -2.93994
1.93046 0.407312 1.74259 0.709422 2.46388 -2.03829 2.45973 0.513992 2.61616 2.10088 1.07384 -0.740971 -0.167284 -2.8768 1.51304 -2.93994
1.93112 0.407312 1.74259 0.709422 2.46388 -2.03829 2.45973 0.513992 2.61616 2.10088 1.07384 -0.740971 -0.167284 -2.8768 1.51304 -2.93994
1.93199 0.407312 1.74259 0.709422 2.46388 -2.03829 2.45973 0.513992 2.61616 2.10088 1.07384 -0.740971 -0.167284 -2.8768 1.51304 -2.93994
1.9332 0.407312 1.74259 0.709422 2.46388 -2.03829 2.45973 0.513992 2.61616 2.10088 1.07384 -0.740971 -0.167284 -2.8768 1.51304 -2.93994
1.93475 0.407312 1.74259 0.709422 2.46388 -2.03829 2.45973 0.513992 2.61616 2.10088 1.07384 -0.740971 -0.167284 -2.8768 1.51304 -2.93994
1.93654 0.407312 1.74259 0.709422 2.46388 -2.03829 2.45973 0.513992 2.61616 2.10088 1.07384 -0.740971 -0.167284 -2.8768 1.51304 -2.93994
1.93828 0.407312 1.74259 0.709422 2.46388 -2.03829 2.45973 0.513992 2.61616 2.10088 1.07384 -0.740971 -0.167284 -2.8768 1.51304 -2.93994
1.93947 0.407312 1.74259 0.709422 2.46388 -2.03829 2.45973 0.513992 2.61616 2.10088 1.07384 -0.740971 -0.167284 -2.8768 1.51304 -2.93994
1.94046 0.407312 1.74259 0.709422 2.46388 -2.03829 2.45973 0.513992 2.61616 2.10088 1.07384 -0.740971 -0.167284 -2.8768 1.51304 -2.93994
1.94137 0.407312 1.74259 0.709422 2.46388 -2.03829 2.45973 0.513992 2.61616 2.10088 1.07384 -0.740971 -0.167284 -2.8768 1.51304 -2.93994
1.9424 0.407312 1.74259 0.709422 2.46388 -2.03829 2.45973 0.513992 2.61616 2.10088 1.07384 -0.740971 -0.167284 -2.8768 1.51304 -2.93994
1.94349 0.407312 1.74259 0.709422 2.46388 -2.03829 2.45973 0.513992 2.61616 2.10088 1.07384 -0.740971 -0.167284 -2.8768 1.51304 -2.93994
1.94449 0.407312 1.74259 0.709422 2.46388 -2.03829 2.45973 0.513992 2.61616 2.10088 1.07384 -0.740971 -0.167284 -2.8768 1.51304 -2.93994
1.94547 0.407312 1.74259 0.709422 2.46388 -2.03829 2.45973 0.513992 2.61616 2.10088 1.07384 -0.740971 -0.167284 -2.8768 1.51304 -2.93994
1.94658 0.407312 1.74259 0.709422 2.46388 -2.03829 2.45973 0.513992 2.61616 2.10088 1.07384 -0.740971 -0.167284 -2.8768 1.51304 -2.93994
1.94767 0.407312 1.74259 0.709422 2.46388 -2.03829 2.45973 0.513992 2.61616 2.10088 1.07384 -0.740971 -0.167284 -2.8768 1.51304 -2.93994
1.94883 0.407312 1.74259 0.709422 2.46388 -2.03829 2.45973 0.513992 2.61616 2.10088 1.07384 -0.740971 -0.167284 -2.8768 1.51304 -2.93994
1.95011 0.407312 1.74259 0.709422 2.46388 -2.03829 2.45973 0.513992 2.61616 2.10088 1.07384 -0.740971 -0.167284 -2.8768 1.51304 -2.93994
1.95146 0.407312 1.74259 0.709422 2.46388 -2.03829 2.45973 0.513992 2.61616 2.10088 1.07384 -0.740971 -0.167284 -2.8768 1.51304 -2.93994
1.95288 0.407312 1.74259 0.709422 2.46388 -2.03829 2.45973 0.513992 2.61616 2.10088 1.07384 -0.740971 -0.167284 -2.8768 1.51304 -2.93994
1.95439 0.407312 1.74259 0.709422 2.46388 -2.03829 2.45973 0.513992 2.61616 2.10088 1.07384 -0.740971 -0.167284 -2.8768 1.51304 -2.93994
1.95572 0.407312 1.74259 0.709422 2.46388 -2.03829 2.45973 0.513992 2.61616 2.10088 1.07384 -0.740971 -0.167284 -2.8768 1.51304 -2.93994
1.95698 0.407312 1.74259 0.709422 2.46388 -2.03829 2.45973 0.513992 2.61616 2.10088 1.07384 -0.740971 -0.167284 -2.8768 1.51304 -2.93994
1.95833 0.407312 1.74259 0.709422 2.46388 -2.03829 2.45973 0.513992 2.61616 2.10088 1.07384 -0.740971 -0.167284 -2.8768 1.51304 -2.93994
1.9597 0.407312 1.74259 0.709422 2.46388 -2.03829 2.45973 0.513992 2.61616 2.10088 1.07384 -0.740971 -0.167284 -2.8768 1.51304 -2.93994
1.96107 0.407312 1.74259 0.709422 2.46388 -2.03829 2.45973 0.513992 2.61616 2.10088 1.07384 -0.740971 -0.167284 -2.8768 1.51304 -2.93994
1.96238 0.407312 1.74259 0.709422 2.46388 -2.03829 2.45973 0.513992 2.61616 2.10088 1.07384 -0.740971 -0.167284 -2.8768 1.51304 -2.93994
1.96363 0.407312 1.74259 0.709422 2.46388 -2.03829 2.45973 0.513992 2.61616 2.10088 1.07384 -0.740971 -0.167284 -2.8768 1.51304 -2.93994
1.96479 0.407312 1.74259 0.709422 2.46388 -2.03829 2.45973 0.513992 2.61616 2.10088 1.07384 -0.740971 -0.167284 -2.8768 1.51304 -2.93994
1.96606 0.407312 1.74259 0.709422 2.46388 -2.03829 2.45973 0.513992 2.61616 2.10088 1.07384 -0.740971 -0.167284 -2.8768 1.51304 -2.93994
1.96743 0.407312 1.74259 0.709422 2.46388 -2.03829 2.45973 0.513992 2.61616 2.10088 1.07384 -0.740971 -0.167284 -2.8768 1.51304 -2.93994
1.96895 0.407312 1.74259 0.709422 2.46388 -2.03829 2.45973 0.513992 2.61616 2.10088 1.07384 -0.740971 -0.167284 -2.8768 1.51304 -2.93994
1.97064 0.407312 1.74259 0.709422 2.46388 -2.03829 2.45973 0.513992 2.61616 2.10088 1.07384 -0.740971 -0.167284 -2.8768 1.51304 -2.93994
1.97222 0.407312 1.74259 0.709422 2.46388 -2.03829 2.45973 0.513992 2.61616 2.10088 1.07384 -0.740971 -0.167284 -2.8768 1.51304 -2.93994
1.97375 0.407312 1.74259 0.709422 2.46388 -2.03829 2.45973 0.513992 2.61616 2.10088 1.07384 -0.740971 -0.167284 -2.8768 1.51304 -2.93994
1.97527 0.407312 1.74259 0.709422 2.46388 -2.03829 2.45973 0.513992 2.61616 2.10088 1.07384 -0.740971 -0.167284 -2.8768 1.51304 -2.93994
1.97691 0.407312 1.74259 0.709422 2.46388 -2.03829 2.45973 0.513992 2.61616 2.10088 1.07384 -0.740971 -0.167284 -2.8768 1.51304 -2.93994
1.97856 0.407312 1.74259 0.709422 2.46388 -2.03829 2.45973 0.513992 2.61616 2.10088 1.07384 -0.740971 -0.167284 -2.8768 1.51304 -2.93994
1.98029 0.407312 1.74259 0.709422 2.46388 -2.03829 2.45973 0.513992 2.61616 2.10088 1.07384 -0.740971 -0.167284 -2.8768 1.51304 -2.93994
1.98202 0.407312 1.74259 0.709422 2.46388 -2.03829 2.45973 0.513992 2.61616 2.10088 1.07384 -0.740971 -0.167284 -2.8768 1.51304 -2.93994
1.98389 0.407312 1.74259 0.709422 2.46388 -2.03829 2.45973 0.513992 2.61616 2.10088 1.07384 -0.740971 -0.167284 -2.8768 1.51304 -2.93994
1.98583 0.407312 1.74259 0.709422 2.46388 -2.03829 2.45973 0.513992 2.61616 2.10088 1.07384 -0.740971 -0.167284 -2.8768 1.51304 -2.93994
1.9877 0.407312 1.74259 0.709422 2.46388 -2.03829 2.45973 0.513992 2.61616 2.10088 1.07384 -0.740971 -0.167284 -2.8768 1.51304 -2.93994
1.98946 0.407312 1.74259 0.709422 2.46388 -2.03829 2.45973 0.513992 2.61616 2.10088 1.07384 -0.740971 -0.167284 -2.8768 1.51304 -2.93994
1.99121 0.407312 1.74259 0.709422 2.46388 -2.03829 2.45973 0.513992 2.61616 2.10088 1.07384 -0.740971 -0.167284 -2.8768 1.51304 -2.93994
1.99317 0.407312 1.74259 0.709422 2.46388 -2.03829 2.45973 0.513992 2.61616 2.10088 1.07384 -0.740971 -0.167284 -2.8768 1.51304 -2.93994
1.99532 0.407312 1.74259 0.709422 2.46388 -2.03829 2.45973 0.513992 2.61616 2.10088 1.07384 -0.740971 -0.167284 -2.8768 1.51304 -2.93994
1.9975 0.407312 1.74259 0.709422 2.46388 -2.03829 2.45973 0.513992 2.61616 2.10088 1.07384 -0.740971 -0.167284 -2.8768 1.51304 -2.93994
1.99951 0.407312 1.74259 0.709422 2.46388 -2.03829 2.45973 0.513992 2.61616 2.10088 1.07384 -0.740971 -0.167284 -2.8768 1.51304 -2.93994
2.00163 0.407312 1.74259 0.709422 2.46388 -2.03829 2.45973 0.513992 2.61616 2.10088 1.07384 -0.740971 -0.167284 -2.8768 1.51304 -2.93994
2.00384 0.407312 1.74259 0.709422 2.46388 -2.03829 2.45973 0.513992 2.61616 2.10088 1.07384 -0.740971 -0.167284 -2.8768 1.51304 -2.93994
2.00604 0.407312 1.74259 0.709422 2.46388 -2.03829 2.45973 0.513992 2.61616 2.10088 1.07384 -0.740971 -0.167284 -2.8768 1.51304 -2.93994
2.0083 0.407312 1.74259 0.709422 2.46388 -2.03829 2.45973 0.513992 2.61616 2.10088 1.07384 -0.740971 -0.167284 -2.8768 1.51304 -2.93994
2.0106 0.407312 1.74259 0.709422 2.46388 -2.03829 2.45973 0.513992 2.61616 2.10088 1.07384 -0.740971 -0.167284 -2.8768 1.51304 -2.93994
2.01298 0.407312 1.74259 0.709422 2.46388 -2.03829 2.45973 0.513992 2.61616 2.10088 1.07384 -0.740971 -0.167284 -2.8768 1.51304 -2.93994
2.01548 0.407312 1.74259 0.709422 2.46388 -2.03829 2.45973 0.513992 2.61616 2.10088 1.07384 -0.740971 -0.167284 -2.8768 1.51304 -2.93994
2.01825 0.407312 1.74259 0.709422 2.46388 -2.03829 2.45973 0.513992 2.61616 2.10088 1.07384 -0.740971 -0.167284 -2.8768 1.51304 -2.93994
2.0209 0.407312 1.74259 0.709422 2.46388 -2.03829 2.45973 0.513992 2.61616 2.10088 1.07384 -0.740971 -0.167284 -2.8768 1.51304 -2.93994
2.02319 0.407312 1.74259 0.709422 2.46388 -2.03829 2.45973 0.513992 2.61616 2.10088 1.07384 -0.740971 -0.167284 -2.8768 1.51304 -2.93994
2.02566 0.407312 1.74259 0.709422 2.46388 -2.03829 2.45973 0.513992 2.61616 2.10088 1.07384 -0.740971 -0.167284 -2.8768 1.51304 -2.93994
2.02827 0.407312 1.74259 0.709422 2.46388 -2.03829 2.45973 0.513992 2.61616 2.10088 1.07384 -0.740971 -0.167284 -2.8768 1.51304 -2.93994
2.03098 0.407312 1.74259 0.709422 2.46388 -2.03829 2.45973 0.513992 2.61616 2.10088 1.07384 -0.740971 -0.167284 -2.8768 1.51304 -2.93994
2.03396 0.407312 1.74259 0.709422 2.46388 -2.03829 2.45973 0.513992 2.61616 2.10088 1.07384 -0.740971 -0.167284 -2.8768 1.51304 -2.93994
2.03717 0.407312 1.74259 0.709422 2.46388 -2.03829 2.45973 0.513992 2.61616 2.10088 1.07384 -0.740971 -0.167284 -2.8768 1.51304 -2.93994
2.04005 0.407312 1.74259 0.709422 2.46388 -2.03829 2.45973 0.513992 2.61616 2.10088 1.07384 -0.740971 -0.167284 -2.8768 1.51304 -2.93994
2.04282 0.407312 1.74259 0.709422 2.46388 -2.03829 2.45973 0.513992 2.61616 2.10088 1.07384 -0.740971 -0.167284 -2.8768 1.51304 -2.93994
2.0457 0.407312 1.74259 0.709422 2.46388 -2.03829 2.45973 0.513992 2.61616 2.10088 1.07384 -0.740971 -0.167284 -2.8768 1.51304 -2.93994
2.04893 0.407312 1.74259 0.709422 2.46388 -2.03829 2.45973 0.513992 2.61616 2.10088 1.07384 -0.740971 -0.167284 -2.8768 1.51304 -2.93994
2.05234 0.407312 1.74259 0.709422 2.46388 -2.03829 2.45973 0.513992 2.61616 2.10088 1.07384 -0.740971 -0.167284 -2.8768 1.51304 -2.93994
2.05567 0.407312 1.74259 0.709422 2.46388 -2.03829 2.45973 0.513992 2.61616 2.10088 1.07384 -0.740971 -0.167284 -2.8768 1.51304 -2.93994
2.05912 0.407312 1.74259 0.709422 2.46388 -2.03829 2.45973 0.513992 2.61616 2.10088 1.07384 -0.740971 -0.167284 -2.8768 1.51304 -2.93994
2.06248 0.407312 1.74259 0.709422 2.46388 -2.03829 2.45973 0.513992 2.61616 2.10088 1.07384 -0.740971 -0.167284 -2.8768 1.51304 -2.93994
2.06582 0.407312 1.74259 0.709422 2.46388 -2.03829 2.45973 0.513992 2.61616 2.10088 1.07384 -0.740971 -0.167284 -2.8768 1.51304 -2.93994
2.06952 0.407312 1.74259 0.709422 2.46388 -2.03829 2.45973 0.513992 2.61616 2.10088 1.07384 -0.740971 -0.167284 -2.8768 1.51304 -2.93994
2.07311 0.407312 1.74259 0.709422 2.46388 -2.03829 2.45973 0.513992 2.61616 2.10088 1.07384 -0.740971 -0.167284 -2.8768 1.51304 -2.93994
2.07668 0.407312 1.74259 0.709422 2.46388 -2.03829 2.45973 0.513992 2.61616 2.10088 1.07384 -0.740971 -0.167284 -2.8768 1.51304 -2.93994
2.08052 0.407312 1.74259 0.709422 2.46388 -2.03829 2.45973 0.513992 2.61616 2.10088 1.07384 -0.740971 -0.167284 -2.8768 1.51304 -2.93994
2.08458 0.407312 1.74259 0.709422 2.46388 -2.03829 2.45973 0.513992 2.61616 2.10088 1.07384 -0.740971 -0.167284 -2.8768 1.51304 -2.93994
2.08856 0.407312 1.74259 0.709422 2.46388 -2.03829 2.45973 0.513992 2.61616 2.10088 1.07384 -0.740971 -0.167284 -2.8768 1.51304 -2.93994
2.09254 0.407312 1.74259 0.709422 2.46388 -2.03829 2.45973 0.513992 2.61616 2.10088 1.07384 -0.740971 -0.167284 -2.8768 1.51304 -2.93994
2.09673 0.407312 1.74259 0.709422 2.46388 -2.03829 2.45973 0.513992 2.61616 2.10088 1.07384 -0.740971 -0.167284 -2.8768 1.51304 -2.93994
2.10111 0.407312 1.74259 0.709422 2.46388 -2.03829 2.45973 0.513992 2.61616 2.10088 1.07384 -0.740971 -0.167284 -2.8768 1.51304 -2.93994
2.1053 0.407312 1.74259 0.709422 2.46388 -2.03829 2.45973 0.513992 2.61616 2.10088 1.07384 -0.740971 -0.167284 -2.8768 1.51304 -2.93994
2.10965 0.407312 1.74259 0.709422 2.46388 -2.03829 2.45973 0.513992 2.61616 2.10088 1.07384 -0.740971 -0.167284 -2.8768 1.51304 -2.93994
2.11425 0.407312 1.74259 0.709422 2.46388 -2.03829 2.45973 0.513992 2.61616 2.10088 1.07384 -0.740971 -0.167284 -2.8768 1.51304 -2.93994
2.11893 0.407312 1.74259 0.709422 2.46388 -2.03829 2.45973 0.513992 2.61616 2.10088 1.07384 -0.740971 -0.167284 -2.8768 1.51304 -2.93994
2.12362 0.407312 1.74259 0.709422 2.46388 -2.03829 2.45973 0.513992 2.61616 2.10088 1.07384 -0.740971 -0.167284 -2.8768 1.51304 -2.93994
2.12824 0.407312 1.74259 0.709422 2.46388 -2.03829 2.45973 0.513992 2.61616 2.10088 1.07384 -0.740971 -0.167284 -2.8768 1.51304 -2.93994
2.13331 0.407312 1.74259 0.709422 2.46388 -2.03829 2.45973 0.513992 2.61616 2.10088 1.07384 -0.740971 -0.167284 -2.8768 1.51304 -2.93994
2.13845 0.407312 1.74259 0.709422 2.46388 -2.03829 2.45973 0.513992 2.61616 2.10088 1.07384 -0.740971 -0.167284 -2.8768 1.51304 -2.93994
2.14339 0.407312 1.74259 0.709422 2.46388 -2.03829 2.45973 0.513992 2.61616 2.10088 1.07384 -0.740971 -0.167284 -2.8768 1.51304 -2.93994
2.14842 0.407312 1.74259 0.709422 2.46388 -2.03829 2.45973 0.513992 2.61616 2.10088 1.07384 -0.740971 -0.167284 -2.8768 1.51304 -2.93994
2.15369 0.407312 1.74259 0.709422 2.46388 -2.03829 2.45973 0.513992 2.61616 2.10088 1.07384 -0.740971 -0.167284 -2.8768 1.51304 -2.93994
2.15927 0.407312 1.74259 0.709422 2.46388 -2.03829 2.45973 0.513992 2.61616 2.10088 1.07384 -0.740971 -0.167284 -2.8768 1.51304 -2.93994
2.16494 0.407312 1.74259 0.709422 2.46388 -2.03829 2.45973 0.513992 2.61616 2.10088 1.07384 -0.740971 -0.167284 -2.8768 1.51304 -2.93994
2.1707 0.407312 1.74259 0.709422 2.46388 -2.03829 2.45973 0.513992 2.61616 2.10088 1.07384 -0.740971 -0.167284 -2.8768 1.51304 -2.93994
2.17674 0.407312 1.74259 0.709422 2.46388 -2.03829 2.45973 0.513992 2.61616 2.10088 1.07384 -0.740971 -0.167284 -2.8768 1.51304 -2.93994
