99.882
99.892
99.903
99.914
99.925
99.936
99.946
99.957
99.968
99.981
100.02
100.062
100.103
100.142
100.18
100.222
100.261
100.303
100.343
100.382
100.423
100.463
100.502
100.541
100.583
100.622
100.661
100.7
100.739
100.777
100.816
100.854
100.894
100.933
100.971
101.01
101.049
101.087
101.126
101.165
101.203
101.241
101.283
101.324
101.363
101.403
101.442
101.48
101.519
101.558
101.599
101.638
101.677
101.716
101.754
101.793
101.831
101.87
101.909
102.179
102.189
102.2
102.21
102.221
102.232
102.242
102.253
102.264
102.276
102.315
102.355
102.395
102.434
102.473
102.515
102.555
102.595
102.635
102.673
102.714
102.756
102.797
102.838
102.877
102.915
102.954
102.993
103.031
103.07
103.109
103.148
103.19
103.231
103.269
103.31
103.349
103.389
103.429
103.469
103.508
103.547
103.585
103.623
103.661
103.7
103.739
103.777
103.816
103.854
103.893
103.931
103.97
104.011
104.051
104.09
104.131
104.17
104.21
104.252
104.291
104.331
104.372
104.411
104.449
104.491
104.53
104.571
104.611
104.65
104.689
104.73
104.769
104.809
104.848
104.887
104.925
104.964
105.006
105.047
105.087
105.127
105.166
105.207
105.247
105.286
105.327
105.367
105.407
105.447
105.486
105.524
105.566
105.607
105.647
105.687
105.727
105.767
105.807
105.847
105.887
105.927
105.967
106.006
106.047
106.086
106.124
106.163
106.202
106.243
106.282
106.323
106.363
