0
0
0
0
0
0
0
0
0
0
0
0
-0.0105281
-0.0105281
-0.0105281
0
0
-0.0315844
-0.0315844
-0.0421125
-0.0526406
-0.0631688
-0.0736969
-0.0736969
-0.0736969
-0.0736969
-0.0631688
-0.0631688
-0.0631688
-0.0631688
-0.0736969
-0.0736969
-0.0631688
-0.0736969
-0.0736969
-0.0736969
-0.0736969
-0.0736969
-0.084225
-0.0736969
-0.084225
-0.0736969
-0.0736969
-0.0736969
-0.0736969
-0.084225
-0.084225
-0.084225
-0.0736969
-0.0736969
-0.0736969
-0.084225
-0.084225
-0.084225
-0.0736969
-0.0736969
-0.0736969
-0.0736969
-0.084225
-0.084225
-0.084225
-0.0736969
-0.0736969
-0.084225
-0.0947531
-0.0736969
-0.0736969
-0.084225
-0.084225
-0.084225
-0.084225
-0.084225
-0.0947531
-0.084225
-0.084225
-0.084225
-0.084225
-0.0947531
-0.084225
-0.084225
-0.0947531
-0.084225
-0.0947531
-0.084225
-0.084225
-0.0947531
-0.0947531
-0.0947531
-0.0947531
-0.0947531
-0.084225
-0.0947531
-0.0947531
-0.0947531
-0.105281
-0.0947531
-0.0947531
-0.0947531
-0.0947531
-0.0947531
-0.0947531
-0.105281
-0.0947531
-0.0947531
-0.105281
-0.105281
-0.0947531
-0.0947531
-0.0947531
-0.0947531
-0.105281
-0.0947531
-0.0947531
-0.105281
-0.105281
-0.0947531
-0.0947531
-0.105281
-0.0947531
-0.0947531
-0.105281
-0.105281
-0.0210563
0
0.0421125
0
0
0
0
0
0.0105281
0
0.0105281
0.0105281
0.0105281
0.0105281
0.0210563
0.105281
0.136866
0.147394
0.16845
0.189506
0.178978
0.231619
0.252675
0.242147
0.305316
0.315844
0.326372
0.368484
0.368484
0.368484
0.379013
0.400069
0.410597
