2.75252 -0.0579152 -1.70466 1.23232 1.79934 0.92568 -1.39387 -0.993307 2.61468 3.09885 -0.234909 1.86156 1.76126 3.07022 -1.54338 -0.0239913
2.75252 -0.0579152 -1.70466 1.23232 1.79934 0.92568 -1.39387 -0.993307 2.61468 3.09885 -0.234909 1.86156 1.76126 3.07022 -1.54338 -0.0239913
2.75252 -0.0579152 -1.70466 1.23232 1.79934 0.92568 -1.39387 -0.993307 2.61468 3.09885 -0.234909 1.86156 1.76126 3.07022 -1.54338 -0.0239913
2.75252 -0.0579152 -1.70466 1.23232 1.79934 0.92568 -1.39387 -0.993307 2.61468 3.09885 -0.234909 1.86156 1.76126 3.07022 -1.54338 -0.0239913
2.75252 -0.0579152 -1.70466 1.23232 1.79934 0.92568 -1.39387 -0.993307 2.61468 3.09885 -0.234909 1.86156 1.76126 3.07022 -1.54338 -0.0239913
2.75252 -0.0579152 -1.70466 1.23232 1.79934 0.92568 -1.39387 -0.993307 2.61468 3.09885 -0.234909 1.86156 1.76126 3.07022 -1.54338 -0.0239913
2.75252 -0.0579152 -1.70466 1.23232 1.79934 0.92568 -1.39387 -0.993307 2.61468 3.09885 -0.234909 1.86156 1.76126 3.07022 -1.54338 -0.0239913
2.75252 -0.0579152 -1.70466 1.23232 1.79934 0.92568 -1.39387 -0.993307 2.61468 3.09885 -0.234909 1.86156 1.76126 3.07022 -1.54338 -0.0239913
2.75252 -0.0579152 -1.70466 1.23232 1.79934 0.92568 -1.39387 -0.993307 2.61468 3.09885 -0.234909 1.86156 1.76126 3.07022 -1.54338 -0.0239913
2.75252 -0.0579152 -1.70466 1.23232 1.79934 0.92568 -1.39387 -0.993307 2.61468 3.09885 -0.234909 1.86156 1.76126 3.07022 -1.54338 -0.0239913
2.75252 -0.0579152 -1.70466 1.23232 1.79934 0.92568 -1.39387 -0.993307 2.61468 3.09885 -0.234909 1.86156 1.76126 3.07022 -1.54338 -0.0239913
2.75256 -0.0579152 -1.70466 1.23232 1.79934 0.92568 -1.39387 -0.993307 2.61468 3.09885 -0.234909 1.86156 1.76126 3.07022 -1.54338 -0.0239913
2.75257 -0.0579152 -1.70466 1.23232 1.79934 0.92568 -1.39387 -0.993307 2.61468 3.09885 -0.234909 1.86156 1.76126 3.07022 -1.54338 -0.0239913
2.75254 -0.0579152 -1.70466 1.23232 1.79934 0.92568 -1.39387 -0.993307 2.61468 3.09885 -0.234909 1.86156 1.76126 3.07022 -1.54338 -0.0239913
2.75243 -0.0579152 -1.70466 1.23232 1.79934 0.92568 -1.39387 -0.993307 2.61468 3.09885 -0.234909 1.86156 1.76126 3.07022 -1.54338 -0.0239913
2.7523 -0.0579152 -1.70466 1.23232 1.79934 0.92568 -1.39387 -0.993307 2.61468 3.09885 -0.234909 1.86156 1.76126 3.07022 -1.54338 -0.0239913
2.75215 -0.0579152 -1.70466 1.23232 1.79934 0.92568 -1.39387 -0.993307 2.61468 3.09885 -0.234909 1.86156 1.76126 3.07022 -1.54338 -0.0239913
2.75166 -0.0579152 -1.70466 1.23232 1.79934 0.92568 -1.39387 -0.993307 2.61468 3.09885 -0.234909 1.86156 1.76126 3.07022 -1.54338 -0.0239913
2.75098 -0.0579152 -1.70466 1.23232 1.79934 0.92568 -1.39387 -0.993307 2.61468 3.09885 -0.234909 1.86156 1.76126 3.07022 -1.54338 -0.0239913
2.75021 -0.0579152 -1.70466 1.23232 1.79934 0.92568 -1.39387 -0.993307 2.61468 3.09885 -0.234909 1.86156 1.76126 3.07022 -1.54338 -0.0239913
2.74825 -0.0579152 -1.70466 1.23232 1.79934 0.92568 -1.39387 -0.993307 2.61468 3.09885 -0.234909 1.86156 1.76126 3.07022 -1.54338 -0.0239913
2.74586 -0.0579152 -1.70466 1.23232 1.79934 0.92568 -1.39387 -0.993307 2.61468 3.09885 -0.234909 1.86156 1.76126 3.07022 -1.54338 -0.0239913
2.74329 -0.0579152 -1.70466 1.23232 1.79934 0.92568 -1.39387 -0.993307 2.61468 3.09885 -0.234909 1.86156 1.76126 3.07022 -1.54338 -0.0239913
2.74069 -0.0579152 -1.70466 1.23232 1.79934 0.92568 -1.39387 -0.993307 2.61468 3.09885 -0.234909 1.86156 1.76126 3.07022 -1.54338 -0.0239913
2.73798 -0.0579152 -1.70466 1.23232 1.79934 0.92568 -1.39387 -0.993307 2.61468 3.09885 -0.234909 1.86156 1.76126 3.07022 -1.54338 -0.0239913
2.73526 -0.0579152 -1.70466 1.23232 1.79934 0.92568 -1.39387 -0.993307 2.61468 3.09885 -0.234909 1.86156 1.76126 3.07022 -1.54338 -0.0239913
2.73255 -0.0579152 -1.70466 1.23232 1.79934 0.92568 -1.39387 -0.993307 2.61468 3.09885 -0.234909 1.86156 1.76126 3.07022 -1.54338 -0.0239913
2.72981 -0.0579152 -1.70466 1.23232 1.79934 0.92568 -1.39387 -0.993307 2.61468 3.09885 -0.234909 1.86156 1.76126 3.07022 -1.54338 -0.0239913
2.72705 -0.0579152 -1.70466 1.23232 1.79934 0.92568 -1.39387 -0.993307 2.61468 3.09885 -0.234909 1.86156 1.76126 3.07022 -1.54338 -0.0239913
2.72428 -0.0579152 -1.70466 1.23232 1.79934 0.92568 -1.39387 -0.993307 2.61468 3.09885 -0.234909 1.86156 1.76126 3.07022 -1.54338 -0.0239913
2.72155 -0.0579152 -1.70466 1.23232 1.79934 0.92568 -1.39387 -0.993307 2.61468 3.09885 -0.234909 1.86156 1.76126 3.07022 -1.54338 -0.0239913
2.71884 -0.0579152 -1.70466 1.23232 1.79934 0.92568 -1.39387 -0.993307 2.61468 3.09885 -0.234909 1.86156 1.76126 3.07022 -1.54338 -0.0239913
2.71615 -0.0579152 -1.70466 1.23232 1.79934 0.92568 -1.39387 -0.993307 2.61468 3.09885 -0.234909 1.86156 1.76126 3.07022 -1.54338 -0.0239913
2.71337 -0.0579152 -1.70466 1.23232 1.79934 0.92568 -1.39387 -0.993307 2.61468 3.09885 -0.234909 1.86156 1.76126 3.07022 -1.54338 -0.0239913
2.71058 -0.0579152 -1.70466 1.23232 1.79934 0.92568 -1.39387 -0.993307 2.61468 3.09885 -0.234909 1.86156 1.76126 3.07022 -1.54338 -0.0239913
2.70776 -0.0579152 -1.70466 1.23232 1.79934 0.92568 -1.39387 -0.993307 2.61468 3.09885 -0.234909 1.86156 1.76126 3.07022 -1.54338 -0.0239913
2.70487 -0.0579152 -1.70466 1.23232 1.79934 0.92568 -1.39387 -0.993307 2.61468 3.09885 -0.234909 1.86156 1.76126 3.07022 -1.54338 -0.0239913
2.70207 -0.0579152 -1.70466 1.23232 1.79934 0.92568 -1.39387 -0.993307 2.61468 3.09885 -0.234909 1.86156 1.76126 3.07022 -1.54338 -0.0239913
2.69925 -0.0579152 -1.70466 1.23232 1.79934 0.92568 -1.39387 -0.993307 2.61468 3.09885 -0.234909 1.86156 1.76126 3.07022 -1.54338 -0.0239913
2.69643 -0.0579152 -1.70466 1.23232 1.79934 0.92568 -1.39387 -0.993307 2.61468 3.09885 -0.234909 1.86156 1.76126 3.07022 -1.54338 -0.0239913
2.69361 -0.0579152 -1.70466 1.23232 1.79934 0.92568 -1.39387 -0.993307 2.61468 3.09885 -0.234909 1.86156 1.76126 3.07022 -1.54338 -0.0239913
2.69074 -0.0579152 -1.70466 1.23232 1.79934 0.92568 -1.39387 -0.993307 2.61468 3.09885 -0.234909 1.86156 1.76126 3.07022 -1.54338 -0.0239913
2.68775 -0.0579152 -1.70466 1.23232 1.79934 0.92568 -1.39387 -0.993307 2.61468 3.09885 -0.234909 1.86156 1.76126 3.07022 -1.54338 -0.0239913
2.68481 -0.0579152 -1.70466 1.23232 1.79934 0.92568 -1.39387 -0.993307 2.61468 3.09885 -0.234909 1.86156 1.76126 3.07022 -1.54338 -0.0239913
2.6819 -0.0579152 -1.70466 1.23232 1.79934 0.92568 -1.39387 -0.993307 2.61468 3.09885 -0.234909 1.86156 1.76126 3.07022 -1.54338 -0.0239913
2.67849 -0.0579152 -1.70466 1.23232 1.79934 0.92568 -1.39387 -0.993307 2.61468 3.09885 -0.234909 1.86156 1.76126 3.07022 -1.54338 -0.0239913
2.67552 -0.0579152 -1.70466 1.23232 1.79934 0.92568 -1.39387 -0.993307 2.61468 3.09885 -0.234909 1.86156 1.76126 3.07022 -1.54338 -0.0239913
2.67256 -0.0579152 -1.70466 1.23232 1.79934 0.92568 -1.39387 -0.993307 2.61468 3.09885 -0.234909 1.86156 1.76126 3.07022 -1.54338 -0.0239913
2.66957 -0.0579152 -1.70466 1.23232 1.79934 0.92568 -1.39387 -0.993307 2.61468 3.09885 -0.234909 1.86156 1.76126 3.07022 -1.54338 -0.0239913
2.66656 -0.0579152 -1.70466 1.23232 1.79934 0.92568 -1.39387 -0.993307 2.61468 3.09885 -0.234909 1.86156 1.76126 3.07022 -1.54338 -0.0239913
2.66354 -0.0579152 -1.70466 1.23232 1.79934 0.92568 -1.39387 -0.993307 2.61468 3.09885 -0.234909 1.86156 1.76126 3.07022 -1.54338 -0.0239913
2.66051 -0.0579152 -1.70466 1.23232 1.79934 0.92568 -1.39387 -0.993307 2.61468 3.09885 -0.234909 1.86156 1.76126 3.07022 -1.54338 -0.0239913
2.6575 -0.0579152 -1.70466 1.23232 1.79934 0.92568 -1.39387 -0.993307 2.61468 3.09885 -0.234909 1.86156 1.76126 3.07022 -1.54338 -0.0239913
2.65448 -0.0579152 -1.70466 1.23232 1.79934 0.92568 -1.39387 -0.993307 2.61468 3.09885 -0.234909 1.86156 1.76126 3.07022 -1.54338 -0.0239913
2.65146 -0.0579152 -1.70466 1.23232 1.79934 0.92568 -1.39387 -0.993307 2.61468 3.09885 -0.234909 1.86156 1.76126 3.07022 -1.54338 -0.0239913
2.64838 -0.0579152 -1.70466 1.23232 1.79934 0.92568 -1.39387 -0.993307 2.61468 3.09885 -0.234909 1.86156 1.76126 3.07022 -1.54338 -0.0239913
2.64521 -0.0579152 -1.70466 1.23232 1.79934 0.92568 -1.39387 -0.993307 2.61468 3.09885 -0.234909 1.86156 1.76126 3.07022 -1.54338 -0.0239913
2.64211 -0.0579152 -1.70466 1.23232 1.79934 0.92568 -1.39387 -0.993307 2.61468 3.09885 -0.234909 1.86156 1.76126 3.07022 -1.54338 -0.0239913
2.63901 -0.0579152 -1.70466 1.23232 1.79934 0.92568 -1.39387 -0.993307 2.61468 3.09885 -0.234909 1.86156 1.76126 3.07022 -1.54338 -0.0239913
2.6359 -0.0579152 -1.70466 1.23232 1.79934 0.92568 -1.39387 -0.993307 2.61468 3.09885 -0.234909 1.86156 1.76126 3.07022 -1.54338 -0.0239913
2.63271 -0.0579152 -1.70466 1.23232 1.79934 0.92568 -1.39387 -0.993307 2.61468 3.09885 -0.234909 1.86156 1.76126 3.07022 -1.54338 -0.0239913
2.62952 -0.0579152 -1.70466 1.23232 1.79934 0.92568 -1.39387 -0.993307 2.61468 3.09885 -0.234909 1.86156 1.76126 3.07022 -1.54338 -0.0239913
2.62625 -0.0579152 -1.70466 1.23232 1.79934 0.92568 -1.39387 -0.993307 2.61468 3.09885 -0.234909 1.86156 1.76126 3.07022 -1.54338 -0.0239913
2.62308 -0.0579152 -1.70466 1.23232 1.79934 0.92568 -1.39387 -0.993307 2.61468 3.09885 -0.234909 1.86156 1.76126 3.07022 -1.54338 -0.0239913
2.61989 -0.0579152 -1.70466 1.23232 1.79934 0.92568 -1.39387 -0.993307 2.61468 3.09885 -0.234909 1.86156 1.76126 3.07022 -1.54338 -0.0239913
2.61677 -0.0579152 -1.70466 1.23232 1.79934 0.92568 -1.39387 -0.993307 2.61468 3.09885 -0.234909 1.86156 1.76126 3.07022 -1.54338 -0.0239913
2.61358 -0.0579152 -1.70466 1.23232 1.79934 0.92568 -1.39387 -0.993307 2.61468 3.09885 -0.234909 1.86156 1.76126 3.07022 -1.54338 -0.0239913
2.61035 -0.0579152 -1.70466 1.23232 1.79934 0.92568 -1.39387 -0.993307 2.61468 3.09885 -0.234909 1.86156 1.76126 3.07022 -1.54338 -0.0239913
2.60709 -0.0579152 -1.70466 1.23232 1.79934 0.92568 -1.39387 -0.993307 2.61468 3.09885 -0.234909 1.86156 1.76126 3.07022 -1.54338 -0.0239913
2.60385 -0.0579152 -1.70466 1.23232 1.79934 0.92568 -1.39387 -0.993307 2.61468 3.09885 -0.234909 1.86156 1.76126 3.07022 -1.54338 -0.0239913
2.60056 -0.0579152 -1.70466 1.23232 1.79934 0.92568 -1.39387 -0.993307 2.61468 3.09885 -0.234909 1.86156 1.76126 3.07022 -1.54338 -0.0239913
2.59731 -0.0579152 -1.70466 1.23232 1.79934 0.92568 -1.39387 -0.993307 2.61468 3.09885 -0.234909 1.86156 1.76126 3.07022 -1.54338 -0.0239913
2.59404 -0.0579152 -1.70466 1.23232 1.79934 0.92568 -1.39387 -0.993307 2.61468 3.09885 -0.234909 1.86156 1.76126 3.07022 -1.54338 -0.0239913
2.59075 -0.0579152 -1.70466 1.23232 1.79934 0.92568 -1.39387 -0.993307 2.61468 3.09885 -0.234909 1.86156 1.76126 3.07022 -1.54338 -0.0239913
2.58742 -0.0579152 -1.70466 1.23232 1.79934 0.92568 -1.39387 -0.993307 2.61468 3.09885 -0.234909 1.86156 1.76126 3.07022 -1.54338 -0.0239913
2.58414 -0.0579152 -1.70466 1.23232 1.79934 0.92568 -1.39387 -0.993307 2.61468 3.09885 -0.234909 1.86156 1.76126 3.07022 -1.54338 -0.0239913
2.58083 -0.0579152 -1.70466 1.23232 1.79934 0.92568 -1.39387 -0.993307 2.61468 3.09885 -0.234909 1.86156 1.76126 3.07022 -1.54338 -0.0239913
2.57744 -0.0579152 -1.70466 1.23232 1.79934 0.92568 -1.39387 -0.993307 2.61468 3.09885 -0.234909 1.86156 1.76126 3.07022 -1.54338 -0.0239913
2.57408 -0.0579152 -1.70466 1.23232 1.79934 0.92568 -1.39387 -0.993307 2.61468 3.09885 -0.234909 1.86156 1.76126 3.07022 -1.54338 -0.0239913
2.57071 -0.0579152 -1.70466 1.23232 1.79934 0.92568 -1.39387 -0.993307 2.61468 3.09885 -0.234909 1.86156 1.76126 3.07022 -1.54338 -0.0239913
2.56721 -0.0579152 -1.70466 1.23232 1.79934 0.92568 -1.39387 -0.993307 2.61468 3.09885 -0.234909 1.86156 1.76126 3.07022 -1.54338 -0.0239913
2.5638 -0.0579152 -1.70466 1.23232 1.79934 0.92568 -1.39387 -0.993307 2.61468 3.09885 -0.234909 1.86156 1.76126 3.07022 -1.54338 -0.0239913
2.56038 -0.0579152 -1.70466 1.23232 1.79934 0.92568 -1.39387 -0.993307 2.61468 3.09885 -0.234909 1.86156 1.76126 3.07022 -1.54338 -0.0239913
2.55694 -0.0579152 -1.70466 1.23232 1.79934 0.92568 -1.39387 -0.993307 2.61468 3.09885 -0.234909 1.86156 1.76126 3.07022 -1.54338 -0.0239913
2.55347 -0.0579152 -1.70466 1.23232 1.79934 0.92568 -1.39387 -0.993307 2.61468 3.09885 -0.234909 1.86156 1.76126 3.07022 -1.54338 -0.0239913
2.5499 -0.0579152 -1.70466 1.23232 1.79934 0.92568 -1.39387 -0.993307 2.61468 3.09885 -0.234909 1.86156 1.76126 3.07022 -1.54338 -0.0239913
2.54638 -0.0579152 -1.70466 1.23232 1.79934 0.92568 -1.39387 -0.993307 2.61468 3.09885 -0.234909 1.86156 1.76126 3.07022 -1.54338 -0.0239913
2.54286 -0.0579152 -1.70466 1.23232 1.79934 0.92568 -1.39387 -0.993307 2.61468 3.09885 -0.234909 1.86156 1.76126 3.07022 -1.54338 -0.0239913
2.53934 -0.0579152 -1.70466 1.23232 1.79934 0.92568 -1.39387 -0.993307 2.61468 3.09885 -0.234909 1.86156 1.76126 3.07022 -1.54338 -0.0239913
2.53584 -0.0579152 -1.70466 1.23232 1.79934 0.92568 -1.39387 -0.993307 2.61468 3.09885 -0.234909 1.86156 1.76126 3.07022 -1.54338 -0.0239913
2.53227 -0.0579152 -1.70466 1.23232 1.79934 0.92568 -1.39387 -0.993307 2.61468 3.09885 -0.234909 1.86156 1.76126 3.07022 -1.54338 -0.0239913
2.52865 -0.0579152 -1.70466 1.23232 1.79934 0.92568 -1.39387 -0.993307 2.61468 3.09885 -0.234909 1.86156 1.76126 3.07022 -1.54338 -0.0239913
2.52506 -0.0579152 -1.70466 1.23232 1.79934 0.92568 -1.39387 -0.993307 2.61468 3.09885 -0.234909 1.86156 1.76126 3.07022 -1.54338 -0.0239913
2.52148 -0.0579152 -1.70466 1.23232 1.79934 0.92568 -1.39387 -0.993307 2.61468 3.09885 -0.234909 1.86156 1.76126 3.07022 -1.54338 -0.0239913
2.5179 -0.0579152 -1.70466 1.23232 1.79934 0.92568 -1.39387 -0.993307 2.61468 3.09885 -0.234909 1.86156 1.76126 3.07022 -1.54338 -0.0239913
2.51425 -0.0579152 -1.70466 1.23232 1.79934 0.92568 -1.39387 -0.993307 2.61468 3.09885 -0.234909 1.86156 1.76126 3.07022 -1.54338 -0.0239913
2.51059 -0.0579152 -1.70466 1.23232 1.79934 0.92568 -1.39387 -0.993307 2.61468 3.09885 -0.234909 1.86156 1.76126 3.07022 -1.54338 -0.0239913
2.50689 -0.0579152 -1.70466 1.23232 1.79934 0.92568 -1.39387 -0.993307 2.61468 3.09885 -0.234909 1.86156 1.76126 3.07022 -1.54338 -0.0239913
2.50325 -0.0579152 -1.70466 1.23232 1.79934 0.92568 -1.39387 -0.993307 2.61468 3.09885 -0.234909 1.86156 1.76126 3.07022 -1.54338 -0.0239913
2.49953 -0.0579152 -1.70466 1.23232 1.79934 0.92568 -1.39387 -0.993307 2.61468 3.09885 -0.234909 1.86156 1.76126 3.07022 -1.54338 -0.0239913
2.49574 -0.0579152 -1.70466 1.23232 1.79934 0.92568 -1.39387 -0.993307 2.61468 3.09885 -0.234909 1.86156 1.76126 3.07022 -1.54338 -0.0239913
2.49203 -0.0579152 -1.70466 1.23232 1.79934 0.92568 -1.39387 -0.993307 2.61468 3.09885 -0.234909 1.86156 1.76126 3.07022 -1.54338 -0.0239913
2.48823 -0.0579152 -1.70466 1.23232 1.79934 0.92568 -1.39387 -0.993307 2.61468 3.09885 -0.234909 1.86156 1.76126 3.07022 -1.54338 -0.0239913
2.48447 -0.0579152 -1.70466 1.23232 1.79934 0.92568 -1.39387 -0.993307 2.61468 3.09885 -0.234909 1.86156 1.76126 3.07022 -1.54338 -0.0239913
2.48067 -0.0579152 -1.70466 1.23232 1.79934 0.92568 -1.39387 -0.993307 2.61468 3.09885 -0.234909 1.86156 1.76126 3.07022 -1.54338 -0.0239913
2.47684 -0.0579152 -1.70466 1.23232 1.79934 0.92568 -1.39387 -0.993307 2.61468 3.09885 -0.234909 1.86156 1.76126 3.07022 -1.54338 -0.0239913
2.47295 -0.0579152 -1.70466 1.23232 1.79934 0.92568 -1.39387 -0.993307 2.61468 3.09885 -0.234909 1.86156 1.76126 3.07022 -1.54338 -0.0239913
2.46904 -0.0579152 -1.70466 1.23232 1.79934 0.92568 -1.39387 -0.993307 2.61468 3.09885 -0.234909 1.86156 1.76126 3.07022 -1.54338 -0.0239913
2.46517 -0.0579152 -1.70466 1.23232 1.79934 0.92568 -1.39387 -0.993307 2.61468 3.09885 -0.234909 1.86156 1.76126 3.07022 -1.54338 -0.0239913
2.46114 -0.0579152 -1.70466 1.23232 1.79934 0.92568 -1.39387 -0.993307 2.61468 3.09885 -0.234909 1.86156 1.76126 3.07022 -1.54338 -0.0239913
2.45728 -0.0579152 -1.70466 1.23232 1.79934 0.92568 -1.39387 -0.993307 2.61468 3.09885 -0.234909 1.86156 1.76126 3.07022 -1.54338 -0.0239913
2.45341 -0.0579152 -1.70466 1.23232 1.79934 0.92568 -1.39387 -0.993307 2.61468 3.09885 -0.234909 1.86156 1.76126 3.07022 -1.54338 -0.0239913
2.44947 -0.0579152 -1.70466 1.23232 1.79934 0.92568 -1.39387 -0.993307 2.61468 3.09885 -0.234909 1.86156 1.76126 3.07022 -1.54338 -0.0239913
2.44557 -0.0579152 -1.70466 1.23232 1.79934 0.92568 -1.39387 -0.993307 2.61468 3.09885 -0.234909 1.86156 1.76126 3.07022 -1.54338 -0.0239913
2.44166 -0.0579152 -1.70466 1.23232 1.79934 0.92568 -1.39387 -0.993307 2.61468 3.09885 -0.234909 1.86156 1.76126 3.07022 -1.54338 -0.0239913
2.4378 -0.0579152 -1.70466 1.23232 1.79934 0.92568 -1.39387 -0.993307 2.61468 3.09885 -0.234909 1.86156 1.76126 3.07022 -1.54338 -0.0239913
2.43386 -0.0579152 -1.70466 1.23232 1.79934 0.92568 -1.39387 -0.993307 2.61468 3.09885 -0.234909 1.86156 1.76126 3.07022 -1.54338 -0.0239913
2.42985 -0.0579152 -1.70466 1.23232 1.79934 0.92568 -1.39387 -0.993307 2.61468 3.09885 -0.234909 1.86156 1.76126 3.07022 -1.54338 -0.0239913
2.42588 -0.0579152 -1.70466 1.23232 1.79934 0.92568 -1.39387 -0.993307 2.61468 3.09885 -0.234909 1.86156 1.76126 3.07022 -1.54338 -0.0239913
2.42185 -0.0579152 -1.70466 1.23232 1.79934 0.92568 -1.39387 -0.993307 2.61468 3.09885 -0.234909 1.86156 1.76126 3.07022 -1.54338 -0.0239913
2.41786 -0.0579152 -1.70466 1.23232 1.79934 0.92568 -1.39387 -0.993307 2.61468 3.09885 -0.234909 1.86156 1.76126 3.07022 -1.54338 -0.0239913
2.41379 -0.0579152 -1.70466 1.23232 1.79934 0.92568 -1.39387 -0.993307 2.61468 3.09885 -0.234909 1.86156 1.76126 3.07022 -1.54338 -0.0239913
2.40368 -0.0579152 -1.70466 1.23232 1.79934 0.92568 -1.39387 -0.993307 2.61468 3.09885 -0.234909 1.86156 1.76126 3.07022 -1.54338 -0.0239913
2.40368 -0.0579152 -1.70466 1.23232 1.79934 0.92568 -1.39387 -0.993307 2.61468 3.09885 -0.234909 1.86156 1.76126 3.07022 -1.54338 -0.0239913
2.40396 -0.0579152 -1.70466 1.23232 1.79934 0.92568 -1.39387 -0.993307 2.61468 3.09885 -0.234909 1.86156 1.76126 3.07022 -1.54338 -0.0239913
2.40426 -0.0579152 -1.70466 1.23232 1.79934 0.92568 -1.39387 -0.993307 2.61468 3.09885 -0.234909 1.86156 1.76126 3.07022 -1.54338 -0.0239913
2.40426 -0.0579152 -1.70466 1.23232 1.79934 0.92568 -1.39387 -0.993307 2.61468 3.09885 -0.234909 1.86156 1.76126 3.07022 -1.54338 -0.0239913
2.40426 -0.0579152 -1.70466 1.23232 1.79934 0.92568 -1.39387 -0.993307 2.61468 3.09885 -0.234909 1.86156 1.76126 3.07022 -1.54338 -0.0239913
2.40426 -0.0579152 -1.70466 1.23232 1.79934 0.92568 -1.39387 -0.993307 2.61468 3.09885 -0.234909 1.86156 1.76126 3.07022 -1.54338 -0.0239913
2.40427 -0.0579152 -1.70466 1.23232 1.79934 0.92568 -1.39387 -0.993307 2.61468 3.09885 -0.234909 1.86156 1.76126 3.07022 -1.54338 -0.0239913
2.40423 -0.0579152 -1.70466 1.23232 1.79934 0.92568 -1.39387 -0.993307 2.61468 3.09885 -0.234909 1.86156 1.76126 3.07022 -1.54338 -0.0239913
2.4044 -0.0579152 -1.70466 1.23232 1.79934 0.92568 -1.39387 -0.993307 2.61468 3.09885 -0.234909 1.86156 1.76126 3.07022 -1.54338 -0.0239913
2.4045 -0.0579152 -1.70466 1.23232 1.79934 0.92568 -1.39387 -0.993307 2.61468 3.09885 -0.234909 1.86156 1.76126 3.07022 -1.54338 -0.0239913
2.40468 -0.0579152 -1.70466 1.23232 1.79934 0.92568 -1.39387 -0.993307 2.61468 3.09885 -0.234909 1.86156 1.76126 3.07022 -1.54338 -0.0239913
2.40508 -0.0579152 -1.70466 1.23232 1.79934 0.92568 -1.39387 -0.993307 2.61468 3.09885 -0.234909 1.86156 1.76126 3.07022 -1.54338 -0.0239913
2.40531 -0.0579152 -1.70466 1.23232 1.79934 0.92568 -1.39387 -0.993307 2.61468 3.09885 -0.234909 1.86156 1.76126 3.07022 -1.54338 -0.0239913
2.40566 -0.0579152 -1.70466 1.23232 1.79934 0.92568 -1.39387 -0.993307 2.61468 3.09885 -0.234909 1.86156 1.76126 3.07022 -1.54338 -0.0239913
2.40855 -0.0579152 -1.70466 1.23232 1.79934 0.92568 -1.39387 -0.993307 2.61468 3.09885 -0.234909 1.86156 1.76126 3.07022 -1.54338 -0.0239913
2.41363 -0.0579152 -1.70466 1.23232 1.79934 0.92568 -1.39387 -0.993307 2.61468 3.09885 -0.234909 1.86156 1.76126 3.07022 -1.54338 -0.0239913
2.41942 -0.0579152 -1.70466 1.23232 1.79934 0.92568 -1.39387 -0.993307 2.61468 3.09885 -0.234909 1.86156 1.76126 3.07022 -1.54338 -0.0239913
2.42596 -0.0579152 -1.70466 1.23232 1.79934 0.92568 -1.39387 -0.993307 2.61468 3.09885 -0.234909 1.86156 1.76126 3.07022 -1.54338 -0.0239913
2.4327 -0.0579152 -1.70466 1.23232 1.79934 0.92568 -1.39387 -0.993307 2.61468 3.09885 -0.234909 1.86156 1.76126 3.07022 -1.54338 -0.0239913
2.43976 -0.0579152 -1.70466 1.23232 1.79934 0.92568 -1.39387 -0.993307 2.61468 3.09885 -0.234909 1.86156 1.76126 3.07022 -1.54338 -0.0239913
2.44776 -0.0579152 -1.70466 1.23232 1.79934 0.92568 -1.39387 -0.993307 2.61468 3.09885 -0.234909 1.86156 1.76126 3.07022 -1.54338 -0.0239913
2.45657 -0.0579152 -1.70466 1.23232 1.79934 0.92568 -1.39387 -0.993307 2.61468 3.09885 -0.234909 1.86156 1.76126 3.07022 -1.54338 -0.0239913
2.4661 -0.0579152 -1.70466 1.23232 1.79934 0.92568 -1.39387 -0.993307 2.61468 3.09885 -0.234909 1.86156 1.76126 3.07022 -1.54338 -0.0239913
2.4765 -0.0579152 -1.70466 1.23232 1.79934 0.92568 -1.39387 -0.993307 2.61468 3.09885 -0.234909 1.86156 1.76126 3.07022 -1.54338 -0.0239913
2.48791 -0.0579152 -1.70466 1.23232 1.79934 0.92568 -1.39387 -0.993307 2.61468 3.09885 -0.234909 1.86156 1.76126 3.07022 -1.54338 -0.0239913
2.50044 -0.0579152 -1.70466 1.23232 1.79934 0.92568 -1.39387 -0.993307 2.61468 3.09885 -0.234909 1.86156 1.76126 3.07022 -1.54338 -0.0239913
2.51375 -0.0579152 -1.70466 1.23232 1.79934 0.92568 -1.39387 -0.993307 2.61468 3.09885 -0.234909 1.86156 1.76126 3.07022 -1.54338 -0.0239913
2.52753 -0.0579152 -1.70466 1.23232 1.79934 0.92568 -1.39387 -0.993307 2.61468 3.09885 -0.234909 1.86156 1.76126 3.07022 -1.54338 -0.0239913
2.54173 -0.0579152 -1.70466 1.23232 1.79934 0.92568 -1.39387 -0.993307 2.61468 3.09885 -0.234909 1.86156 1.76126 3.07022 -1.54338 -0.0239913
2.55614 -0.0579152 -1.70466 1.23232 1.79934 0.92568 -1.39387 -0.993307 2.61468 3.09885 -0.234909 1.86156 1.76126 3.07022 -1.54338 -0.0239913
2.57114 -0.0579152 -1.70466 1.23232 1.79934 0.92568 -1.39387 -0.993307 2.61468 3.09885 -0.234909 1.86156 1.76126 3.07022 -1.54338 -0.0239913
2.58663 -0.0579152 -1.70466 1.23232 1.79934 0.92568 -1.39387 -0.993307 2.61468 3.09885 -0.234909 1.86156 1.76126 3.07022 -1.54338 -0.0239913
