14.181
14.191
14.202
14.212
14.223
14.233
14.243
14.254
14.264
14.277
14.296
14.317
14.337
14.358
14.378
14.399
14.42
14.444
14.461
14.481
14.519
14.558
14.597
14.635
14.674
14.712
14.75
14.789
14.827
14.866
14.904
14.942
14.981
15.02
15.058
15.097
15.136
15.175
15.214
15.252
15.291
15.33
15.369
15.407
15.446
15.49
15.529
15.567
15.605
15.644
15.683
15.722
15.76
15.799
15.837
15.876
15.914
15.953
15.991
16.03
16.07
16.109
16.149
16.187
16.226
16.264
16.302
16.341
16.379
16.418
16.457
16.496
16.534
16.573
16.611
16.649
16.688
16.727
16.765
16.804
16.843
16.881
16.92
16.959
16.999
17.038
17.077
17.115
17.154
17.193
17.232
17.27
17.308
17.347
17.385
17.424
17.462
17.501
17.539
17.579
17.618
17.656
17.695
17.733
17.772
17.811
17.851
17.89
17.93
17.969
18.007
18.046
18.084
18.123
18.161
18.199
18.238
18.276
18.316
18.354
18.393
18.431
18.648
18.658
18.669
18.679
18.689
18.7
18.71
18.72
18.731
18.745
18.766
18.786
18.825
18.864
18.903
18.942
18.981
19.02
19.058
19.097
19.136
19.175
19.213
19.252
19.29
19.329
19.368
19.406
19.445
19.483
19.522
19.561
19.599
