1.31725 -1.1682 0.761868 -2.0393 -0.365697 0.796627 0.238926 1.22381 -1.96726 -1.31922 -0.297004 -1.34976 0.435484 1.1879 -1.24705 -1.37371
1.31725 -1.1682 0.761868 -2.0393 -0.365697 0.796627 0.238926 1.22381 -1.96726 -1.31922 -0.297004 -1.34976 0.435484 1.1879 -1.24705 -1.37371
1.31725 -1.1682 0.761868 -2.0393 -0.365697 0.796627 0.238926 1.22381 -1.96726 -1.31922 -0.297004 -1.34976 0.435484 1.1879 -1.24705 -1.37371
1.31725 -1.1682 0.761868 -2.0393 -0.365697 0.796627 0.238926 1.22381 -1.96726 -1.31922 -0.297004 -1.34976 0.435484 1.1879 -1.24705 -1.37371
1.31725 -1.1682 0.761868 -2.0393 -0.365697 0.796627 0.238926 1.22381 -1.96726 -1.31922 -0.297004 -1.34976 0.435484 1.1879 -1.24705 -1.37371
1.31725 -1.1682 0.761868 -2.0393 -0.365697 0.796627 0.238926 1.22381 -1.96726 -1.31922 -0.297004 -1.34976 0.435484 1.1879 -1.24705 -1.37371
1.31725 -1.1682 0.761868 -2.0393 -0.365697 0.796627 0.238926 1.22381 -1.96726 -1.31922 -0.297004 -1.34976 0.435484 1.1879 -1.24705 -1.37371
1.31725 -1.1682 0.761868 -2.0393 -0.365697 0.796627 0.238926 1.22381 -1.96726 -1.31922 -0.297004 -1.34976 0.435484 1.1879 -1.24705 -1.37371
1.31725 -1.1682 0.761868 -2.0393 -0.365697 0.796627 0.238926 1.22381 -1.96726 -1.31922 -0.297004 -1.34976 0.435484 1.1879 -1.24705 -1.37371
1.31725 -1.1682 0.761868 -2.0393 -0.365697 0.796627 0.238926 1.22381 -1.96726 -1.31922 -0.297004 -1.34976 0.435484 1.1879 -1.24705 -1.37371
1.31725 -1.1682 0.761868 -2.0393 -0.365697 0.796627 0.238926 1.22381 -1.96726 -1.31922 -0.297004 -1.34976 0.435484 1.1879 -1.24705 -1.37371
1.31725 -1.1682 0.761868 -2.0393 -0.365697 0.796627 0.238926 1.22381 -1.96726 -1.31922 -0.297004 -1.34976 0.435484 1.1879 -1.24705 -1.37371
1.31725 -1.1682 0.761868 -2.0393 -0.365697 0.796627 0.238926 1.22381 -1.96726 -1.31922 -0.297004 -1.34976 0.435484 1.1879 -1.24705 -1.37371
1.31725 -1.1682 0.761868 -2.0393 -0.365697 0.796627 0.238926 1.22381 -1.96726 -1.31922 -0.297004 -1.34976 0.435484 1.1879 -1.24705 -1.37371
1.31725 -1.1682 0.761868 -2.0393 -0.365697 0.796627 0.238926 1.22381 -1.96726 -1.31922 -0.297004 -1.34976 0.435484 1.1879 -1.24705 -1.37371
1.31725 -1.1682 0.761868 -2.0393 -0.365697 0.796627 0.238926 1.22381 -1.96726 -1.31922 -0.297004 -1.34976 0.435484 1.1879 -1.24705 -1.37371
1.31725 -1.1682 0.761868 -2.0393 -0.365697 0.796627 0.238926 1.22381 -1.96726 -1.31922 -0.297004 -1.34976 0.435484 1.1879 -1.24705 -1.37371
1.31725 -1.1682 0.761868 -2.0393 -0.365697 0.796627 0.238926 1.22381 -1.96726 -1.31922 -0.297004 -1.34976 0.435484 1.1879 -1.24705 -1.37371
1.31726 -1.1682 0.761868 -2.0393 -0.365697 0.796627 0.238926 1.22381 -1.96726 -1.31922 -0.297004 -1.34976 0.435484 1.1879 -1.24705 -1.37371
1.31726 -1.1682 0.761868 -2.0393 -0.365697 0.796627 0.238926 1.22381 -1.96726 -1.31922 -0.297004 -1.34976 0.435484 1.1879 -1.24705 -1.37371
1.31841 -1.1682 0.761868 -2.0393 -0.365697 0.796627 0.238926 1.22381 -1.96726 -1.31922 -0.297004 -1.34976 0.435484 1.1879 -1.24705 -1.37371
1.32005 -1.1682 0.761868 -2.0393 -0.365697 0.796627 0.238926 1.22381 -1.96726 -1.31922 -0.297004 -1.34976 0.435484 1.1879 -1.24705 -1.37371
1.3216 -1.1682 0.761868 -2.0393 -0.365697 0.796627 0.238926 1.22381 -1.96726 -1.31922 -0.297004 -1.34976 0.435484 1.1879 -1.24705 -1.37371
1.3235 -1.1682 0.761868 -2.0393 -0.365697 0.796627 0.238926 1.22381 -1.96726 -1.31922 -0.297004 -1.34976 0.435484 1.1879 -1.24705 -1.37371
1.32582 -1.1682 0.761868 -2.0393 -0.365697 0.796627 0.238926 1.22381 -1.96726 -1.31922 -0.297004 -1.34976 0.435484 1.1879 -1.24705 -1.37371
1.32868 -1.1682 0.761868 -2.0393 -0.365697 0.796627 0.238926 1.22381 -1.96726 -1.31922 -0.297004 -1.34976 0.435484 1.1879 -1.24705 -1.37371
1.33189 -1.1682 0.761868 -2.0393 -0.365697 0.796627 0.238926 1.22381 -1.96726 -1.31922 -0.297004 -1.34976 0.435484 1.1879 -1.24705 -1.37371
1.33532 -1.1682 0.761868 -2.0393 -0.365697 0.796627 0.238926 1.22381 -1.96726 -1.31922 -0.297004 -1.34976 0.435484 1.1879 -1.24705 -1.37371
1.33894 -1.1682 0.761868 -2.0393 -0.365697 0.796627 0.238926 1.22381 -1.96726 -1.31922 -0.297004 -1.34976 0.435484 1.1879 -1.24705 -1.37371
1.34267 -1.1682 0.761868 -2.0393 -0.365697 0.796627 0.238926 1.22381 -1.96726 -1.31922 -0.297004 -1.34976 0.435484 1.1879 -1.24705 -1.37371
1.34681 -1.1682 0.761868 -2.0393 -0.365697 0.796627 0.238926 1.22381 -1.96726 -1.31922 -0.297004 -1.34976 0.435484 1.1879 -1.24705 -1.37371
1.35106 -1.1682 0.761868 -2.0393 -0.365697 0.796627 0.238926 1.22381 -1.96726 -1.31922 -0.297004 -1.34976 0.435484 1.1879 -1.24705 -1.37371
1.35515 -1.1682 0.761868 -2.0393 -0.365697 0.796627 0.238926 1.22381 -1.96726 -1.31922 -0.297004 -1.34976 0.435484 1.1879 -1.24705 -1.37371
1.35947 -1.1682 0.761868 -2.0393 -0.365697 0.796627 0.238926 1.22381 -1.96726 -1.31922 -0.297004 -1.34976 0.435484 1.1879 -1.24705 -1.37371
1.36389 -1.1682 0.761868 -2.0393 -0.365697 0.796627 0.238926 1.22381 -1.96726 -1.31922 -0.297004 -1.34976 0.435484 1.1879 -1.24705 -1.37371
1.36855 -1.1682 0.761868 -2.0393 -0.365697 0.796627 0.238926 1.22381 -1.96726 -1.31922 -0.297004 -1.34976 0.435484 1.1879 -1.24705 -1.37371
1.37333 -1.1682 0.761868 -2.0393 -0.365697 0.796627 0.238926 1.22381 -1.96726 -1.31922 -0.297004 -1.34976 0.435484 1.1879 -1.24705 -1.37371
1.37827 -1.1682 0.761868 -2.0393 -0.365697 0.796627 0.238926 1.22381 -1.96726 -1.31922 -0.297004 -1.34976 0.435484 1.1879 -1.24705 -1.37371
1.38327 -1.1682 0.761868 -2.0393 -0.365697 0.796627 0.238926 1.22381 -1.96726 -1.31922 -0.297004 -1.34976 0.435484 1.1879 -1.24705 -1.37371
1.38847 -1.1682 0.761868 -2.0393 -0.365697 0.796627 0.238926 1.22381 -1.96726 -1.31922 -0.297004 -1.34976 0.435484 1.1879 -1.24705 -1.37371
1.39398 -1.1682 0.761868 -2.0393 -0.365697 0.796627 0.238926 1.22381 -1.96726 -1.31922 -0.297004 -1.34976 0.435484 1.1879 -1.24705 -1.37371
1.39943 -1.1682 0.761868 -2.0393 -0.365697 0.796627 0.238926 1.22381 -1.96726 -1.31922 -0.297004 -1.34976 0.435484 1.1879 -1.24705 -1.37371
1.40502 -1.1682 0.761868 -2.0393 -0.365697 0.796627 0.238926 1.22381 -1.96726 -1.31922 -0.297004 -1.34976 0.435484 1.1879 -1.24705 -1.37371
1.41096 -1.1682 0.761868 -2.0393 -0.365697 0.796627 0.238926 1.22381 -1.96726 -1.31922 -0.297004 -1.34976 0.435484 1.1879 -1.24705 -1.37371
1.41697 -1.1682 0.761868 -2.0393 -0.365697 0.796627 0.238926 1.22381 -1.96726 -1.31922 -0.297004 -1.34976 0.435484 1.1879 -1.24705 -1.37371
1.42305 -1.1682 0.761868 -2.0393 -0.365697 0.796627 0.238926 1.22381 -1.96726 -1.31922 -0.297004 -1.34976 0.435484 1.1879 -1.24705 -1.37371
1.42957 -1.1682 0.761868 -2.0393 -0.365697 0.796627 0.238926 1.22381 -1.96726 -1.31922 -0.297004 -1.34976 0.435484 1.1879 -1.24705 -1.37371
1.43615 -1.1682 0.761868 -2.0393 -0.365697 0.796627 0.238926 1.22381 -1.96726 -1.31922 -0.297004 -1.34976 0.435484 1.1879 -1.24705 -1.37371
1.44281 -1.1682 0.761868 -2.0393 -0.365697 0.796627 0.238926 1.22381 -1.96726 -1.31922 -0.297004 -1.34976 0.435484 1.1879 -1.24705 -1.37371
1.44998 -1.1682 0.761868 -2.0393 -0.365697 0.796627 0.238926 1.22381 -1.96726 -1.31922 -0.297004 -1.34976 0.435484 1.1879 -1.24705 -1.37371
1.457 -1.1682 0.761868 -2.0393 -0.365697 0.796627 0.238926 1.22381 -1.96726 -1.31922 -0.297004 -1.34976 0.435484 1.1879 -1.24705 -1.37371
1.46429 -1.1682 0.761868 -2.0393 -0.365697 0.796627 0.238926 1.22381 -1.96726 -1.31922 -0.297004 -1.34976 0.435484 1.1879 -1.24705 -1.37371
1.47188 -1.1682 0.761868 -2.0393 -0.365697 0.796627 0.238926 1.22381 -1.96726 -1.31922 -0.297004 -1.34976 0.435484 1.1879 -1.24705 -1.37371
1.4796 -1.1682 0.761868 -2.0393 -0.365697 0.796627 0.238926 1.22381 -1.96726 -1.31922 -0.297004 -1.34976 0.435484 1.1879 -1.24705 -1.37371
1.48766 -1.1682 0.761868 -2.0393 -0.365697 0.796627 0.238926 1.22381 -1.96726 -1.31922 -0.297004 -1.34976 0.435484 1.1879 -1.24705 -1.37371
1.49592 -1.1682 0.761868 -2.0393 -0.365697 0.796627 0.238926 1.22381 -1.96726 -1.31922 -0.297004 -1.34976 0.435484 1.1879 -1.24705 -1.37371
1.50427 -1.1682 0.761868 -2.0393 -0.365697 0.796627 0.238926 1.22381 -1.96726 -1.31922 -0.297004 -1.34976 0.435484 1.1879 -1.24705 -1.37371
1.51294 -1.1682 0.761868 -2.0393 -0.365697 0.796627 0.238926 1.22381 -1.96726 -1.31922 -0.297004 -1.34976 0.435484 1.1879 -1.24705 -1.37371
1.52184 -1.1682 0.761868 -2.0393 -0.365697 0.796627 0.238926 1.22381 -1.96726 -1.31922 -0.297004 -1.34976 0.435484 1.1879 -1.24705 -1.37371
1.52928 -1.1682 0.761868 -2.0393 -0.365697 0.796627 0.238926 1.22381 -1.96726 -1.31922 -0.297004 -1.34976 0.435484 1.1879 -1.24705 -1.37371
1.52928 -1.1682 0.761868 -2.0393 -0.365697 0.796627 0.238926 1.22381 -1.96726 -1.31922 -0.297004 -1.34976 0.435484 1.1879 -1.24705 -1.37371
1.52928 -1.1682 0.761868 -2.0393 -0.365697 0.796627 0.238926 1.22381 -1.96726 -1.31922 -0.297004 -1.34976 0.435484 1.1879 -1.24705 -1.37371
1.52928 -1.1682 0.761868 -2.0393 -0.365697 0.796627 0.238926 1.22381 -1.96726 -1.31922 -0.297004 -1.34976 0.435484 1.1879 -1.24705 -1.37371
1.52928 -1.1682 0.761868 -2.0393 -0.365697 0.796627 0.238926 1.22381 -1.96726 -1.31922 -0.297004 -1.34976 0.435484 1.1879 -1.24705 -1.37371
1.52928 -1.1682 0.761868 -2.0393 -0.365697 0.796627 0.238926 1.22381 -1.96726 -1.31922 -0.297004 -1.34976 0.435484 1.1879 -1.24705 -1.37371
1.52924 -1.1682 0.761868 -2.0393 -0.365697 0.796627 0.238926 1.22381 -1.96726 -1.31922 -0.297004 -1.34976 0.435484 1.1879 -1.24705 -1.37371
1.52905 -1.1682 0.761868 -2.0393 -0.365697 0.796627 0.238926 1.22381 -1.96726 -1.31922 -0.297004 -1.34976 0.435484 1.1879 -1.24705 -1.37371
1.52884 -1.1682 0.761868 -2.0393 -0.365697 0.796627 0.238926 1.22381 -1.96726 -1.31922 -0.297004 -1.34976 0.435484 1.1879 -1.24705 -1.37371
1.52832 -1.1682 0.761868 -2.0393 -0.365697 0.796627 0.238926 1.22381 -1.96726 -1.31922 -0.297004 -1.34976 0.435484 1.1879 -1.24705 -1.37371
1.52691 -1.1682 0.761868 -2.0393 -0.365697 0.796627 0.238926 1.22381 -1.96726 -1.31922 -0.297004 -1.34976 0.435484 1.1879 -1.24705 -1.37371
1.52518 -1.1682 0.761868 -2.0393 -0.365697 0.796627 0.238926 1.22381 -1.96726 -1.31922 -0.297004 -1.34976 0.435484 1.1879 -1.24705 -1.37371
1.5225 -1.1682 0.761868 -2.0393 -0.365697 0.796627 0.238926 1.22381 -1.96726 -1.31922 -0.297004 -1.34976 0.435484 1.1879 -1.24705 -1.37371
1.51847 -1.1682 0.761868 -2.0393 -0.365697 0.796627 0.238926 1.22381 -1.96726 -1.31922 -0.297004 -1.34976 0.435484 1.1879 -1.24705 -1.37371
1.51423 -1.1682 0.761868 -2.0393 -0.365697 0.796627 0.238926 1.22381 -1.96726 -1.31922 -0.297004 -1.34976 0.435484 1.1879 -1.24705 -1.37371
1.50981 -1.1682 0.761868 -2.0393 -0.365697 0.796627 0.238926 1.22381 -1.96726 -1.31922 -0.297004 -1.34976 0.435484 1.1879 -1.24705 -1.37371
1.50533 -1.1682 0.761868 -2.0393 -0.365697 0.796627 0.238926 1.22381 -1.96726 -1.31922 -0.297004 -1.34976 0.435484 1.1879 -1.24705 -1.37371
1.50069 -1.1682 0.761868 -2.0393 -0.365697 0.796627 0.238926 1.22381 -1.96726 -1.31922 -0.297004 -1.34976 0.435484 1.1879 -1.24705 -1.37371
1.49599 -1.1682 0.761868 -2.0393 -0.365697 0.796627 0.238926 1.22381 -1.96726 -1.31922 -0.297004 -1.34976 0.435484 1.1879 -1.24705 -1.37371
1.49126 -1.1682 0.761868 -2.0393 -0.365697 0.796627 0.238926 1.22381 -1.96726 -1.31922 -0.297004 -1.34976 0.435484 1.1879 -1.24705 -1.37371
1.48662 -1.1682 0.761868 -2.0393 -0.365697 0.796627 0.238926 1.22381 -1.96726 -1.31922 -0.297004 -1.34976 0.435484 1.1879 -1.24705 -1.37371
1.48203 -1.1682 0.761868 -2.0393 -0.365697 0.796627 0.238926 1.22381 -1.96726 -1.31922 -0.297004 -1.34976 0.435484 1.1879 -1.24705 -1.37371
1.47747 -1.1682 0.761868 -2.0393 -0.365697 0.796627 0.238926 1.22381 -1.96726 -1.31922 -0.297004 -1.34976 0.435484 1.1879 -1.24705 -1.37371
1.47274 -1.1682 0.761868 -2.0393 -0.365697 0.796627 0.238926 1.22381 -1.96726 -1.31922 -0.297004 -1.34976 0.435484 1.1879 -1.24705 -1.37371
1.46819 -1.1682 0.761868 -2.0393 -0.365697 0.796627 0.238926 1.22381 -1.96726 -1.31922 -0.297004 -1.34976 0.435484 1.1879 -1.24705 -1.37371
1.46351 -1.1682 0.761868 -2.0393 -0.365697 0.796627 0.238926 1.22381 -1.96726 -1.31922 -0.297004 -1.34976 0.435484 1.1879 -1.24705 -1.37371
1.45883 -1.1682 0.761868 -2.0393 -0.365697 0.796627 0.238926 1.22381 -1.96726 -1.31922 -0.297004 -1.34976 0.435484 1.1879 -1.24705 -1.37371
1.45414 -1.1682 0.761868 -2.0393 -0.365697 0.796627 0.238926 1.22381 -1.96726 -1.31922 -0.297004 -1.34976 0.435484 1.1879 -1.24705 -1.37371
1.44934 -1.1682 0.761868 -2.0393 -0.365697 0.796627 0.238926 1.22381 -1.96726 -1.31922 -0.297004 -1.34976 0.435484 1.1879 -1.24705 -1.37371
1.44449 -1.1682 0.761868 -2.0393 -0.365697 0.796627 0.238926 1.22381 -1.96726 -1.31922 -0.297004 -1.34976 0.435484 1.1879 -1.24705 -1.37371
1.4397 -1.1682 0.761868 -2.0393 -0.365697 0.796627 0.238926 1.22381 -1.96726 -1.31922 -0.297004 -1.34976 0.435484 1.1879 -1.24705 -1.37371
1.43486 -1.1682 0.761868 -2.0393 -0.365697 0.796627 0.238926 1.22381 -1.96726 -1.31922 -0.297004 -1.34976 0.435484 1.1879 -1.24705 -1.37371
1.42993 -1.1682 0.761868 -2.0393 -0.365697 0.796627 0.238926 1.22381 -1.96726 -1.31922 -0.297004 -1.34976 0.435484 1.1879 -1.24705 -1.37371
1.42499 -1.1682 0.761868 -2.0393 -0.365697 0.796627 0.238926 1.22381 -1.96726 -1.31922 -0.297004 -1.34976 0.435484 1.1879 -1.24705 -1.37371
1.42011 -1.1682 0.761868 -2.0393 -0.365697 0.796627 0.238926 1.22381 -1.96726 -1.31922 -0.297004 -1.34976 0.435484 1.1879 -1.24705 -1.37371
1.41518 -1.1682 0.761868 -2.0393 -0.365697 0.796627 0.238926 1.22381 -1.96726 -1.31922 -0.297004 -1.34976 0.435484 1.1879 -1.24705 -1.37371
1.41021 -1.1682 0.761868 -2.0393 -0.365697 0.796627 0.238926 1.22381 -1.96726 -1.31922 -0.297004 -1.34976 0.435484 1.1879 -1.24705 -1.37371
1.40528 -1.1682 0.761868 -2.0393 -0.365697 0.796627 0.238926 1.22381 -1.96726 -1.31922 -0.297004 -1.34976 0.435484 1.1879 -1.24705 -1.37371
1.40033 -1.1682 0.761868 -2.0393 -0.365697 0.796627 0.238926 1.22381 -1.96726 -1.31922 -0.297004 -1.34976 0.435484 1.1879 -1.24705 -1.37371
1.39534 -1.1682 0.761868 -2.0393 -0.365697 0.796627 0.238926 1.22381 -1.96726 -1.31922 -0.297004 -1.34976 0.435484 1.1879 -1.24705 -1.37371
1.39036 -1.1682 0.761868 -2.0393 -0.365697 0.796627 0.238926 1.22381 -1.96726 -1.31922 -0.297004 -1.34976 0.435484 1.1879 -1.24705 -1.37371
1.38538 -1.1682 0.761868 -2.0393 -0.365697 0.796627 0.238926 1.22381 -1.96726 -1.31922 -0.297004 -1.34976 0.435484 1.1879 -1.24705 -1.37371
1.3802 -1.1682 0.761868 -2.0393 -0.365697 0.796627 0.238926 1.22381 -1.96726 -1.31922 -0.297004 -1.34976 0.435484 1.1879 -1.24705 -1.37371
1.37517 -1.1682 0.761868 -2.0393 -0.365697 0.796627 0.238926 1.22381 -1.96726 -1.31922 -0.297004 -1.34976 0.435484 1.1879 -1.24705 -1.37371
1.37007 -1.1682 0.761868 -2.0393 -0.365697 0.796627 0.238926 1.22381 -1.96726 -1.31922 -0.297004 -1.34976 0.435484 1.1879 -1.24705 -1.37371
1.36501 -1.1682 0.761868 -2.0393 -0.365697 0.796627 0.238926 1.22381 -1.96726 -1.31922 -0.297004 -1.34976 0.435484 1.1879 -1.24705 -1.37371
1.35995 -1.1682 0.761868 -2.0393 -0.365697 0.796627 0.238926 1.22381 -1.96726 -1.31922 -0.297004 -1.34976 0.435484 1.1879 -1.24705 -1.37371
1.35486 -1.1682 0.761868 -2.0393 -0.365697 0.796627 0.238926 1.22381 -1.96726 -1.31922 -0.297004 -1.34976 0.435484 1.1879 -1.24705 -1.37371
1.34968 -1.1682 0.761868 -2.0393 -0.365697 0.796627 0.238926 1.22381 -1.96726 -1.31922 -0.297004 -1.34976 0.435484 1.1879 -1.24705 -1.37371
1.34454 -1.1682 0.761868 -2.0393 -0.365697 0.796627 0.238926 1.22381 -1.96726 -1.31922 -0.297004 -1.34976 0.435484 1.1879 -1.24705 -1.37371
1.33942 -1.1682 0.761868 -2.0393 -0.365697 0.796627 0.238926 1.22381 -1.96726 -1.31922 -0.297004 -1.34976 0.435484 1.1879 -1.24705 -1.37371
1.3342 -1.1682 0.761868 -2.0393 -0.365697 0.796627 0.238926 1.22381 -1.96726 -1.31922 -0.297004 -1.34976 0.435484 1.1879 -1.24705 -1.37371
1.32885 -1.1682 0.761868 -2.0393 -0.365697 0.796627 0.238926 1.22381 -1.96726 -1.31922 -0.297004 -1.34976 0.435484 1.1879 -1.24705 -1.37371
1.32368 -1.1682 0.761868 -2.0393 -0.365697 0.796627 0.238926 1.22381 -1.96726 -1.31922 -0.297004 -1.34976 0.435484 1.1879 -1.24705 -1.37371
1.31845 -1.1682 0.761868 -2.0393 -0.365697 0.796627 0.238926 1.22381 -1.96726 -1.31922 -0.297004 -1.34976 0.435484 1.1879 -1.24705 -1.37371
1.31298 -1.1682 0.761868 -2.0393 -0.365697 0.796627 0.238926 1.22381 -1.96726 -1.31922 -0.297004 -1.34976 0.435484 1.1879 -1.24705 -1.37371
1.3076 -1.1682 0.761868 -2.0393 -0.365697 0.796627 0.238926 1.22381 -1.96726 -1.31922 -0.297004 -1.34976 0.435484 1.1879 -1.24705 -1.37371
