21.354
21.365
21.375
21.386
21.396
21.406
21.417
21.427
21.437
21.45
21.469
21.49
21.51
21.531
21.552
21.572
21.593
21.613
21.634
21.654
21.693
21.733
21.772
21.812
21.851
21.89
21.928
21.966
22.005
22.044
22.083
22.122
22.16
22.199
22.237
22.276
22.315
22.353
22.392
22.43
22.47
22.508
22.547
22.586
22.625
22.664
22.703
22.742
22.781
22.821
22.859
22.898
22.937
22.975
23.014
23.053
23.091
23.13
23.168
24.812
24.823
24.833
24.843
24.854
24.864
24.875
24.885
24.895
24.912
24.951
24.991
25.03
25.07
25.109
25.147
25.186
25.224
25.263
25.301
25.339
25.378
25.417
25.457
25.495
25.534
25.572
25.611
25.649
25.688
25.726
25.765
25.805
25.845
25.884
25.923
25.961
26
26.039
26.077
26.116
26.155
26.194
26.233
26.272
26.31
26.349
26.387
26.426
26.464
26.502
26.541
26.58
26.618
26.657
26.696
26.736
