2.79711 0.110777 3.10094 -0.373606 2.15892 -1.80347 -2.9999 -0.459669 -1.07621 1.59726 -0.66633 0.11545 0.45524 0.576972 -1.90525 3.10762
2.79647 0.110777 3.10094 -0.373606 2.15892 -1.80347 -2.9999 -0.459669 -1.07621 1.59726 -0.66633 0.11545 0.45524 0.576972 -1.90525 3.10762
2.79566 0.110777 3.10094 -0.373606 2.15892 -1.80347 -2.9999 -0.459669 -1.07621 1.59726 -0.66633 0.11545 0.45524 0.576972 -1.90525 3.10762
2.79449 0.110777 3.10094 -0.373606 2.15892 -1.80347 -2.9999 -0.459669 -1.07621 1.59726 -0.66633 0.11545 0.45524 0.576972 -1.90525 3.10762
2.79323 0.110777 3.10094 -0.373606 2.15892 -1.80347 -2.9999 -0.459669 -1.07621 1.59726 -0.66633 0.11545 0.45524 0.576972 -1.90525 3.10762
2.79159 0.110777 3.10094 -0.373606 2.15892 -1.80347 -2.9999 -0.459669 -1.07621 1.59726 -0.66633 0.11545 0.45524 0.576972 -1.90525 3.10762
2.79026 0.110777 3.10094 -0.373606 2.15892 -1.80347 -2.9999 -0.459669 -1.07621 1.59726 -0.66633 0.11545 0.45524 0.576972 -1.90525 3.10762
2.78882 0.110777 3.10094 -0.373606 2.15892 -1.80347 -2.9999 -0.459669 -1.07621 1.59726 -0.66633 0.11545 0.45524 0.576972 -1.90525 3.10762
2.78746 0.110777 3.10094 -0.373606 2.15892 -1.80347 -2.9999 -0.459669 -1.07621 1.59726 -0.66633 0.11545 0.45524 0.576972 -1.90525 3.10762
2.78604 0.110777 3.10094 -0.373606 2.15892 -1.80347 -2.9999 -0.459669 -1.07621 1.59726 -0.66633 0.11545 0.45524 0.576972 -1.90525 3.10762
2.78444 0.110777 3.10094 -0.373606 2.15892 -1.80347 -2.9999 -0.459669 -1.07621 1.59726 -0.66633 0.11545 0.45524 0.576972 -1.90525 3.10762
2.78297 0.110777 3.10094 -0.373606 2.15892 -1.80347 -2.9999 -0.459669 -1.07621 1.59726 -0.66633 0.11545 0.45524 0.576972 -1.90525 3.10762
2.78118 0.110777 3.10094 -0.373606 2.15892 -1.80347 -2.9999 -0.459669 -1.07621 1.59726 -0.66633 0.11545 0.45524 0.576972 -1.90525 3.10762
2.77939 0.110777 3.10094 -0.373606 2.15892 -1.80347 -2.9999 -0.459669 -1.07621 1.59726 -0.66633 0.11545 0.45524 0.576972 -1.90525 3.10762
2.77748 0.110777 3.10094 -0.373606 2.15892 -1.80347 -2.9999 -0.459669 -1.07621 1.59726 -0.66633 0.11545 0.45524 0.576972 -1.90525 3.10762
2.77561 0.110777 3.10094 -0.373606 2.15892 -1.80347 -2.9999 -0.459669 -1.07621 1.59726 -0.66633 0.11545 0.45524 0.576972 -1.90525 3.10762
2.77369 0.110777 3.10094 -0.373606 2.15892 -1.80347 -2.9999 -0.459669 -1.07621 1.59726 -0.66633 0.11545 0.45524 0.576972 -1.90525 3.10762
2.77178 0.110777 3.10094 -0.373606 2.15892 -1.80347 -2.9999 -0.459669 -1.07621 1.59726 -0.66633 0.11545 0.45524 0.576972 -1.90525 3.10762
2.76985 0.110777 3.10094 -0.373606 2.15892 -1.80347 -2.9999 -0.459669 -1.07621 1.59726 -0.66633 0.11545 0.45524 0.576972 -1.90525 3.10762
2.76708 0.110777 3.10094 -0.373606 2.15892 -1.80347 -2.9999 -0.459669 -1.07621 1.59726 -0.66633 0.11545 0.45524 0.576972 -1.90525 3.10762
2.76334 0.110777 3.10094 -0.373606 2.15892 -1.80347 -2.9999 -0.459669 -1.07621 1.59726 -0.66633 0.11545 0.45524 0.576972 -1.90525 3.10762
2.75972 0.110777 3.10094 -0.373606 2.15892 -1.80347 -2.9999 -0.459669 -1.07621 1.59726 -0.66633 0.11545 0.45524 0.576972 -1.90525 3.10762
2.75615 0.110777 3.10094 -0.373606 2.15892 -1.80347 -2.9999 -0.459669 -1.07621 1.59726 -0.66633 0.11545 0.45524 0.576972 -1.90525 3.10762
2.75257 0.110777 3.10094 -0.373606 2.15892 -1.80347 -2.9999 -0.459669 -1.07621 1.59726 -0.66633 0.11545 0.45524 0.576972 -1.90525 3.10762
2.74894 0.110777 3.10094 -0.373606 2.15892 -1.80347 -2.9999 -0.459669 -1.07621 1.59726 -0.66633 0.11545 0.45524 0.576972 -1.90525 3.10762
2.74527 0.110777 3.10094 -0.373606 2.15892 -1.80347 -2.9999 -0.459669 -1.07621 1.59726 -0.66633 0.11545 0.45524 0.576972 -1.90525 3.10762
2.7416 0.110777 3.10094 -0.373606 2.15892 -1.80347 -2.9999 -0.459669 -1.07621 1.59726 -0.66633 0.11545 0.45524 0.576972 -1.90525 3.10762
2.73788 0.110777 3.10094 -0.373606 2.15892 -1.80347 -2.9999 -0.459669 -1.07621 1.59726 -0.66633 0.11545 0.45524 0.576972 -1.90525 3.10762
2.73421 0.110777 3.10094 -0.373606 2.15892 -1.80347 -2.9999 -0.459669 -1.07621 1.59726 -0.66633 0.11545 0.45524 0.576972 -1.90525 3.10762
2.73044 0.110777 3.10094 -0.373606 2.15892 -1.80347 -2.9999 -0.459669 -1.07621 1.59726 -0.66633 0.11545 0.45524 0.576972 -1.90525 3.10762
2.72651 0.110777 3.10094 -0.373606 2.15892 -1.80347 -2.9999 -0.459669 -1.07621 1.59726 -0.66633 0.11545 0.45524 0.576972 -1.90525 3.10762
2.72268 0.110777 3.10094 -0.373606 2.15892 -1.80347 -2.9999 -0.459669 -1.07621 1.59726 -0.66633 0.11545 0.45524 0.576972 -1.90525 3.10762
2.71894 0.110777 3.10094 -0.373606 2.15892 -1.80347 -2.9999 -0.459669 -1.07621 1.59726 -0.66633 0.11545 0.45524 0.576972 -1.90525 3.10762
2.71523 0.110777 3.10094 -0.373606 2.15892 -1.80347 -2.9999 -0.459669 -1.07621 1.59726 -0.66633 0.11545 0.45524 0.576972 -1.90525 3.10762
2.71145 0.110777 3.10094 -0.373606 2.15892 -1.80347 -2.9999 -0.459669 -1.07621 1.59726 -0.66633 0.11545 0.45524 0.576972 -1.90525 3.10762
2.70765 0.110777 3.10094 -0.373606 2.15892 -1.80347 -2.9999 -0.459669 -1.07621 1.59726 -0.66633 0.11545 0.45524 0.576972 -1.90525 3.10762
2.70375 0.110777 3.10094 -0.373606 2.15892 -1.80347 -2.9999 -0.459669 -1.07621 1.59726 -0.66633 0.11545 0.45524 0.576972 -1.90525 3.10762
2.69996 0.110777 3.10094 -0.373606 2.15892 -1.80347 -2.9999 -0.459669 -1.07621 1.59726 -0.66633 0.11545 0.45524 0.576972 -1.90525 3.10762
2.69612 0.110777 3.10094 -0.373606 2.15892 -1.80347 -2.9999 -0.459669 -1.07621 1.59726 -0.66633 0.11545 0.45524 0.576972 -1.90525 3.10762
2.69227 0.110777 3.10094 -0.373606 2.15892 -1.80347 -2.9999 -0.459669 -1.07621 1.59726 -0.66633 0.11545 0.45524 0.576972 -1.90525 3.10762
2.68835 0.110777 3.10094 -0.373606 2.15892 -1.80347 -2.9999 -0.459669 -1.07621 1.59726 -0.66633 0.11545 0.45524 0.576972 -1.90525 3.10762
2.68446 0.110777 3.10094 -0.373606 2.15892 -1.80347 -2.9999 -0.459669 -1.07621 1.59726 -0.66633 0.11545 0.45524 0.576972 -1.90525 3.10762
2.68059 0.110777 3.10094 -0.373606 2.15892 -1.80347 -2.9999 -0.459669 -1.07621 1.59726 -0.66633 0.11545 0.45524 0.576972 -1.90525 3.10762
2.67672 0.110777 3.10094 -0.373606 2.15892 -1.80347 -2.9999 -0.459669 -1.07621 1.59726 -0.66633 0.11545 0.45524 0.576972 -1.90525 3.10762
2.67284 0.110777 3.10094 -0.373606 2.15892 -1.80347 -2.9999 -0.459669 -1.07621 1.59726 -0.66633 0.11545 0.45524 0.576972 -1.90525 3.10762
2.66888 0.110777 3.10094 -0.373606 2.15892 -1.80347 -2.9999 -0.459669 -1.07621 1.59726 -0.66633 0.11545 0.45524 0.576972 -1.90525 3.10762
2.66486 0.110777 3.10094 -0.373606 2.15892 -1.80347 -2.9999 -0.459669 -1.07621 1.59726 -0.66633 0.11545 0.45524 0.576972 -1.90525 3.10762
2.66092 0.110777 3.10094 -0.373606 2.15892 -1.80347 -2.9999 -0.459669 -1.07621 1.59726 -0.66633 0.11545 0.45524 0.576972 -1.90525 3.10762
2.65694 0.110777 3.10094 -0.373606 2.15892 -1.80347 -2.9999 -0.459669 -1.07621 1.59726 -0.66633 0.11545 0.45524 0.576972 -1.90525 3.10762
2.65296 0.110777 3.10094 -0.373606 2.15892 -1.80347 -2.9999 -0.459669 -1.07621 1.59726 -0.66633 0.11545 0.45524 0.576972 -1.90525 3.10762
2.64874 0.110777 3.10094 -0.373606 2.15892 -1.80347 -2.9999 -0.459669 -1.07621 1.59726 -0.66633 0.11545 0.45524 0.576972 -1.90525 3.10762
2.64459 0.110777 3.10094 -0.373606 2.15892 -1.80347 -2.9999 -0.459669 -1.07621 1.59726 -0.66633 0.11545 0.45524 0.576972 -1.90525 3.10762
2.6405 0.110777 3.10094 -0.373606 2.15892 -1.80347 -2.9999 -0.459669 -1.07621 1.59726 -0.66633 0.11545 0.45524 0.576972 -1.90525 3.10762
2.63644 0.110777 3.10094 -0.373606 2.15892 -1.80347 -2.9999 -0.459669 -1.07621 1.59726 -0.66633 0.11545 0.45524 0.576972 -1.90525 3.10762
2.63239 0.110777 3.10094 -0.373606 2.15892 -1.80347 -2.9999 -0.459669 -1.07621 1.59726 -0.66633 0.11545 0.45524 0.576972 -1.90525 3.10762
2.62826 0.110777 3.10094 -0.373606 2.15892 -1.80347 -2.9999 -0.459669 -1.07621 1.59726 -0.66633 0.11545 0.45524 0.576972 -1.90525 3.10762
2.62412 0.110777 3.10094 -0.373606 2.15892 -1.80347 -2.9999 -0.459669 -1.07621 1.59726 -0.66633 0.11545 0.45524 0.576972 -1.90525 3.10762
2.62001 0.110777 3.10094 -0.373606 2.15892 -1.80347 -2.9999 -0.459669 -1.07621 1.59726 -0.66633 0.11545 0.45524 0.576972 -1.90525 3.10762
2.61594 0.110777 3.10094 -0.373606 2.15892 -1.80347 -2.9999 -0.459669 -1.07621 1.59726 -0.66633 0.11545 0.45524 0.576972 -1.90525 3.10762
2.61171 0.110777 3.10094 -0.373606 2.15892 -1.80347 -2.9999 -0.459669 -1.07621 1.59726 -0.66633 0.11545 0.45524 0.576972 -1.90525 3.10762
2.60754 0.110777 3.10094 -0.373606 2.15892 -1.80347 -2.9999 -0.459669 -1.07621 1.59726 -0.66633 0.11545 0.45524 0.576972 -1.90525 3.10762
2.60332 0.110777 3.10094 -0.373606 2.15892 -1.80347 -2.9999 -0.459669 -1.07621 1.59726 -0.66633 0.11545 0.45524 0.576972 -1.90525 3.10762
2.59913 0.110777 3.10094 -0.373606 2.15892 -1.80347 -2.9999 -0.459669 -1.07621 1.59726 -0.66633 0.11545 0.45524 0.576972 -1.90525 3.10762
2.59499 0.110777 3.10094 -0.373606 2.15892 -1.80347 -2.9999 -0.459669 -1.07621 1.59726 -0.66633 0.11545 0.45524 0.576972 -1.90525 3.10762
2.59074 0.110777 3.10094 -0.373606 2.15892 -1.80347 -2.9999 -0.459669 -1.07621 1.59726 -0.66633 0.11545 0.45524 0.576972 -1.90525 3.10762
2.58649 0.110777 3.10094 -0.373606 2.15892 -1.80347 -2.9999 -0.459669 -1.07621 1.59726 -0.66633 0.11545 0.45524 0.576972 -1.90525 3.10762
2.58221 0.110777 3.10094 -0.373606 2.15892 -1.80347 -2.9999 -0.459669 -1.07621 1.59726 -0.66633 0.11545 0.45524 0.576972 -1.90525 3.10762
2.57794 0.110777 3.10094 -0.373606 2.15892 -1.80347 -2.9999 -0.459669 -1.07621 1.59726 -0.66633 0.11545 0.45524 0.576972 -1.90525 3.10762
2.57367 0.110777 3.10094 -0.373606 2.15892 -1.80347 -2.9999 -0.459669 -1.07621 1.59726 -0.66633 0.11545 0.45524 0.576972 -1.90525 3.10762
2.56929 0.110777 3.10094 -0.373606 2.15892 -1.80347 -2.9999 -0.459669 -1.07621 1.59726 -0.66633 0.11545 0.45524 0.576972 -1.90525 3.10762
2.56481 0.110777 3.10094 -0.373606 2.15892 -1.80347 -2.9999 -0.459669 -1.07621 1.59726 -0.66633 0.11545 0.45524 0.576972 -1.90525 3.10762
2.56042 0.110777 3.10094 -0.373606 2.15892 -1.80347 -2.9999 -0.459669 -1.07621 1.59726 -0.66633 0.11545 0.45524 0.576972 -1.90525 3.10762
2.55599 0.110777 3.10094 -0.373606 2.15892 -1.80347 -2.9999 -0.459669 -1.07621 1.59726 -0.66633 0.11545 0.45524 0.576972 -1.90525 3.10762
2.55151 0.110777 3.10094 -0.373606 2.15892 -1.80347 -2.9999 -0.459669 -1.07621 1.59726 -0.66633 0.11545 0.45524 0.576972 -1.90525 3.10762
2.54705 0.110777 3.10094 -0.373606 2.15892 -1.80347 -2.9999 -0.459669 -1.07621 1.59726 -0.66633 0.11545 0.45524 0.576972 -1.90525 3.10762
2.54263 0.110777 3.10094 -0.373606 2.15892 -1.80347 -2.9999 -0.459669 -1.07621 1.59726 -0.66633 0.11545 0.45524 0.576972 -1.90525 3.10762
2.5382 0.110777 3.10094 -0.373606 2.15892 -1.80347 -2.9999 -0.459669 -1.07621 1.59726 -0.66633 0.11545 0.45524 0.576972 -1.90525 3.10762
2.53375 0.110777 3.10094 -0.373606 2.15892 -1.80347 -2.9999 -0.459669 -1.07621 1.59726 -0.66633 0.11545 0.45524 0.576972 -1.90525 3.10762
2.52926 0.110777 3.10094 -0.373606 2.15892 -1.80347 -2.9999 -0.459669 -1.07621 1.59726 -0.66633 0.11545 0.45524 0.576972 -1.90525 3.10762
2.5246 0.110777 3.10094 -0.373606 2.15892 -1.80347 -2.9999 -0.459669 -1.07621 1.59726 -0.66633 0.11545 0.45524 0.576972 -1.90525 3.10762
2.52016 0.110777 3.10094 -0.373606 2.15892 -1.80347 -2.9999 -0.459669 -1.07621 1.59726 -0.66633 0.11545 0.45524 0.576972 -1.90525 3.10762
2.51568 0.110777 3.10094 -0.373606 2.15892 -1.80347 -2.9999 -0.459669 -1.07621 1.59726 -0.66633 0.11545 0.45524 0.576972 -1.90525 3.10762
2.51118 0.110777 3.10094 -0.373606 2.15892 -1.80347 -2.9999 -0.459669 -1.07621 1.59726 -0.66633 0.11545 0.45524 0.576972 -1.90525 3.10762
2.50659 0.110777 3.10094 -0.373606 2.15892 -1.80347 -2.9999 -0.459669 -1.07621 1.59726 -0.66633 0.11545 0.45524 0.576972 -1.90525 3.10762
2.50204 0.110777 3.10094 -0.373606 2.15892 -1.80347 -2.9999 -0.459669 -1.07621 1.59726 -0.66633 0.11545 0.45524 0.576972 -1.90525 3.10762
2.49749 0.110777 3.10094 -0.373606 2.15892 -1.80347 -2.9999 -0.459669 -1.07621 1.59726 -0.66633 0.11545 0.45524 0.576972 -1.90525 3.10762
2.49285 0.110777 3.10094 -0.373606 2.15892 -1.80347 -2.9999 -0.459669 -1.07621 1.59726 -0.66633 0.11545 0.45524 0.576972 -1.90525 3.10762
2.48819 0.110777 3.10094 -0.373606 2.15892 -1.80347 -2.9999 -0.459669 -1.07621 1.59726 -0.66633 0.11545 0.45524 0.576972 -1.90525 3.10762
2.4835 0.110777 3.10094 -0.373606 2.15892 -1.80347 -2.9999 -0.459669 -1.07621 1.59726 -0.66633 0.11545 0.45524 0.576972 -1.90525 3.10762
2.47867 0.110777 3.10094 -0.373606 2.15892 -1.80347 -2.9999 -0.459669 -1.07621 1.59726 -0.66633 0.11545 0.45524 0.576972 -1.90525 3.10762
2.47399 0.110777 3.10094 -0.373606 2.15892 -1.80347 -2.9999 -0.459669 -1.07621 1.59726 -0.66633 0.11545 0.45524 0.576972 -1.90525 3.10762
2.46933 0.110777 3.10094 -0.373606 2.15892 -1.80347 -2.9999 -0.459669 -1.07621 1.59726 -0.66633 0.11545 0.45524 0.576972 -1.90525 3.10762
2.46459 0.110777 3.10094 -0.373606 2.15892 -1.80347 -2.9999 -0.459669 -1.07621 1.59726 -0.66633 0.11545 0.45524 0.576972 -1.90525 3.10762
2.45982 0.110777 3.10094 -0.373606 2.15892 -1.80347 -2.9999 -0.459669 -1.07621 1.59726 -0.66633 0.11545 0.45524 0.576972 -1.90525 3.10762
2.45507 0.110777 3.10094 -0.373606 2.15892 -1.80347 -2.9999 -0.459669 -1.07621 1.59726 -0.66633 0.11545 0.45524 0.576972 -1.90525 3.10762
2.45016 0.110777 3.10094 -0.373606 2.15892 -1.80347 -2.9999 -0.459669 -1.07621 1.59726 -0.66633 0.11545 0.45524 0.576972 -1.90525 3.10762
2.44529 0.110777 3.10094 -0.373606 2.15892 -1.80347 -2.9999 -0.459669 -1.07621 1.59726 -0.66633 0.11545 0.45524 0.576972 -1.90525 3.10762
2.44041 0.110777 3.10094 -0.373606 2.15892 -1.80347 -2.9999 -0.459669 -1.07621 1.59726 -0.66633 0.11545 0.45524 0.576972 -1.90525 3.10762
2.43543 0.110777 3.10094 -0.373606 2.15892 -1.80347 -2.9999 -0.459669 -1.07621 1.59726 -0.66633 0.11545 0.45524 0.576972 -1.90525 3.10762
2.43054 0.110777 3.10094 -0.373606 2.15892 -1.80347 -2.9999 -0.459669 -1.07621 1.59726 -0.66633 0.11545 0.45524 0.576972 -1.90525 3.10762
2.42569 0.110777 3.10094 -0.373606 2.15892 -1.80347 -2.9999 -0.459669 -1.07621 1.59726 -0.66633 0.11545 0.45524 0.576972 -1.90525 3.10762
2.42083 0.110777 3.10094 -0.373606 2.15892 -1.80347 -2.9999 -0.459669 -1.07621 1.59726 -0.66633 0.11545 0.45524 0.576972 -1.90525 3.10762
2.41599 0.110777 3.10094 -0.373606 2.15892 -1.80347 -2.9999 -0.459669 -1.07621 1.59726 -0.66633 0.11545 0.45524 0.576972 -1.90525 3.10762
2.41108 0.110777 3.10094 -0.373606 2.15892 -1.80347 -2.9999 -0.459669 -1.07621 1.59726 -0.66633 0.11545 0.45524 0.576972 -1.90525 3.10762
2.40612 0.110777 3.10094 -0.373606 2.15892 -1.80347 -2.9999 -0.459669 -1.07621 1.59726 -0.66633 0.11545 0.45524 0.576972 -1.90525 3.10762
2.4012 0.110777 3.10094 -0.373606 2.15892 -1.80347 -2.9999 -0.459669 -1.07621 1.59726 -0.66633 0.11545 0.45524 0.576972 -1.90525 3.10762
2.39622 0.110777 3.10094 -0.373606 2.15892 -1.80347 -2.9999 -0.459669 -1.07621 1.59726 -0.66633 0.11545 0.45524 0.576972 -1.90525 3.10762
2.3912 0.110777 3.10094 -0.373606 2.15892 -1.80347 -2.9999 -0.459669 -1.07621 1.59726 -0.66633 0.11545 0.45524 0.576972 -1.90525 3.10762
2.38599 0.110777 3.10094 -0.373606 2.15892 -1.80347 -2.9999 -0.459669 -1.07621 1.59726 -0.66633 0.11545 0.45524 0.576972 -1.90525 3.10762
2.37749 0.110777 3.10094 -0.373606 2.15892 -1.80347 -2.9999 -0.459669 -1.07621 1.59726 -0.66633 0.11545 0.45524 0.576972 -1.90525 3.10762
2.37515 0.110777 3.10094 -0.373606 2.15892 -1.80347 -2.9999 -0.459669 -1.07621 1.59726 -0.66633 0.11545 0.45524 0.576972 -1.90525 3.10762
2.37418 0.110777 3.10094 -0.373606 2.15892 -1.80347 -2.9999 -0.459669 -1.07621 1.59726 -0.66633 0.11545 0.45524 0.576972 -1.90525 3.10762
2.37404 0.110777 3.10094 -0.373606 2.15892 -1.80347 -2.9999 -0.459669 -1.07621 1.59726 -0.66633 0.11545 0.45524 0.576972 -1.90525 3.10762
2.37444 0.110777 3.10094 -0.373606 2.15892 -1.80347 -2.9999 -0.459669 -1.07621 1.59726 -0.66633 0.11545 0.45524 0.576972 -1.90525 3.10762
2.37444 0.110777 3.10094 -0.373606 2.15892 -1.80347 -2.9999 -0.459669 -1.07621 1.59726 -0.66633 0.11545 0.45524 0.576972 -1.90525 3.10762
2.3747 0.110777 3.10094 -0.373606 2.15892 -1.80347 -2.9999 -0.459669 -1.07621 1.59726 -0.66633 0.11545 0.45524 0.576972 -1.90525 3.10762
2.37485 0.110777 3.10094 -0.373606 2.15892 -1.80347 -2.9999 -0.459669 -1.07621 1.59726 -0.66633 0.11545 0.45524 0.576972 -1.90525 3.10762
2.37485 0.110777 3.10094 -0.373606 2.15892 -1.80347 -2.9999 -0.459669 -1.07621 1.59726 -0.66633 0.11545 0.45524 0.576972 -1.90525 3.10762
2.37482 0.110777 3.10094 -0.373606 2.15892 -1.80347 -2.9999 -0.459669 -1.07621 1.59726 -0.66633 0.11545 0.45524 0.576972 -1.90525 3.10762
2.3748 0.110777 3.10094 -0.373606 2.15892 -1.80347 -2.9999 -0.459669 -1.07621 1.59726 -0.66633 0.11545 0.45524 0.576972 -1.90525 3.10762
2.37481 0.110777 3.10094 -0.373606 2.15892 -1.80347 -2.9999 -0.459669 -1.07621 1.59726 -0.66633 0.11545 0.45524 0.576972 -1.90525 3.10762
2.37483 0.110777 3.10094 -0.373606 2.15892 -1.80347 -2.9999 -0.459669 -1.07621 1.59726 -0.66633 0.11545 0.45524 0.576972 -1.90525 3.10762
2.37484 0.110777 3.10094 -0.373606 2.15892 -1.80347 -2.9999 -0.459669 -1.07621 1.59726 -0.66633 0.11545 0.45524 0.576972 -1.90525 3.10762
2.37642 0.110777 3.10094 -0.373606 2.15892 -1.80347 -2.9999 -0.459669 -1.07621 1.59726 -0.66633 0.11545 0.45524 0.576972 -1.90525 3.10762
2.37955 0.110777 3.10094 -0.373606 2.15892 -1.80347 -2.9999 -0.459669 -1.07621 1.59726 -0.66633 0.11545 0.45524 0.576972 -1.90525 3.10762
2.38343 0.110777 3.10094 -0.373606 2.15892 -1.80347 -2.9999 -0.459669 -1.07621 1.59726 -0.66633 0.11545 0.45524 0.576972 -1.90525 3.10762
2.38789 0.110777 3.10094 -0.373606 2.15892 -1.80347 -2.9999 -0.459669 -1.07621 1.59726 -0.66633 0.11545 0.45524 0.576972 -1.90525 3.10762
2.39247 0.110777 3.10094 -0.373606 2.15892 -1.80347 -2.9999 -0.459669 -1.07621 1.59726 -0.66633 0.11545 0.45524 0.576972 -1.90525 3.10762
2.39655 0.110777 3.10094 -0.373606 2.15892 -1.80347 -2.9999 -0.459669 -1.07621 1.59726 -0.66633 0.11545 0.45524 0.576972 -1.90525 3.10762
2.4008 0.110777 3.10094 -0.373606 2.15892 -1.80347 -2.9999 -0.459669 -1.07621 1.59726 -0.66633 0.11545 0.45524 0.576972 -1.90525 3.10762
2.40557 0.110777 3.10094 -0.373606 2.15892 -1.80347 -2.9999 -0.459669 -1.07621 1.59726 -0.66633 0.11545 0.45524 0.576972 -1.90525 3.10762
2.41095 0.110777 3.10094 -0.373606 2.15892 -1.80347 -2.9999 -0.459669 -1.07621 1.59726 -0.66633 0.11545 0.45524 0.576972 -1.90525 3.10762
2.41678 0.110777 3.10094 -0.373606 2.15892 -1.80347 -2.9999 -0.459669 -1.07621 1.59726 -0.66633 0.11545 0.45524 0.576972 -1.90525 3.10762
2.42308 0.110777 3.10094 -0.373606 2.15892 -1.80347 -2.9999 -0.459669 -1.07621 1.59726 -0.66633 0.11545 0.45524 0.576972 -1.90525 3.10762
2.4299 0.110777 3.10094 -0.373606 2.15892 -1.80347 -2.9999 -0.459669 -1.07621 1.59726 -0.66633 0.11545 0.45524 0.576972 -1.90525 3.10762
2.43715 0.110777 3.10094 -0.373606 2.15892 -1.80347 -2.9999 -0.459669 -1.07621 1.59726 -0.66633 0.11545 0.45524 0.576972 -1.90525 3.10762
2.44423 0.110777 3.10094 -0.373606 2.15892 -1.80347 -2.9999 -0.459669 -1.07621 1.59726 -0.66633 0.11545 0.45524 0.576972 -1.90525 3.10762
2.45143 0.110777 3.10094 -0.373606 2.15892 -1.80347 -2.9999 -0.459669 -1.07621 1.59726 -0.66633 0.11545 0.45524 0.576972 -1.90525 3.10762
2.45852 0.110777 3.10094 -0.373606 2.15892 -1.80347 -2.9999 -0.459669 -1.07621 1.59726 -0.66633 0.11545 0.45524 0.576972 -1.90525 3.10762
2.4657 0.110777 3.10094 -0.373606 2.15892 -1.80347 -2.9999 -0.459669 -1.07621 1.59726 -0.66633 0.11545 0.45524 0.576972 -1.90525 3.10762
2.47324 0.110777 3.10094 -0.373606 2.15892 -1.80347 -2.9999 -0.459669 -1.07621 1.59726 -0.66633 0.11545 0.45524 0.576972 -1.90525 3.10762
2.481 0.110777 3.10094 -0.373606 2.15892 -1.80347 -2.9999 -0.459669 -1.07621 1.59726 -0.66633 0.11545 0.45524 0.576972 -1.90525 3.10762
2.48914 0.110777 3.10094 -0.373606 2.15892 -1.80347 -2.9999 -0.459669 -1.07621 1.59726 -0.66633 0.11545 0.45524 0.576972 -1.90525 3.10762
2.49756 0.110777 3.10094 -0.373606 2.15892 -1.80347 -2.9999 -0.459669 -1.07621 1.59726 -0.66633 0.11545 0.45524 0.576972 -1.90525 3.10762
2.50634 0.110777 3.10094 -0.373606 2.15892 -1.80347 -2.9999 -0.459669 -1.07621 1.59726 -0.66633 0.11545 0.45524 0.576972 -1.90525 3.10762
2.51713 0.110777 3.10094 -0.373606 2.15892 -1.80347 -2.9999 -0.459669 -1.07621 1.59726 -0.66633 0.11545 0.45524 0.576972 -1.90525 3.10762
2.52662 0.110777 3.10094 -0.373606 2.15892 -1.80347 -2.9999 -0.459669 -1.07621 1.59726 -0.66633 0.11545 0.45524 0.576972 -1.90525 3.10762
2.53633 0.110777 3.10094 -0.373606 2.15892 -1.80347 -2.9999 -0.459669 -1.07621 1.59726 -0.66633 0.11545 0.45524 0.576972 -1.90525 3.10762
2.54642 0.110777 3.10094 -0.373606 2.15892 -1.80347 -2.9999 -0.459669 -1.07621 1.59726 -0.66633 0.11545 0.45524 0.576972 -1.90525 3.10762
2.55666 0.110777 3.10094 -0.373606 2.15892 -1.80347 -2.9999 -0.459669 -1.07621 1.59726 -0.66633 0.11545 0.45524 0.576972 -1.90525 3.10762
2.56712 0.110777 3.10094 -0.373606 2.15892 -1.80347 -2.9999 -0.459669 -1.07621 1.59726 -0.66633 0.11545 0.45524 0.576972 -1.90525 3.10762
2.57803 0.110777 3.10094 -0.373606 2.15892 -1.80347 -2.9999 -0.459669 -1.07621 1.59726 -0.66633 0.11545 0.45524 0.576972 -1.90525 3.10762
2.58929 0.110777 3.10094 -0.373606 2.15892 -1.80347 -2.9999 -0.459669 -1.07621 1.59726 -0.66633 0.11545 0.45524 0.576972 -1.90525 3.10762
2.60092 0.110777 3.10094 -0.373606 2.15892 -1.80347 -2.9999 -0.459669 -1.07621 1.59726 -0.66633 0.11545 0.45524 0.576972 -1.90525 3.10762
2.61315 0.110777 3.10094 -0.373606 2.15892 -1.80347 -2.9999 -0.459669 -1.07621 1.59726 -0.66633 0.11545 0.45524 0.576972 -1.90525 3.10762
2.62574 0.110777 3.10094 -0.373606 2.15892 -1.80347 -2.9999 -0.459669 -1.07621 1.59726 -0.66633 0.11545 0.45524 0.576972 -1.90525 3.10762
2.63856 0.110777 3.10094 -0.373606 2.15892 -1.80347 -2.9999 -0.459669 -1.07621 1.59726 -0.66633 0.11545 0.45524 0.576972 -1.90525 3.10762
2.6519 0.110777 3.10094 -0.373606 2.15892 -1.80347 -2.9999 -0.459669 -1.07621 1.59726 -0.66633 0.11545 0.45524 0.576972 -1.90525 3.10762
2.66564 0.110777 3.10094 -0.373606 2.15892 -1.80347 -2.9999 -0.459669 -1.07621 1.59726 -0.66633 0.11545 0.45524 0.576972 -1.90525 3.10762
