12.419
12.43
12.44
12.451
12.461
12.471
12.482
12.492
12.502
12.514
12.534
12.555
12.576
12.596
12.617
12.637
12.658
12.678
12.699
12.729
12.768
12.806
12.845
12.883
12.922
12.96
12.999
13.037
13.077
13.117
13.156
13.195
13.233
13.272
13.311
13.349
13.388
13.426
13.464
13.503
13.542
13.58
13.619
13.657
13.695
13.734
13.772
13.81
13.849
13.888
13.928
13.967
14.006
14.045
14.084
14.122
14.16
14.199
14.237
14.276
14.315
14.353
14.391
14.43
14.468
14.506
14.545
14.583
14.622
14.661
14.7
14.739
14.779
14.818
14.856
14.895
14.933
14.972
15.011
15.049
15.088
15.126
15.164
15.202
15.241
15.279
15.317
15.356
15.396
15.435
15.473
15.512
15.55
15.589
15.628
15.668
15.707
15.746
15.786
15.824
15.862
15.901
15.939
15.978
16.016
16.054
16.093
16.132
16.171
16.327
16.338
16.349
16.359
16.37
16.381
16.392
16.402
16.413
16.426
16.465
16.504
16.542
16.581
16.619
16.657
16.697
16.735
16.773
16.812
16.851
16.889
16.928
16.967
17.006
17.046
17.086
17.124
17.163
17.201
17.239
17.278
17.317
17.356
17.394
17.439
17.478
17.517
17.556
17.594
17.633
17.671
17.71
17.748
17.787
17.826
17.864
17.903
17.942
17.98
