2.57917 1.20239 -1.09638 0.731178 -2.70577 1.09788 -3.10951 -1.43714 1.42112 -1.30311 1.55247 -0.921512 -1.04131 2.64845 -1.87933 2.04682
2.57898 1.20239 -1.09638 0.731178 -2.70577 1.09788 -3.10951 -1.43714 1.42112 -1.30311 1.55247 -0.921512 -1.04131 2.64845 -1.87933 2.04682
2.57854 1.20239 -1.09638 0.731178 -2.70577 1.09788 -3.10951 -1.43714 1.42112 -1.30311 1.55247 -0.921512 -1.04131 2.64845 -1.87933 2.04682
2.57776 1.20239 -1.09638 0.731178 -2.70577 1.09788 -3.10951 -1.43714 1.42112 -1.30311 1.55247 -0.921512 -1.04131 2.64845 -1.87933 2.04682
2.57671 1.20239 -1.09638 0.731178 -2.70577 1.09788 -3.10951 -1.43714 1.42112 -1.30311 1.55247 -0.921512 -1.04131 2.64845 -1.87933 2.04682
2.57546 1.20239 -1.09638 0.731178 -2.70577 1.09788 -3.10951 -1.43714 1.42112 -1.30311 1.55247 -0.921512 -1.04131 2.64845 -1.87933 2.04682
2.57407 1.20239 -1.09638 0.731178 -2.70577 1.09788 -3.10951 -1.43714 1.42112 -1.30311 1.55247 -0.921512 -1.04131 2.64845 -1.87933 2.04682
2.57245 1.20239 -1.09638 0.731178 -2.70577 1.09788 -3.10951 -1.43714 1.42112 -1.30311 1.55247 -0.921512 -1.04131 2.64845 -1.87933 2.04682
2.57097 1.20239 -1.09638 0.731178 -2.70577 1.09788 -3.10951 -1.43714 1.42112 -1.30311 1.55247 -0.921512 -1.04131 2.64845 -1.87933 2.04682
2.56946 1.20239 -1.09638 0.731178 -2.70577 1.09788 -3.10951 -1.43714 1.42112 -1.30311 1.55247 -0.921512 -1.04131 2.64845 -1.87933 2.04682
2.56799 1.20239 -1.09638 0.731178 -2.70577 1.09788 -3.10951 -1.43714 1.42112 -1.30311 1.55247 -0.921512 -1.04131 2.64845 -1.87933 2.04682
2.56628 1.20239 -1.09638 0.731178 -2.70577 1.09788 -3.10951 -1.43714 1.42112 -1.30311 1.55247 -0.921512 -1.04131 2.64845 -1.87933 2.04682
2.56458 1.20239 -1.09638 0.731178 -2.70577 1.09788 -3.10951 -1.43714 1.42112 -1.30311 1.55247 -0.921512 -1.04131 2.64845 -1.87933 2.04682
2.56285 1.20239 -1.09638 0.731178 -2.70577 1.09788 -3.10951 -1.43714 1.42112 -1.30311 1.55247 -0.921512 -1.04131 2.64845 -1.87933 2.04682
2.56105 1.20239 -1.09638 0.731178 -2.70577 1.09788 -3.10951 -1.43714 1.42112 -1.30311 1.55247 -0.921512 -1.04131 2.64845 -1.87933 2.04682
2.5592 1.20239 -1.09638 0.731178 -2.70577 1.09788 -3.10951 -1.43714 1.42112 -1.30311 1.55247 -0.921512 -1.04131 2.64845 -1.87933 2.04682
2.55733 1.20239 -1.09638 0.731178 -2.70577 1.09788 -3.10951 -1.43714 1.42112 -1.30311 1.55247 -0.921512 -1.04131 2.64845 -1.87933 2.04682
2.55546 1.20239 -1.09638 0.731178 -2.70577 1.09788 -3.10951 -1.43714 1.42112 -1.30311 1.55247 -0.921512 -1.04131 2.64845 -1.87933 2.04682
2.55355 1.20239 -1.09638 0.731178 -2.70577 1.09788 -3.10951 -1.43714 1.42112 -1.30311 1.55247 -0.921512 -1.04131 2.64845 -1.87933 2.04682
2.55161 1.20239 -1.09638 0.731178 -2.70577 1.09788 -3.10951 -1.43714 1.42112 -1.30311 1.55247 -0.921512 -1.04131 2.64845 -1.87933 2.04682
2.5479 1.20239 -1.09638 0.731178 -2.70577 1.09788 -3.10951 -1.43714 1.42112 -1.30311 1.55247 -0.921512 -1.04131 2.64845 -1.87933 2.04682
2.54413 1.20239 -1.09638 0.731178 -2.70577 1.09788 -3.10951 -1.43714 1.42112 -1.30311 1.55247 -0.921512 -1.04131 2.64845 -1.87933 2.04682
2.54049 1.20239 -1.09638 0.731178 -2.70577 1.09788 -3.10951 -1.43714 1.42112 -1.30311 1.55247 -0.921512 -1.04131 2.64845 -1.87933 2.04682
2.53694 1.20239 -1.09638 0.731178 -2.70577 1.09788 -3.10951 -1.43714 1.42112 -1.30311 1.55247 -0.921512 -1.04131 2.64845 -1.87933 2.04682
2.53342 1.20239 -1.09638 0.731178 -2.70577 1.09788 -3.10951 -1.43714 1.42112 -1.30311 1.55247 -0.921512 -1.04131 2.64845 -1.87933 2.04682
2.52977 1.20239 -1.09638 0.731178 -2.70577 1.09788 -3.10951 -1.43714 1.42112 -1.30311 1.55247 -0.921512 -1.04131 2.64845 -1.87933 2.04682
2.52613 1.20239 -1.09638 0.731178 -2.70577 1.09788 -3.10951 -1.43714 1.42112 -1.30311 1.55247 -0.921512 -1.04131 2.64845 -1.87933 2.04682
2.52249 1.20239 -1.09638 0.731178 -2.70577 1.09788 -3.10951 -1.43714 1.42112 -1.30311 1.55247 -0.921512 -1.04131 2.64845 -1.87933 2.04682
2.51883 1.20239 -1.09638 0.731178 -2.70577 1.09788 -3.10951 -1.43714 1.42112 -1.30311 1.55247 -0.921512 -1.04131 2.64845 -1.87933 2.04682
2.51511 1.20239 -1.09638 0.731178 -2.70577 1.09788 -3.10951 -1.43714 1.42112 -1.30311 1.55247 -0.921512 -1.04131 2.64845 -1.87933 2.04682
2.51136 1.20239 -1.09638 0.731178 -2.70577 1.09788 -3.10951 -1.43714 1.42112 -1.30311 1.55247 -0.921512 -1.04131 2.64845 -1.87933 2.04682
2.5075 1.20239 -1.09638 0.731178 -2.70577 1.09788 -3.10951 -1.43714 1.42112 -1.30311 1.55247 -0.921512 -1.04131 2.64845 -1.87933 2.04682
2.50373 1.20239 -1.09638 0.731178 -2.70577 1.09788 -3.10951 -1.43714 1.42112 -1.30311 1.55247 -0.921512 -1.04131 2.64845 -1.87933 2.04682
2.49997 1.20239 -1.09638 0.731178 -2.70577 1.09788 -3.10951 -1.43714 1.42112 -1.30311 1.55247 -0.921512 -1.04131 2.64845 -1.87933 2.04682
2.49616 1.20239 -1.09638 0.731178 -2.70577 1.09788 -3.10951 -1.43714 1.42112 -1.30311 1.55247 -0.921512 -1.04131 2.64845 -1.87933 2.04682
2.49235 1.20239 -1.09638 0.731178 -2.70577 1.09788 -3.10951 -1.43714 1.42112 -1.30311 1.55247 -0.921512 -1.04131 2.64845 -1.87933 2.04682
2.48846 1.20239 -1.09638 0.731178 -2.70577 1.09788 -3.10951 -1.43714 1.42112 -1.30311 1.55247 -0.921512 -1.04131 2.64845 -1.87933 2.04682
2.48466 1.20239 -1.09638 0.731178 -2.70577 1.09788 -3.10951 -1.43714 1.42112 -1.30311 1.55247 -0.921512 -1.04131 2.64845 -1.87933 2.04682
2.48077 1.20239 -1.09638 0.731178 -2.70577 1.09788 -3.10951 -1.43714 1.42112 -1.30311 1.55247 -0.921512 -1.04131 2.64845 -1.87933 2.04682
2.47689 1.20239 -1.09638 0.731178 -2.70577 1.09788 -3.10951 -1.43714 1.42112 -1.30311 1.55247 -0.921512 -1.04131 2.64845 -1.87933 2.04682
2.47285 1.20239 -1.09638 0.731178 -2.70577 1.09788 -3.10951 -1.43714 1.42112 -1.30311 1.55247 -0.921512 -1.04131 2.64845 -1.87933 2.04682
2.46888 1.20239 -1.09638 0.731178 -2.70577 1.09788 -3.10951 -1.43714 1.42112 -1.30311 1.55247 -0.921512 -1.04131 2.64845 -1.87933 2.04682
2.46487 1.20239 -1.09638 0.731178 -2.70577 1.09788 -3.10951 -1.43714 1.42112 -1.30311 1.55247 -0.921512 -1.04131 2.64845 -1.87933 2.04682
2.46092 1.20239 -1.09638 0.731178 -2.70577 1.09788 -3.10951 -1.43714 1.42112 -1.30311 1.55247 -0.921512 -1.04131 2.64845 -1.87933 2.04682
2.45692 1.20239 -1.09638 0.731178 -2.70577 1.09788 -3.10951 -1.43714 1.42112 -1.30311 1.55247 -0.921512 -1.04131 2.64845 -1.87933 2.04682
2.45292 1.20239 -1.09638 0.731178 -2.70577 1.09788 -3.10951 -1.43714 1.42112 -1.30311 1.55247 -0.921512 -1.04131 2.64845 -1.87933 2.04682
2.44886 1.20239 -1.09638 0.731178 -2.70577 1.09788 -3.10951 -1.43714 1.42112 -1.30311 1.55247 -0.921512 -1.04131 2.64845 -1.87933 2.04682
2.44484 1.20239 -1.09638 0.731178 -2.70577 1.09788 -3.10951 -1.43714 1.42112 -1.30311 1.55247 -0.921512 -1.04131 2.64845 -1.87933 2.04682
2.44082 1.20239 -1.09638 0.731178 -2.70577 1.09788 -3.10951 -1.43714 1.42112 -1.30311 1.55247 -0.921512 -1.04131 2.64845 -1.87933 2.04682
2.43676 1.20239 -1.09638 0.731178 -2.70577 1.09788 -3.10951 -1.43714 1.42112 -1.30311 1.55247 -0.921512 -1.04131 2.64845 -1.87933 2.04682
2.43264 1.20239 -1.09638 0.731178 -2.70577 1.09788 -3.10951 -1.43714 1.42112 -1.30311 1.55247 -0.921512 -1.04131 2.64845 -1.87933 2.04682
2.42853 1.20239 -1.09638 0.731178 -2.70577 1.09788 -3.10951 -1.43714 1.42112 -1.30311 1.55247 -0.921512 -1.04131 2.64845 -1.87933 2.04682
2.42444 1.20239 -1.09638 0.731178 -2.70577 1.09788 -3.10951 -1.43714 1.42112 -1.30311 1.55247 -0.921512 -1.04131 2.64845 -1.87933 2.04682
2.42032 1.20239 -1.09638 0.731178 -2.70577 1.09788 -3.10951 -1.43714 1.42112 -1.30311 1.55247 -0.921512 -1.04131 2.64845 -1.87933 2.04682
2.41617 1.20239 -1.09638 0.731178 -2.70577 1.09788 -3.10951 -1.43714 1.42112 -1.30311 1.55247 -0.921512 -1.04131 2.64845 -1.87933 2.04682
2.41195 1.20239 -1.09638 0.731178 -2.70577 1.09788 -3.10951 -1.43714 1.42112 -1.30311 1.55247 -0.921512 -1.04131 2.64845 -1.87933 2.04682
2.40772 1.20239 -1.09638 0.731178 -2.70577 1.09788 -3.10951 -1.43714 1.42112 -1.30311 1.55247 -0.921512 -1.04131 2.64845 -1.87933 2.04682
2.40351 1.20239 -1.09638 0.731178 -2.70577 1.09788 -3.10951 -1.43714 1.42112 -1.30311 1.55247 -0.921512 -1.04131 2.64845 -1.87933 2.04682
2.39934 1.20239 -1.09638 0.731178 -2.70577 1.09788 -3.10951 -1.43714 1.42112 -1.30311 1.55247 -0.921512 -1.04131 2.64845 -1.87933 2.04682
2.39497 1.20239 -1.09638 0.731178 -2.70577 1.09788 -3.10951 -1.43714 1.42112 -1.30311 1.55247 -0.921512 -1.04131 2.64845 -1.87933 2.04682
2.39062 1.20239 -1.09638 0.731178 -2.70577 1.09788 -3.10951 -1.43714 1.42112 -1.30311 1.55247 -0.921512 -1.04131 2.64845 -1.87933 2.04682
2.38633 1.20239 -1.09638 0.731178 -2.70577 1.09788 -3.10951 -1.43714 1.42112 -1.30311 1.55247 -0.921512 -1.04131 2.64845 -1.87933 2.04682
2.382 1.20239 -1.09638 0.731178 -2.70577 1.09788 -3.10951 -1.43714 1.42112 -1.30311 1.55247 -0.921512 -1.04131 2.64845 -1.87933 2.04682
2.37763 1.20239 -1.09638 0.731178 -2.70577 1.09788 -3.10951 -1.43714 1.42112 -1.30311 1.55247 -0.921512 -1.04131 2.64845 -1.87933 2.04682
2.37327 1.20239 -1.09638 0.731178 -2.70577 1.09788 -3.10951 -1.43714 1.42112 -1.30311 1.55247 -0.921512 -1.04131 2.64845 -1.87933 2.04682
2.36885 1.20239 -1.09638 0.731178 -2.70577 1.09788 -3.10951 -1.43714 1.42112 -1.30311 1.55247 -0.921512 -1.04131 2.64845 -1.87933 2.04682
2.3645 1.20239 -1.09638 0.731178 -2.70577 1.09788 -3.10951 -1.43714 1.42112 -1.30311 1.55247 -0.921512 -1.04131 2.64845 -1.87933 2.04682
2.3601 1.20239 -1.09638 0.731178 -2.70577 1.09788 -3.10951 -1.43714 1.42112 -1.30311 1.55247 -0.921512 -1.04131 2.64845 -1.87933 2.04682
2.35566 1.20239 -1.09638 0.731178 -2.70577 1.09788 -3.10951 -1.43714 1.42112 -1.30311 1.55247 -0.921512 -1.04131 2.64845 -1.87933 2.04682
2.35117 1.20239 -1.09638 0.731178 -2.70577 1.09788 -3.10951 -1.43714 1.42112 -1.30311 1.55247 -0.921512 -1.04131 2.64845 -1.87933 2.04682
2.34669 1.20239 -1.09638 0.731178 -2.70577 1.09788 -3.10951 -1.43714 1.42112 -1.30311 1.55247 -0.921512 -1.04131 2.64845 -1.87933 2.04682
2.34225 1.20239 -1.09638 0.731178 -2.70577 1.09788 -3.10951 -1.43714 1.42112 -1.30311 1.55247 -0.921512 -1.04131 2.64845 -1.87933 2.04682
2.33773 1.20239 -1.09638 0.731178 -2.70577 1.09788 -3.10951 -1.43714 1.42112 -1.30311 1.55247 -0.921512 -1.04131 2.64845 -1.87933 2.04682
2.33321 1.20239 -1.09638 0.731178 -2.70577 1.09788 -3.10951 -1.43714 1.42112 -1.30311 1.55247 -0.921512 -1.04131 2.64845 -1.87933 2.04682
2.32868 1.20239 -1.09638 0.731178 -2.70577 1.09788 -3.10951 -1.43714 1.42112 -1.30311 1.55247 -0.921512 -1.04131 2.64845 -1.87933 2.04682
2.32418 1.20239 -1.09638 0.731178 -2.70577 1.09788 -3.10951 -1.43714 1.42112 -1.30311 1.55247 -0.921512 -1.04131 2.64845 -1.87933 2.04682
2.31963 1.20239 -1.09638 0.731178 -2.70577 1.09788 -3.10951 -1.43714 1.42112 -1.30311 1.55247 -0.921512 -1.04131 2.64845 -1.87933 2.04682
2.31499 1.20239 -1.09638 0.731178 -2.70577 1.09788 -3.10951 -1.43714 1.42112 -1.30311 1.55247 -0.921512 -1.04131 2.64845 -1.87933 2.04682
2.3103 1.20239 -1.09638 0.731178 -2.70577 1.09788 -3.10951 -1.43714 1.42112 -1.30311 1.55247 -0.921512 -1.04131 2.64845 -1.87933 2.04682
2.30552 1.20239 -1.09638 0.731178 -2.70577 1.09788 -3.10951 -1.43714 1.42112 -1.30311 1.55247 -0.921512 -1.04131 2.64845 -1.87933 2.04682
2.30086 1.20239 -1.09638 0.731178 -2.70577 1.09788 -3.10951 -1.43714 1.42112 -1.30311 1.55247 -0.921512 -1.04131 2.64845 -1.87933 2.04682
2.29611 1.20239 -1.09638 0.731178 -2.70577 1.09788 -3.10951 -1.43714 1.42112 -1.30311 1.55247 -0.921512 -1.04131 2.64845 -1.87933 2.04682
2.29137 1.20239 -1.09638 0.731178 -2.70577 1.09788 -3.10951 -1.43714 1.42112 -1.30311 1.55247 -0.921512 -1.04131 2.64845 -1.87933 2.04682
2.28663 1.20239 -1.09638 0.731178 -2.70577 1.09788 -3.10951 -1.43714 1.42112 -1.30311 1.55247 -0.921512 -1.04131 2.64845 -1.87933 2.04682
2.28195 1.20239 -1.09638 0.731178 -2.70577 1.09788 -3.10951 -1.43714 1.42112 -1.30311 1.55247 -0.921512 -1.04131 2.64845 -1.87933 2.04682
2.27717 1.20239 -1.09638 0.731178 -2.70577 1.09788 -3.10951 -1.43714 1.42112 -1.30311 1.55247 -0.921512 -1.04131 2.64845 -1.87933 2.04682
2.2724 1.20239 -1.09638 0.731178 -2.70577 1.09788 -3.10951 -1.43714 1.42112 -1.30311 1.55247 -0.921512 -1.04131 2.64845 -1.87933 2.04682
2.26764 1.20239 -1.09638 0.731178 -2.70577 1.09788 -3.10951 -1.43714 1.42112 -1.30311 1.55247 -0.921512 -1.04131 2.64845 -1.87933 2.04682
2.26277 1.20239 -1.09638 0.731178 -2.70577 1.09788 -3.10951 -1.43714 1.42112 -1.30311 1.55247 -0.921512 -1.04131 2.64845 -1.87933 2.04682
2.25794 1.20239 -1.09638 0.731178 -2.70577 1.09788 -3.10951 -1.43714 1.42112 -1.30311 1.55247 -0.921512 -1.04131 2.64845 -1.87933 2.04682
2.25304 1.20239 -1.09638 0.731178 -2.70577 1.09788 -3.10951 -1.43714 1.42112 -1.30311 1.55247 -0.921512 -1.04131 2.64845 -1.87933 2.04682
2.24798 1.20239 -1.09638 0.731178 -2.70577 1.09788 -3.10951 -1.43714 1.42112 -1.30311 1.55247 -0.921512 -1.04131 2.64845 -1.87933 2.04682
2.24307 1.20239 -1.09638 0.731178 -2.70577 1.09788 -3.10951 -1.43714 1.42112 -1.30311 1.55247 -0.921512 -1.04131 2.64845 -1.87933 2.04682
2.23813 1.20239 -1.09638 0.731178 -2.70577 1.09788 -3.10951 -1.43714 1.42112 -1.30311 1.55247 -0.921512 -1.04131 2.64845 -1.87933 2.04682
2.23315 1.20239 -1.09638 0.731178 -2.70577 1.09788 -3.10951 -1.43714 1.42112 -1.30311 1.55247 -0.921512 -1.04131 2.64845 -1.87933 2.04682
2.22817 1.20239 -1.09638 0.731178 -2.70577 1.09788 -3.10951 -1.43714 1.42112 -1.30311 1.55247 -0.921512 -1.04131 2.64845 -1.87933 2.04682
2.2232 1.20239 -1.09638 0.731178 -2.70577 1.09788 -3.10951 -1.43714 1.42112 -1.30311 1.55247 -0.921512 -1.04131 2.64845 -1.87933 2.04682
2.21816 1.20239 -1.09638 0.731178 -2.70577 1.09788 -3.10951 -1.43714 1.42112 -1.30311 1.55247 -0.921512 -1.04131 2.64845 -1.87933 2.04682
2.19002 1.20239 -1.09638 0.731178 -2.70577 1.09788 -3.10951 -1.43714 1.42112 -1.30311 1.55247 -0.921512 -1.04131 2.64845 -1.87933 2.04682
2.19002 1.20239 -1.09638 0.731178 -2.70577 1.09788 -3.10951 -1.43714 1.42112 -1.30311 1.55247 -0.921512 -1.04131 2.64845 -1.87933 2.04682
2.19058 1.20239 -1.09638 0.731178 -2.70577 1.09788 -3.10951 -1.43714 1.42112 -1.30311 1.55247 -0.921512 -1.04131 2.64845 -1.87933 2.04682
2.19168 1.20239 -1.09638 0.731178 -2.70577 1.09788 -3.10951 -1.43714 1.42112 -1.30311 1.55247 -0.921512 -1.04131 2.64845 -1.87933 2.04682
2.19298 1.20239 -1.09638 0.731178 -2.70577 1.09788 -3.10951 -1.43714 1.42112 -1.30311 1.55247 -0.921512 -1.04131 2.64845 -1.87933 2.04682
2.19441 1.20239 -1.09638 0.731178 -2.70577 1.09788 -3.10951 -1.43714 1.42112 -1.30311 1.55247 -0.921512 -1.04131 2.64845 -1.87933 2.04682
2.19578 1.20239 -1.09638 0.731178 -2.70577 1.09788 -3.10951 -1.43714 1.42112 -1.30311 1.55247 -0.921512 -1.04131 2.64845 -1.87933 2.04682
2.19708 1.20239 -1.09638 0.731178 -2.70577 1.09788 -3.10951 -1.43714 1.42112 -1.30311 1.55247 -0.921512 -1.04131 2.64845 -1.87933 2.04682
2.19834 1.20239 -1.09638 0.731178 -2.70577 1.09788 -3.10951 -1.43714 1.42112 -1.30311 1.55247 -0.921512 -1.04131 2.64845 -1.87933 2.04682
2.1995 1.20239 -1.09638 0.731178 -2.70577 1.09788 -3.10951 -1.43714 1.42112 -1.30311 1.55247 -0.921512 -1.04131 2.64845 -1.87933 2.04682
2.20064 1.20239 -1.09638 0.731178 -2.70577 1.09788 -3.10951 -1.43714 1.42112 -1.30311 1.55247 -0.921512 -1.04131 2.64845 -1.87933 2.04682
2.20192 1.20239 -1.09638 0.731178 -2.70577 1.09788 -3.10951 -1.43714 1.42112 -1.30311 1.55247 -0.921512 -1.04131 2.64845 -1.87933 2.04682
2.20481 1.20239 -1.09638 0.731178 -2.70577 1.09788 -3.10951 -1.43714 1.42112 -1.30311 1.55247 -0.921512 -1.04131 2.64845 -1.87933 2.04682
2.20867 1.20239 -1.09638 0.731178 -2.70577 1.09788 -3.10951 -1.43714 1.42112 -1.30311 1.55247 -0.921512 -1.04131 2.64845 -1.87933 2.04682
2.21324 1.20239 -1.09638 0.731178 -2.70577 1.09788 -3.10951 -1.43714 1.42112 -1.30311 1.55247 -0.921512 -1.04131 2.64845 -1.87933 2.04682
2.21831 1.20239 -1.09638 0.731178 -2.70577 1.09788 -3.10951 -1.43714 1.42112 -1.30311 1.55247 -0.921512 -1.04131 2.64845 -1.87933 2.04682
2.22352 1.20239 -1.09638 0.731178 -2.70577 1.09788 -3.10951 -1.43714 1.42112 -1.30311 1.55247 -0.921512 -1.04131 2.64845 -1.87933 2.04682
2.22873 1.20239 -1.09638 0.731178 -2.70577 1.09788 -3.10951 -1.43714 1.42112 -1.30311 1.55247 -0.921512 -1.04131 2.64845 -1.87933 2.04682
2.23404 1.20239 -1.09638 0.731178 -2.70577 1.09788 -3.10951 -1.43714 1.42112 -1.30311 1.55247 -0.921512 -1.04131 2.64845 -1.87933 2.04682
2.23929 1.20239 -1.09638 0.731178 -2.70577 1.09788 -3.10951 -1.43714 1.42112 -1.30311 1.55247 -0.921512 -1.04131 2.64845 -1.87933 2.04682
2.24471 1.20239 -1.09638 0.731178 -2.70577 1.09788 -3.10951 -1.43714 1.42112 -1.30311 1.55247 -0.921512 -1.04131 2.64845 -1.87933 2.04682
2.25051 1.20239 -1.09638 0.731178 -2.70577 1.09788 -3.10951 -1.43714 1.42112 -1.30311 1.55247 -0.921512 -1.04131 2.64845 -1.87933 2.04682
2.25649 1.20239 -1.09638 0.731178 -2.70577 1.09788 -3.10951 -1.43714 1.42112 -1.30311 1.55247 -0.921512 -1.04131 2.64845 -1.87933 2.04682
2.26291 1.20239 -1.09638 0.731178 -2.70577 1.09788 -3.10951 -1.43714 1.42112 -1.30311 1.55247 -0.921512 -1.04131 2.64845 -1.87933 2.04682
2.26961 1.20239 -1.09638 0.731178 -2.70577 1.09788 -3.10951 -1.43714 1.42112 -1.30311 1.55247 -0.921512 -1.04131 2.64845 -1.87933 2.04682
2.27641 1.20239 -1.09638 0.731178 -2.70577 1.09788 -3.10951 -1.43714 1.42112 -1.30311 1.55247 -0.921512 -1.04131 2.64845 -1.87933 2.04682
2.28323 1.20239 -1.09638 0.731178 -2.70577 1.09788 -3.10951 -1.43714 1.42112 -1.30311 1.55247 -0.921512 -1.04131 2.64845 -1.87933 2.04682
2.29047 1.20239 -1.09638 0.731178 -2.70577 1.09788 -3.10951 -1.43714 1.42112 -1.30311 1.55247 -0.921512 -1.04131 2.64845 -1.87933 2.04682
2.29805 1.20239 -1.09638 0.731178 -2.70577 1.09788 -3.10951 -1.43714 1.42112 -1.30311 1.55247 -0.921512 -1.04131 2.64845 -1.87933 2.04682
2.30579 1.20239 -1.09638 0.731178 -2.70577 1.09788 -3.10951 -1.43714 1.42112 -1.30311 1.55247 -0.921512 -1.04131 2.64845 -1.87933 2.04682
2.31377 1.20239 -1.09638 0.731178 -2.70577 1.09788 -3.10951 -1.43714 1.42112 -1.30311 1.55247 -0.921512 -1.04131 2.64845 -1.87933 2.04682
2.32195 1.20239 -1.09638 0.731178 -2.70577 1.09788 -3.10951 -1.43714 1.42112 -1.30311 1.55247 -0.921512 -1.04131 2.64845 -1.87933 2.04682
2.33056 1.20239 -1.09638 0.731178 -2.70577 1.09788 -3.10951 -1.43714 1.42112 -1.30311 1.55247 -0.921512 -1.04131 2.64845 -1.87933 2.04682
2.33934 1.20239 -1.09638 0.731178 -2.70577 1.09788 -3.10951 -1.43714 1.42112 -1.30311 1.55247 -0.921512 -1.04131 2.64845 -1.87933 2.04682
2.34845 1.20239 -1.09638 0.731178 -2.70577 1.09788 -3.10951 -1.43714 1.42112 -1.30311 1.55247 -0.921512 -1.04131 2.64845 -1.87933 2.04682
2.35777 1.20239 -1.09638 0.731178 -2.70577 1.09788 -3.10951 -1.43714 1.42112 -1.30311 1.55247 -0.921512 -1.04131 2.64845 -1.87933 2.04682
2.36745 1.20239 -1.09638 0.731178 -2.70577 1.09788 -3.10951 -1.43714 1.42112 -1.30311 1.55247 -0.921512 -1.04131 2.64845 -1.87933 2.04682
2.37748 1.20239 -1.09638 0.731178 -2.70577 1.09788 -3.10951 -1.43714 1.42112 -1.30311 1.55247 -0.921512 -1.04131 2.64845 -1.87933 2.04682
2.3879 1.20239 -1.09638 0.731178 -2.70577 1.09788 -3.10951 -1.43714 1.42112 -1.30311 1.55247 -0.921512 -1.04131 2.64845 -1.87933 2.04682
2.39863 1.20239 -1.09638 0.731178 -2.70577 1.09788 -3.10951 -1.43714 1.42112 -1.30311 1.55247 -0.921512 -1.04131 2.64845 -1.87933 2.04682
2.40979 1.20239 -1.09638 0.731178 -2.70577 1.09788 -3.10951 -1.43714 1.42112 -1.30311 1.55247 -0.921512 -1.04131 2.64845 -1.87933 2.04682
2.42157 1.20239 -1.09638 0.731178 -2.70577 1.09788 -3.10951 -1.43714 1.42112 -1.30311 1.55247 -0.921512 -1.04131 2.64845 -1.87933 2.04682
2.43363 1.20239 -1.09638 0.731178 -2.70577 1.09788 -3.10951 -1.43714 1.42112 -1.30311 1.55247 -0.921512 -1.04131 2.64845 -1.87933 2.04682
2.44643 1.20239 -1.09638 0.731178 -2.70577 1.09788 -3.10951 -1.43714 1.42112 -1.30311 1.55247 -0.921512 -1.04131 2.64845 -1.87933 2.04682
2.45943 1.20239 -1.09638 0.731178 -2.70577 1.09788 -3.10951 -1.43714 1.42112 -1.30311 1.55247 -0.921512 -1.04131 2.64845 -1.87933 2.04682
2.47286 1.20239 -1.09638 0.731178 -2.70577 1.09788 -3.10951 -1.43714 1.42112 -1.30311 1.55247 -0.921512 -1.04131 2.64845 -1.87933 2.04682
2.48694 1.20239 -1.09638 0.731178 -2.70577 1.09788 -3.10951 -1.43714 1.42112 -1.30311 1.55247 -0.921512 -1.04131 2.64845 -1.87933 2.04682
2.50147 1.20239 -1.09638 0.731178 -2.70577 1.09788 -3.10951 -1.43714 1.42112 -1.30311 1.55247 -0.921512 -1.04131 2.64845 -1.87933 2.04682
