3.671
3.682
3.692
3.702
3.713
3.723
3.734
3.744
3.754
3.767
3.786
3.807
3.827
3.848
3.869
3.89
3.91
3.931
3.951
3.972
4.011
4.051
4.089
4.128
4.166
4.205
4.244
4.282
4.321
4.36
4.399
4.438
4.476
4.515
4.553
4.592
4.631
4.67
4.708
4.748
4.788
4.827
4.866
4.905
4.944
4.982
5.021
5.06
5.098
5.137
5.176
5.214
5.253
5.292
5.33
5.369
5.408
5.446
5.485
5.524
5.563
5.602
5.641
5.68
5.719
5.757
5.796
5.834
5.873
5.912
5.95
5.989
6.027
6.066
6.104
6.142
6.181
6.22
6.259
6.299
6.338
6.377
6.416
6.454
6.493
6.531
6.569
6.608
6.647
6.685
6.725
6.764
6.802
6.841
6.879
6.918
6.956
6.995
8.191
8.202
8.212
8.223
8.233
8.243
8.254
8.264
8.274
8.286
8.307
8.327
8.366
8.405
8.443
8.481
8.52
8.558
8.596
8.635
8.673
8.711
8.75
8.79
8.828
8.867
8.906
8.945
8.984
9.023
9.062
9.1
9.139
9.177
9.215
9.254
9.292
9.33
9.368
9.407
9.445
9.484
9.523
9.562
9.6
9.639
9.678
9.717
