1.39664 1.29922 -1.72016 1.02277 -1.20459 -1.89849 -0.494733 0.731331 -0.56144 -1.9178 -1.22027 -0.296166 -0.733007 2.34731 0.673934 -2.63332
1.39664 1.29922 -1.72016 1.02277 -1.20459 -1.89849 -0.494733 0.731331 -0.56144 -1.9178 -1.22027 -0.296166 -0.733007 2.34731 0.673934 -2.63332
1.39664 1.29922 -1.72016 1.02277 -1.20459 -1.89849 -0.494733 0.731331 -0.56144 -1.9178 -1.22027 -0.296166 -0.733007 2.34731 0.673934 -2.63332
1.39664 1.29922 -1.72016 1.02277 -1.20459 -1.89849 -0.494733 0.731331 -0.56144 -1.9178 -1.22027 -0.296166 -0.733007 2.34731 0.673934 -2.63332
1.39664 1.29922 -1.72016 1.02277 -1.20459 -1.89849 -0.494733 0.731331 -0.56144 -1.9178 -1.22027 -0.296166 -0.733007 2.34731 0.673934 -2.63332
1.39664 1.29922 -1.72016 1.02277 -1.20459 -1.89849 -0.494733 0.731331 -0.56144 -1.9178 -1.22027 -0.296166 -0.733007 2.34731 0.673934 -2.63332
1.39701 1.29922 -1.72016 1.02277 -1.20459 -1.89849 -0.494733 0.731331 -0.56144 -1.9178 -1.22027 -0.296166 -0.733007 2.34731 0.673934 -2.63332
1.39759 1.29922 -1.72016 1.02277 -1.20459 -1.89849 -0.494733 0.731331 -0.56144 -1.9178 -1.22027 -0.296166 -0.733007 2.34731 0.673934 -2.63332
1.3982 1.29922 -1.72016 1.02277 -1.20459 -1.89849 -0.494733 0.731331 -0.56144 -1.9178 -1.22027 -0.296166 -0.733007 2.34731 0.673934 -2.63332
1.39879 1.29922 -1.72016 1.02277 -1.20459 -1.89849 -0.494733 0.731331 -0.56144 -1.9178 -1.22027 -0.296166 -0.733007 2.34731 0.673934 -2.63332
1.39931 1.29922 -1.72016 1.02277 -1.20459 -1.89849 -0.494733 0.731331 -0.56144 -1.9178 -1.22027 -0.296166 -0.733007 2.34731 0.673934 -2.63332
1.39989 1.29922 -1.72016 1.02277 -1.20459 -1.89849 -0.494733 0.731331 -0.56144 -1.9178 -1.22027 -0.296166 -0.733007 2.34731 0.673934 -2.63332
1.40056 1.29922 -1.72016 1.02277 -1.20459 -1.89849 -0.494733 0.731331 -0.56144 -1.9178 -1.22027 -0.296166 -0.733007 2.34731 0.673934 -2.63332
1.40133 1.29922 -1.72016 1.02277 -1.20459 -1.89849 -0.494733 0.731331 -0.56144 -1.9178 -1.22027 -0.296166 -0.733007 2.34731 0.673934 -2.63332
1.40217 1.29922 -1.72016 1.02277 -1.20459 -1.89849 -0.494733 0.731331 -0.56144 -1.9178 -1.22027 -0.296166 -0.733007 2.34731 0.673934 -2.63332
1.40307 1.29922 -1.72016 1.02277 -1.20459 -1.89849 -0.494733 0.731331 -0.56144 -1.9178 -1.22027 -0.296166 -0.733007 2.34731 0.673934 -2.63332
1.40405 1.29922 -1.72016 1.02277 -1.20459 -1.89849 -0.494733 0.731331 -0.56144 -1.9178 -1.22027 -0.296166 -0.733007 2.34731 0.673934 -2.63332
1.40514 1.29922 -1.72016 1.02277 -1.20459 -1.89849 -0.494733 0.731331 -0.56144 -1.9178 -1.22027 -0.296166 -0.733007 2.34731 0.673934 -2.63332
1.40632 1.29922 -1.72016 1.02277 -1.20459 -1.89849 -0.494733 0.731331 -0.56144 -1.9178 -1.22027 -0.296166 -0.733007 2.34731 0.673934 -2.63332
1.40759 1.29922 -1.72016 1.02277 -1.20459 -1.89849 -0.494733 0.731331 -0.56144 -1.9178 -1.22027 -0.296166 -0.733007 2.34731 0.673934 -2.63332
1.41006 1.29922 -1.72016 1.02277 -1.20459 -1.89849 -0.494733 0.731331 -0.56144 -1.9178 -1.22027 -0.296166 -0.733007 2.34731 0.673934 -2.63332
1.41266 1.29922 -1.72016 1.02277 -1.20459 -1.89849 -0.494733 0.731331 -0.56144 -1.9178 -1.22027 -0.296166 -0.733007 2.34731 0.673934 -2.63332
1.41529 1.29922 -1.72016 1.02277 -1.20459 -1.89849 -0.494733 0.731331 -0.56144 -1.9178 -1.22027 -0.296166 -0.733007 2.34731 0.673934 -2.63332
1.41797 1.29922 -1.72016 1.02277 -1.20459 -1.89849 -0.494733 0.731331 -0.56144 -1.9178 -1.22027 -0.296166 -0.733007 2.34731 0.673934 -2.63332
1.42077 1.29922 -1.72016 1.02277 -1.20459 -1.89849 -0.494733 0.731331 -0.56144 -1.9178 -1.22027 -0.296166 -0.733007 2.34731 0.673934 -2.63332
1.42376 1.29922 -1.72016 1.02277 -1.20459 -1.89849 -0.494733 0.731331 -0.56144 -1.9178 -1.22027 -0.296166 -0.733007 2.34731 0.673934 -2.63332
1.4269 1.29922 -1.72016 1.02277 -1.20459 -1.89849 -0.494733 0.731331 -0.56144 -1.9178 -1.22027 -0.296166 -0.733007 2.34731 0.673934 -2.63332
1.43004 1.29922 -1.72016 1.02277 -1.20459 -1.89849 -0.494733 0.731331 -0.56144 -1.9178 -1.22027 -0.296166 -0.733007 2.34731 0.673934 -2.63332
1.43313 1.29922 -1.72016 1.02277 -1.20459 -1.89849 -0.494733 0.731331 -0.56144 -1.9178 -1.22027 -0.296166 -0.733007 2.34731 0.673934 -2.63332
1.43636 1.29922 -1.72016 1.02277 -1.20459 -1.89849 -0.494733 0.731331 -0.56144 -1.9178 -1.22027 -0.296166 -0.733007 2.34731 0.673934 -2.63332
1.43961 1.29922 -1.72016 1.02277 -1.20459 -1.89849 -0.494733 0.731331 -0.56144 -1.9178 -1.22027 -0.296166 -0.733007 2.34731 0.673934 -2.63332
1.44313 1.29922 -1.72016 1.02277 -1.20459 -1.89849 -0.494733 0.731331 -0.56144 -1.9178 -1.22027 -0.296166 -0.733007 2.34731 0.673934 -2.63332
1.4469 1.29922 -1.72016 1.02277 -1.20459 -1.89849 -0.494733 0.731331 -0.56144 -1.9178 -1.22027 -0.296166 -0.733007 2.34731 0.673934 -2.63332
1.45065 1.29922 -1.72016 1.02277 -1.20459 -1.89849 -0.494733 0.731331 -0.56144 -1.9178 -1.22027 -0.296166 -0.733007 2.34731 0.673934 -2.63332
1.45428 1.29922 -1.72016 1.02277 -1.20459 -1.89849 -0.494733 0.731331 -0.56144 -1.9178 -1.22027 -0.296166 -0.733007 2.34731 0.673934 -2.63332
1.45807 1.29922 -1.72016 1.02277 -1.20459 -1.89849 -0.494733 0.731331 -0.56144 -1.9178 -1.22027 -0.296166 -0.733007 2.34731 0.673934 -2.63332
1.4621 1.29922 -1.72016 1.02277 -1.20459 -1.89849 -0.494733 0.731331 -0.56144 -1.9178 -1.22027 -0.296166 -0.733007 2.34731 0.673934 -2.63332
1.46628 1.29922 -1.72016 1.02277 -1.20459 -1.89849 -0.494733 0.731331 -0.56144 -1.9178 -1.22027 -0.296166 -0.733007 2.34731 0.673934 -2.63332
1.47045 1.29922 -1.72016 1.02277 -1.20459 -1.89849 -0.494733 0.731331 -0.56144 -1.9178 -1.22027 -0.296166 -0.733007 2.34731 0.673934 -2.63332
1.47464 1.29922 -1.72016 1.02277 -1.20459 -1.89849 -0.494733 0.731331 -0.56144 -1.9178 -1.22027 -0.296166 -0.733007 2.34731 0.673934 -2.63332
1.47897 1.29922 -1.72016 1.02277 -1.20459 -1.89849 -0.494733 0.731331 -0.56144 -1.9178 -1.22027 -0.296166 -0.733007 2.34731 0.673934 -2.63332
1.4834 1.29922 -1.72016 1.02277 -1.20459 -1.89849 -0.494733 0.731331 -0.56144 -1.9178 -1.22027 -0.296166 -0.733007 2.34731 0.673934 -2.63332
1.4882 1.29922 -1.72016 1.02277 -1.20459 -1.89849 -0.494733 0.731331 -0.56144 -1.9178 -1.22027 -0.296166 -0.733007 2.34731 0.673934 -2.63332
1.49285 1.29922 -1.72016 1.02277 -1.20459 -1.89849 -0.494733 0.731331 -0.56144 -1.9178 -1.22027 -0.296166 -0.733007 2.34731 0.673934 -2.63332
1.49767 1.29922 -1.72016 1.02277 -1.20459 -1.89849 -0.494733 0.731331 -0.56144 -1.9178 -1.22027 -0.296166 -0.733007 2.34731 0.673934 -2.63332
1.50254 1.29922 -1.72016 1.02277 -1.20459 -1.89849 -0.494733 0.731331 -0.56144 -1.9178 -1.22027 -0.296166 -0.733007 2.34731 0.673934 -2.63332
1.50765 1.29922 -1.72016 1.02277 -1.20459 -1.89849 -0.494733 0.731331 -0.56144 -1.9178 -1.22027 -0.296166 -0.733007 2.34731 0.673934 -2.63332
1.51289 1.29922 -1.72016 1.02277 -1.20459 -1.89849 -0.494733 0.731331 -0.56144 -1.9178 -1.22027 -0.296166 -0.733007 2.34731 0.673934 -2.63332
1.51816 1.29922 -1.72016 1.02277 -1.20459 -1.89849 -0.494733 0.731331 -0.56144 -1.9178 -1.22027 -0.296166 -0.733007 2.34731 0.673934 -2.63332
1.52357 1.29922 -1.72016 1.02277 -1.20459 -1.89849 -0.494733 0.731331 -0.56144 -1.9178 -1.22027 -0.296166 -0.733007 2.34731 0.673934 -2.63332
1.52925 1.29922 -1.72016 1.02277 -1.20459 -1.89849 -0.494733 0.731331 -0.56144 -1.9178 -1.22027 -0.296166 -0.733007 2.34731 0.673934 -2.63332
1.53498 1.29922 -1.72016 1.02277 -1.20459 -1.89849 -0.494733 0.731331 -0.56144 -1.9178 -1.22027 -0.296166 -0.733007 2.34731 0.673934 -2.63332
1.54097 1.29922 -1.72016 1.02277 -1.20459 -1.89849 -0.494733 0.731331 -0.56144 -1.9178 -1.22027 -0.296166 -0.733007 2.34731 0.673934 -2.63332
1.54728 1.29922 -1.72016 1.02277 -1.20459 -1.89849 -0.494733 0.731331 -0.56144 -1.9178 -1.22027 -0.296166 -0.733007 2.34731 0.673934 -2.63332
1.55359 1.29922 -1.72016 1.02277 -1.20459 -1.89849 -0.494733 0.731331 -0.56144 -1.9178 -1.22027 -0.296166 -0.733007 2.34731 0.673934 -2.63332
1.56012 1.29922 -1.72016 1.02277 -1.20459 -1.89849 -0.494733 0.731331 -0.56144 -1.9178 -1.22027 -0.296166 -0.733007 2.34731 0.673934 -2.63332
1.56674 1.29922 -1.72016 1.02277 -1.20459 -1.89849 -0.494733 0.731331 -0.56144 -1.9178 -1.22027 -0.296166 -0.733007 2.34731 0.673934 -2.63332
1.57341 1.29922 -1.72016 1.02277 -1.20459 -1.89849 -0.494733 0.731331 -0.56144 -1.9178 -1.22027 -0.296166 -0.733007 2.34731 0.673934 -2.63332
1.58038 1.29922 -1.72016 1.02277 -1.20459 -1.89849 -0.494733 0.731331 -0.56144 -1.9178 -1.22027 -0.296166 -0.733007 2.34731 0.673934 -2.63332
1.58747 1.29922 -1.72016 1.02277 -1.20459 -1.89849 -0.494733 0.731331 -0.56144 -1.9178 -1.22027 -0.296166 -0.733007 2.34731 0.673934 -2.63332
1.59478 1.29922 -1.72016 1.02277 -1.20459 -1.89849 -0.494733 0.731331 -0.56144 -1.9178 -1.22027 -0.296166 -0.733007 2.34731 0.673934 -2.63332
1.60255 1.29922 -1.72016 1.02277 -1.20459 -1.89849 -0.494733 0.731331 -0.56144 -1.9178 -1.22027 -0.296166 -0.733007 2.34731 0.673934 -2.63332
1.61023 1.29922 -1.72016 1.02277 -1.20459 -1.89849 -0.494733 0.731331 -0.56144 -1.9178 -1.22027 -0.296166 -0.733007 2.34731 0.673934 -2.63332
1.61818 1.29922 -1.72016 1.02277 -1.20459 -1.89849 -0.494733 0.731331 -0.56144 -1.9178 -1.22027 -0.296166 -0.733007 2.34731 0.673934 -2.63332
1.62635 1.29922 -1.72016 1.02277 -1.20459 -1.89849 -0.494733 0.731331 -0.56144 -1.9178 -1.22027 -0.296166 -0.733007 2.34731 0.673934 -2.63332
1.63473 1.29922 -1.72016 1.02277 -1.20459 -1.89849 -0.494733 0.731331 -0.56144 -1.9178 -1.22027 -0.296166 -0.733007 2.34731 0.673934 -2.63332
1.64334 1.29922 -1.72016 1.02277 -1.20459 -1.89849 -0.494733 0.731331 -0.56144 -1.9178 -1.22027 -0.296166 -0.733007 2.34731 0.673934 -2.63332
1.65208 1.29922 -1.72016 1.02277 -1.20459 -1.89849 -0.494733 0.731331 -0.56144 -1.9178 -1.22027 -0.296166 -0.733007 2.34731 0.673934 -2.63332
1.66117 1.29922 -1.72016 1.02277 -1.20459 -1.89849 -0.494733 0.731331 -0.56144 -1.9178 -1.22027 -0.296166 -0.733007 2.34731 0.673934 -2.63332
1.67061 1.29922 -1.72016 1.02277 -1.20459 -1.89849 -0.494733 0.731331 -0.56144 -1.9178 -1.22027 -0.296166 -0.733007 2.34731 0.673934 -2.63332
1.67821 1.29922 -1.72016 1.02277 -1.20459 -1.89849 -0.494733 0.731331 -0.56144 -1.9178 -1.22027 -0.296166 -0.733007 2.34731 0.673934 -2.63332
1.67821 1.29922 -1.72016 1.02277 -1.20459 -1.89849 -0.494733 0.731331 -0.56144 -1.9178 -1.22027 -0.296166 -0.733007 2.34731 0.673934 -2.63332
1.67821 1.29922 -1.72016 1.02277 -1.20459 -1.89849 -0.494733 0.731331 -0.56144 -1.9178 -1.22027 -0.296166 -0.733007 2.34731 0.673934 -2.63332
1.67821 1.29922 -1.72016 1.02277 -1.20459 -1.89849 -0.494733 0.731331 -0.56144 -1.9178 -1.22027 -0.296166 -0.733007 2.34731 0.673934 -2.63332
1.67821 1.29922 -1.72016 1.02277 -1.20459 -1.89849 -0.494733 0.731331 -0.56144 -1.9178 -1.22027 -0.296166 -0.733007 2.34731 0.673934 -2.63332
1.67821 1.29922 -1.72016 1.02277 -1.20459 -1.89849 -0.494733 0.731331 -0.56144 -1.9178 -1.22027 -0.296166 -0.733007 2.34731 0.673934 -2.63332
1.67816 1.29922 -1.72016 1.02277 -1.20459 -1.89849 -0.494733 0.731331 -0.56144 -1.9178 -1.22027 -0.296166 -0.733007 2.34731 0.673934 -2.63332
1.6779 1.29922 -1.72016 1.02277 -1.20459 -1.89849 -0.494733 0.731331 -0.56144 -1.9178 -1.22027 -0.296166 -0.733007 2.34731 0.673934 -2.63332
1.67746 1.29922 -1.72016 1.02277 -1.20459 -1.89849 -0.494733 0.731331 -0.56144 -1.9178 -1.22027 -0.296166 -0.733007 2.34731 0.673934 -2.63332
1.67677 1.29922 -1.72016 1.02277 -1.20459 -1.89849 -0.494733 0.731331 -0.56144 -1.9178 -1.22027 -0.296166 -0.733007 2.34731 0.673934 -2.63332
1.67484 1.29922 -1.72016 1.02277 -1.20459 -1.89849 -0.494733 0.731331 -0.56144 -1.9178 -1.22027 -0.296166 -0.733007 2.34731 0.673934 -2.63332
1.6729 1.29922 -1.72016 1.02277 -1.20459 -1.89849 -0.494733 0.731331 -0.56144 -1.9178 -1.22027 -0.296166 -0.733007 2.34731 0.673934 -2.63332
1.67013 1.29922 -1.72016 1.02277 -1.20459 -1.89849 -0.494733 0.731331 -0.56144 -1.9178 -1.22027 -0.296166 -0.733007 2.34731 0.673934 -2.63332
1.66627 1.29922 -1.72016 1.02277 -1.20459 -1.89849 -0.494733 0.731331 -0.56144 -1.9178 -1.22027 -0.296166 -0.733007 2.34731 0.673934 -2.63332
1.66201 1.29922 -1.72016 1.02277 -1.20459 -1.89849 -0.494733 0.731331 -0.56144 -1.9178 -1.22027 -0.296166 -0.733007 2.34731 0.673934 -2.63332
1.65749 1.29922 -1.72016 1.02277 -1.20459 -1.89849 -0.494733 0.731331 -0.56144 -1.9178 -1.22027 -0.296166 -0.733007 2.34731 0.673934 -2.63332
1.65296 1.29922 -1.72016 1.02277 -1.20459 -1.89849 -0.494733 0.731331 -0.56144 -1.9178 -1.22027 -0.296166 -0.733007 2.34731 0.673934 -2.63332
1.64823 1.29922 -1.72016 1.02277 -1.20459 -1.89849 -0.494733 0.731331 -0.56144 -1.9178 -1.22027 -0.296166 -0.733007 2.34731 0.673934 -2.63332
1.64344 1.29922 -1.72016 1.02277 -1.20459 -1.89849 -0.494733 0.731331 -0.56144 -1.9178 -1.22027 -0.296166 -0.733007 2.34731 0.673934 -2.63332
1.63875 1.29922 -1.72016 1.02277 -1.20459 -1.89849 -0.494733 0.731331 -0.56144 -1.9178 -1.22027 -0.296166 -0.733007 2.34731 0.673934 -2.63332
1.63417 1.29922 -1.72016 1.02277 -1.20459 -1.89849 -0.494733 0.731331 -0.56144 -1.9178 -1.22027 -0.296166 -0.733007 2.34731 0.673934 -2.63332
1.62967 1.29922 -1.72016 1.02277 -1.20459 -1.89849 -0.494733 0.731331 -0.56144 -1.9178 -1.22027 -0.296166 -0.733007 2.34731 0.673934 -2.63332
1.6252 1.29922 -1.72016 1.02277 -1.20459 -1.89849 -0.494733 0.731331 -0.56144 -1.9178 -1.22027 -0.296166 -0.733007 2.34731 0.673934 -2.63332
1.62075 1.29922 -1.72016 1.02277 -1.20459 -1.89849 -0.494733 0.731331 -0.56144 -1.9178 -1.22027 -0.296166 -0.733007 2.34731 0.673934 -2.63332
1.61618 1.29922 -1.72016 1.02277 -1.20459 -1.89849 -0.494733 0.731331 -0.56144 -1.9178 -1.22027 -0.296166 -0.733007 2.34731 0.673934 -2.63332
1.61142 1.29922 -1.72016 1.02277 -1.20459 -1.89849 -0.494733 0.731331 -0.56144 -1.9178 -1.22027 -0.296166 -0.733007 2.34731 0.673934 -2.63332
1.60671 1.29922 -1.72016 1.02277 -1.20459 -1.89849 -0.494733 0.731331 -0.56144 -1.9178 -1.22027 -0.296166 -0.733007 2.34731 0.673934 -2.63332
1.60196 1.29922 -1.72016 1.02277 -1.20459 -1.89849 -0.494733 0.731331 -0.56144 -1.9178 -1.22027 -0.296166 -0.733007 2.34731 0.673934 -2.63332
1.59719 1.29922 -1.72016 1.02277 -1.20459 -1.89849 -0.494733 0.731331 -0.56144 -1.9178 -1.22027 -0.296166 -0.733007 2.34731 0.673934 -2.63332
1.59246 1.29922 -1.72016 1.02277 -1.20459 -1.89849 -0.494733 0.731331 -0.56144 -1.9178 -1.22027 -0.296166 -0.733007 2.34731 0.673934 -2.63332
1.5878 1.29922 -1.72016 1.02277 -1.20459 -1.89849 -0.494733 0.731331 -0.56144 -1.9178 -1.22027 -0.296166 -0.733007 2.34731 0.673934 -2.63332
1.58311 1.29922 -1.72016 1.02277 -1.20459 -1.89849 -0.494733 0.731331 -0.56144 -1.9178 -1.22027 -0.296166 -0.733007 2.34731 0.673934 -2.63332
1.57837 1.29922 -1.72016 1.02277 -1.20459 -1.89849 -0.494733 0.731331 -0.56144 -1.9178 -1.22027 -0.296166 -0.733007 2.34731 0.673934 -2.63332
1.5736 1.29922 -1.72016 1.02277 -1.20459 -1.89849 -0.494733 0.731331 -0.56144 -1.9178 -1.22027 -0.296166 -0.733007 2.34731 0.673934 -2.63332
1.56873 1.29922 -1.72016 1.02277 -1.20459 -1.89849 -0.494733 0.731331 -0.56144 -1.9178 -1.22027 -0.296166 -0.733007 2.34731 0.673934 -2.63332
1.56386 1.29922 -1.72016 1.02277 -1.20459 -1.89849 -0.494733 0.731331 -0.56144 -1.9178 -1.22027 -0.296166 -0.733007 2.34731 0.673934 -2.63332
1.559 1.29922 -1.72016 1.02277 -1.20459 -1.89849 -0.494733 0.731331 -0.56144 -1.9178 -1.22027 -0.296166 -0.733007 2.34731 0.673934 -2.63332
1.55411 1.29922 -1.72016 1.02277 -1.20459 -1.89849 -0.494733 0.731331 -0.56144 -1.9178 -1.22027 -0.296166 -0.733007 2.34731 0.673934 -2.63332
1.54914 1.29922 -1.72016 1.02277 -1.20459 -1.89849 -0.494733 0.731331 -0.56144 -1.9178 -1.22027 -0.296166 -0.733007 2.34731 0.673934 -2.63332
1.54412 1.29922 -1.72016 1.02277 -1.20459 -1.89849 -0.494733 0.731331 -0.56144 -1.9178 -1.22027 -0.296166 -0.733007 2.34731 0.673934 -2.63332
1.53923 1.29922 -1.72016 1.02277 -1.20459 -1.89849 -0.494733 0.731331 -0.56144 -1.9178 -1.22027 -0.296166 -0.733007 2.34731 0.673934 -2.63332
1.53429 1.29922 -1.72016 1.02277 -1.20459 -1.89849 -0.494733 0.731331 -0.56144 -1.9178 -1.22027 -0.296166 -0.733007 2.34731 0.673934 -2.63332
1.52931 1.29922 -1.72016 1.02277 -1.20459 -1.89849 -0.494733 0.731331 -0.56144 -1.9178 -1.22027 -0.296166 -0.733007 2.34731 0.673934 -2.63332
1.52434 1.29922 -1.72016 1.02277 -1.20459 -1.89849 -0.494733 0.731331 -0.56144 -1.9178 -1.22027 -0.296166 -0.733007 2.34731 0.673934 -2.63332
1.51917 1.29922 -1.72016 1.02277 -1.20459 -1.89849 -0.494733 0.731331 -0.56144 -1.9178 -1.22027 -0.296166 -0.733007 2.34731 0.673934 -2.63332
1.51417 1.29922 -1.72016 1.02277 -1.20459 -1.89849 -0.494733 0.731331 -0.56144 -1.9178 -1.22027 -0.296166 -0.733007 2.34731 0.673934 -2.63332
1.50916 1.29922 -1.72016 1.02277 -1.20459 -1.89849 -0.494733 0.731331 -0.56144 -1.9178 -1.22027 -0.296166 -0.733007 2.34731 0.673934 -2.63332
1.50413 1.29922 -1.72016 1.02277 -1.20459 -1.89849 -0.494733 0.731331 -0.56144 -1.9178 -1.22027 -0.296166 -0.733007 2.34731 0.673934 -2.63332
1.49909 1.29922 -1.72016 1.02277 -1.20459 -1.89849 -0.494733 0.731331 -0.56144 -1.9178 -1.22027 -0.296166 -0.733007 2.34731 0.673934 -2.63332
1.49405 1.29922 -1.72016 1.02277 -1.20459 -1.89849 -0.494733 0.731331 -0.56144 -1.9178 -1.22027 -0.296166 -0.733007 2.34731 0.673934 -2.63332
1.489 1.29922 -1.72016 1.02277 -1.20459 -1.89849 -0.494733 0.731331 -0.56144 -1.9178 -1.22027 -0.296166 -0.733007 2.34731 0.673934 -2.63332
1.48391 1.29922 -1.72016 1.02277 -1.20459 -1.89849 -0.494733 0.731331 -0.56144 -1.9178 -1.22027 -0.296166 -0.733007 2.34731 0.673934 -2.63332
1.47883 1.29922 -1.72016 1.02277 -1.20459 -1.89849 -0.494733 0.731331 -0.56144 -1.9178 -1.22027 -0.296166 -0.733007 2.34731 0.673934 -2.63332
1.47367 1.29922 -1.72016 1.02277 -1.20459 -1.89849 -0.494733 0.731331 -0.56144 -1.9178 -1.22027 -0.296166 -0.733007 2.34731 0.673934 -2.63332
1.46833 1.29922 -1.72016 1.02277 -1.20459 -1.89849 -0.494733 0.731331 -0.56144 -1.9178 -1.22027 -0.296166 -0.733007 2.34731 0.673934 -2.63332
1.4631 1.29922 -1.72016 1.02277 -1.20459 -1.89849 -0.494733 0.731331 -0.56144 -1.9178 -1.22027 -0.296166 -0.733007 2.34731 0.673934 -2.63332
1.45795 1.29922 -1.72016 1.02277 -1.20459 -1.89849 -0.494733 0.731331 -0.56144 -1.9178 -1.22027 -0.296166 -0.733007 2.34731 0.673934 -2.63332
1.45273 1.29922 -1.72016 1.02277 -1.20459 -1.89849 -0.494733 0.731331 -0.56144 -1.9178 -1.22027 -0.296166 -0.733007 2.34731 0.673934 -2.63332
1.44746 1.29922 -1.72016 1.02277 -1.20459 -1.89849 -0.494733 0.731331 -0.56144 -1.9178 -1.22027 -0.296166 -0.733007 2.34731 0.673934 -2.63332
1.4422 1.29922 -1.72016 1.02277 -1.20459 -1.89849 -0.494733 0.731331 -0.56144 -1.9178 -1.22027 -0.296166 -0.733007 2.34731 0.673934 -2.63332
1.43695 1.29922 -1.72016 1.02277 -1.20459 -1.89849 -0.494733 0.731331 -0.56144 -1.9178 -1.22027 -0.296166 -0.733007 2.34731 0.673934 -2.63332
1.43154 1.29922 -1.72016 1.02277 -1.20459 -1.89849 -0.494733 0.731331 -0.56144 -1.9178 -1.22027 -0.296166 -0.733007 2.34731 0.673934 -2.63332
1.42607 1.29922 -1.72016 1.02277 -1.20459 -1.89849 -0.494733 0.731331 -0.56144 -1.9178 -1.22027 -0.296166 -0.733007 2.34731 0.673934 -2.63332
1.4206 1.29922 -1.72016 1.02277 -1.20459 -1.89849 -0.494733 0.731331 -0.56144 -1.9178 -1.22027 -0.296166 -0.733007 2.34731 0.673934 -2.63332
1.41523 1.29922 -1.72016 1.02277 -1.20459 -1.89849 -0.494733 0.731331 -0.56144 -1.9178 -1.22027 -0.296166 -0.733007 2.34731 0.673934 -2.63332
1.40975 1.29922 -1.72016 1.02277 -1.20459 -1.89849 -0.494733 0.731331 -0.56144 -1.9178 -1.22027 -0.296166 -0.733007 2.34731 0.673934 -2.63332
1.40436 1.29922 -1.72016 1.02277 -1.20459 -1.89849 -0.494733 0.731331 -0.56144 -1.9178 -1.22027 -0.296166 -0.733007 2.34731 0.673934 -2.63332
1.39899 1.29922 -1.72016 1.02277 -1.20459 -1.89849 -0.494733 0.731331 -0.56144 -1.9178 -1.22027 -0.296166 -0.733007 2.34731 0.673934 -2.63332
1.39357 1.29922 -1.72016 1.02277 -1.20459 -1.89849 -0.494733 0.731331 -0.56144 -1.9178 -1.22027 -0.296166 -0.733007 2.34731 0.673934 -2.63332
1.38816 1.29922 -1.72016 1.02277 -1.20459 -1.89849 -0.494733 0.731331 -0.56144 -1.9178 -1.22027 -0.296166 -0.733007 2.34731 0.673934 -2.63332
1.38274 1.29922 -1.72016 1.02277 -1.20459 -1.89849 -0.494733 0.731331 -0.56144 -1.9178 -1.22027 -0.296166 -0.733007 2.34731 0.673934 -2.63332
1.37722 1.29922 -1.72016 1.02277 -1.20459 -1.89849 -0.494733 0.731331 -0.56144 -1.9178 -1.22027 -0.296166 -0.733007 2.34731 0.673934 -2.63332
1.37174 1.29922 -1.72016 1.02277 -1.20459 -1.89849 -0.494733 0.731331 -0.56144 -1.9178 -1.22027 -0.296166 -0.733007 2.34731 0.673934 -2.63332
