18.3
18.31
18.321
18.331
18.341
18.352
18.362
18.373
18.383
18.395
18.415
18.436
18.457
18.477
18.498
18.518
18.539
18.559
18.58
18.601
18.64
18.679
18.718
18.757
18.795
18.834
18.872
18.91
18.949
18.988
19.026
19.065
19.104
19.144
19.183
19.222
19.262
19.3
19.339
19.378
19.416
19.455
19.494
19.533
19.572
19.61
19.649
19.687
19.726
19.765
19.803
19.842
19.881
19.921
19.961
20
20.039
20.077
20.116
20.154
20.193
20.233
20.272
20.31
20.349
20.387
20.426
20.464
20.503
20.541
21.547
21.558
21.569
21.579
21.59
21.601
21.612
21.623
21.633
21.646
21.685
21.724
21.763
21.801
21.84
21.88
21.92
21.959
21.997
22.036
22.074
22.113
22.151
22.19
22.229
22.267
22.306
22.345
22.384
22.422
22.46
22.499
22.537
22.576
22.615
22.654
22.692
22.731
22.771
22.81
22.849
22.887
22.926
22.965
23.005
23.043
23.081
23.12
23.159
23.197
23.235
23.273
23.312
23.351
23.39
23.429
23.467
23.506
23.544
23.583
23.622
23.661
23.7
23.74
23.778
23.817
23.855
23.894
23.932
23.97
24.009
24.047
24.085
