1.3881 -1.49146 1.92602 1.63664 1.04766 -2.05231 -2.04757 1.09982 0.239768 1.016 -0.0192665 3.07504 -1.37123 0.87519 -1.97216 -1.90974
1.38878 -1.49146 1.92602 1.63664 1.04766 -2.05231 -2.04757 1.09982 0.239768 1.016 -0.0192665 3.07504 -1.37123 0.87519 -1.97216 -1.90974
1.38942 -1.49146 1.92602 1.63664 1.04766 -2.05231 -2.04757 1.09982 0.239768 1.016 -0.0192665 3.07504 -1.37123 0.87519 -1.97216 -1.90974
1.3898 -1.49146 1.92602 1.63664 1.04766 -2.05231 -2.04757 1.09982 0.239768 1.016 -0.0192665 3.07504 -1.37123 0.87519 -1.97216 -1.90974
1.39028 -1.49146 1.92602 1.63664 1.04766 -2.05231 -2.04757 1.09982 0.239768 1.016 -0.0192665 3.07504 -1.37123 0.87519 -1.97216 -1.90974
1.39087 -1.49146 1.92602 1.63664 1.04766 -2.05231 -2.04757 1.09982 0.239768 1.016 -0.0192665 3.07504 -1.37123 0.87519 -1.97216 -1.90974
1.39153 -1.49146 1.92602 1.63664 1.04766 -2.05231 -2.04757 1.09982 0.239768 1.016 -0.0192665 3.07504 -1.37123 0.87519 -1.97216 -1.90974
1.39224 -1.49146 1.92602 1.63664 1.04766 -2.05231 -2.04757 1.09982 0.239768 1.016 -0.0192665 3.07504 -1.37123 0.87519 -1.97216 -1.90974
1.39299 -1.49146 1.92602 1.63664 1.04766 -2.05231 -2.04757 1.09982 0.239768 1.016 -0.0192665 3.07504 -1.37123 0.87519 -1.97216 -1.90974
1.39378 -1.49146 1.92602 1.63664 1.04766 -2.05231 -2.04757 1.09982 0.239768 1.016 -0.0192665 3.07504 -1.37123 0.87519 -1.97216 -1.90974
1.39461 -1.49146 1.92602 1.63664 1.04766 -2.05231 -2.04757 1.09982 0.239768 1.016 -0.0192665 3.07504 -1.37123 0.87519 -1.97216 -1.90974
1.3954 -1.49146 1.92602 1.63664 1.04766 -2.05231 -2.04757 1.09982 0.239768 1.016 -0.0192665 3.07504 -1.37123 0.87519 -1.97216 -1.90974
1.39618 -1.49146 1.92602 1.63664 1.04766 -2.05231 -2.04757 1.09982 0.239768 1.016 -0.0192665 3.07504 -1.37123 0.87519 -1.97216 -1.90974
1.39695 -1.49146 1.92602 1.63664 1.04766 -2.05231 -2.04757 1.09982 0.239768 1.016 -0.0192665 3.07504 -1.37123 0.87519 -1.97216 -1.90974
1.39775 -1.49146 1.92602 1.63664 1.04766 -2.05231 -2.04757 1.09982 0.239768 1.016 -0.0192665 3.07504 -1.37123 0.87519 -1.97216 -1.90974
1.39855 -1.49146 1.92602 1.63664 1.04766 -2.05231 -2.04757 1.09982 0.239768 1.016 -0.0192665 3.07504 -1.37123 0.87519 -1.97216 -1.90974
1.39935 -1.49146 1.92602 1.63664 1.04766 -2.05231 -2.04757 1.09982 0.239768 1.016 -0.0192665 3.07504 -1.37123 0.87519 -1.97216 -1.90974
1.40097 -1.49146 1.92602 1.63664 1.04766 -2.05231 -2.04757 1.09982 0.239768 1.016 -0.0192665 3.07504 -1.37123 0.87519 -1.97216 -1.90974
1.40273 -1.49146 1.92602 1.63664 1.04766 -2.05231 -2.04757 1.09982 0.239768 1.016 -0.0192665 3.07504 -1.37123 0.87519 -1.97216 -1.90974
1.40456 -1.49146 1.92602 1.63664 1.04766 -2.05231 -2.04757 1.09982 0.239768 1.016 -0.0192665 3.07504 -1.37123 0.87519 -1.97216 -1.90974
1.40653 -1.49146 1.92602 1.63664 1.04766 -2.05231 -2.04757 1.09982 0.239768 1.016 -0.0192665 3.07504 -1.37123 0.87519 -1.97216 -1.90974
1.40854 -1.49146 1.92602 1.63664 1.04766 -2.05231 -2.04757 1.09982 0.239768 1.016 -0.0192665 3.07504 -1.37123 0.87519 -1.97216 -1.90974
1.41053 -1.49146 1.92602 1.63664 1.04766 -2.05231 -2.04757 1.09982 0.239768 1.016 -0.0192665 3.07504 -1.37123 0.87519 -1.97216 -1.90974
1.41249 -1.49146 1.92602 1.63664 1.04766 -2.05231 -2.04757 1.09982 0.239768 1.016 -0.0192665 3.07504 -1.37123 0.87519 -1.97216 -1.90974
1.41455 -1.49146 1.92602 1.63664 1.04766 -2.05231 -2.04757 1.09982 0.239768 1.016 -0.0192665 3.07504 -1.37123 0.87519 -1.97216 -1.90974
1.41663 -1.49146 1.92602 1.63664 1.04766 -2.05231 -2.04757 1.09982 0.239768 1.016 -0.0192665 3.07504 -1.37123 0.87519 -1.97216 -1.90974
1.41874 -1.49146 1.92602 1.63664 1.04766 -2.05231 -2.04757 1.09982 0.239768 1.016 -0.0192665 3.07504 -1.37123 0.87519 -1.97216 -1.90974
1.42092 -1.49146 1.92602 1.63664 1.04766 -2.05231 -2.04757 1.09982 0.239768 1.016 -0.0192665 3.07504 -1.37123 0.87519 -1.97216 -1.90974
1.42321 -1.49146 1.92602 1.63664 1.04766 -2.05231 -2.04757 1.09982 0.239768 1.016 -0.0192665 3.07504 -1.37123 0.87519 -1.97216 -1.90974
1.42556 -1.49146 1.92602 1.63664 1.04766 -2.05231 -2.04757 1.09982 0.239768 1.016 -0.0192665 3.07504 -1.37123 0.87519 -1.97216 -1.90974
1.42801 -1.49146 1.92602 1.63664 1.04766 -2.05231 -2.04757 1.09982 0.239768 1.016 -0.0192665 3.07504 -1.37123 0.87519 -1.97216 -1.90974
1.43035 -1.49146 1.92602 1.63664 1.04766 -2.05231 -2.04757 1.09982 0.239768 1.016 -0.0192665 3.07504 -1.37123 0.87519 -1.97216 -1.90974
1.43281 -1.49146 1.92602 1.63664 1.04766 -2.05231 -2.04757 1.09982 0.239768 1.016 -0.0192665 3.07504 -1.37123 0.87519 -1.97216 -1.90974
1.43534 -1.49146 1.92602 1.63664 1.04766 -2.05231 -2.04757 1.09982 0.239768 1.016 -0.0192665 3.07504 -1.37123 0.87519 -1.97216 -1.90974
1.4379 -1.49146 1.92602 1.63664 1.04766 -2.05231 -2.04757 1.09982 0.239768 1.016 -0.0192665 3.07504 -1.37123 0.87519 -1.97216 -1.90974
1.44041 -1.49146 1.92602 1.63664 1.04766 -2.05231 -2.04757 1.09982 0.239768 1.016 -0.0192665 3.07504 -1.37123 0.87519 -1.97216 -1.90974
1.44308 -1.49146 1.92602 1.63664 1.04766 -2.05231 -2.04757 1.09982 0.239768 1.016 -0.0192665 3.07504 -1.37123 0.87519 -1.97216 -1.90974
1.44582 -1.49146 1.92602 1.63664 1.04766 -2.05231 -2.04757 1.09982 0.239768 1.016 -0.0192665 3.07504 -1.37123 0.87519 -1.97216 -1.90974
1.44854 -1.49146 1.92602 1.63664 1.04766 -2.05231 -2.04757 1.09982 0.239768 1.016 -0.0192665 3.07504 -1.37123 0.87519 -1.97216 -1.90974
1.45117 -1.49146 1.92602 1.63664 1.04766 -2.05231 -2.04757 1.09982 0.239768 1.016 -0.0192665 3.07504 -1.37123 0.87519 -1.97216 -1.90974
1.45401 -1.49146 1.92602 1.63664 1.04766 -2.05231 -2.04757 1.09982 0.239768 1.016 -0.0192665 3.07504 -1.37123 0.87519 -1.97216 -1.90974
1.45708 -1.49146 1.92602 1.63664 1.04766 -2.05231 -2.04757 1.09982 0.239768 1.016 -0.0192665 3.07504 -1.37123 0.87519 -1.97216 -1.90974
1.46026 -1.49146 1.92602 1.63664 1.04766 -2.05231 -2.04757 1.09982 0.239768 1.016 -0.0192665 3.07504 -1.37123 0.87519 -1.97216 -1.90974
1.46352 -1.49146 1.92602 1.63664 1.04766 -2.05231 -2.04757 1.09982 0.239768 1.016 -0.0192665 3.07504 -1.37123 0.87519 -1.97216 -1.90974
1.46678 -1.49146 1.92602 1.63664 1.04766 -2.05231 -2.04757 1.09982 0.239768 1.016 -0.0192665 3.07504 -1.37123 0.87519 -1.97216 -1.90974
1.46993 -1.49146 1.92602 1.63664 1.04766 -2.05231 -2.04757 1.09982 0.239768 1.016 -0.0192665 3.07504 -1.37123 0.87519 -1.97216 -1.90974
1.4732 -1.49146 1.92602 1.63664 1.04766 -2.05231 -2.04757 1.09982 0.239768 1.016 -0.0192665 3.07504 -1.37123 0.87519 -1.97216 -1.90974
1.47663 -1.49146 1.92602 1.63664 1.04766 -2.05231 -2.04757 1.09982 0.239768 1.016 -0.0192665 3.07504 -1.37123 0.87519 -1.97216 -1.90974
1.48019 -1.49146 1.92602 1.63664 1.04766 -2.05231 -2.04757 1.09982 0.239768 1.016 -0.0192665 3.07504 -1.37123 0.87519 -1.97216 -1.90974
1.48386 -1.49146 1.92602 1.63664 1.04766 -2.05231 -2.04757 1.09982 0.239768 1.016 -0.0192665 3.07504 -1.37123 0.87519 -1.97216 -1.90974
1.48754 -1.49146 1.92602 1.63664 1.04766 -2.05231 -2.04757 1.09982 0.239768 1.016 -0.0192665 3.07504 -1.37123 0.87519 -1.97216 -1.90974
1.49122 -1.49146 1.92602 1.63664 1.04766 -2.05231 -2.04757 1.09982 0.239768 1.016 -0.0192665 3.07504 -1.37123 0.87519 -1.97216 -1.90974
1.49494 -1.49146 1.92602 1.63664 1.04766 -2.05231 -2.04757 1.09982 0.239768 1.016 -0.0192665 3.07504 -1.37123 0.87519 -1.97216 -1.90974
1.49881 -1.49146 1.92602 1.63664 1.04766 -2.05231 -2.04757 1.09982 0.239768 1.016 -0.0192665 3.07504 -1.37123 0.87519 -1.97216 -1.90974
1.50284 -1.49146 1.92602 1.63664 1.04766 -2.05231 -2.04757 1.09982 0.239768 1.016 -0.0192665 3.07504 -1.37123 0.87519 -1.97216 -1.90974
1.50709 -1.49146 1.92602 1.63664 1.04766 -2.05231 -2.04757 1.09982 0.239768 1.016 -0.0192665 3.07504 -1.37123 0.87519 -1.97216 -1.90974
1.51128 -1.49146 1.92602 1.63664 1.04766 -2.05231 -2.04757 1.09982 0.239768 1.016 -0.0192665 3.07504 -1.37123 0.87519 -1.97216 -1.90974
1.51547 -1.49146 1.92602 1.63664 1.04766 -2.05231 -2.04757 1.09982 0.239768 1.016 -0.0192665 3.07504 -1.37123 0.87519 -1.97216 -1.90974
1.51972 -1.49146 1.92602 1.63664 1.04766 -2.05231 -2.04757 1.09982 0.239768 1.016 -0.0192665 3.07504 -1.37123 0.87519 -1.97216 -1.90974
1.52428 -1.49146 1.92602 1.63664 1.04766 -2.05231 -2.04757 1.09982 0.239768 1.016 -0.0192665 3.07504 -1.37123 0.87519 -1.97216 -1.90974
1.529 -1.49146 1.92602 1.63664 1.04766 -2.05231 -2.04757 1.09982 0.239768 1.016 -0.0192665 3.07504 -1.37123 0.87519 -1.97216 -1.90974
1.53374 -1.49146 1.92602 1.63664 1.04766 -2.05231 -2.04757 1.09982 0.239768 1.016 -0.0192665 3.07504 -1.37123 0.87519 -1.97216 -1.90974
1.53843 -1.49146 1.92602 1.63664 1.04766 -2.05231 -2.04757 1.09982 0.239768 1.016 -0.0192665 3.07504 -1.37123 0.87519 -1.97216 -1.90974
1.54343 -1.49146 1.92602 1.63664 1.04766 -2.05231 -2.04757 1.09982 0.239768 1.016 -0.0192665 3.07504 -1.37123 0.87519 -1.97216 -1.90974
1.54865 -1.49146 1.92602 1.63664 1.04766 -2.05231 -2.04757 1.09982 0.239768 1.016 -0.0192665 3.07504 -1.37123 0.87519 -1.97216 -1.90974
1.5538 -1.49146 1.92602 1.63664 1.04766 -2.05231 -2.04757 1.09982 0.239768 1.016 -0.0192665 3.07504 -1.37123 0.87519 -1.97216 -1.90974
1.55922 -1.49146 1.92602 1.63664 1.04766 -2.05231 -2.04757 1.09982 0.239768 1.016 -0.0192665 3.07504 -1.37123 0.87519 -1.97216 -1.90974
1.56471 -1.49146 1.92602 1.63664 1.04766 -2.05231 -2.04757 1.09982 0.239768 1.016 -0.0192665 3.07504 -1.37123 0.87519 -1.97216 -1.90974
1.57026 -1.49146 1.92602 1.63664 1.04766 -2.05231 -2.04757 1.09982 0.239768 1.016 -0.0192665 3.07504 -1.37123 0.87519 -1.97216 -1.90974
1.5759 -1.49146 1.92602 1.63664 1.04766 -2.05231 -2.04757 1.09982 0.239768 1.016 -0.0192665 3.07504 -1.37123 0.87519 -1.97216 -1.90974
1.58179 -1.49146 1.92602 1.63664 1.04766 -2.05231 -2.04757 1.09982 0.239768 1.016 -0.0192665 3.07504 -1.37123 0.87519 -1.97216 -1.90974
1.58776 -1.49146 1.92602 1.63664 1.04766 -2.05231 -2.04757 1.09982 0.239768 1.016 -0.0192665 3.07504 -1.37123 0.87519 -1.97216 -1.90974
1.59382 -1.49146 1.92602 1.63664 1.04766 -2.05231 -2.04757 1.09982 0.239768 1.016 -0.0192665 3.07504 -1.37123 0.87519 -1.97216 -1.90974
1.59996 -1.49146 1.92602 1.63664 1.04766 -2.05231 -2.04757 1.09982 0.239768 1.016 -0.0192665 3.07504 -1.37123 0.87519 -1.97216 -1.90974
1.60628 -1.49146 1.92602 1.63664 1.04766 -2.05231 -2.04757 1.09982 0.239768 1.016 -0.0192665 3.07504 -1.37123 0.87519 -1.97216 -1.90974
1.61275 -1.49146 1.92602 1.63664 1.04766 -2.05231 -2.04757 1.09982 0.239768 1.016 -0.0192665 3.07504 -1.37123 0.87519 -1.97216 -1.90974
1.61932 -1.49146 1.92602 1.63664 1.04766 -2.05231 -2.04757 1.09982 0.239768 1.016 -0.0192665 3.07504 -1.37123 0.87519 -1.97216 -1.90974
1.6262 -1.49146 1.92602 1.63664 1.04766 -2.05231 -2.04757 1.09982 0.239768 1.016 -0.0192665 3.07504 -1.37123 0.87519 -1.97216 -1.90974
1.63486 -1.49146 1.92602 1.63664 1.04766 -2.05231 -2.04757 1.09982 0.239768 1.016 -0.0192665 3.07504 -1.37123 0.87519 -1.97216 -1.90974
1.63486 -1.49146 1.92602 1.63664 1.04766 -2.05231 -2.04757 1.09982 0.239768 1.016 -0.0192665 3.07504 -1.37123 0.87519 -1.97216 -1.90974
1.63486 -1.49146 1.92602 1.63664 1.04766 -2.05231 -2.04757 1.09982 0.239768 1.016 -0.0192665 3.07504 -1.37123 0.87519 -1.97216 -1.90974
1.63486 -1.49146 1.92602 1.63664 1.04766 -2.05231 -2.04757 1.09982 0.239768 1.016 -0.0192665 3.07504 -1.37123 0.87519 -1.97216 -1.90974
1.63486 -1.49146 1.92602 1.63664 1.04766 -2.05231 -2.04757 1.09982 0.239768 1.016 -0.0192665 3.07504 -1.37123 0.87519 -1.97216 -1.90974
1.63486 -1.49146 1.92602 1.63664 1.04766 -2.05231 -2.04757 1.09982 0.239768 1.016 -0.0192665 3.07504 -1.37123 0.87519 -1.97216 -1.90974
1.63487 -1.49146 1.92602 1.63664 1.04766 -2.05231 -2.04757 1.09982 0.239768 1.016 -0.0192665 3.07504 -1.37123 0.87519 -1.97216 -1.90974
1.63487 -1.49146 1.92602 1.63664 1.04766 -2.05231 -2.04757 1.09982 0.239768 1.016 -0.0192665 3.07504 -1.37123 0.87519 -1.97216 -1.90974
1.63487 -1.49146 1.92602 1.63664 1.04766 -2.05231 -2.04757 1.09982 0.239768 1.016 -0.0192665 3.07504 -1.37123 0.87519 -1.97216 -1.90974
1.63488 -1.49146 1.92602 1.63664 1.04766 -2.05231 -2.04757 1.09982 0.239768 1.016 -0.0192665 3.07504 -1.37123 0.87519 -1.97216 -1.90974
1.63488 -1.49146 1.92602 1.63664 1.04766 -2.05231 -2.04757 1.09982 0.239768 1.016 -0.0192665 3.07504 -1.37123 0.87519 -1.97216 -1.90974
1.63489 -1.49146 1.92602 1.63664 1.04766 -2.05231 -2.04757 1.09982 0.239768 1.016 -0.0192665 3.07504 -1.37123 0.87519 -1.97216 -1.90974
1.6349 -1.49146 1.92602 1.63664 1.04766 -2.05231 -2.04757 1.09982 0.239768 1.016 -0.0192665 3.07504 -1.37123 0.87519 -1.97216 -1.90974
1.63678 -1.49146 1.92602 1.63664 1.04766 -2.05231 -2.04757 1.09982 0.239768 1.016 -0.0192665 3.07504 -1.37123 0.87519 -1.97216 -1.90974
1.64032 -1.49146 1.92602 1.63664 1.04766 -2.05231 -2.04757 1.09982 0.239768 1.016 -0.0192665 3.07504 -1.37123 0.87519 -1.97216 -1.90974
1.64443 -1.49146 1.92602 1.63664 1.04766 -2.05231 -2.04757 1.09982 0.239768 1.016 -0.0192665 3.07504 -1.37123 0.87519 -1.97216 -1.90974
1.64875 -1.49146 1.92602 1.63664 1.04766 -2.05231 -2.04757 1.09982 0.239768 1.016 -0.0192665 3.07504 -1.37123 0.87519 -1.97216 -1.90974
1.65376 -1.49146 1.92602 1.63664 1.04766 -2.05231 -2.04757 1.09982 0.239768 1.016 -0.0192665 3.07504 -1.37123 0.87519 -1.97216 -1.90974
1.66015 -1.49146 1.92602 1.63664 1.04766 -2.05231 -2.04757 1.09982 0.239768 1.016 -0.0192665 3.07504 -1.37123 0.87519 -1.97216 -1.90974
1.66753 -1.49146 1.92602 1.63664 1.04766 -2.05231 -2.04757 1.09982 0.239768 1.016 -0.0192665 3.07504 -1.37123 0.87519 -1.97216 -1.90974
1.6754 -1.49146 1.92602 1.63664 1.04766 -2.05231 -2.04757 1.09982 0.239768 1.016 -0.0192665 3.07504 -1.37123 0.87519 -1.97216 -1.90974
1.68348 -1.49146 1.92602 1.63664 1.04766 -2.05231 -2.04757 1.09982 0.239768 1.016 -0.0192665 3.07504 -1.37123 0.87519 -1.97216 -1.90974
1.69161 -1.49146 1.92602 1.63664 1.04766 -2.05231 -2.04757 1.09982 0.239768 1.016 -0.0192665 3.07504 -1.37123 0.87519 -1.97216 -1.90974
1.6998 -1.49146 1.92602 1.63664 1.04766 -2.05231 -2.04757 1.09982 0.239768 1.016 -0.0192665 3.07504 -1.37123 0.87519 -1.97216 -1.90974
1.70826 -1.49146 1.92602 1.63664 1.04766 -2.05231 -2.04757 1.09982 0.239768 1.016 -0.0192665 3.07504 -1.37123 0.87519 -1.97216 -1.90974
1.71713 -1.49146 1.92602 1.63664 1.04766 -2.05231 -2.04757 1.09982 0.239768 1.016 -0.0192665 3.07504 -1.37123 0.87519 -1.97216 -1.90974
1.72645 -1.49146 1.92602 1.63664 1.04766 -2.05231 -2.04757 1.09982 0.239768 1.016 -0.0192665 3.07504 -1.37123 0.87519 -1.97216 -1.90974
1.73611 -1.49146 1.92602 1.63664 1.04766 -2.05231 -2.04757 1.09982 0.239768 1.016 -0.0192665 3.07504 -1.37123 0.87519 -1.97216 -1.90974
1.73789 -1.49146 1.92602 1.63664 1.04766 -2.05231 -2.04757 1.09982 0.239768 1.016 -0.0192665 3.07504 -1.37123 0.87519 -1.97216 -1.90974
1.73789 -1.49146 1.92602 1.63664 1.04766 -2.05231 -2.04757 1.09982 0.239768 1.016 -0.0192665 3.07504 -1.37123 0.87519 -1.97216 -1.90974
1.73789 -1.49146 1.92602 1.63664 1.04766 -2.05231 -2.04757 1.09982 0.239768 1.016 -0.0192665 3.07504 -1.37123 0.87519 -1.97216 -1.90974
1.73789 -1.49146 1.92602 1.63664 1.04766 -2.05231 -2.04757 1.09982 0.239768 1.016 -0.0192665 3.07504 -1.37123 0.87519 -1.97216 -1.90974
1.73789 -1.49146 1.92602 1.63664 1.04766 -2.05231 -2.04757 1.09982 0.239768 1.016 -0.0192665 3.07504 -1.37123 0.87519 -1.97216 -1.90974
1.73789 -1.49146 1.92602 1.63664 1.04766 -2.05231 -2.04757 1.09982 0.239768 1.016 -0.0192665 3.07504 -1.37123 0.87519 -1.97216 -1.90974
1.73787 -1.49146 1.92602 1.63664 1.04766 -2.05231 -2.04757 1.09982 0.239768 1.016 -0.0192665 3.07504 -1.37123 0.87519 -1.97216 -1.90974
1.73768 -1.49146 1.92602 1.63664 1.04766 -2.05231 -2.04757 1.09982 0.239768 1.016 -0.0192665 3.07504 -1.37123 0.87519 -1.97216 -1.90974
1.73749 -1.49146 1.92602 1.63664 1.04766 -2.05231 -2.04757 1.09982 0.239768 1.016 -0.0192665 3.07504 -1.37123 0.87519 -1.97216 -1.90974
1.73693 -1.49146 1.92602 1.63664 1.04766 -2.05231 -2.04757 1.09982 0.239768 1.016 -0.0192665 3.07504 -1.37123 0.87519 -1.97216 -1.90974
1.73523 -1.49146 1.92602 1.63664 1.04766 -2.05231 -2.04757 1.09982 0.239768 1.016 -0.0192665 3.07504 -1.37123 0.87519 -1.97216 -1.90974
1.73318 -1.49146 1.92602 1.63664 1.04766 -2.05231 -2.04757 1.09982 0.239768 1.016 -0.0192665 3.07504 -1.37123 0.87519 -1.97216 -1.90974
1.73044 -1.49146 1.92602 1.63664 1.04766 -2.05231 -2.04757 1.09982 0.239768 1.016 -0.0192665 3.07504 -1.37123 0.87519 -1.97216 -1.90974
1.72646 -1.49146 1.92602 1.63664 1.04766 -2.05231 -2.04757 1.09982 0.239768 1.016 -0.0192665 3.07504 -1.37123 0.87519 -1.97216 -1.90974
1.7221 -1.49146 1.92602 1.63664 1.04766 -2.05231 -2.04757 1.09982 0.239768 1.016 -0.0192665 3.07504 -1.37123 0.87519 -1.97216 -1.90974
1.71755 -1.49146 1.92602 1.63664 1.04766 -2.05231 -2.04757 1.09982 0.239768 1.016 -0.0192665 3.07504 -1.37123 0.87519 -1.97216 -1.90974
1.71294 -1.49146 1.92602 1.63664 1.04766 -2.05231 -2.04757 1.09982 0.239768 1.016 -0.0192665 3.07504 -1.37123 0.87519 -1.97216 -1.90974
1.70824 -1.49146 1.92602 1.63664 1.04766 -2.05231 -2.04757 1.09982 0.239768 1.016 -0.0192665 3.07504 -1.37123 0.87519 -1.97216 -1.90974
1.70353 -1.49146 1.92602 1.63664 1.04766 -2.05231 -2.04757 1.09982 0.239768 1.016 -0.0192665 3.07504 -1.37123 0.87519 -1.97216 -1.90974
1.69901 -1.49146 1.92602 1.63664 1.04766 -2.05231 -2.04757 1.09982 0.239768 1.016 -0.0192665 3.07504 -1.37123 0.87519 -1.97216 -1.90974
1.69455 -1.49146 1.92602 1.63664 1.04766 -2.05231 -2.04757 1.09982 0.239768 1.016 -0.0192665 3.07504 -1.37123 0.87519 -1.97216 -1.90974
1.69009 -1.49146 1.92602 1.63664 1.04766 -2.05231 -2.04757 1.09982 0.239768 1.016 -0.0192665 3.07504 -1.37123 0.87519 -1.97216 -1.90974
1.68563 -1.49146 1.92602 1.63664 1.04766 -2.05231 -2.04757 1.09982 0.239768 1.016 -0.0192665 3.07504 -1.37123 0.87519 -1.97216 -1.90974
1.68105 -1.49146 1.92602 1.63664 1.04766 -2.05231 -2.04757 1.09982 0.239768 1.016 -0.0192665 3.07504 -1.37123 0.87519 -1.97216 -1.90974
1.67646 -1.49146 1.92602 1.63664 1.04766 -2.05231 -2.04757 1.09982 0.239768 1.016 -0.0192665 3.07504 -1.37123 0.87519 -1.97216 -1.90974
1.67178 -1.49146 1.92602 1.63664 1.04766 -2.05231 -2.04757 1.09982 0.239768 1.016 -0.0192665 3.07504 -1.37123 0.87519 -1.97216 -1.90974
1.66714 -1.49146 1.92602 1.63664 1.04766 -2.05231 -2.04757 1.09982 0.239768 1.016 -0.0192665 3.07504 -1.37123 0.87519 -1.97216 -1.90974
1.66253 -1.49146 1.92602 1.63664 1.04766 -2.05231 -2.04757 1.09982 0.239768 1.016 -0.0192665 3.07504 -1.37123 0.87519 -1.97216 -1.90974
1.65786 -1.49146 1.92602 1.63664 1.04766 -2.05231 -2.04757 1.09982 0.239768 1.016 -0.0192665 3.07504 -1.37123 0.87519 -1.97216 -1.90974
1.65322 -1.49146 1.92602 1.63664 1.04766 -2.05231 -2.04757 1.09982 0.239768 1.016 -0.0192665 3.07504 -1.37123 0.87519 -1.97216 -1.90974
1.64861 -1.49146 1.92602 1.63664 1.04766 -2.05231 -2.04757 1.09982 0.239768 1.016 -0.0192665 3.07504 -1.37123 0.87519 -1.97216 -1.90974
1.64386 -1.49146 1.92602 1.63664 1.04766 -2.05231 -2.04757 1.09982 0.239768 1.016 -0.0192665 3.07504 -1.37123 0.87519 -1.97216 -1.90974
1.63906 -1.49146 1.92602 1.63664 1.04766 -2.05231 -2.04757 1.09982 0.239768 1.016 -0.0192665 3.07504 -1.37123 0.87519 -1.97216 -1.90974
1.63429 -1.49146 1.92602 1.63664 1.04766 -2.05231 -2.04757 1.09982 0.239768 1.016 -0.0192665 3.07504 -1.37123 0.87519 -1.97216 -1.90974
1.62948 -1.49146 1.92602 1.63664 1.04766 -2.05231 -2.04757 1.09982 0.239768 1.016 -0.0192665 3.07504 -1.37123 0.87519 -1.97216 -1.90974
1.62462 -1.49146 1.92602 1.63664 1.04766 -2.05231 -2.04757 1.09982 0.239768 1.016 -0.0192665 3.07504 -1.37123 0.87519 -1.97216 -1.90974
1.61983 -1.49146 1.92602 1.63664 1.04766 -2.05231 -2.04757 1.09982 0.239768 1.016 -0.0192665 3.07504 -1.37123 0.87519 -1.97216 -1.90974
1.61492 -1.49146 1.92602 1.63664 1.04766 -2.05231 -2.04757 1.09982 0.239768 1.016 -0.0192665 3.07504 -1.37123 0.87519 -1.97216 -1.90974
1.61002 -1.49146 1.92602 1.63664 1.04766 -2.05231 -2.04757 1.09982 0.239768 1.016 -0.0192665 3.07504 -1.37123 0.87519 -1.97216 -1.90974
1.60515 -1.49146 1.92602 1.63664 1.04766 -2.05231 -2.04757 1.09982 0.239768 1.016 -0.0192665 3.07504 -1.37123 0.87519 -1.97216 -1.90974
1.60031 -1.49146 1.92602 1.63664 1.04766 -2.05231 -2.04757 1.09982 0.239768 1.016 -0.0192665 3.07504 -1.37123 0.87519 -1.97216 -1.90974
1.59549 -1.49146 1.92602 1.63664 1.04766 -2.05231 -2.04757 1.09982 0.239768 1.016 -0.0192665 3.07504 -1.37123 0.87519 -1.97216 -1.90974
1.59055 -1.49146 1.92602 1.63664 1.04766 -2.05231 -2.04757 1.09982 0.239768 1.016 -0.0192665 3.07504 -1.37123 0.87519 -1.97216 -1.90974
1.58552 -1.49146 1.92602 1.63664 1.04766 -2.05231 -2.04757 1.09982 0.239768 1.016 -0.0192665 3.07504 -1.37123 0.87519 -1.97216 -1.90974
1.5806 -1.49146 1.92602 1.63664 1.04766 -2.05231 -2.04757 1.09982 0.239768 1.016 -0.0192665 3.07504 -1.37123 0.87519 -1.97216 -1.90974
1.57572 -1.49146 1.92602 1.63664 1.04766 -2.05231 -2.04757 1.09982 0.239768 1.016 -0.0192665 3.07504 -1.37123 0.87519 -1.97216 -1.90974
1.57078 -1.49146 1.92602 1.63664 1.04766 -2.05231 -2.04757 1.09982 0.239768 1.016 -0.0192665 3.07504 -1.37123 0.87519 -1.97216 -1.90974
1.56572 -1.49146 1.92602 1.63664 1.04766 -2.05231 -2.04757 1.09982 0.239768 1.016 -0.0192665 3.07504 -1.37123 0.87519 -1.97216 -1.90974
1.56077 -1.49146 1.92602 1.63664 1.04766 -2.05231 -2.04757 1.09982 0.239768 1.016 -0.0192665 3.07504 -1.37123 0.87519 -1.97216 -1.90974
1.55579 -1.49146 1.92602 1.63664 1.04766 -2.05231 -2.04757 1.09982 0.239768 1.016 -0.0192665 3.07504 -1.37123 0.87519 -1.97216 -1.90974
1.55078 -1.49146 1.92602 1.63664 1.04766 -2.05231 -2.04757 1.09982 0.239768 1.016 -0.0192665 3.07504 -1.37123 0.87519 -1.97216 -1.90974
1.54574 -1.49146 1.92602 1.63664 1.04766 -2.05231 -2.04757 1.09982 0.239768 1.016 -0.0192665 3.07504 -1.37123 0.87519 -1.97216 -1.90974
1.54071 -1.49146 1.92602 1.63664 1.04766 -2.05231 -2.04757 1.09982 0.239768 1.016 -0.0192665 3.07504 -1.37123 0.87519 -1.97216 -1.90974
1.5357 -1.49146 1.92602 1.63664 1.04766 -2.05231 -2.04757 1.09982 0.239768 1.016 -0.0192665 3.07504 -1.37123 0.87519 -1.97216 -1.90974
1.53063 -1.49146 1.92602 1.63664 1.04766 -2.05231 -2.04757 1.09982 0.239768 1.016 -0.0192665 3.07504 -1.37123 0.87519 -1.97216 -1.90974
1.52551 -1.49146 1.92602 1.63664 1.04766 -2.05231 -2.04757 1.09982 0.239768 1.016 -0.0192665 3.07504 -1.37123 0.87519 -1.97216 -1.90974
1.52044 -1.49146 1.92602 1.63664 1.04766 -2.05231 -2.04757 1.09982 0.239768 1.016 -0.0192665 3.07504 -1.37123 0.87519 -1.97216 -1.90974
1.51529 -1.49146 1.92602 1.63664 1.04766 -2.05231 -2.04757 1.09982 0.239768 1.016 -0.0192665 3.07504 -1.37123 0.87519 -1.97216 -1.90974
1.51013 -1.49146 1.92602 1.63664 1.04766 -2.05231 -2.04757 1.09982 0.239768 1.016 -0.0192665 3.07504 -1.37123 0.87519 -1.97216 -1.90974
1.50494 -1.49146 1.92602 1.63664 1.04766 -2.05231 -2.04757 1.09982 0.239768 1.016 -0.0192665 3.07504 -1.37123 0.87519 -1.97216 -1.90974
1.49974 -1.49146 1.92602 1.63664 1.04766 -2.05231 -2.04757 1.09982 0.239768 1.016 -0.0192665 3.07504 -1.37123 0.87519 -1.97216 -1.90974
1.49448 -1.49146 1.92602 1.63664 1.04766 -2.05231 -2.04757 1.09982 0.239768 1.016 -0.0192665 3.07504 -1.37123 0.87519 -1.97216 -1.90974
1.48922 -1.49146 1.92602 1.63664 1.04766 -2.05231 -2.04757 1.09982 0.239768 1.016 -0.0192665 3.07504 -1.37123 0.87519 -1.97216 -1.90974
1.48397 -1.49146 1.92602 1.63664 1.04766 -2.05231 -2.04757 1.09982 0.239768 1.016 -0.0192665 3.07504 -1.37123 0.87519 -1.97216 -1.90974
1.47867 -1.49146 1.92602 1.63664 1.04766 -2.05231 -2.04757 1.09982 0.239768 1.016 -0.0192665 3.07504 -1.37123 0.87519 -1.97216 -1.90974
1.47338 -1.49146 1.92602 1.63664 1.04766 -2.05231 -2.04757 1.09982 0.239768 1.016 -0.0192665 3.07504 -1.37123 0.87519 -1.97216 -1.90974
1.46799 -1.49146 1.92602 1.63664 1.04766 -2.05231 -2.04757 1.09982 0.239768 1.016 -0.0192665 3.07504 -1.37123 0.87519 -1.97216 -1.90974
1.4627 -1.49146 1.92602 1.63664 1.04766 -2.05231 -2.04757 1.09982 0.239768 1.016 -0.0192665 3.07504 -1.37123 0.87519 -1.97216 -1.90974
1.45746 -1.49146 1.92602 1.63664 1.04766 -2.05231 -2.04757 1.09982 0.239768 1.016 -0.0192665 3.07504 -1.37123 0.87519 -1.97216 -1.90974
1.45211 -1.49146 1.92602 1.63664 1.04766 -2.05231 -2.04757 1.09982 0.239768 1.016 -0.0192665 3.07504 -1.37123 0.87519 -1.97216 -1.90974
1.44676 -1.49146 1.92602 1.63664 1.04766 -2.05231 -2.04757 1.09982 0.239768 1.016 -0.0192665 3.07504 -1.37123 0.87519 -1.97216 -1.90974
1.44136 -1.49146 1.92602 1.63664 1.04766 -2.05231 -2.04757 1.09982 0.239768 1.016 -0.0192665 3.07504 -1.37123 0.87519 -1.97216 -1.90974
1.436 -1.49146 1.92602 1.63664 1.04766 -2.05231 -2.04757 1.09982 0.239768 1.016 -0.0192665 3.07504 -1.37123 0.87519 -1.97216 -1.90974
1.43058 -1.49146 1.92602 1.63664 1.04766 -2.05231 -2.04757 1.09982 0.239768 1.016 -0.0192665 3.07504 -1.37123 0.87519 -1.97216 -1.90974
1.42511 -1.49146 1.92602 1.63664 1.04766 -2.05231 -2.04757 1.09982 0.239768 1.016 -0.0192665 3.07504 -1.37123 0.87519 -1.97216 -1.90974
1.41959 -1.49146 1.92602 1.63664 1.04766 -2.05231 -2.04757 1.09982 0.239768 1.016 -0.0192665 3.07504 -1.37123 0.87519 -1.97216 -1.90974
1.41409 -1.49146 1.92602 1.63664 1.04766 -2.05231 -2.04757 1.09982 0.239768 1.016 -0.0192665 3.07504 -1.37123 0.87519 -1.97216 -1.90974
1.40859 -1.49146 1.92602 1.63664 1.04766 -2.05231 -2.04757 1.09982 0.239768 1.016 -0.0192665 3.07504 -1.37123 0.87519 -1.97216 -1.90974
1.40311 -1.49146 1.92602 1.63664 1.04766 -2.05231 -2.04757 1.09982 0.239768 1.016 -0.0192665 3.07504 -1.37123 0.87519 -1.97216 -1.90974
1.39757 -1.49146 1.92602 1.63664 1.04766 -2.05231 -2.04757 1.09982 0.239768 1.016 -0.0192665 3.07504 -1.37123 0.87519 -1.97216 -1.90974
1.39203 -1.49146 1.92602 1.63664 1.04766 -2.05231 -2.04757 1.09982 0.239768 1.016 -0.0192665 3.07504 -1.37123 0.87519 -1.97216 -1.90974
1.38641 -1.49146 1.92602 1.63664 1.04766 -2.05231 -2.04757 1.09982 0.239768 1.016 -0.0192665 3.07504 -1.37123 0.87519 -1.97216 -1.90974
1.38076 -1.49146 1.92602 1.63664 1.04766 -2.05231 -2.04757 1.09982 0.239768 1.016 -0.0192665 3.07504 -1.37123 0.87519 -1.97216 -1.90974
1.3751 -1.49146 1.92602 1.63664 1.04766 -2.05231 -2.04757 1.09982 0.239768 1.016 -0.0192665 3.07504 -1.37123 0.87519 -1.97216 -1.90974
1.36939 -1.49146 1.92602 1.63664 1.04766 -2.05231 -2.04757 1.09982 0.239768 1.016 -0.0192665 3.07504 -1.37123 0.87519 -1.97216 -1.90974
1.36344 -1.49146 1.92602 1.63664 1.04766 -2.05231 -2.04757 1.09982 0.239768 1.016 -0.0192665 3.07504 -1.37123 0.87519 -1.97216 -1.90974
1.35772 -1.49146 1.92602 1.63664 1.04766 -2.05231 -2.04757 1.09982 0.239768 1.016 -0.0192665 3.07504 -1.37123 0.87519 -1.97216 -1.90974
1.35193 -1.49146 1.92602 1.63664 1.04766 -2.05231 -2.04757 1.09982 0.239768 1.016 -0.0192665 3.07504 -1.37123 0.87519 -1.97216 -1.90974
1.34613 -1.49146 1.92602 1.63664 1.04766 -2.05231 -2.04757 1.09982 0.239768 1.016 -0.0192665 3.07504 -1.37123 0.87519 -1.97216 -1.90974
1.34039 -1.49146 1.92602 1.63664 1.04766 -2.05231 -2.04757 1.09982 0.239768 1.016 -0.0192665 3.07504 -1.37123 0.87519 -1.97216 -1.90974
1.33459 -1.49146 1.92602 1.63664 1.04766 -2.05231 -2.04757 1.09982 0.239768 1.016 -0.0192665 3.07504 -1.37123 0.87519 -1.97216 -1.90974
1.32883 -1.49146 1.92602 1.63664 1.04766 -2.05231 -2.04757 1.09982 0.239768 1.016 -0.0192665 3.07504 -1.37123 0.87519 -1.97216 -1.90974
1.32303 -1.49146 1.92602 1.63664 1.04766 -2.05231 -2.04757 1.09982 0.239768 1.016 -0.0192665 3.07504 -1.37123 0.87519 -1.97216 -1.90974
1.31722 -1.49146 1.92602 1.63664 1.04766 -2.05231 -2.04757 1.09982 0.239768 1.016 -0.0192665 3.07504 -1.37123 0.87519 -1.97216 -1.90974
