21.466
21.476
21.487
21.497
21.507
21.518
21.528
21.547
21.567
21.588
21.608
21.629
21.65
21.67
21.691
21.711
21.732
21.771
21.81
21.849
21.888
21.927
21.967
22.005
22.044
22.083
22.121
22.16
22.199
22.237
22.276
22.315
22.354
22.393
22.431
22.47
22.508
22.548
22.586
22.625
22.664
22.703
22.743
22.782
22.821
22.86
22.899
22.937
22.976
23.014
23.053
23.092
23.13
23.168
23.207
23.245
23.284
23.322
23.361
23.4
23.439
23.478
23.516
23.555
23.594
23.633
23.673
23.712
23.75
23.789
23.828
23.866
23.905
23.943
23.981
24.019
24.058
24.096
26.351
26.362
26.373
26.384
26.395
26.405
26.415
26.426
26.445
26.465
26.503
26.542
26.58
26.619
26.657
26.696
26.734
26.773
26.813
26.852
26.891
26.93
26.968
27.007
27.045
27.084
27.122
27.162
28.434
28.445
28.456
28.467
28.477
28.488
28.499
28.509
28.52
28.533
28.572
28.61
28.648
28.687
28.727
28.766
28.805
28.844
28.883
28.922
28.96
28.999
29.037
29.075
29.114
29.153
29.191
29.229
29.269
29.307
29.345
29.384
29.423
29.462
29.501
29.54
29.579
29.619
29.658
29.697
29.735
29.773
29.813
29.852
29.891
29.929
29.968
30.007
30.046
30.084
30.123
30.161
30.2
30.238
30.277
30.315
30.354
30.393
30.432
30.47
30.509
30.549
30.588
30.627
30.665
30.705
30.743
30.782
30.82
30.859
30.897
30.936
30.975
31.013
31.052
31.091
31.13
31.168
31.207
31.246
31.284
31.323
31.362
31.401
31.441
31.481
31.52
31.559
31.598
31.636
31.675
31.714
31.752
31.791
