2.6921 -0.242452 1.16721 -0.640521 1.87385 -1.07094 2.93359 -1.71572 -1.88998 -1.50367 0.516205 -0.164597 -1.31751 -1.53524 0.825567 2.63712
2.69057 -0.242452 1.16721 -0.640521 1.87385 -1.07094 2.93359 -1.71572 -1.88998 -1.50367 0.516205 -0.164597 -1.31751 -1.53524 0.825567 2.63712
2.6893 -0.242452 1.16721 -0.640521 1.87385 -1.07094 2.93359 -1.71572 -1.88998 -1.50367 0.516205 -0.164597 -1.31751 -1.53524 0.825567 2.63712
2.68801 -0.242452 1.16721 -0.640521 1.87385 -1.07094 2.93359 -1.71572 -1.88998 -1.50367 0.516205 -0.164597 -1.31751 -1.53524 0.825567 2.63712
2.68672 -0.242452 1.16721 -0.640521 1.87385 -1.07094 2.93359 -1.71572 -1.88998 -1.50367 0.516205 -0.164597 -1.31751 -1.53524 0.825567 2.63712
2.68529 -0.242452 1.16721 -0.640521 1.87385 -1.07094 2.93359 -1.71572 -1.88998 -1.50367 0.516205 -0.164597 -1.31751 -1.53524 0.825567 2.63712
2.68384 -0.242452 1.16721 -0.640521 1.87385 -1.07094 2.93359 -1.71572 -1.88998 -1.50367 0.516205 -0.164597 -1.31751 -1.53524 0.825567 2.63712
2.68208 -0.242452 1.16721 -0.640521 1.87385 -1.07094 2.93359 -1.71572 -1.88998 -1.50367 0.516205 -0.164597 -1.31751 -1.53524 0.825567 2.63712
2.68021 -0.242452 1.16721 -0.640521 1.87385 -1.07094 2.93359 -1.71572 -1.88998 -1.50367 0.516205 -0.164597 -1.31751 -1.53524 0.825567 2.63712
2.67831 -0.242452 1.16721 -0.640521 1.87385 -1.07094 2.93359 -1.71572 -1.88998 -1.50367 0.516205 -0.164597 -1.31751 -1.53524 0.825567 2.63712
2.67639 -0.242452 1.16721 -0.640521 1.87385 -1.07094 2.93359 -1.71572 -1.88998 -1.50367 0.516205 -0.164597 -1.31751 -1.53524 0.825567 2.63712
2.67448 -0.242452 1.16721 -0.640521 1.87385 -1.07094 2.93359 -1.71572 -1.88998 -1.50367 0.516205 -0.164597 -1.31751 -1.53524 0.825567 2.63712
2.67257 -0.242452 1.16721 -0.640521 1.87385 -1.07094 2.93359 -1.71572 -1.88998 -1.50367 0.516205 -0.164597 -1.31751 -1.53524 0.825567 2.63712
2.67067 -0.242452 1.16721 -0.640521 1.87385 -1.07094 2.93359 -1.71572 -1.88998 -1.50367 0.516205 -0.164597 -1.31751 -1.53524 0.825567 2.63712
2.6688 -0.242452 1.16721 -0.640521 1.87385 -1.07094 2.93359 -1.71572 -1.88998 -1.50367 0.516205 -0.164597 -1.31751 -1.53524 0.825567 2.63712
2.66687 -0.242452 1.16721 -0.640521 1.87385 -1.07094 2.93359 -1.71572 -1.88998 -1.50367 0.516205 -0.164597 -1.31751 -1.53524 0.825567 2.63712
2.66492 -0.242452 1.16721 -0.640521 1.87385 -1.07094 2.93359 -1.71572 -1.88998 -1.50367 0.516205 -0.164597 -1.31751 -1.53524 0.825567 2.63712
2.66298 -0.242452 1.16721 -0.640521 1.87385 -1.07094 2.93359 -1.71572 -1.88998 -1.50367 0.516205 -0.164597 -1.31751 -1.53524 0.825567 2.63712
2.66102 -0.242452 1.16721 -0.640521 1.87385 -1.07094 2.93359 -1.71572 -1.88998 -1.50367 0.516205 -0.164597 -1.31751 -1.53524 0.825567 2.63712
2.659 -0.242452 1.16721 -0.640521 1.87385 -1.07094 2.93359 -1.71572 -1.88998 -1.50367 0.516205 -0.164597 -1.31751 -1.53524 0.825567 2.63712
2.65521 -0.242452 1.16721 -0.640521 1.87385 -1.07094 2.93359 -1.71572 -1.88998 -1.50367 0.516205 -0.164597 -1.31751 -1.53524 0.825567 2.63712
2.65142 -0.242452 1.16721 -0.640521 1.87385 -1.07094 2.93359 -1.71572 -1.88998 -1.50367 0.516205 -0.164597 -1.31751 -1.53524 0.825567 2.63712
2.64768 -0.242452 1.16721 -0.640521 1.87385 -1.07094 2.93359 -1.71572 -1.88998 -1.50367 0.516205 -0.164597 -1.31751 -1.53524 0.825567 2.63712
2.64392 -0.242452 1.16721 -0.640521 1.87385 -1.07094 2.93359 -1.71572 -1.88998 -1.50367 0.516205 -0.164597 -1.31751 -1.53524 0.825567 2.63712
2.64006 -0.242452 1.16721 -0.640521 1.87385 -1.07094 2.93359 -1.71572 -1.88998 -1.50367 0.516205 -0.164597 -1.31751 -1.53524 0.825567 2.63712
2.63613 -0.242452 1.16721 -0.640521 1.87385 -1.07094 2.93359 -1.71572 -1.88998 -1.50367 0.516205 -0.164597 -1.31751 -1.53524 0.825567 2.63712
2.63228 -0.242452 1.16721 -0.640521 1.87385 -1.07094 2.93359 -1.71572 -1.88998 -1.50367 0.516205 -0.164597 -1.31751 -1.53524 0.825567 2.63712
2.6284 -0.242452 1.16721 -0.640521 1.87385 -1.07094 2.93359 -1.71572 -1.88998 -1.50367 0.516205 -0.164597 -1.31751 -1.53524 0.825567 2.63712
2.62458 -0.242452 1.16721 -0.640521 1.87385 -1.07094 2.93359 -1.71572 -1.88998 -1.50367 0.516205 -0.164597 -1.31751 -1.53524 0.825567 2.63712
2.6208 -0.242452 1.16721 -0.640521 1.87385 -1.07094 2.93359 -1.71572 -1.88998 -1.50367 0.516205 -0.164597 -1.31751 -1.53524 0.825567 2.63712
2.61703 -0.242452 1.16721 -0.640521 1.87385 -1.07094 2.93359 -1.71572 -1.88998 -1.50367 0.516205 -0.164597 -1.31751 -1.53524 0.825567 2.63712
2.6132 -0.242452 1.16721 -0.640521 1.87385 -1.07094 2.93359 -1.71572 -1.88998 -1.50367 0.516205 -0.164597 -1.31751 -1.53524 0.825567 2.63712
2.60929 -0.242452 1.16721 -0.640521 1.87385 -1.07094 2.93359 -1.71572 -1.88998 -1.50367 0.516205 -0.164597 -1.31751 -1.53524 0.825567 2.63712
2.60532 -0.242452 1.16721 -0.640521 1.87385 -1.07094 2.93359 -1.71572 -1.88998 -1.50367 0.516205 -0.164597 -1.31751 -1.53524 0.825567 2.63712
2.60125 -0.242452 1.16721 -0.640521 1.87385 -1.07094 2.93359 -1.71572 -1.88998 -1.50367 0.516205 -0.164597 -1.31751 -1.53524 0.825567 2.63712
2.59737 -0.242452 1.16721 -0.640521 1.87385 -1.07094 2.93359 -1.71572 -1.88998 -1.50367 0.516205 -0.164597 -1.31751 -1.53524 0.825567 2.63712
2.59346 -0.242452 1.16721 -0.640521 1.87385 -1.07094 2.93359 -1.71572 -1.88998 -1.50367 0.516205 -0.164597 -1.31751 -1.53524 0.825567 2.63712
2.58946 -0.242452 1.16721 -0.640521 1.87385 -1.07094 2.93359 -1.71572 -1.88998 -1.50367 0.516205 -0.164597 -1.31751 -1.53524 0.825567 2.63712
2.58544 -0.242452 1.16721 -0.640521 1.87385 -1.07094 2.93359 -1.71572 -1.88998 -1.50367 0.516205 -0.164597 -1.31751 -1.53524 0.825567 2.63712
2.58143 -0.242452 1.16721 -0.640521 1.87385 -1.07094 2.93359 -1.71572 -1.88998 -1.50367 0.516205 -0.164597 -1.31751 -1.53524 0.825567 2.63712
2.57739 -0.242452 1.16721 -0.640521 1.87385 -1.07094 2.93359 -1.71572 -1.88998 -1.50367 0.516205 -0.164597 -1.31751 -1.53524 0.825567 2.63712
2.57335 -0.242452 1.16721 -0.640521 1.87385 -1.07094 2.93359 -1.71572 -1.88998 -1.50367 0.516205 -0.164597 -1.31751 -1.53524 0.825567 2.63712
2.56923 -0.242452 1.16721 -0.640521 1.87385 -1.07094 2.93359 -1.71572 -1.88998 -1.50367 0.516205 -0.164597 -1.31751 -1.53524 0.825567 2.63712
2.56504 -0.242452 1.16721 -0.640521 1.87385 -1.07094 2.93359 -1.71572 -1.88998 -1.50367 0.516205 -0.164597 -1.31751 -1.53524 0.825567 2.63712
2.56088 -0.242452 1.16721 -0.640521 1.87385 -1.07094 2.93359 -1.71572 -1.88998 -1.50367 0.516205 -0.164597 -1.31751 -1.53524 0.825567 2.63712
2.55671 -0.242452 1.16721 -0.640521 1.87385 -1.07094 2.93359 -1.71572 -1.88998 -1.50367 0.516205 -0.164597 -1.31751 -1.53524 0.825567 2.63712
2.55257 -0.242452 1.16721 -0.640521 1.87385 -1.07094 2.93359 -1.71572 -1.88998 -1.50367 0.516205 -0.164597 -1.31751 -1.53524 0.825567 2.63712
2.54826 -0.242452 1.16721 -0.640521 1.87385 -1.07094 2.93359 -1.71572 -1.88998 -1.50367 0.516205 -0.164597 -1.31751 -1.53524 0.825567 2.63712
2.54403 -0.242452 1.16721 -0.640521 1.87385 -1.07094 2.93359 -1.71572 -1.88998 -1.50367 0.516205 -0.164597 -1.31751 -1.53524 0.825567 2.63712
2.5398 -0.242452 1.16721 -0.640521 1.87385 -1.07094 2.93359 -1.71572 -1.88998 -1.50367 0.516205 -0.164597 -1.31751 -1.53524 0.825567 2.63712
2.53561 -0.242452 1.16721 -0.640521 1.87385 -1.07094 2.93359 -1.71572 -1.88998 -1.50367 0.516205 -0.164597 -1.31751 -1.53524 0.825567 2.63712
2.53142 -0.242452 1.16721 -0.640521 1.87385 -1.07094 2.93359 -1.71572 -1.88998 -1.50367 0.516205 -0.164597 -1.31751 -1.53524 0.825567 2.63712
2.52706 -0.242452 1.16721 -0.640521 1.87385 -1.07094 2.93359 -1.71572 -1.88998 -1.50367 0.516205 -0.164597 -1.31751 -1.53524 0.825567 2.63712
2.52278 -0.242452 1.16721 -0.640521 1.87385 -1.07094 2.93359 -1.71572 -1.88998 -1.50367 0.516205 -0.164597 -1.31751 -1.53524 0.825567 2.63712
2.51855 -0.242452 1.16721 -0.640521 1.87385 -1.07094 2.93359 -1.71572 -1.88998 -1.50367 0.516205 -0.164597 -1.31751 -1.53524 0.825567 2.63712
2.51426 -0.242452 1.16721 -0.640521 1.87385 -1.07094 2.93359 -1.71572 -1.88998 -1.50367 0.516205 -0.164597 -1.31751 -1.53524 0.825567 2.63712
2.50994 -0.242452 1.16721 -0.640521 1.87385 -1.07094 2.93359 -1.71572 -1.88998 -1.50367 0.516205 -0.164597 -1.31751 -1.53524 0.825567 2.63712
2.5056 -0.242452 1.16721 -0.640521 1.87385 -1.07094 2.93359 -1.71572 -1.88998 -1.50367 0.516205 -0.164597 -1.31751 -1.53524 0.825567 2.63712
2.50129 -0.242452 1.16721 -0.640521 1.87385 -1.07094 2.93359 -1.71572 -1.88998 -1.50367 0.516205 -0.164597 -1.31751 -1.53524 0.825567 2.63712
2.49695 -0.242452 1.16721 -0.640521 1.87385 -1.07094 2.93359 -1.71572 -1.88998 -1.50367 0.516205 -0.164597 -1.31751 -1.53524 0.825567 2.63712
2.49259 -0.242452 1.16721 -0.640521 1.87385 -1.07094 2.93359 -1.71572 -1.88998 -1.50367 0.516205 -0.164597 -1.31751 -1.53524 0.825567 2.63712
2.48816 -0.242452 1.16721 -0.640521 1.87385 -1.07094 2.93359 -1.71572 -1.88998 -1.50367 0.516205 -0.164597 -1.31751 -1.53524 0.825567 2.63712
2.48378 -0.242452 1.16721 -0.640521 1.87385 -1.07094 2.93359 -1.71572 -1.88998 -1.50367 0.516205 -0.164597 -1.31751 -1.53524 0.825567 2.63712
2.47924 -0.242452 1.16721 -0.640521 1.87385 -1.07094 2.93359 -1.71572 -1.88998 -1.50367 0.516205 -0.164597 -1.31751 -1.53524 0.825567 2.63712
2.47482 -0.242452 1.16721 -0.640521 1.87385 -1.07094 2.93359 -1.71572 -1.88998 -1.50367 0.516205 -0.164597 -1.31751 -1.53524 0.825567 2.63712
2.47031 -0.242452 1.16721 -0.640521 1.87385 -1.07094 2.93359 -1.71572 -1.88998 -1.50367 0.516205 -0.164597 -1.31751 -1.53524 0.825567 2.63712
2.4658 -0.242452 1.16721 -0.640521 1.87385 -1.07094 2.93359 -1.71572 -1.88998 -1.50367 0.516205 -0.164597 -1.31751 -1.53524 0.825567 2.63712
2.46123 -0.242452 1.16721 -0.640521 1.87385 -1.07094 2.93359 -1.71572 -1.88998 -1.50367 0.516205 -0.164597 -1.31751 -1.53524 0.825567 2.63712
2.45668 -0.242452 1.16721 -0.640521 1.87385 -1.07094 2.93359 -1.71572 -1.88998 -1.50367 0.516205 -0.164597 -1.31751 -1.53524 0.825567 2.63712
2.45206 -0.242452 1.16721 -0.640521 1.87385 -1.07094 2.93359 -1.71572 -1.88998 -1.50367 0.516205 -0.164597 -1.31751 -1.53524 0.825567 2.63712
2.44743 -0.242452 1.16721 -0.640521 1.87385 -1.07094 2.93359 -1.71572 -1.88998 -1.50367 0.516205 -0.164597 -1.31751 -1.53524 0.825567 2.63712
2.44279 -0.242452 1.16721 -0.640521 1.87385 -1.07094 2.93359 -1.71572 -1.88998 -1.50367 0.516205 -0.164597 -1.31751 -1.53524 0.825567 2.63712
2.4381 -0.242452 1.16721 -0.640521 1.87385 -1.07094 2.93359 -1.71572 -1.88998 -1.50367 0.516205 -0.164597 -1.31751 -1.53524 0.825567 2.63712
2.43345 -0.242452 1.16721 -0.640521 1.87385 -1.07094 2.93359 -1.71572 -1.88998 -1.50367 0.516205 -0.164597 -1.31751 -1.53524 0.825567 2.63712
2.42874 -0.242452 1.16721 -0.640521 1.87385 -1.07094 2.93359 -1.71572 -1.88998 -1.50367 0.516205 -0.164597 -1.31751 -1.53524 0.825567 2.63712
2.42409 -0.242452 1.16721 -0.640521 1.87385 -1.07094 2.93359 -1.71572 -1.88998 -1.50367 0.516205 -0.164597 -1.31751 -1.53524 0.825567 2.63712
2.41942 -0.242452 1.16721 -0.640521 1.87385 -1.07094 2.93359 -1.71572 -1.88998 -1.50367 0.516205 -0.164597 -1.31751 -1.53524 0.825567 2.63712
2.41478 -0.242452 1.16721 -0.640521 1.87385 -1.07094 2.93359 -1.71572 -1.88998 -1.50367 0.516205 -0.164597 -1.31751 -1.53524 0.825567 2.63712
2.41001 -0.242452 1.16721 -0.640521 1.87385 -1.07094 2.93359 -1.71572 -1.88998 -1.50367 0.516205 -0.164597 -1.31751 -1.53524 0.825567 2.63712
2.4053 -0.242452 1.16721 -0.640521 1.87385 -1.07094 2.93359 -1.71572 -1.88998 -1.50367 0.516205 -0.164597 -1.31751 -1.53524 0.825567 2.63712
2.40051 -0.242452 1.16721 -0.640521 1.87385 -1.07094 2.93359 -1.71572 -1.88998 -1.50367 0.516205 -0.164597 -1.31751 -1.53524 0.825567 2.63712
2.39569 -0.242452 1.16721 -0.640521 1.87385 -1.07094 2.93359 -1.71572 -1.88998 -1.50367 0.516205 -0.164597 -1.31751 -1.53524 0.825567 2.63712
2.3908 -0.242452 1.16721 -0.640521 1.87385 -1.07094 2.93359 -1.71572 -1.88998 -1.50367 0.516205 -0.164597 -1.31751 -1.53524 0.825567 2.63712
2.38599 -0.242452 1.16721 -0.640521 1.87385 -1.07094 2.93359 -1.71572 -1.88998 -1.50367 0.516205 -0.164597 -1.31751 -1.53524 0.825567 2.63712
2.38111 -0.242452 1.16721 -0.640521 1.87385 -1.07094 2.93359 -1.71572 -1.88998 -1.50367 0.516205 -0.164597 -1.31751 -1.53524 0.825567 2.63712
2.37626 -0.242452 1.16721 -0.640521 1.87385 -1.07094 2.93359 -1.71572 -1.88998 -1.50367 0.516205 -0.164597 -1.31751 -1.53524 0.825567 2.63712
2.37129 -0.242452 1.16721 -0.640521 1.87385 -1.07094 2.93359 -1.71572 -1.88998 -1.50367 0.516205 -0.164597 -1.31751 -1.53524 0.825567 2.63712
2.36625 -0.242452 1.16721 -0.640521 1.87385 -1.07094 2.93359 -1.71572 -1.88998 -1.50367 0.516205 -0.164597 -1.31751 -1.53524 0.825567 2.63712
2.36127 -0.242452 1.16721 -0.640521 1.87385 -1.07094 2.93359 -1.71572 -1.88998 -1.50367 0.516205 -0.164597 -1.31751 -1.53524 0.825567 2.63712
2.35619 -0.242452 1.16721 -0.640521 1.87385 -1.07094 2.93359 -1.71572 -1.88998 -1.50367 0.516205 -0.164597 -1.31751 -1.53524 0.825567 2.63712
2.35113 -0.242452 1.16721 -0.640521 1.87385 -1.07094 2.93359 -1.71572 -1.88998 -1.50367 0.516205 -0.164597 -1.31751 -1.53524 0.825567 2.63712
2.34604 -0.242452 1.16721 -0.640521 1.87385 -1.07094 2.93359 -1.71572 -1.88998 -1.50367 0.516205 -0.164597 -1.31751 -1.53524 0.825567 2.63712
2.341 -0.242452 1.16721 -0.640521 1.87385 -1.07094 2.93359 -1.71572 -1.88998 -1.50367 0.516205 -0.164597 -1.31751 -1.53524 0.825567 2.63712
2.33595 -0.242452 1.16721 -0.640521 1.87385 -1.07094 2.93359 -1.71572 -1.88998 -1.50367 0.516205 -0.164597 -1.31751 -1.53524 0.825567 2.63712
2.33087 -0.242452 1.16721 -0.640521 1.87385 -1.07094 2.93359 -1.71572 -1.88998 -1.50367 0.516205 -0.164597 -1.31751 -1.53524 0.825567 2.63712
2.32576 -0.242452 1.16721 -0.640521 1.87385 -1.07094 2.93359 -1.71572 -1.88998 -1.50367 0.516205 -0.164597 -1.31751 -1.53524 0.825567 2.63712
2.32068 -0.242452 1.16721 -0.640521 1.87385 -1.07094 2.93359 -1.71572 -1.88998 -1.50367 0.516205 -0.164597 -1.31751 -1.53524 0.825567 2.63712
2.31555 -0.242452 1.16721 -0.640521 1.87385 -1.07094 2.93359 -1.71572 -1.88998 -1.50367 0.516205 -0.164597 -1.31751 -1.53524 0.825567 2.63712
2.31042 -0.242452 1.16721 -0.640521 1.87385 -1.07094 2.93359 -1.71572 -1.88998 -1.50367 0.516205 -0.164597 -1.31751 -1.53524 0.825567 2.63712
2.30526 -0.242452 1.16721 -0.640521 1.87385 -1.07094 2.93359 -1.71572 -1.88998 -1.50367 0.516205 -0.164597 -1.31751 -1.53524 0.825567 2.63712
2.3001 -0.242452 1.16721 -0.640521 1.87385 -1.07094 2.93359 -1.71572 -1.88998 -1.50367 0.516205 -0.164597 -1.31751 -1.53524 0.825567 2.63712
2.29484 -0.242452 1.16721 -0.640521 1.87385 -1.07094 2.93359 -1.71572 -1.88998 -1.50367 0.516205 -0.164597 -1.31751 -1.53524 0.825567 2.63712
2.28962 -0.242452 1.16721 -0.640521 1.87385 -1.07094 2.93359 -1.71572 -1.88998 -1.50367 0.516205 -0.164597 -1.31751 -1.53524 0.825567 2.63712
2.28436 -0.242452 1.16721 -0.640521 1.87385 -1.07094 2.93359 -1.71572 -1.88998 -1.50367 0.516205 -0.164597 -1.31751 -1.53524 0.825567 2.63712
2.27913 -0.242452 1.16721 -0.640521 1.87385 -1.07094 2.93359 -1.71572 -1.88998 -1.50367 0.516205 -0.164597 -1.31751 -1.53524 0.825567 2.63712
2.27381 -0.242452 1.16721 -0.640521 1.87385 -1.07094 2.93359 -1.71572 -1.88998 -1.50367 0.516205 -0.164597 -1.31751 -1.53524 0.825567 2.63712
2.26841 -0.242452 1.16721 -0.640521 1.87385 -1.07094 2.93359 -1.71572 -1.88998 -1.50367 0.516205 -0.164597 -1.31751 -1.53524 0.825567 2.63712
2.25525 -0.242452 1.16721 -0.640521 1.87385 -1.07094 2.93359 -1.71572 -1.88998 -1.50367 0.516205 -0.164597 -1.31751 -1.53524 0.825567 2.63712
2.25525 -0.242452 1.16721 -0.640521 1.87385 -1.07094 2.93359 -1.71572 -1.88998 -1.50367 0.516205 -0.164597 -1.31751 -1.53524 0.825567 2.63712
2.25525 -0.242452 1.16721 -0.640521 1.87385 -1.07094 2.93359 -1.71572 -1.88998 -1.50367 0.516205 -0.164597 -1.31751 -1.53524 0.825567 2.63712
2.25525 -0.242452 1.16721 -0.640521 1.87385 -1.07094 2.93359 -1.71572 -1.88998 -1.50367 0.516205 -0.164597 -1.31751 -1.53524 0.825567 2.63712
2.25525 -0.242452 1.16721 -0.640521 1.87385 -1.07094 2.93359 -1.71572 -1.88998 -1.50367 0.516205 -0.164597 -1.31751 -1.53524 0.825567 2.63712
2.25525 -0.242452 1.16721 -0.640521 1.87385 -1.07094 2.93359 -1.71572 -1.88998 -1.50367 0.516205 -0.164597 -1.31751 -1.53524 0.825567 2.63712
2.25525 -0.242452 1.16721 -0.640521 1.87385 -1.07094 2.93359 -1.71572 -1.88998 -1.50367 0.516205 -0.164597 -1.31751 -1.53524 0.825567 2.63712
2.25525 -0.242452 1.16721 -0.640521 1.87385 -1.07094 2.93359 -1.71572 -1.88998 -1.50367 0.516205 -0.164597 -1.31751 -1.53524 0.825567 2.63712
2.25525 -0.242452 1.16721 -0.640521 1.87385 -1.07094 2.93359 -1.71572 -1.88998 -1.50367 0.516205 -0.164597 -1.31751 -1.53524 0.825567 2.63712
2.25525 -0.242452 1.16721 -0.640521 1.87385 -1.07094 2.93359 -1.71572 -1.88998 -1.50367 0.516205 -0.164597 -1.31751 -1.53524 0.825567 2.63712
2.25525 -0.242452 1.16721 -0.640521 1.87385 -1.07094 2.93359 -1.71572 -1.88998 -1.50367 0.516205 -0.164597 -1.31751 -1.53524 0.825567 2.63712
2.25524 -0.242452 1.16721 -0.640521 1.87385 -1.07094 2.93359 -1.71572 -1.88998 -1.50367 0.516205 -0.164597 -1.31751 -1.53524 0.825567 2.63712
2.25524 -0.242452 1.16721 -0.640521 1.87385 -1.07094 2.93359 -1.71572 -1.88998 -1.50367 0.516205 -0.164597 -1.31751 -1.53524 0.825567 2.63712
2.25524 -0.242452 1.16721 -0.640521 1.87385 -1.07094 2.93359 -1.71572 -1.88998 -1.50367 0.516205 -0.164597 -1.31751 -1.53524 0.825567 2.63712
2.25611 -0.242452 1.16721 -0.640521 1.87385 -1.07094 2.93359 -1.71572 -1.88998 -1.50367 0.516205 -0.164597 -1.31751 -1.53524 0.825567 2.63712
2.25755 -0.242452 1.16721 -0.640521 1.87385 -1.07094 2.93359 -1.71572 -1.88998 -1.50367 0.516205 -0.164597 -1.31751 -1.53524 0.825567 2.63712
2.25935 -0.242452 1.16721 -0.640521 1.87385 -1.07094 2.93359 -1.71572 -1.88998 -1.50367 0.516205 -0.164597 -1.31751 -1.53524 0.825567 2.63712
2.26164 -0.242452 1.16721 -0.640521 1.87385 -1.07094 2.93359 -1.71572 -1.88998 -1.50367 0.516205 -0.164597 -1.31751 -1.53524 0.825567 2.63712
2.26418 -0.242452 1.16721 -0.640521 1.87385 -1.07094 2.93359 -1.71572 -1.88998 -1.50367 0.516205 -0.164597 -1.31751 -1.53524 0.825567 2.63712
2.26681 -0.242452 1.16721 -0.640521 1.87385 -1.07094 2.93359 -1.71572 -1.88998 -1.50367 0.516205 -0.164597 -1.31751 -1.53524 0.825567 2.63712
2.26964 -0.242452 1.16721 -0.640521 1.87385 -1.07094 2.93359 -1.71572 -1.88998 -1.50367 0.516205 -0.164597 -1.31751 -1.53524 0.825567 2.63712
2.27262 -0.242452 1.16721 -0.640521 1.87385 -1.07094 2.93359 -1.71572 -1.88998 -1.50367 0.516205 -0.164597 -1.31751 -1.53524 0.825567 2.63712
2.27562 -0.242452 1.16721 -0.640521 1.87385 -1.07094 2.93359 -1.71572 -1.88998 -1.50367 0.516205 -0.164597 -1.31751 -1.53524 0.825567 2.63712
2.27878 -0.242452 1.16721 -0.640521 1.87385 -1.07094 2.93359 -1.71572 -1.88998 -1.50367 0.516205 -0.164597 -1.31751 -1.53524 0.825567 2.63712
2.28217 -0.242452 1.16721 -0.640521 1.87385 -1.07094 2.93359 -1.71572 -1.88998 -1.50367 0.516205 -0.164597 -1.31751 -1.53524 0.825567 2.63712
2.28554 -0.242452 1.16721 -0.640521 1.87385 -1.07094 2.93359 -1.71572 -1.88998 -1.50367 0.516205 -0.164597 -1.31751 -1.53524 0.825567 2.63712
2.28895 -0.242452 1.16721 -0.640521 1.87385 -1.07094 2.93359 -1.71572 -1.88998 -1.50367 0.516205 -0.164597 -1.31751 -1.53524 0.825567 2.63712
2.29256 -0.242452 1.16721 -0.640521 1.87385 -1.07094 2.93359 -1.71572 -1.88998 -1.50367 0.516205 -0.164597 -1.31751 -1.53524 0.825567 2.63712
2.29628 -0.242452 1.16721 -0.640521 1.87385 -1.07094 2.93359 -1.71572 -1.88998 -1.50367 0.516205 -0.164597 -1.31751 -1.53524 0.825567 2.63712
2.30001 -0.242452 1.16721 -0.640521 1.87385 -1.07094 2.93359 -1.71572 -1.88998 -1.50367 0.516205 -0.164597 -1.31751 -1.53524 0.825567 2.63712
2.30387 -0.242452 1.16721 -0.640521 1.87385 -1.07094 2.93359 -1.71572 -1.88998 -1.50367 0.516205 -0.164597 -1.31751 -1.53524 0.825567 2.63712
2.30795 -0.242452 1.16721 -0.640521 1.87385 -1.07094 2.93359 -1.71572 -1.88998 -1.50367 0.516205 -0.164597 -1.31751 -1.53524 0.825567 2.63712
2.31198 -0.242452 1.16721 -0.640521 1.87385 -1.07094 2.93359 -1.71572 -1.88998 -1.50367 0.516205 -0.164597 -1.31751 -1.53524 0.825567 2.63712
2.31629 -0.242452 1.16721 -0.640521 1.87385 -1.07094 2.93359 -1.71572 -1.88998 -1.50367 0.516205 -0.164597 -1.31751 -1.53524 0.825567 2.63712
2.32064 -0.242452 1.16721 -0.640521 1.87385 -1.07094 2.93359 -1.71572 -1.88998 -1.50367 0.516205 -0.164597 -1.31751 -1.53524 0.825567 2.63712
2.32501 -0.242452 1.16721 -0.640521 1.87385 -1.07094 2.93359 -1.71572 -1.88998 -1.50367 0.516205 -0.164597 -1.31751 -1.53524 0.825567 2.63712
2.32957 -0.242452 1.16721 -0.640521 1.87385 -1.07094 2.93359 -1.71572 -1.88998 -1.50367 0.516205 -0.164597 -1.31751 -1.53524 0.825567 2.63712
2.33435 -0.242452 1.16721 -0.640521 1.87385 -1.07094 2.93359 -1.71572 -1.88998 -1.50367 0.516205 -0.164597 -1.31751 -1.53524 0.825567 2.63712
2.33919 -0.242452 1.16721 -0.640521 1.87385 -1.07094 2.93359 -1.71572 -1.88998 -1.50367 0.516205 -0.164597 -1.31751 -1.53524 0.825567 2.63712
2.34415 -0.242452 1.16721 -0.640521 1.87385 -1.07094 2.93359 -1.71572 -1.88998 -1.50367 0.516205 -0.164597 -1.31751 -1.53524 0.825567 2.63712
2.34922 -0.242452 1.16721 -0.640521 1.87385 -1.07094 2.93359 -1.71572 -1.88998 -1.50367 0.516205 -0.164597 -1.31751 -1.53524 0.825567 2.63712
2.35458 -0.242452 1.16721 -0.640521 1.87385 -1.07094 2.93359 -1.71572 -1.88998 -1.50367 0.516205 -0.164597 -1.31751 -1.53524 0.825567 2.63712
2.36002 -0.242452 1.16721 -0.640521 1.87385 -1.07094 2.93359 -1.71572 -1.88998 -1.50367 0.516205 -0.164597 -1.31751 -1.53524 0.825567 2.63712
2.36581 -0.242452 1.16721 -0.640521 1.87385 -1.07094 2.93359 -1.71572 -1.88998 -1.50367 0.516205 -0.164597 -1.31751 -1.53524 0.825567 2.63712
2.37183 -0.242452 1.16721 -0.640521 1.87385 -1.07094 2.93359 -1.71572 -1.88998 -1.50367 0.516205 -0.164597 -1.31751 -1.53524 0.825567 2.63712
2.3779 -0.242452 1.16721 -0.640521 1.87385 -1.07094 2.93359 -1.71572 -1.88998 -1.50367 0.516205 -0.164597 -1.31751 -1.53524 0.825567 2.63712
2.38417 -0.242452 1.16721 -0.640521 1.87385 -1.07094 2.93359 -1.71572 -1.88998 -1.50367 0.516205 -0.164597 -1.31751 -1.53524 0.825567 2.63712
2.39062 -0.242452 1.16721 -0.640521 1.87385 -1.07094 2.93359 -1.71572 -1.88998 -1.50367 0.516205 -0.164597 -1.31751 -1.53524 0.825567 2.63712
2.39719 -0.242452 1.16721 -0.640521 1.87385 -1.07094 2.93359 -1.71572 -1.88998 -1.50367 0.516205 -0.164597 -1.31751 -1.53524 0.825567 2.63712
2.40415 -0.242452 1.16721 -0.640521 1.87385 -1.07094 2.93359 -1.71572 -1.88998 -1.50367 0.516205 -0.164597 -1.31751 -1.53524 0.825567 2.63712
2.41147 -0.242452 1.16721 -0.640521 1.87385 -1.07094 2.93359 -1.71572 -1.88998 -1.50367 0.516205 -0.164597 -1.31751 -1.53524 0.825567 2.63712
2.41891 -0.242452 1.16721 -0.640521 1.87385 -1.07094 2.93359 -1.71572 -1.88998 -1.50367 0.516205 -0.164597 -1.31751 -1.53524 0.825567 2.63712
2.42667 -0.242452 1.16721 -0.640521 1.87385 -1.07094 2.93359 -1.71572 -1.88998 -1.50367 0.516205 -0.164597 -1.31751 -1.53524 0.825567 2.63712
2.43477 -0.242452 1.16721 -0.640521 1.87385 -1.07094 2.93359 -1.71572 -1.88998 -1.50367 0.516205 -0.164597 -1.31751 -1.53524 0.825567 2.63712
2.443 -0.242452 1.16721 -0.640521 1.87385 -1.07094 2.93359 -1.71572 -1.88998 -1.50367 0.516205 -0.164597 -1.31751 -1.53524 0.825567 2.63712
2.45156 -0.242452 1.16721 -0.640521 1.87385 -1.07094 2.93359 -1.71572 -1.88998 -1.50367 0.516205 -0.164597 -1.31751 -1.53524 0.825567 2.63712
2.46024 -0.242452 1.16721 -0.640521 1.87385 -1.07094 2.93359 -1.71572 -1.88998 -1.50367 0.516205 -0.164597 -1.31751 -1.53524 0.825567 2.63712
2.46939 -0.242452 1.16721 -0.640521 1.87385 -1.07094 2.93359 -1.71572 -1.88998 -1.50367 0.516205 -0.164597 -1.31751 -1.53524 0.825567 2.63712
2.47864 -0.242452 1.16721 -0.640521 1.87385 -1.07094 2.93359 -1.71572 -1.88998 -1.50367 0.516205 -0.164597 -1.31751 -1.53524 0.825567 2.63712
2.48823 -0.242452 1.16721 -0.640521 1.87385 -1.07094 2.93359 -1.71572 -1.88998 -1.50367 0.516205 -0.164597 -1.31751 -1.53524 0.825567 2.63712
2.49812 -0.242452 1.16721 -0.640521 1.87385 -1.07094 2.93359 -1.71572 -1.88998 -1.50367 0.516205 -0.164597 -1.31751 -1.53524 0.825567 2.63712
2.5085 -0.242452 1.16721 -0.640521 1.87385 -1.07094 2.93359 -1.71572 -1.88998 -1.50367 0.516205 -0.164597 -1.31751 -1.53524 0.825567 2.63712
2.51911 -0.242452 1.16721 -0.640521 1.87385 -1.07094 2.93359 -1.71572 -1.88998 -1.50367 0.516205 -0.164597 -1.31751 -1.53524 0.825567 2.63712
2.53047 -0.242452 1.16721 -0.640521 1.87385 -1.07094 2.93359 -1.71572 -1.88998 -1.50367 0.516205 -0.164597 -1.31751 -1.53524 0.825567 2.63712
2.5419 -0.242452 1.16721 -0.640521 1.87385 -1.07094 2.93359 -1.71572 -1.88998 -1.50367 0.516205 -0.164597 -1.31751 -1.53524 0.825567 2.63712
2.55387 -0.242452 1.16721 -0.640521 1.87385 -1.07094 2.93359 -1.71572 -1.88998 -1.50367 0.516205 -0.164597 -1.31751 -1.53524 0.825567 2.63712
2.56614 -0.242452 1.16721 -0.640521 1.87385 -1.07094 2.93359 -1.71572 -1.88998 -1.50367 0.516205 -0.164597 -1.31751 -1.53524 0.825567 2.63712
2.57907 -0.242452 1.16721 -0.640521 1.87385 -1.07094 2.93359 -1.71572 -1.88998 -1.50367 0.516205 -0.164597 -1.31751 -1.53524 0.825567 2.63712
2.5923 -0.242452 1.16721 -0.640521 1.87385 -1.07094 2.93359 -1.71572 -1.88998 -1.50367 0.516205 -0.164597 -1.31751 -1.53524 0.825567 2.63712
2.60582 -0.242452 1.16721 -0.640521 1.87385 -1.07094 2.93359 -1.71572 -1.88998 -1.50367 0.516205 -0.164597 -1.31751 -1.53524 0.825567 2.63712
2.62008 -0.242452 1.16721 -0.640521 1.87385 -1.07094 2.93359 -1.71572 -1.88998 -1.50367 0.516205 -0.164597 -1.31751 -1.53524 0.825567 2.63712
2.63496 -0.242452 1.16721 -0.640521 1.87385 -1.07094 2.93359 -1.71572 -1.88998 -1.50367 0.516205 -0.164597 -1.31751 -1.53524 0.825567 2.63712
