1.967
1.978
1.988
1.998
2.009
2.019
2.03
2.04
2.05
2.062
2.083
2.103
2.124
2.144
2.165
2.186
2.206
2.227
2.247
2.268
2.307
2.346
2.385
2.425
2.465
2.504
2.542
2.581
2.619
2.658
2.697
2.735
2.774
2.813
2.852
2.89
2.928
2.967
3.006
3.045
3.083
3.122
3.161
3.2
3.239
3.278
3.318
3.357
3.396
3.435
3.473
3.512
3.551
3.59
3.628
3.667
3.705
3.744
3.782
3.821
3.859
3.897
3.937
3.975
4.014
4.053
4.091
4.131
4.17
4.209
4.248
4.287
4.326
4.364
4.403
4.442
4.48
4.518
4.557
4.595
4.634
4.673
4.712
4.75
4.789
4.828
4.867
4.906
4.945
4.984
5.024
5.063
5.101
5.14
5.178
5.217
5.255
5.294
5.332
5.37
5.409
5.447
5.486
5.524
5.563
5.601
5.64
6.065
6.075
6.086
6.097
6.108
6.119
6.129
6.14
6.151
6.164
6.204
6.243
6.281
6.32
6.359
6.397
6.435
6.474
6.512
6.55
6.589
6.627
6.666
6.706
6.744
6.783
6.821
6.859
6.898
6.936
6.976
7.015
7.055
7.094
7.133
7.171
7.209
7.248
7.286
7.324
7.362
7.4
7.439
7.478
7.516
7.555
7.593
7.632
7.67
7.709
7.748
7.787
7.827
7.866
7.905
7.944
7.982
8.02
8.059
8.097
8.135
8.173
8.212
8.251
8.289
8.328
8.367
8.405
8.444
8.482
8.521
8.56
