2.56633 -1.42192 -0.51373 0.806633 0.0426495 1.98916 2.77911 -0.785245 0.839887 -0.941615 1.76382 -0.973321 0.662913 -0.934362 0.575498 2.38174
2.56624 -1.42192 -0.51373 0.806633 0.0426495 1.98916 2.77911 -0.785245 0.839887 -0.941615 1.76382 -0.973321 0.662913 -0.934362 0.575498 2.38174
2.56599 -1.42192 -0.51373 0.806633 0.0426495 1.98916 2.77911 -0.785245 0.839887 -0.941615 1.76382 -0.973321 0.662913 -0.934362 0.575498 2.38174
2.56544 -1.42192 -0.51373 0.806633 0.0426495 1.98916 2.77911 -0.785245 0.839887 -0.941615 1.76382 -0.973321 0.662913 -0.934362 0.575498 2.38174
2.56455 -1.42192 -0.51373 0.806633 0.0426495 1.98916 2.77911 -0.785245 0.839887 -0.941615 1.76382 -0.973321 0.662913 -0.934362 0.575498 2.38174
2.56346 -1.42192 -0.51373 0.806633 0.0426495 1.98916 2.77911 -0.785245 0.839887 -0.941615 1.76382 -0.973321 0.662913 -0.934362 0.575498 2.38174
2.562 -1.42192 -0.51373 0.806633 0.0426495 1.98916 2.77911 -0.785245 0.839887 -0.941615 1.76382 -0.973321 0.662913 -0.934362 0.575498 2.38174
2.5606 -1.42192 -0.51373 0.806633 0.0426495 1.98916 2.77911 -0.785245 0.839887 -0.941615 1.76382 -0.973321 0.662913 -0.934362 0.575498 2.38174
2.55895 -1.42192 -0.51373 0.806633 0.0426495 1.98916 2.77911 -0.785245 0.839887 -0.941615 1.76382 -0.973321 0.662913 -0.934362 0.575498 2.38174
2.55774 -1.42192 -0.51373 0.806633 0.0426495 1.98916 2.77911 -0.785245 0.839887 -0.941615 1.76382 -0.973321 0.662913 -0.934362 0.575498 2.38174
2.55638 -1.42192 -0.51373 0.806633 0.0426495 1.98916 2.77911 -0.785245 0.839887 -0.941615 1.76382 -0.973321 0.662913 -0.934362 0.575498 2.38174
2.55515 -1.42192 -0.51373 0.806633 0.0426495 1.98916 2.77911 -0.785245 0.839887 -0.941615 1.76382 -0.973321 0.662913 -0.934362 0.575498 2.38174
2.55383 -1.42192 -0.51373 0.806633 0.0426495 1.98916 2.77911 -0.785245 0.839887 -0.941615 1.76382 -0.973321 0.662913 -0.934362 0.575498 2.38174
2.55244 -1.42192 -0.51373 0.806633 0.0426495 1.98916 2.77911 -0.785245 0.839887 -0.941615 1.76382 -0.973321 0.662913 -0.934362 0.575498 2.38174
2.5506 -1.42192 -0.51373 0.806633 0.0426495 1.98916 2.77911 -0.785245 0.839887 -0.941615 1.76382 -0.973321 0.662913 -0.934362 0.575498 2.38174
2.54856 -1.42192 -0.51373 0.806633 0.0426495 1.98916 2.77911 -0.785245 0.839887 -0.941615 1.76382 -0.973321 0.662913 -0.934362 0.575498 2.38174
2.54648 -1.42192 -0.51373 0.806633 0.0426495 1.98916 2.77911 -0.785245 0.839887 -0.941615 1.76382 -0.973321 0.662913 -0.934362 0.575498 2.38174
2.54438 -1.42192 -0.51373 0.806633 0.0426495 1.98916 2.77911 -0.785245 0.839887 -0.941615 1.76382 -0.973321 0.662913 -0.934362 0.575498 2.38174
2.54227 -1.42192 -0.51373 0.806633 0.0426495 1.98916 2.77911 -0.785245 0.839887 -0.941615 1.76382 -0.973321 0.662913 -0.934362 0.575498 2.38174
2.54012 -1.42192 -0.51373 0.806633 0.0426495 1.98916 2.77911 -0.785245 0.839887 -0.941615 1.76382 -0.973321 0.662913 -0.934362 0.575498 2.38174
2.53605 -1.42192 -0.51373 0.806633 0.0426495 1.98916 2.77911 -0.785245 0.839887 -0.941615 1.76382 -0.973321 0.662913 -0.934362 0.575498 2.38174
2.53192 -1.42192 -0.51373 0.806633 0.0426495 1.98916 2.77911 -0.785245 0.839887 -0.941615 1.76382 -0.973321 0.662913 -0.934362 0.575498 2.38174
2.52762 -1.42192 -0.51373 0.806633 0.0426495 1.98916 2.77911 -0.785245 0.839887 -0.941615 1.76382 -0.973321 0.662913 -0.934362 0.575498 2.38174
2.5235 -1.42192 -0.51373 0.806633 0.0426495 1.98916 2.77911 -0.785245 0.839887 -0.941615 1.76382 -0.973321 0.662913 -0.934362 0.575498 2.38174
2.51937 -1.42192 -0.51373 0.806633 0.0426495 1.98916 2.77911 -0.785245 0.839887 -0.941615 1.76382 -0.973321 0.662913 -0.934362 0.575498 2.38174
2.51524 -1.42192 -0.51373 0.806633 0.0426495 1.98916 2.77911 -0.785245 0.839887 -0.941615 1.76382 -0.973321 0.662913 -0.934362 0.575498 2.38174
2.51107 -1.42192 -0.51373 0.806633 0.0426495 1.98916 2.77911 -0.785245 0.839887 -0.941615 1.76382 -0.973321 0.662913 -0.934362 0.575498 2.38174
2.50679 -1.42192 -0.51373 0.806633 0.0426495 1.98916 2.77911 -0.785245 0.839887 -0.941615 1.76382 -0.973321 0.662913 -0.934362 0.575498 2.38174
2.50258 -1.42192 -0.51373 0.806633 0.0426495 1.98916 2.77911 -0.785245 0.839887 -0.941615 1.76382 -0.973321 0.662913 -0.934362 0.575498 2.38174
2.49838 -1.42192 -0.51373 0.806633 0.0426495 1.98916 2.77911 -0.785245 0.839887 -0.941615 1.76382 -0.973321 0.662913 -0.934362 0.575498 2.38174
2.49418 -1.42192 -0.51373 0.806633 0.0426495 1.98916 2.77911 -0.785245 0.839887 -0.941615 1.76382 -0.973321 0.662913 -0.934362 0.575498 2.38174
2.48984 -1.42192 -0.51373 0.806633 0.0426495 1.98916 2.77911 -0.785245 0.839887 -0.941615 1.76382 -0.973321 0.662913 -0.934362 0.575498 2.38174
2.48545 -1.42192 -0.51373 0.806633 0.0426495 1.98916 2.77911 -0.785245 0.839887 -0.941615 1.76382 -0.973321 0.662913 -0.934362 0.575498 2.38174
2.4811 -1.42192 -0.51373 0.806633 0.0426495 1.98916 2.77911 -0.785245 0.839887 -0.941615 1.76382 -0.973321 0.662913 -0.934362 0.575498 2.38174
2.47678 -1.42192 -0.51373 0.806633 0.0426495 1.98916 2.77911 -0.785245 0.839887 -0.941615 1.76382 -0.973321 0.662913 -0.934362 0.575498 2.38174
2.47239 -1.42192 -0.51373 0.806633 0.0426495 1.98916 2.77911 -0.785245 0.839887 -0.941615 1.76382 -0.973321 0.662913 -0.934362 0.575498 2.38174
2.46792 -1.42192 -0.51373 0.806633 0.0426495 1.98916 2.77911 -0.785245 0.839887 -0.941615 1.76382 -0.973321 0.662913 -0.934362 0.575498 2.38174
2.46343 -1.42192 -0.51373 0.806633 0.0426495 1.98916 2.77911 -0.785245 0.839887 -0.941615 1.76382 -0.973321 0.662913 -0.934362 0.575498 2.38174
2.4589 -1.42192 -0.51373 0.806633 0.0426495 1.98916 2.77911 -0.785245 0.839887 -0.941615 1.76382 -0.973321 0.662913 -0.934362 0.575498 2.38174
2.45434 -1.42192 -0.51373 0.806633 0.0426495 1.98916 2.77911 -0.785245 0.839887 -0.941615 1.76382 -0.973321 0.662913 -0.934362 0.575498 2.38174
2.44974 -1.42192 -0.51373 0.806633 0.0426495 1.98916 2.77911 -0.785245 0.839887 -0.941615 1.76382 -0.973321 0.662913 -0.934362 0.575498 2.38174
2.4451 -1.42192 -0.51373 0.806633 0.0426495 1.98916 2.77911 -0.785245 0.839887 -0.941615 1.76382 -0.973321 0.662913 -0.934362 0.575498 2.38174
2.44051 -1.42192 -0.51373 0.806633 0.0426495 1.98916 2.77911 -0.785245 0.839887 -0.941615 1.76382 -0.973321 0.662913 -0.934362 0.575498 2.38174
2.43601 -1.42192 -0.51373 0.806633 0.0426495 1.98916 2.77911 -0.785245 0.839887 -0.941615 1.76382 -0.973321 0.662913 -0.934362 0.575498 2.38174
2.43143 -1.42192 -0.51373 0.806633 0.0426495 1.98916 2.77911 -0.785245 0.839887 -0.941615 1.76382 -0.973321 0.662913 -0.934362 0.575498 2.38174
2.42679 -1.42192 -0.51373 0.806633 0.0426495 1.98916 2.77911 -0.785245 0.839887 -0.941615 1.76382 -0.973321 0.662913 -0.934362 0.575498 2.38174
2.42212 -1.42192 -0.51373 0.806633 0.0426495 1.98916 2.77911 -0.785245 0.839887 -0.941615 1.76382 -0.973321 0.662913 -0.934362 0.575498 2.38174
2.41757 -1.42192 -0.51373 0.806633 0.0426495 1.98916 2.77911 -0.785245 0.839887 -0.941615 1.76382 -0.973321 0.662913 -0.934362 0.575498 2.38174
2.41291 -1.42192 -0.51373 0.806633 0.0426495 1.98916 2.77911 -0.785245 0.839887 -0.941615 1.76382 -0.973321 0.662913 -0.934362 0.575498 2.38174
2.40824 -1.42192 -0.51373 0.806633 0.0426495 1.98916 2.77911 -0.785245 0.839887 -0.941615 1.76382 -0.973321 0.662913 -0.934362 0.575498 2.38174
2.40344 -1.42192 -0.51373 0.806633 0.0426495 1.98916 2.77911 -0.785245 0.839887 -0.941615 1.76382 -0.973321 0.662913 -0.934362 0.575498 2.38174
2.39874 -1.42192 -0.51373 0.806633 0.0426495 1.98916 2.77911 -0.785245 0.839887 -0.941615 1.76382 -0.973321 0.662913 -0.934362 0.575498 2.38174
2.39403 -1.42192 -0.51373 0.806633 0.0426495 1.98916 2.77911 -0.785245 0.839887 -0.941615 1.76382 -0.973321 0.662913 -0.934362 0.575498 2.38174
2.38923 -1.42192 -0.51373 0.806633 0.0426495 1.98916 2.77911 -0.785245 0.839887 -0.941615 1.76382 -0.973321 0.662913 -0.934362 0.575498 2.38174
2.38442 -1.42192 -0.51373 0.806633 0.0426495 1.98916 2.77911 -0.785245 0.839887 -0.941615 1.76382 -0.973321 0.662913 -0.934362 0.575498 2.38174
2.37954 -1.42192 -0.51373 0.806633 0.0426495 1.98916 2.77911 -0.785245 0.839887 -0.941615 1.76382 -0.973321 0.662913 -0.934362 0.575498 2.38174
2.37462 -1.42192 -0.51373 0.806633 0.0426495 1.98916 2.77911 -0.785245 0.839887 -0.941615 1.76382 -0.973321 0.662913 -0.934362 0.575498 2.38174
2.36969 -1.42192 -0.51373 0.806633 0.0426495 1.98916 2.77911 -0.785245 0.839887 -0.941615 1.76382 -0.973321 0.662913 -0.934362 0.575498 2.38174
2.36465 -1.42192 -0.51373 0.806633 0.0426495 1.98916 2.77911 -0.785245 0.839887 -0.941615 1.76382 -0.973321 0.662913 -0.934362 0.575498 2.38174
2.3596 -1.42192 -0.51373 0.806633 0.0426495 1.98916 2.77911 -0.785245 0.839887 -0.941615 1.76382 -0.973321 0.662913 -0.934362 0.575498 2.38174
2.35461 -1.42192 -0.51373 0.806633 0.0426495 1.98916 2.77911 -0.785245 0.839887 -0.941615 1.76382 -0.973321 0.662913 -0.934362 0.575498 2.38174
2.34963 -1.42192 -0.51373 0.806633 0.0426495 1.98916 2.77911 -0.785245 0.839887 -0.941615 1.76382 -0.973321 0.662913 -0.934362 0.575498 2.38174
2.34466 -1.42192 -0.51373 0.806633 0.0426495 1.98916 2.77911 -0.785245 0.839887 -0.941615 1.76382 -0.973321 0.662913 -0.934362 0.575498 2.38174
2.33968 -1.42192 -0.51373 0.806633 0.0426495 1.98916 2.77911 -0.785245 0.839887 -0.941615 1.76382 -0.973321 0.662913 -0.934362 0.575498 2.38174
2.33463 -1.42192 -0.51373 0.806633 0.0426495 1.98916 2.77911 -0.785245 0.839887 -0.941615 1.76382 -0.973321 0.662913 -0.934362 0.575498 2.38174
2.32952 -1.42192 -0.51373 0.806633 0.0426495 1.98916 2.77911 -0.785245 0.839887 -0.941615 1.76382 -0.973321 0.662913 -0.934362 0.575498 2.38174
2.32444 -1.42192 -0.51373 0.806633 0.0426495 1.98916 2.77911 -0.785245 0.839887 -0.941615 1.76382 -0.973321 0.662913 -0.934362 0.575498 2.38174
2.31928 -1.42192 -0.51373 0.806633 0.0426495 1.98916 2.77911 -0.785245 0.839887 -0.941615 1.76382 -0.973321 0.662913 -0.934362 0.575498 2.38174
2.31414 -1.42192 -0.51373 0.806633 0.0426495 1.98916 2.77911 -0.785245 0.839887 -0.941615 1.76382 -0.973321 0.662913 -0.934362 0.575498 2.38174
2.30885 -1.42192 -0.51373 0.806633 0.0426495 1.98916 2.77911 -0.785245 0.839887 -0.941615 1.76382 -0.973321 0.662913 -0.934362 0.575498 2.38174
2.30369 -1.42192 -0.51373 0.806633 0.0426495 1.98916 2.77911 -0.785245 0.839887 -0.941615 1.76382 -0.973321 0.662913 -0.934362 0.575498 2.38174
2.29849 -1.42192 -0.51373 0.806633 0.0426495 1.98916 2.77911 -0.785245 0.839887 -0.941615 1.76382 -0.973321 0.662913 -0.934362 0.575498 2.38174
2.29328 -1.42192 -0.51373 0.806633 0.0426495 1.98916 2.77911 -0.785245 0.839887 -0.941615 1.76382 -0.973321 0.662913 -0.934362 0.575498 2.38174
2.28802 -1.42192 -0.51373 0.806633 0.0426495 1.98916 2.77911 -0.785245 0.839887 -0.941615 1.76382 -0.973321 0.662913 -0.934362 0.575498 2.38174
2.28271 -1.42192 -0.51373 0.806633 0.0426495 1.98916 2.77911 -0.785245 0.839887 -0.941615 1.76382 -0.973321 0.662913 -0.934362 0.575498 2.38174
2.2774 -1.42192 -0.51373 0.806633 0.0426495 1.98916 2.77911 -0.785245 0.839887 -0.941615 1.76382 -0.973321 0.662913 -0.934362 0.575498 2.38174
2.27201 -1.42192 -0.51373 0.806633 0.0426495 1.98916 2.77911 -0.785245 0.839887 -0.941615 1.76382 -0.973321 0.662913 -0.934362 0.575498 2.38174
2.26663 -1.42192 -0.51373 0.806633 0.0426495 1.98916 2.77911 -0.785245 0.839887 -0.941615 1.76382 -0.973321 0.662913 -0.934362 0.575498 2.38174
2.2612 -1.42192 -0.51373 0.806633 0.0426495 1.98916 2.77911 -0.785245 0.839887 -0.941615 1.76382 -0.973321 0.662913 -0.934362 0.575498 2.38174
2.25555 -1.42192 -0.51373 0.806633 0.0426495 1.98916 2.77911 -0.785245 0.839887 -0.941615 1.76382 -0.973321 0.662913 -0.934362 0.575498 2.38174
2.25006 -1.42192 -0.51373 0.806633 0.0426495 1.98916 2.77911 -0.785245 0.839887 -0.941615 1.76382 -0.973321 0.662913 -0.934362 0.575498 2.38174
2.24453 -1.42192 -0.51373 0.806633 0.0426495 1.98916 2.77911 -0.785245 0.839887 -0.941615 1.76382 -0.973321 0.662913 -0.934362 0.575498 2.38174
2.23898 -1.42192 -0.51373 0.806633 0.0426495 1.98916 2.77911 -0.785245 0.839887 -0.941615 1.76382 -0.973321 0.662913 -0.934362 0.575498 2.38174
2.23332 -1.42192 -0.51373 0.806633 0.0426495 1.98916 2.77911 -0.785245 0.839887 -0.941615 1.76382 -0.973321 0.662913 -0.934362 0.575498 2.38174
2.22774 -1.42192 -0.51373 0.806633 0.0426495 1.98916 2.77911 -0.785245 0.839887 -0.941615 1.76382 -0.973321 0.662913 -0.934362 0.575498 2.38174
2.22212 -1.42192 -0.51373 0.806633 0.0426495 1.98916 2.77911 -0.785245 0.839887 -0.941615 1.76382 -0.973321 0.662913 -0.934362 0.575498 2.38174
2.21648 -1.42192 -0.51373 0.806633 0.0426495 1.98916 2.77911 -0.785245 0.839887 -0.941615 1.76382 -0.973321 0.662913 -0.934362 0.575498 2.38174
2.21077 -1.42192 -0.51373 0.806633 0.0426495 1.98916 2.77911 -0.785245 0.839887 -0.941615 1.76382 -0.973321 0.662913 -0.934362 0.575498 2.38174
2.20494 -1.42192 -0.51373 0.806633 0.0426495 1.98916 2.77911 -0.785245 0.839887 -0.941615 1.76382 -0.973321 0.662913 -0.934362 0.575498 2.38174
2.1992 -1.42192 -0.51373 0.806633 0.0426495 1.98916 2.77911 -0.785245 0.839887 -0.941615 1.76382 -0.973321 0.662913 -0.934362 0.575498 2.38174
2.19342 -1.42192 -0.51373 0.806633 0.0426495 1.98916 2.77911 -0.785245 0.839887 -0.941615 1.76382 -0.973321 0.662913 -0.934362 0.575498 2.38174
2.18765 -1.42192 -0.51373 0.806633 0.0426495 1.98916 2.77911 -0.785245 0.839887 -0.941615 1.76382 -0.973321 0.662913 -0.934362 0.575498 2.38174
2.1716 -1.42192 -0.51373 0.806633 0.0426495 1.98916 2.77911 -0.785245 0.839887 -0.941615 1.76382 -0.973321 0.662913 -0.934362 0.575498 2.38174
2.1716 -1.42192 -0.51373 0.806633 0.0426495 1.98916 2.77911 -0.785245 0.839887 -0.941615 1.76382 -0.973321 0.662913 -0.934362 0.575498 2.38174
2.1716 -1.42192 -0.51373 0.806633 0.0426495 1.98916 2.77911 -0.785245 0.839887 -0.941615 1.76382 -0.973321 0.662913 -0.934362 0.575498 2.38174
2.1716 -1.42192 -0.51373 0.806633 0.0426495 1.98916 2.77911 -0.785245 0.839887 -0.941615 1.76382 -0.973321 0.662913 -0.934362 0.575498 2.38174
2.1716 -1.42192 -0.51373 0.806633 0.0426495 1.98916 2.77911 -0.785245 0.839887 -0.941615 1.76382 -0.973321 0.662913 -0.934362 0.575498 2.38174
2.1716 -1.42192 -0.51373 0.806633 0.0426495 1.98916 2.77911 -0.785245 0.839887 -0.941615 1.76382 -0.973321 0.662913 -0.934362 0.575498 2.38174
2.17136 -1.42192 -0.51373 0.806633 0.0426495 1.98916 2.77911 -0.785245 0.839887 -0.941615 1.76382 -0.973321 0.662913 -0.934362 0.575498 2.38174
2.17066 -1.42192 -0.51373 0.806633 0.0426495 1.98916 2.77911 -0.785245 0.839887 -0.941615 1.76382 -0.973321 0.662913 -0.934362 0.575498 2.38174
2.17009 -1.42192 -0.51373 0.806633 0.0426495 1.98916 2.77911 -0.785245 0.839887 -0.941615 1.76382 -0.973321 0.662913 -0.934362 0.575498 2.38174
2.16973 -1.42192 -0.51373 0.806633 0.0426495 1.98916 2.77911 -0.785245 0.839887 -0.941615 1.76382 -0.973321 0.662913 -0.934362 0.575498 2.38174
2.16964 -1.42192 -0.51373 0.806633 0.0426495 1.98916 2.77911 -0.785245 0.839887 -0.941615 1.76382 -0.973321 0.662913 -0.934362 0.575498 2.38174
2.16964 -1.42192 -0.51373 0.806633 0.0426495 1.98916 2.77911 -0.785245 0.839887 -0.941615 1.76382 -0.973321 0.662913 -0.934362 0.575498 2.38174
2.16964 -1.42192 -0.51373 0.806633 0.0426495 1.98916 2.77911 -0.785245 0.839887 -0.941615 1.76382 -0.973321 0.662913 -0.934362 0.575498 2.38174
2.16964 -1.42192 -0.51373 0.806633 0.0426495 1.98916 2.77911 -0.785245 0.839887 -0.941615 1.76382 -0.973321 0.662913 -0.934362 0.575498 2.38174
2.17051 -1.42192 -0.51373 0.806633 0.0426495 1.98916 2.77911 -0.785245 0.839887 -0.941615 1.76382 -0.973321 0.662913 -0.934362 0.575498 2.38174
2.17125 -1.42192 -0.51373 0.806633 0.0426495 1.98916 2.77911 -0.785245 0.839887 -0.941615 1.76382 -0.973321 0.662913 -0.934362 0.575498 2.38174
2.17148 -1.42192 -0.51373 0.806633 0.0426495 1.98916 2.77911 -0.785245 0.839887 -0.941615 1.76382 -0.973321 0.662913 -0.934362 0.575498 2.38174
2.17148 -1.42192 -0.51373 0.806633 0.0426495 1.98916 2.77911 -0.785245 0.839887 -0.941615 1.76382 -0.973321 0.662913 -0.934362 0.575498 2.38174
2.17148 -1.42192 -0.51373 0.806633 0.0426495 1.98916 2.77911 -0.785245 0.839887 -0.941615 1.76382 -0.973321 0.662913 -0.934362 0.575498 2.38174
2.17149 -1.42192 -0.51373 0.806633 0.0426495 1.98916 2.77911 -0.785245 0.839887 -0.941615 1.76382 -0.973321 0.662913 -0.934362 0.575498 2.38174
2.17156 -1.42192 -0.51373 0.806633 0.0426495 1.98916 2.77911 -0.785245 0.839887 -0.941615 1.76382 -0.973321 0.662913 -0.934362 0.575498 2.38174
2.17171 -1.42192 -0.51373 0.806633 0.0426495 1.98916 2.77911 -0.785245 0.839887 -0.941615 1.76382 -0.973321 0.662913 -0.934362 0.575498 2.38174
2.17199 -1.42192 -0.51373 0.806633 0.0426495 1.98916 2.77911 -0.785245 0.839887 -0.941615 1.76382 -0.973321 0.662913 -0.934362 0.575498 2.38174
2.17249 -1.42192 -0.51373 0.806633 0.0426495 1.98916 2.77911 -0.785245 0.839887 -0.941615 1.76382 -0.973321 0.662913 -0.934362 0.575498 2.38174
2.17306 -1.42192 -0.51373 0.806633 0.0426495 1.98916 2.77911 -0.785245 0.839887 -0.941615 1.76382 -0.973321 0.662913 -0.934362 0.575498 2.38174
2.17349 -1.42192 -0.51373 0.806633 0.0426495 1.98916 2.77911 -0.785245 0.839887 -0.941615 1.76382 -0.973321 0.662913 -0.934362 0.575498 2.38174
2.17383 -1.42192 -0.51373 0.806633 0.0426495 1.98916 2.77911 -0.785245 0.839887 -0.941615 1.76382 -0.973321 0.662913 -0.934362 0.575498 2.38174
2.17393 -1.42192 -0.51373 0.806633 0.0426495 1.98916 2.77911 -0.785245 0.839887 -0.941615 1.76382 -0.973321 0.662913 -0.934362 0.575498 2.38174
2.17393 -1.42192 -0.51373 0.806633 0.0426495 1.98916 2.77911 -0.785245 0.839887 -0.941615 1.76382 -0.973321 0.662913 -0.934362 0.575498 2.38174
2.17394 -1.42192 -0.51373 0.806633 0.0426495 1.98916 2.77911 -0.785245 0.839887 -0.941615 1.76382 -0.973321 0.662913 -0.934362 0.575498 2.38174
2.17394 -1.42192 -0.51373 0.806633 0.0426495 1.98916 2.77911 -0.785245 0.839887 -0.941615 1.76382 -0.973321 0.662913 -0.934362 0.575498 2.38174
2.17395 -1.42192 -0.51373 0.806633 0.0426495 1.98916 2.77911 -0.785245 0.839887 -0.941615 1.76382 -0.973321 0.662913 -0.934362 0.575498 2.38174
2.17396 -1.42192 -0.51373 0.806633 0.0426495 1.98916 2.77911 -0.785245 0.839887 -0.941615 1.76382 -0.973321 0.662913 -0.934362 0.575498 2.38174
2.17398 -1.42192 -0.51373 0.806633 0.0426495 1.98916 2.77911 -0.785245 0.839887 -0.941615 1.76382 -0.973321 0.662913 -0.934362 0.575498 2.38174
2.17406 -1.42192 -0.51373 0.806633 0.0426495 1.98916 2.77911 -0.785245 0.839887 -0.941615 1.76382 -0.973321 0.662913 -0.934362 0.575498 2.38174
2.17412 -1.42192 -0.51373 0.806633 0.0426495 1.98916 2.77911 -0.785245 0.839887 -0.941615 1.76382 -0.973321 0.662913 -0.934362 0.575498 2.38174
2.17419 -1.42192 -0.51373 0.806633 0.0426495 1.98916 2.77911 -0.785245 0.839887 -0.941615 1.76382 -0.973321 0.662913 -0.934362 0.575498 2.38174
2.17422 -1.42192 -0.51373 0.806633 0.0426495 1.98916 2.77911 -0.785245 0.839887 -0.941615 1.76382 -0.973321 0.662913 -0.934362 0.575498 2.38174
2.17423 -1.42192 -0.51373 0.806633 0.0426495 1.98916 2.77911 -0.785245 0.839887 -0.941615 1.76382 -0.973321 0.662913 -0.934362 0.575498 2.38174
2.17424 -1.42192 -0.51373 0.806633 0.0426495 1.98916 2.77911 -0.785245 0.839887 -0.941615 1.76382 -0.973321 0.662913 -0.934362 0.575498 2.38174
2.17429 -1.42192 -0.51373 0.806633 0.0426495 1.98916 2.77911 -0.785245 0.839887 -0.941615 1.76382 -0.973321 0.662913 -0.934362 0.575498 2.38174
2.17434 -1.42192 -0.51373 0.806633 0.0426495 1.98916 2.77911 -0.785245 0.839887 -0.941615 1.76382 -0.973321 0.662913 -0.934362 0.575498 2.38174
2.17439 -1.42192 -0.51373 0.806633 0.0426495 1.98916 2.77911 -0.785245 0.839887 -0.941615 1.76382 -0.973321 0.662913 -0.934362 0.575498 2.38174
2.17441 -1.42192 -0.51373 0.806633 0.0426495 1.98916 2.77911 -0.785245 0.839887 -0.941615 1.76382 -0.973321 0.662913 -0.934362 0.575498 2.38174
2.17442 -1.42192 -0.51373 0.806633 0.0426495 1.98916 2.77911 -0.785245 0.839887 -0.941615 1.76382 -0.973321 0.662913 -0.934362 0.575498 2.38174
2.17442 -1.42192 -0.51373 0.806633 0.0426495 1.98916 2.77911 -0.785245 0.839887 -0.941615 1.76382 -0.973321 0.662913 -0.934362 0.575498 2.38174
2.17443 -1.42192 -0.51373 0.806633 0.0426495 1.98916 2.77911 -0.785245 0.839887 -0.941615 1.76382 -0.973321 0.662913 -0.934362 0.575498 2.38174
2.17443 -1.42192 -0.51373 0.806633 0.0426495 1.98916 2.77911 -0.785245 0.839887 -0.941615 1.76382 -0.973321 0.662913 -0.934362 0.575498 2.38174
2.17443 -1.42192 -0.51373 0.806633 0.0426495 1.98916 2.77911 -0.785245 0.839887 -0.941615 1.76382 -0.973321 0.662913 -0.934362 0.575498 2.38174
2.17443 -1.42192 -0.51373 0.806633 0.0426495 1.98916 2.77911 -0.785245 0.839887 -0.941615 1.76382 -0.973321 0.662913 -0.934362 0.575498 2.38174
2.17443 -1.42192 -0.51373 0.806633 0.0426495 1.98916 2.77911 -0.785245 0.839887 -0.941615 1.76382 -0.973321 0.662913 -0.934362 0.575498 2.38174
2.17443 -1.42192 -0.51373 0.806633 0.0426495 1.98916 2.77911 -0.785245 0.839887 -0.941615 1.76382 -0.973321 0.662913 -0.934362 0.575498 2.38174
2.17443 -1.42192 -0.51373 0.806633 0.0426495 1.98916 2.77911 -0.785245 0.839887 -0.941615 1.76382 -0.973321 0.662913 -0.934362 0.575498 2.38174
2.17444 -1.42192 -0.51373 0.806633 0.0426495 1.98916 2.77911 -0.785245 0.839887 -0.941615 1.76382 -0.973321 0.662913 -0.934362 0.575498 2.38174
2.17444 -1.42192 -0.51373 0.806633 0.0426495 1.98916 2.77911 -0.785245 0.839887 -0.941615 1.76382 -0.973321 0.662913 -0.934362 0.575498 2.38174
2.17444 -1.42192 -0.51373 0.806633 0.0426495 1.98916 2.77911 -0.785245 0.839887 -0.941615 1.76382 -0.973321 0.662913 -0.934362 0.575498 2.38174
2.17444 -1.42192 -0.51373 0.806633 0.0426495 1.98916 2.77911 -0.785245 0.839887 -0.941615 1.76382 -0.973321 0.662913 -0.934362 0.575498 2.38174
2.17444 -1.42192 -0.51373 0.806633 0.0426495 1.98916 2.77911 -0.785245 0.839887 -0.941615 1.76382 -0.973321 0.662913 -0.934362 0.575498 2.38174
2.17444 -1.42192 -0.51373 0.806633 0.0426495 1.98916 2.77911 -0.785245 0.839887 -0.941615 1.76382 -0.973321 0.662913 -0.934362 0.575498 2.38174
2.17444 -1.42192 -0.51373 0.806633 0.0426495 1.98916 2.77911 -0.785245 0.839887 -0.941615 1.76382 -0.973321 0.662913 -0.934362 0.575498 2.38174
2.17444 -1.42192 -0.51373 0.806633 0.0426495 1.98916 2.77911 -0.785245 0.839887 -0.941615 1.76382 -0.973321 0.662913 -0.934362 0.575498 2.38174
2.17444 -1.42192 -0.51373 0.806633 0.0426495 1.98916 2.77911 -0.785245 0.839887 -0.941615 1.76382 -0.973321 0.662913 -0.934362 0.575498 2.38174
2.17444 -1.42192 -0.51373 0.806633 0.0426495 1.98916 2.77911 -0.785245 0.839887 -0.941615 1.76382 -0.973321 0.662913 -0.934362 0.575498 2.38174
2.17444 -1.42192 -0.51373 0.806633 0.0426495 1.98916 2.77911 -0.785245 0.839887 -0.941615 1.76382 -0.973321 0.662913 -0.934362 0.575498 2.38174
2.17444 -1.42192 -0.51373 0.806633 0.0426495 1.98916 2.77911 -0.785245 0.839887 -0.941615 1.76382 -0.973321 0.662913 -0.934362 0.575498 2.38174
2.17445 -1.42192 -0.51373 0.806633 0.0426495 1.98916 2.77911 -0.785245 0.839887 -0.941615 1.76382 -0.973321 0.662913 -0.934362 0.575498 2.38174
2.17445 -1.42192 -0.51373 0.806633 0.0426495 1.98916 2.77911 -0.785245 0.839887 -0.941615 1.76382 -0.973321 0.662913 -0.934362 0.575498 2.38174
2.17445 -1.42192 -0.51373 0.806633 0.0426495 1.98916 2.77911 -0.785245 0.839887 -0.941615 1.76382 -0.973321 0.662913 -0.934362 0.575498 2.38174
2.17445 -1.42192 -0.51373 0.806633 0.0426495 1.98916 2.77911 -0.785245 0.839887 -0.941615 1.76382 -0.973321 0.662913 -0.934362 0.575498 2.38174
2.17445 -1.42192 -0.51373 0.806633 0.0426495 1.98916 2.77911 -0.785245 0.839887 -0.941615 1.76382 -0.973321 0.662913 -0.934362 0.575498 2.38174
2.17445 -1.42192 -0.51373 0.806633 0.0426495 1.98916 2.77911 -0.785245 0.839887 -0.941615 1.76382 -0.973321 0.662913 -0.934362 0.575498 2.38174
2.17445 -1.42192 -0.51373 0.806633 0.0426495 1.98916 2.77911 -0.785245 0.839887 -0.941615 1.76382 -0.973321 0.662913 -0.934362 0.575498 2.38174
2.30393 -1.42192 -0.51373 0.806633 0.0426495 1.98916 2.77911 -0.785245 0.839887 -0.941615 1.76382 -0.973321 0.662913 -0.934362 0.575498 2.38174
2.30488 -1.42192 -0.51373 0.806633 0.0426495 1.98916 2.77911 -0.785245 0.839887 -0.941615 1.76382 -0.973321 0.662913 -0.934362 0.575498 2.38174
2.3059 -1.42192 -0.51373 0.806633 0.0426495 1.98916 2.77911 -0.785245 0.839887 -0.941615 1.76382 -0.973321 0.662913 -0.934362 0.575498 2.38174
2.30694 -1.42192 -0.51373 0.806633 0.0426495 1.98916 2.77911 -0.785245 0.839887 -0.941615 1.76382 -0.973321 0.662913 -0.934362 0.575498 2.38174
2.30799 -1.42192 -0.51373 0.806633 0.0426495 1.98916 2.77911 -0.785245 0.839887 -0.941615 1.76382 -0.973321 0.662913 -0.934362 0.575498 2.38174
2.30903 -1.42192 -0.51373 0.806633 0.0426495 1.98916 2.77911 -0.785245 0.839887 -0.941615 1.76382 -0.973321 0.662913 -0.934362 0.575498 2.38174
2.31012 -1.42192 -0.51373 0.806633 0.0426495 1.98916 2.77911 -0.785245 0.839887 -0.941615 1.76382 -0.973321 0.662913 -0.934362 0.575498 2.38174
2.3113 -1.42192 -0.51373 0.806633 0.0426495 1.98916 2.77911 -0.785245 0.839887 -0.941615 1.76382 -0.973321 0.662913 -0.934362 0.575498 2.38174
2.31256 -1.42192 -0.51373 0.806633 0.0426495 1.98916 2.77911 -0.785245 0.839887 -0.941615 1.76382 -0.973321 0.662913 -0.934362 0.575498 2.38174
2.3139 -1.42192 -0.51373 0.806633 0.0426495 1.98916 2.77911 -0.785245 0.839887 -0.941615 1.76382 -0.973321 0.662913 -0.934362 0.575498 2.38174
2.3154 -1.42192 -0.51373 0.806633 0.0426495 1.98916 2.77911 -0.785245 0.839887 -0.941615 1.76382 -0.973321 0.662913 -0.934362 0.575498 2.38174
2.31716 -1.42192 -0.51373 0.806633 0.0426495 1.98916 2.77911 -0.785245 0.839887 -0.941615 1.76382 -0.973321 0.662913 -0.934362 0.575498 2.38174
2.31912 -1.42192 -0.51373 0.806633 0.0426495 1.98916 2.77911 -0.785245 0.839887 -0.941615 1.76382 -0.973321 0.662913 -0.934362 0.575498 2.38174
2.32116 -1.42192 -0.51373 0.806633 0.0426495 1.98916 2.77911 -0.785245 0.839887 -0.941615 1.76382 -0.973321 0.662913 -0.934362 0.575498 2.38174
2.32537 -1.42192 -0.51373 0.806633 0.0426495 1.98916 2.77911 -0.785245 0.839887 -0.941615 1.76382 -0.973321 0.662913 -0.934362 0.575498 2.38174
2.32975 -1.42192 -0.51373 0.806633 0.0426495 1.98916 2.77911 -0.785245 0.839887 -0.941615 1.76382 -0.973321 0.662913 -0.934362 0.575498 2.38174
2.33431 -1.42192 -0.51373 0.806633 0.0426495 1.98916 2.77911 -0.785245 0.839887 -0.941615 1.76382 -0.973321 0.662913 -0.934362 0.575498 2.38174
2.33872 -1.42192 -0.51373 0.806633 0.0426495 1.98916 2.77911 -0.785245 0.839887 -0.941615 1.76382 -0.973321 0.662913 -0.934362 0.575498 2.38174
2.34335 -1.42192 -0.51373 0.806633 0.0426495 1.98916 2.77911 -0.785245 0.839887 -0.941615 1.76382 -0.973321 0.662913 -0.934362 0.575498 2.38174
2.34837 -1.42192 -0.51373 0.806633 0.0426495 1.98916 2.77911 -0.785245 0.839887 -0.941615 1.76382 -0.973321 0.662913 -0.934362 0.575498 2.38174
2.35349 -1.42192 -0.51373 0.806633 0.0426495 1.98916 2.77911 -0.785245 0.839887 -0.941615 1.76382 -0.973321 0.662913 -0.934362 0.575498 2.38174
2.35881 -1.42192 -0.51373 0.806633 0.0426495 1.98916 2.77911 -0.785245 0.839887 -0.941615 1.76382 -0.973321 0.662913 -0.934362 0.575498 2.38174
2.36481 -1.42192 -0.51373 0.806633 0.0426495 1.98916 2.77911 -0.785245 0.839887 -0.941615 1.76382 -0.973321 0.662913 -0.934362 0.575498 2.38174
2.37078 -1.42192 -0.51373 0.806633 0.0426495 1.98916 2.77911 -0.785245 0.839887 -0.941615 1.76382 -0.973321 0.662913 -0.934362 0.575498 2.38174
2.37673 -1.42192 -0.51373 0.806633 0.0426495 1.98916 2.77911 -0.785245 0.839887 -0.941615 1.76382 -0.973321 0.662913 -0.934362 0.575498 2.38174
2.38296 -1.42192 -0.51373 0.806633 0.0426495 1.98916 2.77911 -0.785245 0.839887 -0.941615 1.76382 -0.973321 0.662913 -0.934362 0.575498 2.38174
2.38932 -1.42192 -0.51373 0.806633 0.0426495 1.98916 2.77911 -0.785245 0.839887 -0.941615 1.76382 -0.973321 0.662913 -0.934362 0.575498 2.38174
2.39588 -1.42192 -0.51373 0.806633 0.0426495 1.98916 2.77911 -0.785245 0.839887 -0.941615 1.76382 -0.973321 0.662913 -0.934362 0.575498 2.38174
2.40276 -1.42192 -0.51373 0.806633 0.0426495 1.98916 2.77911 -0.785245 0.839887 -0.941615 1.76382 -0.973321 0.662913 -0.934362 0.575498 2.38174
2.40984 -1.42192 -0.51373 0.806633 0.0426495 1.98916 2.77911 -0.785245 0.839887 -0.941615 1.76382 -0.973321 0.662913 -0.934362 0.575498 2.38174
2.41724 -1.42192 -0.51373 0.806633 0.0426495 1.98916 2.77911 -0.785245 0.839887 -0.941615 1.76382 -0.973321 0.662913 -0.934362 0.575498 2.38174
2.42479 -1.42192 -0.51373 0.806633 0.0426495 1.98916 2.77911 -0.785245 0.839887 -0.941615 1.76382 -0.973321 0.662913 -0.934362 0.575498 2.38174
2.43266 -1.42192 -0.51373 0.806633 0.0426495 1.98916 2.77911 -0.785245 0.839887 -0.941615 1.76382 -0.973321 0.662913 -0.934362 0.575498 2.38174
2.4407 -1.42192 -0.51373 0.806633 0.0426495 1.98916 2.77911 -0.785245 0.839887 -0.941615 1.76382 -0.973321 0.662913 -0.934362 0.575498 2.38174
2.44912 -1.42192 -0.51373 0.806633 0.0426495 1.98916 2.77911 -0.785245 0.839887 -0.941615 1.76382 -0.973321 0.662913 -0.934362 0.575498 2.38174
2.45783 -1.42192 -0.51373 0.806633 0.0426495 1.98916 2.77911 -0.785245 0.839887 -0.941615 1.76382 -0.973321 0.662913 -0.934362 0.575498 2.38174
2.46682 -1.42192 -0.51373 0.806633 0.0426495 1.98916 2.77911 -0.785245 0.839887 -0.941615 1.76382 -0.973321 0.662913 -0.934362 0.575498 2.38174
2.47622 -1.42192 -0.51373 0.806633 0.0426495 1.98916 2.77911 -0.785245 0.839887 -0.941615 1.76382 -0.973321 0.662913 -0.934362 0.575498 2.38174
2.48596 -1.42192 -0.51373 0.806633 0.0426495 1.98916 2.77911 -0.785245 0.839887 -0.941615 1.76382 -0.973321 0.662913 -0.934362 0.575498 2.38174
2.49607 -1.42192 -0.51373 0.806633 0.0426495 1.98916 2.77911 -0.785245 0.839887 -0.941615 1.76382 -0.973321 0.662913 -0.934362 0.575498 2.38174
2.50661 -1.42192 -0.51373 0.806633 0.0426495 1.98916 2.77911 -0.785245 0.839887 -0.941615 1.76382 -0.973321 0.662913 -0.934362 0.575498 2.38174
