8.281
8.291
8.302
8.312
8.322
8.333
8.343
8.353
8.364
8.376
8.396
8.417
8.437
8.458
8.478
8.499
8.52
8.54
8.561
8.581
8.62
8.659
8.698
8.737
8.776
8.814
8.853
8.891
8.93
8.968
9.006
9.046
9.084
9.122
9.161
9.2
9.239
9.278
9.318
9.357
9.397
9.436
9.474
9.513
9.551
9.59
9.628
9.667
9.705
9.743
9.782
9.821
9.86
9.898
9.937
9.976
10.015
10.054
10.093
10.133
10.172
10.21
10.249
10.287
10.326
10.365
10.403
10.442
10.481
10.52
10.558
10.597
10.635
10.674
10.712
10.751
10.79
10.828
10.868
10.907
10.946
10.985
11.024
11.063
11.101
11.14
11.179
11.217
11.257
11.295
11.334
11.372
11.632
11.642
11.653
11.664
11.675
11.686
11.697
11.707
11.718
11.731
11.77
11.809
11.847
11.886
11.928
11.967
12.006
12.044
12.083
12.122
12.161
12.2
12.239
12.279
12.318
12.357
12.395
12.434
12.473
12.511
12.55
12.588
12.627
12.666
12.704
12.743
12.782
12.82
12.858
12.897
12.935
12.974
13.015
13.054
13.093
13.132
13.171
13.209
13.248
13.286
13.325
13.363
13.402
13.441
13.479
13.518
13.556
13.595
13.633
13.672
13.71
13.749
13.788
13.827
13.866
13.905
13.944
13.983
14.022
14.06
14.099
14.137
21.818
21.828
21.839
21.849
21.86
21.87
21.881
21.891
21.901
21.913
21.934
21.954
21.975
21.996
22.034
22.073
22.111
22.15
22.189
22.228
22.266
22.305
22.346
22.386
22.424
22.463
22.501
22.541
22.579
22.617
22.656
22.695
22.733
22.772
22.81
22.848
22.886
22.925
22.964
23.003
23.041
