2.64695 1.17078 -1.59924 1.58293 1.67903 -1.12726 3.13488 -1.18585 0.0302606 1.26344 -1.67172 2.09624 -0.697121 -1.19007 1.43003 -1.67482
2.64558 1.17078 -1.59924 1.58293 1.67903 -1.12726 3.13488 -1.18585 0.0302606 1.26344 -1.67172 2.09624 -0.697121 -1.19007 1.43003 -1.67482
2.64445 1.17078 -1.59924 1.58293 1.67903 -1.12726 3.13488 -1.18585 0.0302606 1.26344 -1.67172 2.09624 -0.697121 -1.19007 1.43003 -1.67482
2.64312 1.17078 -1.59924 1.58293 1.67903 -1.12726 3.13488 -1.18585 0.0302606 1.26344 -1.67172 2.09624 -0.697121 -1.19007 1.43003 -1.67482
2.64167 1.17078 -1.59924 1.58293 1.67903 -1.12726 3.13488 -1.18585 0.0302606 1.26344 -1.67172 2.09624 -0.697121 -1.19007 1.43003 -1.67482
2.64009 1.17078 -1.59924 1.58293 1.67903 -1.12726 3.13488 -1.18585 0.0302606 1.26344 -1.67172 2.09624 -0.697121 -1.19007 1.43003 -1.67482
2.6385 1.17078 -1.59924 1.58293 1.67903 -1.12726 3.13488 -1.18585 0.0302606 1.26344 -1.67172 2.09624 -0.697121 -1.19007 1.43003 -1.67482
2.63691 1.17078 -1.59924 1.58293 1.67903 -1.12726 3.13488 -1.18585 0.0302606 1.26344 -1.67172 2.09624 -0.697121 -1.19007 1.43003 -1.67482
2.63528 1.17078 -1.59924 1.58293 1.67903 -1.12726 3.13488 -1.18585 0.0302606 1.26344 -1.67172 2.09624 -0.697121 -1.19007 1.43003 -1.67482
2.63364 1.17078 -1.59924 1.58293 1.67903 -1.12726 3.13488 -1.18585 0.0302606 1.26344 -1.67172 2.09624 -0.697121 -1.19007 1.43003 -1.67482
2.63193 1.17078 -1.59924 1.58293 1.67903 -1.12726 3.13488 -1.18585 0.0302606 1.26344 -1.67172 2.09624 -0.697121 -1.19007 1.43003 -1.67482
2.62887 1.17078 -1.59924 1.58293 1.67903 -1.12726 3.13488 -1.18585 0.0302606 1.26344 -1.67172 2.09624 -0.697121 -1.19007 1.43003 -1.67482
2.62601 1.17078 -1.59924 1.58293 1.67903 -1.12726 3.13488 -1.18585 0.0302606 1.26344 -1.67172 2.09624 -0.697121 -1.19007 1.43003 -1.67482
2.62427 1.17078 -1.59924 1.58293 1.67903 -1.12726 3.13488 -1.18585 0.0302606 1.26344 -1.67172 2.09624 -0.697121 -1.19007 1.43003 -1.67482
2.6225 1.17078 -1.59924 1.58293 1.67903 -1.12726 3.13488 -1.18585 0.0302606 1.26344 -1.67172 2.09624 -0.697121 -1.19007 1.43003 -1.67482
2.62073 1.17078 -1.59924 1.58293 1.67903 -1.12726 3.13488 -1.18585 0.0302606 1.26344 -1.67172 2.09624 -0.697121 -1.19007 1.43003 -1.67482
2.61895 1.17078 -1.59924 1.58293 1.67903 -1.12726 3.13488 -1.18585 0.0302606 1.26344 -1.67172 2.09624 -0.697121 -1.19007 1.43003 -1.67482
2.61717 1.17078 -1.59924 1.58293 1.67903 -1.12726 3.13488 -1.18585 0.0302606 1.26344 -1.67172 2.09624 -0.697121 -1.19007 1.43003 -1.67482
2.61541 1.17078 -1.59924 1.58293 1.67903 -1.12726 3.13488 -1.18585 0.0302606 1.26344 -1.67172 2.09624 -0.697121 -1.19007 1.43003 -1.67482
2.61368 1.17078 -1.59924 1.58293 1.67903 -1.12726 3.13488 -1.18585 0.0302606 1.26344 -1.67172 2.09624 -0.697121 -1.19007 1.43003 -1.67482
2.61042 1.17078 -1.59924 1.58293 1.67903 -1.12726 3.13488 -1.18585 0.0302606 1.26344 -1.67172 2.09624 -0.697121 -1.19007 1.43003 -1.67482
2.60705 1.17078 -1.59924 1.58293 1.67903 -1.12726 3.13488 -1.18585 0.0302606 1.26344 -1.67172 2.09624 -0.697121 -1.19007 1.43003 -1.67482
2.60374 1.17078 -1.59924 1.58293 1.67903 -1.12726 3.13488 -1.18585 0.0302606 1.26344 -1.67172 2.09624 -0.697121 -1.19007 1.43003 -1.67482
2.60049 1.17078 -1.59924 1.58293 1.67903 -1.12726 3.13488 -1.18585 0.0302606 1.26344 -1.67172 2.09624 -0.697121 -1.19007 1.43003 -1.67482
2.59704 1.17078 -1.59924 1.58293 1.67903 -1.12726 3.13488 -1.18585 0.0302606 1.26344 -1.67172 2.09624 -0.697121 -1.19007 1.43003 -1.67482
2.59366 1.17078 -1.59924 1.58293 1.67903 -1.12726 3.13488 -1.18585 0.0302606 1.26344 -1.67172 2.09624 -0.697121 -1.19007 1.43003 -1.67482
2.59024 1.17078 -1.59924 1.58293 1.67903 -1.12726 3.13488 -1.18585 0.0302606 1.26344 -1.67172 2.09624 -0.697121 -1.19007 1.43003 -1.67482
2.58681 1.17078 -1.59924 1.58293 1.67903 -1.12726 3.13488 -1.18585 0.0302606 1.26344 -1.67172 2.09624 -0.697121 -1.19007 1.43003 -1.67482
2.5834 1.17078 -1.59924 1.58293 1.67903 -1.12726 3.13488 -1.18585 0.0302606 1.26344 -1.67172 2.09624 -0.697121 -1.19007 1.43003 -1.67482
2.57992 1.17078 -1.59924 1.58293 1.67903 -1.12726 3.13488 -1.18585 0.0302606 1.26344 -1.67172 2.09624 -0.697121 -1.19007 1.43003 -1.67482
2.57644 1.17078 -1.59924 1.58293 1.67903 -1.12726 3.13488 -1.18585 0.0302606 1.26344 -1.67172 2.09624 -0.697121 -1.19007 1.43003 -1.67482
2.57297 1.17078 -1.59924 1.58293 1.67903 -1.12726 3.13488 -1.18585 0.0302606 1.26344 -1.67172 2.09624 -0.697121 -1.19007 1.43003 -1.67482
2.56942 1.17078 -1.59924 1.58293 1.67903 -1.12726 3.13488 -1.18585 0.0302606 1.26344 -1.67172 2.09624 -0.697121 -1.19007 1.43003 -1.67482
2.56591 1.17078 -1.59924 1.58293 1.67903 -1.12726 3.13488 -1.18585 0.0302606 1.26344 -1.67172 2.09624 -0.697121 -1.19007 1.43003 -1.67482
2.56237 1.17078 -1.59924 1.58293 1.67903 -1.12726 3.13488 -1.18585 0.0302606 1.26344 -1.67172 2.09624 -0.697121 -1.19007 1.43003 -1.67482
2.55885 1.17078 -1.59924 1.58293 1.67903 -1.12726 3.13488 -1.18585 0.0302606 1.26344 -1.67172 2.09624 -0.697121 -1.19007 1.43003 -1.67482
2.55537 1.17078 -1.59924 1.58293 1.67903 -1.12726 3.13488 -1.18585 0.0302606 1.26344 -1.67172 2.09624 -0.697121 -1.19007 1.43003 -1.67482
2.55187 1.17078 -1.59924 1.58293 1.67903 -1.12726 3.13488 -1.18585 0.0302606 1.26344 -1.67172 2.09624 -0.697121 -1.19007 1.43003 -1.67482
2.54817 1.17078 -1.59924 1.58293 1.67903 -1.12726 3.13488 -1.18585 0.0302606 1.26344 -1.67172 2.09624 -0.697121 -1.19007 1.43003 -1.67482
2.54454 1.17078 -1.59924 1.58293 1.67903 -1.12726 3.13488 -1.18585 0.0302606 1.26344 -1.67172 2.09624 -0.697121 -1.19007 1.43003 -1.67482
2.54088 1.17078 -1.59924 1.58293 1.67903 -1.12726 3.13488 -1.18585 0.0302606 1.26344 -1.67172 2.09624 -0.697121 -1.19007 1.43003 -1.67482
2.53721 1.17078 -1.59924 1.58293 1.67903 -1.12726 3.13488 -1.18585 0.0302606 1.26344 -1.67172 2.09624 -0.697121 -1.19007 1.43003 -1.67482
2.53355 1.17078 -1.59924 1.58293 1.67903 -1.12726 3.13488 -1.18585 0.0302606 1.26344 -1.67172 2.09624 -0.697121 -1.19007 1.43003 -1.67482
2.52973 1.17078 -1.59924 1.58293 1.67903 -1.12726 3.13488 -1.18585 0.0302606 1.26344 -1.67172 2.09624 -0.697121 -1.19007 1.43003 -1.67482
2.52597 1.17078 -1.59924 1.58293 1.67903 -1.12726 3.13488 -1.18585 0.0302606 1.26344 -1.67172 2.09624 -0.697121 -1.19007 1.43003 -1.67482
2.52219 1.17078 -1.59924 1.58293 1.67903 -1.12726 3.13488 -1.18585 0.0302606 1.26344 -1.67172 2.09624 -0.697121 -1.19007 1.43003 -1.67482
2.51845 1.17078 -1.59924 1.58293 1.67903 -1.12726 3.13488 -1.18585 0.0302606 1.26344 -1.67172 2.09624 -0.697121 -1.19007 1.43003 -1.67482
2.51464 1.17078 -1.59924 1.58293 1.67903 -1.12726 3.13488 -1.18585 0.0302606 1.26344 -1.67172 2.09624 -0.697121 -1.19007 1.43003 -1.67482
2.51083 1.17078 -1.59924 1.58293 1.67903 -1.12726 3.13488 -1.18585 0.0302606 1.26344 -1.67172 2.09624 -0.697121 -1.19007 1.43003 -1.67482
2.50691 1.17078 -1.59924 1.58293 1.67903 -1.12726 3.13488 -1.18585 0.0302606 1.26344 -1.67172 2.09624 -0.697121 -1.19007 1.43003 -1.67482
2.50313 1.17078 -1.59924 1.58293 1.67903 -1.12726 3.13488 -1.18585 0.0302606 1.26344 -1.67172 2.09624 -0.697121 -1.19007 1.43003 -1.67482
2.49927 1.17078 -1.59924 1.58293 1.67903 -1.12726 3.13488 -1.18585 0.0302606 1.26344 -1.67172 2.09624 -0.697121 -1.19007 1.43003 -1.67482
2.49527 1.17078 -1.59924 1.58293 1.67903 -1.12726 3.13488 -1.18585 0.0302606 1.26344 -1.67172 2.09624 -0.697121 -1.19007 1.43003 -1.67482
2.49134 1.17078 -1.59924 1.58293 1.67903 -1.12726 3.13488 -1.18585 0.0302606 1.26344 -1.67172 2.09624 -0.697121 -1.19007 1.43003 -1.67482
2.4874 1.17078 -1.59924 1.58293 1.67903 -1.12726 3.13488 -1.18585 0.0302606 1.26344 -1.67172 2.09624 -0.697121 -1.19007 1.43003 -1.67482
2.48349 1.17078 -1.59924 1.58293 1.67903 -1.12726 3.13488 -1.18585 0.0302606 1.26344 -1.67172 2.09624 -0.697121 -1.19007 1.43003 -1.67482
2.47956 1.17078 -1.59924 1.58293 1.67903 -1.12726 3.13488 -1.18585 0.0302606 1.26344 -1.67172 2.09624 -0.697121 -1.19007 1.43003 -1.67482
2.47558 1.17078 -1.59924 1.58293 1.67903 -1.12726 3.13488 -1.18585 0.0302606 1.26344 -1.67172 2.09624 -0.697121 -1.19007 1.43003 -1.67482
2.47162 1.17078 -1.59924 1.58293 1.67903 -1.12726 3.13488 -1.18585 0.0302606 1.26344 -1.67172 2.09624 -0.697121 -1.19007 1.43003 -1.67482
2.46756 1.17078 -1.59924 1.58293 1.67903 -1.12726 3.13488 -1.18585 0.0302606 1.26344 -1.67172 2.09624 -0.697121 -1.19007 1.43003 -1.67482
2.46357 1.17078 -1.59924 1.58293 1.67903 -1.12726 3.13488 -1.18585 0.0302606 1.26344 -1.67172 2.09624 -0.697121 -1.19007 1.43003 -1.67482
2.45955 1.17078 -1.59924 1.58293 1.67903 -1.12726 3.13488 -1.18585 0.0302606 1.26344 -1.67172 2.09624 -0.697121 -1.19007 1.43003 -1.67482
2.4555 1.17078 -1.59924 1.58293 1.67903 -1.12726 3.13488 -1.18585 0.0302606 1.26344 -1.67172 2.09624 -0.697121 -1.19007 1.43003 -1.67482
2.4513 1.17078 -1.59924 1.58293 1.67903 -1.12726 3.13488 -1.18585 0.0302606 1.26344 -1.67172 2.09624 -0.697121 -1.19007 1.43003 -1.67482
2.44717 1.17078 -1.59924 1.58293 1.67903 -1.12726 3.13488 -1.18585 0.0302606 1.26344 -1.67172 2.09624 -0.697121 -1.19007 1.43003 -1.67482
2.44301 1.17078 -1.59924 1.58293 1.67903 -1.12726 3.13488 -1.18585 0.0302606 1.26344 -1.67172 2.09624 -0.697121 -1.19007 1.43003 -1.67482
2.43889 1.17078 -1.59924 1.58293 1.67903 -1.12726 3.13488 -1.18585 0.0302606 1.26344 -1.67172 2.09624 -0.697121 -1.19007 1.43003 -1.67482
2.43468 1.17078 -1.59924 1.58293 1.67903 -1.12726 3.13488 -1.18585 0.0302606 1.26344 -1.67172 2.09624 -0.697121 -1.19007 1.43003 -1.67482
2.43038 1.17078 -1.59924 1.58293 1.67903 -1.12726 3.13488 -1.18585 0.0302606 1.26344 -1.67172 2.09624 -0.697121 -1.19007 1.43003 -1.67482
2.42615 1.17078 -1.59924 1.58293 1.67903 -1.12726 3.13488 -1.18585 0.0302606 1.26344 -1.67172 2.09624 -0.697121 -1.19007 1.43003 -1.67482
2.4219 1.17078 -1.59924 1.58293 1.67903 -1.12726 3.13488 -1.18585 0.0302606 1.26344 -1.67172 2.09624 -0.697121 -1.19007 1.43003 -1.67482
2.41773 1.17078 -1.59924 1.58293 1.67903 -1.12726 3.13488 -1.18585 0.0302606 1.26344 -1.67172 2.09624 -0.697121 -1.19007 1.43003 -1.67482
2.4133 1.17078 -1.59924 1.58293 1.67903 -1.12726 3.13488 -1.18585 0.0302606 1.26344 -1.67172 2.09624 -0.697121 -1.19007 1.43003 -1.67482
2.40894 1.17078 -1.59924 1.58293 1.67903 -1.12726 3.13488 -1.18585 0.0302606 1.26344 -1.67172 2.09624 -0.697121 -1.19007 1.43003 -1.67482
2.40395 1.17078 -1.59924 1.58293 1.67903 -1.12726 3.13488 -1.18585 0.0302606 1.26344 -1.67172 2.09624 -0.697121 -1.19007 1.43003 -1.67482
2.39964 1.17078 -1.59924 1.58293 1.67903 -1.12726 3.13488 -1.18585 0.0302606 1.26344 -1.67172 2.09624 -0.697121 -1.19007 1.43003 -1.67482
2.39526 1.17078 -1.59924 1.58293 1.67903 -1.12726 3.13488 -1.18585 0.0302606 1.26344 -1.67172 2.09624 -0.697121 -1.19007 1.43003 -1.67482
2.39085 1.17078 -1.59924 1.58293 1.67903 -1.12726 3.13488 -1.18585 0.0302606 1.26344 -1.67172 2.09624 -0.697121 -1.19007 1.43003 -1.67482
2.38648 1.17078 -1.59924 1.58293 1.67903 -1.12726 3.13488 -1.18585 0.0302606 1.26344 -1.67172 2.09624 -0.697121 -1.19007 1.43003 -1.67482
2.38204 1.17078 -1.59924 1.58293 1.67903 -1.12726 3.13488 -1.18585 0.0302606 1.26344 -1.67172 2.09624 -0.697121 -1.19007 1.43003 -1.67482
2.37752 1.17078 -1.59924 1.58293 1.67903 -1.12726 3.13488 -1.18585 0.0302606 1.26344 -1.67172 2.09624 -0.697121 -1.19007 1.43003 -1.67482
2.37305 1.17078 -1.59924 1.58293 1.67903 -1.12726 3.13488 -1.18585 0.0302606 1.26344 -1.67172 2.09624 -0.697121 -1.19007 1.43003 -1.67482
2.36855 1.17078 -1.59924 1.58293 1.67903 -1.12726 3.13488 -1.18585 0.0302606 1.26344 -1.67172 2.09624 -0.697121 -1.19007 1.43003 -1.67482
2.36396 1.17078 -1.59924 1.58293 1.67903 -1.12726 3.13488 -1.18585 0.0302606 1.26344 -1.67172 2.09624 -0.697121 -1.19007 1.43003 -1.67482
2.35943 1.17078 -1.59924 1.58293 1.67903 -1.12726 3.13488 -1.18585 0.0302606 1.26344 -1.67172 2.09624 -0.697121 -1.19007 1.43003 -1.67482
2.35487 1.17078 -1.59924 1.58293 1.67903 -1.12726 3.13488 -1.18585 0.0302606 1.26344 -1.67172 2.09624 -0.697121 -1.19007 1.43003 -1.67482
2.35026 1.17078 -1.59924 1.58293 1.67903 -1.12726 3.13488 -1.18585 0.0302606 1.26344 -1.67172 2.09624 -0.697121 -1.19007 1.43003 -1.67482
2.34565 1.17078 -1.59924 1.58293 1.67903 -1.12726 3.13488 -1.18585 0.0302606 1.26344 -1.67172 2.09624 -0.697121 -1.19007 1.43003 -1.67482
2.34103 1.17078 -1.59924 1.58293 1.67903 -1.12726 3.13488 -1.18585 0.0302606 1.26344 -1.67172 2.09624 -0.697121 -1.19007 1.43003 -1.67482
2.3364 1.17078 -1.59924 1.58293 1.67903 -1.12726 3.13488 -1.18585 0.0302606 1.26344 -1.67172 2.09624 -0.697121 -1.19007 1.43003 -1.67482
2.33156 1.17078 -1.59924 1.58293 1.67903 -1.12726 3.13488 -1.18585 0.0302606 1.26344 -1.67172 2.09624 -0.697121 -1.19007 1.43003 -1.67482
2.32675 1.17078 -1.59924 1.58293 1.67903 -1.12726 3.13488 -1.18585 0.0302606 1.26344 -1.67172 2.09624 -0.697121 -1.19007 1.43003 -1.67482
2.32193 1.17078 -1.59924 1.58293 1.67903 -1.12726 3.13488 -1.18585 0.0302606 1.26344 -1.67172 2.09624 -0.697121 -1.19007 1.43003 -1.67482
2.31703 1.17078 -1.59924 1.58293 1.67903 -1.12726 3.13488 -1.18585 0.0302606 1.26344 -1.67172 2.09624 -0.697121 -1.19007 1.43003 -1.67482
2.31216 1.17078 -1.59924 1.58293 1.67903 -1.12726 3.13488 -1.18585 0.0302606 1.26344 -1.67172 2.09624 -0.697121 -1.19007 1.43003 -1.67482
2.30732 1.17078 -1.59924 1.58293 1.67903 -1.12726 3.13488 -1.18585 0.0302606 1.26344 -1.67172 2.09624 -0.697121 -1.19007 1.43003 -1.67482
2.30249 1.17078 -1.59924 1.58293 1.67903 -1.12726 3.13488 -1.18585 0.0302606 1.26344 -1.67172 2.09624 -0.697121 -1.19007 1.43003 -1.67482
2.29761 1.17078 -1.59924 1.58293 1.67903 -1.12726 3.13488 -1.18585 0.0302606 1.26344 -1.67172 2.09624 -0.697121 -1.19007 1.43003 -1.67482
2.29271 1.17078 -1.59924 1.58293 1.67903 -1.12726 3.13488 -1.18585 0.0302606 1.26344 -1.67172 2.09624 -0.697121 -1.19007 1.43003 -1.67482
2.28784 1.17078 -1.59924 1.58293 1.67903 -1.12726 3.13488 -1.18585 0.0302606 1.26344 -1.67172 2.09624 -0.697121 -1.19007 1.43003 -1.67482
2.28275 1.17078 -1.59924 1.58293 1.67903 -1.12726 3.13488 -1.18585 0.0302606 1.26344 -1.67172 2.09624 -0.697121 -1.19007 1.43003 -1.67482
2.27775 1.17078 -1.59924 1.58293 1.67903 -1.12726 3.13488 -1.18585 0.0302606 1.26344 -1.67172 2.09624 -0.697121 -1.19007 1.43003 -1.67482
2.2727 1.17078 -1.59924 1.58293 1.67903 -1.12726 3.13488 -1.18585 0.0302606 1.26344 -1.67172 2.09624 -0.697121 -1.19007 1.43003 -1.67482
2.2609 1.17078 -1.59924 1.58293 1.67903 -1.12726 3.13488 -1.18585 0.0302606 1.26344 -1.67172 2.09624 -0.697121 -1.19007 1.43003 -1.67482
2.2609 1.17078 -1.59924 1.58293 1.67903 -1.12726 3.13488 -1.18585 0.0302606 1.26344 -1.67172 2.09624 -0.697121 -1.19007 1.43003 -1.67482
2.2609 1.17078 -1.59924 1.58293 1.67903 -1.12726 3.13488 -1.18585 0.0302606 1.26344 -1.67172 2.09624 -0.697121 -1.19007 1.43003 -1.67482
2.2609 1.17078 -1.59924 1.58293 1.67903 -1.12726 3.13488 -1.18585 0.0302606 1.26344 -1.67172 2.09624 -0.697121 -1.19007 1.43003 -1.67482
2.2609 1.17078 -1.59924 1.58293 1.67903 -1.12726 3.13488 -1.18585 0.0302606 1.26344 -1.67172 2.09624 -0.697121 -1.19007 1.43003 -1.67482
2.2609 1.17078 -1.59924 1.58293 1.67903 -1.12726 3.13488 -1.18585 0.0302606 1.26344 -1.67172 2.09624 -0.697121 -1.19007 1.43003 -1.67482
2.2609 1.17078 -1.59924 1.58293 1.67903 -1.12726 3.13488 -1.18585 0.0302606 1.26344 -1.67172 2.09624 -0.697121 -1.19007 1.43003 -1.67482
2.2609 1.17078 -1.59924 1.58293 1.67903 -1.12726 3.13488 -1.18585 0.0302606 1.26344 -1.67172 2.09624 -0.697121 -1.19007 1.43003 -1.67482
2.2609 1.17078 -1.59924 1.58293 1.67903 -1.12726 3.13488 -1.18585 0.0302606 1.26344 -1.67172 2.09624 -0.697121 -1.19007 1.43003 -1.67482
2.2609 1.17078 -1.59924 1.58293 1.67903 -1.12726 3.13488 -1.18585 0.0302606 1.26344 -1.67172 2.09624 -0.697121 -1.19007 1.43003 -1.67482
2.2609 1.17078 -1.59924 1.58293 1.67903 -1.12726 3.13488 -1.18585 0.0302606 1.26344 -1.67172 2.09624 -0.697121 -1.19007 1.43003 -1.67482
2.26089 1.17078 -1.59924 1.58293 1.67903 -1.12726 3.13488 -1.18585 0.0302606 1.26344 -1.67172 2.09624 -0.697121 -1.19007 1.43003 -1.67482
2.26089 1.17078 -1.59924 1.58293 1.67903 -1.12726 3.13488 -1.18585 0.0302606 1.26344 -1.67172 2.09624 -0.697121 -1.19007 1.43003 -1.67482
2.2609 1.17078 -1.59924 1.58293 1.67903 -1.12726 3.13488 -1.18585 0.0302606 1.26344 -1.67172 2.09624 -0.697121 -1.19007 1.43003 -1.67482
2.26236 1.17078 -1.59924 1.58293 1.67903 -1.12726 3.13488 -1.18585 0.0302606 1.26344 -1.67172 2.09624 -0.697121 -1.19007 1.43003 -1.67482
2.2651 1.17078 -1.59924 1.58293 1.67903 -1.12726 3.13488 -1.18585 0.0302606 1.26344 -1.67172 2.09624 -0.697121 -1.19007 1.43003 -1.67482
2.2686 1.17078 -1.59924 1.58293 1.67903 -1.12726 3.13488 -1.18585 0.0302606 1.26344 -1.67172 2.09624 -0.697121 -1.19007 1.43003 -1.67482
2.27237 1.17078 -1.59924 1.58293 1.67903 -1.12726 3.13488 -1.18585 0.0302606 1.26344 -1.67172 2.09624 -0.697121 -1.19007 1.43003 -1.67482
2.27614 1.17078 -1.59924 1.58293 1.67903 -1.12726 3.13488 -1.18585 0.0302606 1.26344 -1.67172 2.09624 -0.697121 -1.19007 1.43003 -1.67482
2.28014 1.17078 -1.59924 1.58293 1.67903 -1.12726 3.13488 -1.18585 0.0302606 1.26344 -1.67172 2.09624 -0.697121 -1.19007 1.43003 -1.67482
2.28462 1.17078 -1.59924 1.58293 1.67903 -1.12726 3.13488 -1.18585 0.0302606 1.26344 -1.67172 2.09624 -0.697121 -1.19007 1.43003 -1.67482
2.28956 1.17078 -1.59924 1.58293 1.67903 -1.12726 3.13488 -1.18585 0.0302606 1.26344 -1.67172 2.09624 -0.697121 -1.19007 1.43003 -1.67482
2.29507 1.17078 -1.59924 1.58293 1.67903 -1.12726 3.13488 -1.18585 0.0302606 1.26344 -1.67172 2.09624 -0.697121 -1.19007 1.43003 -1.67482
2.30106 1.17078 -1.59924 1.58293 1.67903 -1.12726 3.13488 -1.18585 0.0302606 1.26344 -1.67172 2.09624 -0.697121 -1.19007 1.43003 -1.67482
2.30733 1.17078 -1.59924 1.58293 1.67903 -1.12726 3.13488 -1.18585 0.0302606 1.26344 -1.67172 2.09624 -0.697121 -1.19007 1.43003 -1.67482
2.31387 1.17078 -1.59924 1.58293 1.67903 -1.12726 3.13488 -1.18585 0.0302606 1.26344 -1.67172 2.09624 -0.697121 -1.19007 1.43003 -1.67482
2.32053 1.17078 -1.59924 1.58293 1.67903 -1.12726 3.13488 -1.18585 0.0302606 1.26344 -1.67172 2.09624 -0.697121 -1.19007 1.43003 -1.67482
2.32768 1.17078 -1.59924 1.58293 1.67903 -1.12726 3.13488 -1.18585 0.0302606 1.26344 -1.67172 2.09624 -0.697121 -1.19007 1.43003 -1.67482
2.33494 1.17078 -1.59924 1.58293 1.67903 -1.12726 3.13488 -1.18585 0.0302606 1.26344 -1.67172 2.09624 -0.697121 -1.19007 1.43003 -1.67482
2.34247 1.17078 -1.59924 1.58293 1.67903 -1.12726 3.13488 -1.18585 0.0302606 1.26344 -1.67172 2.09624 -0.697121 -1.19007 1.43003 -1.67482
2.35046 1.17078 -1.59924 1.58293 1.67903 -1.12726 3.13488 -1.18585 0.0302606 1.26344 -1.67172 2.09624 -0.697121 -1.19007 1.43003 -1.67482
2.35861 1.17078 -1.59924 1.58293 1.67903 -1.12726 3.13488 -1.18585 0.0302606 1.26344 -1.67172 2.09624 -0.697121 -1.19007 1.43003 -1.67482
2.3671 1.17078 -1.59924 1.58293 1.67903 -1.12726 3.13488 -1.18585 0.0302606 1.26344 -1.67172 2.09624 -0.697121 -1.19007 1.43003 -1.67482
2.37596 1.17078 -1.59924 1.58293 1.67903 -1.12726 3.13488 -1.18585 0.0302606 1.26344 -1.67172 2.09624 -0.697121 -1.19007 1.43003 -1.67482
2.3852 1.17078 -1.59924 1.58293 1.67903 -1.12726 3.13488 -1.18585 0.0302606 1.26344 -1.67172 2.09624 -0.697121 -1.19007 1.43003 -1.67482
2.39484 1.17078 -1.59924 1.58293 1.67903 -1.12726 3.13488 -1.18585 0.0302606 1.26344 -1.67172 2.09624 -0.697121 -1.19007 1.43003 -1.67482
2.40512 1.17078 -1.59924 1.58293 1.67903 -1.12726 3.13488 -1.18585 0.0302606 1.26344 -1.67172 2.09624 -0.697121 -1.19007 1.43003 -1.67482
2.41563 1.17078 -1.59924 1.58293 1.67903 -1.12726 3.13488 -1.18585 0.0302606 1.26344 -1.67172 2.09624 -0.697121 -1.19007 1.43003 -1.67482
2.42634 1.17078 -1.59924 1.58293 1.67903 -1.12726 3.13488 -1.18585 0.0302606 1.26344 -1.67172 2.09624 -0.697121 -1.19007 1.43003 -1.67482
2.4376 1.17078 -1.59924 1.58293 1.67903 -1.12726 3.13488 -1.18585 0.0302606 1.26344 -1.67172 2.09624 -0.697121 -1.19007 1.43003 -1.67482
2.44932 1.17078 -1.59924 1.58293 1.67903 -1.12726 3.13488 -1.18585 0.0302606 1.26344 -1.67172 2.09624 -0.697121 -1.19007 1.43003 -1.67482
2.46163 1.17078 -1.59924 1.58293 1.67903 -1.12726 3.13488 -1.18585 0.0302606 1.26344 -1.67172 2.09624 -0.697121 -1.19007 1.43003 -1.67482
2.47448 1.17078 -1.59924 1.58293 1.67903 -1.12726 3.13488 -1.18585 0.0302606 1.26344 -1.67172 2.09624 -0.697121 -1.19007 1.43003 -1.67482
2.48764 1.17078 -1.59924 1.58293 1.67903 -1.12726 3.13488 -1.18585 0.0302606 1.26344 -1.67172 2.09624 -0.697121 -1.19007 1.43003 -1.67482
2.50142 1.17078 -1.59924 1.58293 1.67903 -1.12726 3.13488 -1.18585 0.0302606 1.26344 -1.67172 2.09624 -0.697121 -1.19007 1.43003 -1.67482
