2.259
2.269
2.28
2.29
2.301
2.311
2.321
2.332
2.342
2.354
2.375
2.411
2.444
2.465
2.485
2.506
2.526
2.547
2.568
2.588
2.627
2.666
2.705
2.745
2.785
2.824
2.862
2.901
2.939
2.978
3.016
3.055
3.093
3.133
3.171
3.21
3.248
3.287
3.326
3.364
3.402
3.441
3.48
3.519
3.558
3.597
3.636
3.675
3.714
3.753
3.791
3.83
3.869
3.908
3.946
3.985
4.023
4.061
4.1
4.138
4.177
4.215
4.254
4.293
4.332
4.37
4.409
4.448
4.487
4.526
4.564
4.604
4.643
4.681
4.726
4.765
4.803
4.841
4.879
4.918
4.957
4.995
5.034
5.073
5.111
5.149
5.188
5.226
5.264
5.303
5.342
5.382
5.421
5.46
5.499
5.537
5.576
5.614
5.653
5.692
5.73
5.769
5.808
6.377
6.387
6.398
6.409
6.42
6.43
6.441
6.452
6.462
6.476
6.514
6.553
6.591
6.63
6.668
6.707
6.746
6.784
6.823
6.861
6.899
6.938
6.976
7.014
7.053
7.092
7.132
7.171
7.21
7.249
7.287
7.326
7.364
7.402
7.441
7.48
7.519
7.558
7.596
7.634
7.672
7.711
7.749
7.788
7.826
