1.67208 -1.33344 -2.84264 -1.96463 2.06708 1.86358 0.426221 -1.74008 -2.01412 0.0207615 1.51914 1.77021 -1.26401 -2.68175 1.87385 -1.96714
1.67409 -1.33344 -2.84264 -1.96463 2.06708 1.86358 0.426221 -1.74008 -2.01412 0.0207615 1.51914 1.77021 -1.26401 -2.68175 1.87385 -1.96714
1.6763 -1.33344 -2.84264 -1.96463 2.06708 1.86358 0.426221 -1.74008 -2.01412 0.0207615 1.51914 1.77021 -1.26401 -2.68175 1.87385 -1.96714
1.67868 -1.33344 -2.84264 -1.96463 2.06708 1.86358 0.426221 -1.74008 -2.01412 0.0207615 1.51914 1.77021 -1.26401 -2.68175 1.87385 -1.96714
1.68128 -1.33344 -2.84264 -1.96463 2.06708 1.86358 0.426221 -1.74008 -2.01412 0.0207615 1.51914 1.77021 -1.26401 -2.68175 1.87385 -1.96714
1.684 -1.33344 -2.84264 -1.96463 2.06708 1.86358 0.426221 -1.74008 -2.01412 0.0207615 1.51914 1.77021 -1.26401 -2.68175 1.87385 -1.96714
1.68685 -1.33344 -2.84264 -1.96463 2.06708 1.86358 0.426221 -1.74008 -2.01412 0.0207615 1.51914 1.77021 -1.26401 -2.68175 1.87385 -1.96714
1.68984 -1.33344 -2.84264 -1.96463 2.06708 1.86358 0.426221 -1.74008 -2.01412 0.0207615 1.51914 1.77021 -1.26401 -2.68175 1.87385 -1.96714
1.69297 -1.33344 -2.84264 -1.96463 2.06708 1.86358 0.426221 -1.74008 -2.01412 0.0207615 1.51914 1.77021 -1.26401 -2.68175 1.87385 -1.96714
1.6963 -1.33344 -2.84264 -1.96463 2.06708 1.86358 0.426221 -1.74008 -2.01412 0.0207615 1.51914 1.77021 -1.26401 -2.68175 1.87385 -1.96714
1.69988 -1.33344 -2.84264 -1.96463 2.06708 1.86358 0.426221 -1.74008 -2.01412 0.0207615 1.51914 1.77021 -1.26401 -2.68175 1.87385 -1.96714
1.70361 -1.33344 -2.84264 -1.96463 2.06708 1.86358 0.426221 -1.74008 -2.01412 0.0207615 1.51914 1.77021 -1.26401 -2.68175 1.87385 -1.96714
1.70747 -1.33344 -2.84264 -1.96463 2.06708 1.86358 0.426221 -1.74008 -2.01412 0.0207615 1.51914 1.77021 -1.26401 -2.68175 1.87385 -1.96714
1.71139 -1.33344 -2.84264 -1.96463 2.06708 1.86358 0.426221 -1.74008 -2.01412 0.0207615 1.51914 1.77021 -1.26401 -2.68175 1.87385 -1.96714
1.71535 -1.33344 -2.84264 -1.96463 2.06708 1.86358 0.426221 -1.74008 -2.01412 0.0207615 1.51914 1.77021 -1.26401 -2.68175 1.87385 -1.96714
1.7193 -1.33344 -2.84264 -1.96463 2.06708 1.86358 0.426221 -1.74008 -2.01412 0.0207615 1.51914 1.77021 -1.26401 -2.68175 1.87385 -1.96714
1.72335 -1.33344 -2.84264 -1.96463 2.06708 1.86358 0.426221 -1.74008 -2.01412 0.0207615 1.51914 1.77021 -1.26401 -2.68175 1.87385 -1.96714
1.72742 -1.33344 -2.84264 -1.96463 2.06708 1.86358 0.426221 -1.74008 -2.01412 0.0207615 1.51914 1.77021 -1.26401 -2.68175 1.87385 -1.96714
1.73143 -1.33344 -2.84264 -1.96463 2.06708 1.86358 0.426221 -1.74008 -2.01412 0.0207615 1.51914 1.77021 -1.26401 -2.68175 1.87385 -1.96714
1.73557 -1.33344 -2.84264 -1.96463 2.06708 1.86358 0.426221 -1.74008 -2.01412 0.0207615 1.51914 1.77021 -1.26401 -2.68175 1.87385 -1.96714
1.74392 -1.33344 -2.84264 -1.96463 2.06708 1.86358 0.426221 -1.74008 -2.01412 0.0207615 1.51914 1.77021 -1.26401 -2.68175 1.87385 -1.96714
1.75234 -1.33344 -2.84264 -1.96463 2.06708 1.86358 0.426221 -1.74008 -2.01412 0.0207615 1.51914 1.77021 -1.26401 -2.68175 1.87385 -1.96714
1.76107 -1.33344 -2.84264 -1.96463 2.06708 1.86358 0.426221 -1.74008 -2.01412 0.0207615 1.51914 1.77021 -1.26401 -2.68175 1.87385 -1.96714
1.77018 -1.33344 -2.84264 -1.96463 2.06708 1.86358 0.426221 -1.74008 -2.01412 0.0207615 1.51914 1.77021 -1.26401 -2.68175 1.87385 -1.96714
1.77953 -1.33344 -2.84264 -1.96463 2.06708 1.86358 0.426221 -1.74008 -2.01412 0.0207615 1.51914 1.77021 -1.26401 -2.68175 1.87385 -1.96714
1.78912 -1.33344 -2.84264 -1.96463 2.06708 1.86358 0.426221 -1.74008 -2.01412 0.0207615 1.51914 1.77021 -1.26401 -2.68175 1.87385 -1.96714
1.79916 -1.33344 -2.84264 -1.96463 2.06708 1.86358 0.426221 -1.74008 -2.01412 0.0207615 1.51914 1.77021 -1.26401 -2.68175 1.87385 -1.96714
1.80934 -1.33344 -2.84264 -1.96463 2.06708 1.86358 0.426221 -1.74008 -2.01412 0.0207615 1.51914 1.77021 -1.26401 -2.68175 1.87385 -1.96714
1.81998 -1.33344 -2.84264 -1.96463 2.06708 1.86358 0.426221 -1.74008 -2.01412 0.0207615 1.51914 1.77021 -1.26401 -2.68175 1.87385 -1.96714
1.83106 -1.33344 -2.84264 -1.96463 2.06708 1.86358 0.426221 -1.74008 -2.01412 0.0207615 1.51914 1.77021 -1.26401 -2.68175 1.87385 -1.96714
1.84266 -1.33344 -2.84264 -1.96463 2.06708 1.86358 0.426221 -1.74008 -2.01412 0.0207615 1.51914 1.77021 -1.26401 -2.68175 1.87385 -1.96714
1.8546 -1.33344 -2.84264 -1.96463 2.06708 1.86358 0.426221 -1.74008 -2.01412 0.0207615 1.51914 1.77021 -1.26401 -2.68175 1.87385 -1.96714
1.86716 -1.33344 -2.84264 -1.96463 2.06708 1.86358 0.426221 -1.74008 -2.01412 0.0207615 1.51914 1.77021 -1.26401 -2.68175 1.87385 -1.96714
1.88009 -1.33344 -2.84264 -1.96463 2.06708 1.86358 0.426221 -1.74008 -2.01412 0.0207615 1.51914 1.77021 -1.26401 -2.68175 1.87385 -1.96714
1.89335 -1.33344 -2.84264 -1.96463 2.06708 1.86358 0.426221 -1.74008 -2.01412 0.0207615 1.51914 1.77021 -1.26401 -2.68175 1.87385 -1.96714
1.907 -1.33344 -2.84264 -1.96463 2.06708 1.86358 0.426221 -1.74008 -2.01412 0.0207615 1.51914 1.77021 -1.26401 -2.68175 1.87385 -1.96714
1.92118 -1.33344 -2.84264 -1.96463 2.06708 1.86358 0.426221 -1.74008 -2.01412 0.0207615 1.51914 1.77021 -1.26401 -2.68175 1.87385 -1.96714
1.93558 -1.33344 -2.84264 -1.96463 2.06708 1.86358 0.426221 -1.74008 -2.01412 0.0207615 1.51914 1.77021 -1.26401 -2.68175 1.87385 -1.96714
1.95055 -1.33344 -2.84264 -1.96463 2.06708 1.86358 0.426221 -1.74008 -2.01412 0.0207615 1.51914 1.77021 -1.26401 -2.68175 1.87385 -1.96714
1.94419 -1.33344 -2.84264 -1.96463 2.06708 1.86358 0.426221 -1.74008 -2.01412 0.0207615 1.51914 1.77021 -1.26401 -2.68175 1.87385 -1.96714
1.94259 -1.33344 -2.84264 -1.96463 2.06708 1.86358 0.426221 -1.74008 -2.01412 0.0207615 1.51914 1.77021 -1.26401 -2.68175 1.87385 -1.96714
1.94075 -1.33344 -2.84264 -1.96463 2.06708 1.86358 0.426221 -1.74008 -2.01412 0.0207615 1.51914 1.77021 -1.26401 -2.68175 1.87385 -1.96714
1.93937 -1.33344 -2.84264 -1.96463 2.06708 1.86358 0.426221 -1.74008 -2.01412 0.0207615 1.51914 1.77021 -1.26401 -2.68175 1.87385 -1.96714
1.93764 -1.33344 -2.84264 -1.96463 2.06708 1.86358 0.426221 -1.74008 -2.01412 0.0207615 1.51914 1.77021 -1.26401 -2.68175 1.87385 -1.96714
1.93569 -1.33344 -2.84264 -1.96463 2.06708 1.86358 0.426221 -1.74008 -2.01412 0.0207615 1.51914 1.77021 -1.26401 -2.68175 1.87385 -1.96714
1.93354 -1.33344 -2.84264 -1.96463 2.06708 1.86358 0.426221 -1.74008 -2.01412 0.0207615 1.51914 1.77021 -1.26401 -2.68175 1.87385 -1.96714
1.93136 -1.33344 -2.84264 -1.96463 2.06708 1.86358 0.426221 -1.74008 -2.01412 0.0207615 1.51914 1.77021 -1.26401 -2.68175 1.87385 -1.96714
1.92918 -1.33344 -2.84264 -1.96463 2.06708 1.86358 0.426221 -1.74008 -2.01412 0.0207615 1.51914 1.77021 -1.26401 -2.68175 1.87385 -1.96714
1.92706 -1.33344 -2.84264 -1.96463 2.06708 1.86358 0.426221 -1.74008 -2.01412 0.0207615 1.51914 1.77021 -1.26401 -2.68175 1.87385 -1.96714
1.92321 -1.33344 -2.84264 -1.96463 2.06708 1.86358 0.426221 -1.74008 -2.01412 0.0207615 1.51914 1.77021 -1.26401 -2.68175 1.87385 -1.96714
1.91939 -1.33344 -2.84264 -1.96463 2.06708 1.86358 0.426221 -1.74008 -2.01412 0.0207615 1.51914 1.77021 -1.26401 -2.68175 1.87385 -1.96714
1.91558 -1.33344 -2.84264 -1.96463 2.06708 1.86358 0.426221 -1.74008 -2.01412 0.0207615 1.51914 1.77021 -1.26401 -2.68175 1.87385 -1.96714
1.91175 -1.33344 -2.84264 -1.96463 2.06708 1.86358 0.426221 -1.74008 -2.01412 0.0207615 1.51914 1.77021 -1.26401 -2.68175 1.87385 -1.96714
1.9078 -1.33344 -2.84264 -1.96463 2.06708 1.86358 0.426221 -1.74008 -2.01412 0.0207615 1.51914 1.77021 -1.26401 -2.68175 1.87385 -1.96714
1.90378 -1.33344 -2.84264 -1.96463 2.06708 1.86358 0.426221 -1.74008 -2.01412 0.0207615 1.51914 1.77021 -1.26401 -2.68175 1.87385 -1.96714
1.89971 -1.33344 -2.84264 -1.96463 2.06708 1.86358 0.426221 -1.74008 -2.01412 0.0207615 1.51914 1.77021 -1.26401 -2.68175 1.87385 -1.96714
1.89559 -1.33344 -2.84264 -1.96463 2.06708 1.86358 0.426221 -1.74008 -2.01412 0.0207615 1.51914 1.77021 -1.26401 -2.68175 1.87385 -1.96714
1.89154 -1.33344 -2.84264 -1.96463 2.06708 1.86358 0.426221 -1.74008 -2.01412 0.0207615 1.51914 1.77021 -1.26401 -2.68175 1.87385 -1.96714
1.88749 -1.33344 -2.84264 -1.96463 2.06708 1.86358 0.426221 -1.74008 -2.01412 0.0207615 1.51914 1.77021 -1.26401 -2.68175 1.87385 -1.96714
1.88349 -1.33344 -2.84264 -1.96463 2.06708 1.86358 0.426221 -1.74008 -2.01412 0.0207615 1.51914 1.77021 -1.26401 -2.68175 1.87385 -1.96714
1.87947 -1.33344 -2.84264 -1.96463 2.06708 1.86358 0.426221 -1.74008 -2.01412 0.0207615 1.51914 1.77021 -1.26401 -2.68175 1.87385 -1.96714
1.87542 -1.33344 -2.84264 -1.96463 2.06708 1.86358 0.426221 -1.74008 -2.01412 0.0207615 1.51914 1.77021 -1.26401 -2.68175 1.87385 -1.96714
1.87129 -1.33344 -2.84264 -1.96463 2.06708 1.86358 0.426221 -1.74008 -2.01412 0.0207615 1.51914 1.77021 -1.26401 -2.68175 1.87385 -1.96714
1.86712 -1.33344 -2.84264 -1.96463 2.06708 1.86358 0.426221 -1.74008 -2.01412 0.0207615 1.51914 1.77021 -1.26401 -2.68175 1.87385 -1.96714
1.8629 -1.33344 -2.84264 -1.96463 2.06708 1.86358 0.426221 -1.74008 -2.01412 0.0207615 1.51914 1.77021 -1.26401 -2.68175 1.87385 -1.96714
1.85866 -1.33344 -2.84264 -1.96463 2.06708 1.86358 0.426221 -1.74008 -2.01412 0.0207615 1.51914 1.77021 -1.26401 -2.68175 1.87385 -1.96714
1.85447 -1.33344 -2.84264 -1.96463 2.06708 1.86358 0.426221 -1.74008 -2.01412 0.0207615 1.51914 1.77021 -1.26401 -2.68175 1.87385 -1.96714
1.8502 -1.33344 -2.84264 -1.96463 2.06708 1.86358 0.426221 -1.74008 -2.01412 0.0207615 1.51914 1.77021 -1.26401 -2.68175 1.87385 -1.96714
1.84605 -1.33344 -2.84264 -1.96463 2.06708 1.86358 0.426221 -1.74008 -2.01412 0.0207615 1.51914 1.77021 -1.26401 -2.68175 1.87385 -1.96714
1.84183 -1.33344 -2.84264 -1.96463 2.06708 1.86358 0.426221 -1.74008 -2.01412 0.0207615 1.51914 1.77021 -1.26401 -2.68175 1.87385 -1.96714
1.83765 -1.33344 -2.84264 -1.96463 2.06708 1.86358 0.426221 -1.74008 -2.01412 0.0207615 1.51914 1.77021 -1.26401 -2.68175 1.87385 -1.96714
1.83343 -1.33344 -2.84264 -1.96463 2.06708 1.86358 0.426221 -1.74008 -2.01412 0.0207615 1.51914 1.77021 -1.26401 -2.68175 1.87385 -1.96714
1.8292 -1.33344 -2.84264 -1.96463 2.06708 1.86358 0.426221 -1.74008 -2.01412 0.0207615 1.51914 1.77021 -1.26401 -2.68175 1.87385 -1.96714
1.8249 -1.33344 -2.84264 -1.96463 2.06708 1.86358 0.426221 -1.74008 -2.01412 0.0207615 1.51914 1.77021 -1.26401 -2.68175 1.87385 -1.96714
1.82054 -1.33344 -2.84264 -1.96463 2.06708 1.86358 0.426221 -1.74008 -2.01412 0.0207615 1.51914 1.77021 -1.26401 -2.68175 1.87385 -1.96714
1.81627 -1.33344 -2.84264 -1.96463 2.06708 1.86358 0.426221 -1.74008 -2.01412 0.0207615 1.51914 1.77021 -1.26401 -2.68175 1.87385 -1.96714
1.81195 -1.33344 -2.84264 -1.96463 2.06708 1.86358 0.426221 -1.74008 -2.01412 0.0207615 1.51914 1.77021 -1.26401 -2.68175 1.87385 -1.96714
1.80757 -1.33344 -2.84264 -1.96463 2.06708 1.86358 0.426221 -1.74008 -2.01412 0.0207615 1.51914 1.77021 -1.26401 -2.68175 1.87385 -1.96714
1.80313 -1.33344 -2.84264 -1.96463 2.06708 1.86358 0.426221 -1.74008 -2.01412 0.0207615 1.51914 1.77021 -1.26401 -2.68175 1.87385 -1.96714
1.79874 -1.33344 -2.84264 -1.96463 2.06708 1.86358 0.426221 -1.74008 -2.01412 0.0207615 1.51914 1.77021 -1.26401 -2.68175 1.87385 -1.96714
1.79436 -1.33344 -2.84264 -1.96463 2.06708 1.86358 0.426221 -1.74008 -2.01412 0.0207615 1.51914 1.77021 -1.26401 -2.68175 1.87385 -1.96714
1.78994 -1.33344 -2.84264 -1.96463 2.06708 1.86358 0.426221 -1.74008 -2.01412 0.0207615 1.51914 1.77021 -1.26401 -2.68175 1.87385 -1.96714
1.7855 -1.33344 -2.84264 -1.96463 2.06708 1.86358 0.426221 -1.74008 -2.01412 0.0207615 1.51914 1.77021 -1.26401 -2.68175 1.87385 -1.96714
1.78096 -1.33344 -2.84264 -1.96463 2.06708 1.86358 0.426221 -1.74008 -2.01412 0.0207615 1.51914 1.77021 -1.26401 -2.68175 1.87385 -1.96714
1.77641 -1.33344 -2.84264 -1.96463 2.06708 1.86358 0.426221 -1.74008 -2.01412 0.0207615 1.51914 1.77021 -1.26401 -2.68175 1.87385 -1.96714
1.77184 -1.33344 -2.84264 -1.96463 2.06708 1.86358 0.426221 -1.74008 -2.01412 0.0207615 1.51914 1.77021 -1.26401 -2.68175 1.87385 -1.96714
1.76729 -1.33344 -2.84264 -1.96463 2.06708 1.86358 0.426221 -1.74008 -2.01412 0.0207615 1.51914 1.77021 -1.26401 -2.68175 1.87385 -1.96714
1.76256 -1.33344 -2.84264 -1.96463 2.06708 1.86358 0.426221 -1.74008 -2.01412 0.0207615 1.51914 1.77021 -1.26401 -2.68175 1.87385 -1.96714
1.75788 -1.33344 -2.84264 -1.96463 2.06708 1.86358 0.426221 -1.74008 -2.01412 0.0207615 1.51914 1.77021 -1.26401 -2.68175 1.87385 -1.96714
1.75336 -1.33344 -2.84264 -1.96463 2.06708 1.86358 0.426221 -1.74008 -2.01412 0.0207615 1.51914 1.77021 -1.26401 -2.68175 1.87385 -1.96714
1.74879 -1.33344 -2.84264 -1.96463 2.06708 1.86358 0.426221 -1.74008 -2.01412 0.0207615 1.51914 1.77021 -1.26401 -2.68175 1.87385 -1.96714
1.7442 -1.33344 -2.84264 -1.96463 2.06708 1.86358 0.426221 -1.74008 -2.01412 0.0207615 1.51914 1.77021 -1.26401 -2.68175 1.87385 -1.96714
1.73955 -1.33344 -2.84264 -1.96463 2.06708 1.86358 0.426221 -1.74008 -2.01412 0.0207615 1.51914 1.77021 -1.26401 -2.68175 1.87385 -1.96714
1.73494 -1.33344 -2.84264 -1.96463 2.06708 1.86358 0.426221 -1.74008 -2.01412 0.0207615 1.51914 1.77021 -1.26401 -2.68175 1.87385 -1.96714
1.73032 -1.33344 -2.84264 -1.96463 2.06708 1.86358 0.426221 -1.74008 -2.01412 0.0207615 1.51914 1.77021 -1.26401 -2.68175 1.87385 -1.96714
1.72555 -1.33344 -2.84264 -1.96463 2.06708 1.86358 0.426221 -1.74008 -2.01412 0.0207615 1.51914 1.77021 -1.26401 -2.68175 1.87385 -1.96714
1.72073 -1.33344 -2.84264 -1.96463 2.06708 1.86358 0.426221 -1.74008 -2.01412 0.0207615 1.51914 1.77021 -1.26401 -2.68175 1.87385 -1.96714
1.71606 -1.33344 -2.84264 -1.96463 2.06708 1.86358 0.426221 -1.74008 -2.01412 0.0207615 1.51914 1.77021 -1.26401 -2.68175 1.87385 -1.96714
1.7113 -1.33344 -2.84264 -1.96463 2.06708 1.86358 0.426221 -1.74008 -2.01412 0.0207615 1.51914 1.77021 -1.26401 -2.68175 1.87385 -1.96714
1.70645 -1.33344 -2.84264 -1.96463 2.06708 1.86358 0.426221 -1.74008 -2.01412 0.0207615 1.51914 1.77021 -1.26401 -2.68175 1.87385 -1.96714
1.70167 -1.33344 -2.84264 -1.96463 2.06708 1.86358 0.426221 -1.74008 -2.01412 0.0207615 1.51914 1.77021 -1.26401 -2.68175 1.87385 -1.96714
1.69689 -1.33344 -2.84264 -1.96463 2.06708 1.86358 0.426221 -1.74008 -2.01412 0.0207615 1.51914 1.77021 -1.26401 -2.68175 1.87385 -1.96714
1.69208 -1.33344 -2.84264 -1.96463 2.06708 1.86358 0.426221 -1.74008 -2.01412 0.0207615 1.51914 1.77021 -1.26401 -2.68175 1.87385 -1.96714
1.68726 -1.33344 -2.84264 -1.96463 2.06708 1.86358 0.426221 -1.74008 -2.01412 0.0207615 1.51914 1.77021 -1.26401 -2.68175 1.87385 -1.96714
1.68232 -1.33344 -2.84264 -1.96463 2.06708 1.86358 0.426221 -1.74008 -2.01412 0.0207615 1.51914 1.77021 -1.26401 -2.68175 1.87385 -1.96714
1.67738 -1.33344 -2.84264 -1.96463 2.06708 1.86358 0.426221 -1.74008 -2.01412 0.0207615 1.51914 1.77021 -1.26401 -2.68175 1.87385 -1.96714
1.6723 -1.33344 -2.84264 -1.96463 2.06708 1.86358 0.426221 -1.74008 -2.01412 0.0207615 1.51914 1.77021 -1.26401 -2.68175 1.87385 -1.96714
1.66736 -1.33344 -2.84264 -1.96463 2.06708 1.86358 0.426221 -1.74008 -2.01412 0.0207615 1.51914 1.77021 -1.26401 -2.68175 1.87385 -1.96714
1.66226 -1.33344 -2.84264 -1.96463 2.06708 1.86358 0.426221 -1.74008 -2.01412 0.0207615 1.51914 1.77021 -1.26401 -2.68175 1.87385 -1.96714
1.65723 -1.33344 -2.84264 -1.96463 2.06708 1.86358 0.426221 -1.74008 -2.01412 0.0207615 1.51914 1.77021 -1.26401 -2.68175 1.87385 -1.96714
1.65219 -1.33344 -2.84264 -1.96463 2.06708 1.86358 0.426221 -1.74008 -2.01412 0.0207615 1.51914 1.77021 -1.26401 -2.68175 1.87385 -1.96714
1.64717 -1.33344 -2.84264 -1.96463 2.06708 1.86358 0.426221 -1.74008 -2.01412 0.0207615 1.51914 1.77021 -1.26401 -2.68175 1.87385 -1.96714
1.64212 -1.33344 -2.84264 -1.96463 2.06708 1.86358 0.426221 -1.74008 -2.01412 0.0207615 1.51914 1.77021 -1.26401 -2.68175 1.87385 -1.96714
1.63709 -1.33344 -2.84264 -1.96463 2.06708 1.86358 0.426221 -1.74008 -2.01412 0.0207615 1.51914 1.77021 -1.26401 -2.68175 1.87385 -1.96714
1.63208 -1.33344 -2.84264 -1.96463 2.06708 1.86358 0.426221 -1.74008 -2.01412 0.0207615 1.51914 1.77021 -1.26401 -2.68175 1.87385 -1.96714
1.62685 -1.33344 -2.84264 -1.96463 2.06708 1.86358 0.426221 -1.74008 -2.01412 0.0207615 1.51914 1.77021 -1.26401 -2.68175 1.87385 -1.96714
1.62169 -1.33344 -2.84264 -1.96463 2.06708 1.86358 0.426221 -1.74008 -2.01412 0.0207615 1.51914 1.77021 -1.26401 -2.68175 1.87385 -1.96714
1.61662 -1.33344 -2.84264 -1.96463 2.06708 1.86358 0.426221 -1.74008 -2.01412 0.0207615 1.51914 1.77021 -1.26401 -2.68175 1.87385 -1.96714
1.61144 -1.33344 -2.84264 -1.96463 2.06708 1.86358 0.426221 -1.74008 -2.01412 0.0207615 1.51914 1.77021 -1.26401 -2.68175 1.87385 -1.96714
1.60627 -1.33344 -2.84264 -1.96463 2.06708 1.86358 0.426221 -1.74008 -2.01412 0.0207615 1.51914 1.77021 -1.26401 -2.68175 1.87385 -1.96714
1.60105 -1.33344 -2.84264 -1.96463 2.06708 1.86358 0.426221 -1.74008 -2.01412 0.0207615 1.51914 1.77021 -1.26401 -2.68175 1.87385 -1.96714
1.59583 -1.33344 -2.84264 -1.96463 2.06708 1.86358 0.426221 -1.74008 -2.01412 0.0207615 1.51914 1.77021 -1.26401 -2.68175 1.87385 -1.96714
1.59059 -1.33344 -2.84264 -1.96463 2.06708 1.86358 0.426221 -1.74008 -2.01412 0.0207615 1.51914 1.77021 -1.26401 -2.68175 1.87385 -1.96714
1.58533 -1.33344 -2.84264 -1.96463 2.06708 1.86358 0.426221 -1.74008 -2.01412 0.0207615 1.51914 1.77021 -1.26401 -2.68175 1.87385 -1.96714
