18.2
18.21
18.22
18.231
18.241
18.252
18.262
18.272
18.283
18.294
18.315
18.335
18.356
18.377
18.398
18.418
18.438
18.459
18.479
18.5
18.54
18.578
18.617
18.655
18.693
18.731
18.77
18.808
18.846
18.885
18.924
18.963
19.003
19.042
19.081
19.119
19.158
19.196
19.234
20.935
20.946
20.957
20.968
20.978
20.989
21
21.011
21.021
21.034
21.073
21.111
21.15
21.188
21.226
21.265
21.303
21.342
21.381
21.419
21.458
21.496
21.535
21.574
21.613
21.652
21.691
21.73
21.769
21.807
21.845
21.884
21.922
21.96
21.999
22.037
22.075
22.114
22.153
22.192
22.23
22.268
22.307
22.345
22.384
22.424
22.463
22.503
22.542
22.581
22.619
22.657
22.696
22.735
22.773
22.811
22.85
22.889
22.928
22.967
23.005
23.044
23.082
23.121
23.159
23.198
23.238
23.277
23.316
23.356
23.395
23.433
23.472
23.511
23.549
23.588
23.627
23.666
23.704
23.742
23.781
23.82
23.858
23.897
23.935
