1.8925 0.273379 -1.10986 0.371996 2.43948 -1.42589 2.15764 1.29537 2.78593 1.48365 1.0743 -0.5038 -1.5195 -0.777533 0.693421 0.481166
1.8925 0.273379 -1.10986 0.371996 2.43948 -1.42589 2.15764 1.29537 2.78593 1.48365 1.0743 -0.5038 -1.5195 -0.777533 0.693421 0.481166
1.8925 0.273379 -1.10986 0.371996 2.43948 -1.42589 2.15764 1.29537 2.78593 1.48365 1.0743 -0.5038 -1.5195 -0.777533 0.693421 0.481166
1.8925 0.273379 -1.10986 0.371996 2.43948 -1.42589 2.15764 1.29537 2.78593 1.48365 1.0743 -0.5038 -1.5195 -0.777533 0.693421 0.481166
1.8925 0.273379 -1.10986 0.371996 2.43948 -1.42589 2.15764 1.29537 2.78593 1.48365 1.0743 -0.5038 -1.5195 -0.777533 0.693421 0.481166
1.8925 0.273379 -1.10986 0.371996 2.43948 -1.42589 2.15764 1.29537 2.78593 1.48365 1.0743 -0.5038 -1.5195 -0.777533 0.693421 0.481166
1.8925 0.273379 -1.10986 0.371996 2.43948 -1.42589 2.15764 1.29537 2.78593 1.48365 1.0743 -0.5038 -1.5195 -0.777533 0.693421 0.481166
1.8925 0.273379 -1.10986 0.371996 2.43948 -1.42589 2.15764 1.29537 2.78593 1.48365 1.0743 -0.5038 -1.5195 -0.777533 0.693421 0.481166
1.8925 0.273379 -1.10986 0.371996 2.43948 -1.42589 2.15764 1.29537 2.78593 1.48365 1.0743 -0.5038 -1.5195 -0.777533 0.693421 0.481166
1.8925 0.273379 -1.10986 0.371996 2.43948 -1.42589 2.15764 1.29537 2.78593 1.48365 1.0743 -0.5038 -1.5195 -0.777533 0.693421 0.481166
1.8925 0.273379 -1.10986 0.371996 2.43948 -1.42589 2.15764 1.29537 2.78593 1.48365 1.0743 -0.5038 -1.5195 -0.777533 0.693421 0.481166
1.8925 0.273379 -1.10986 0.371996 2.43948 -1.42589 2.15764 1.29537 2.78593 1.48365 1.0743 -0.5038 -1.5195 -0.777533 0.693421 0.481166
1.8925 0.273379 -1.10986 0.371996 2.43948 -1.42589 2.15764 1.29537 2.78593 1.48365 1.0743 -0.5038 -1.5195 -0.777533 0.693421 0.481166
1.8925 0.273379 -1.10986 0.371996 2.43948 -1.42589 2.15764 1.29537 2.78593 1.48365 1.0743 -0.5038 -1.5195 -0.777533 0.693421 0.481166
1.8925 0.273379 -1.10986 0.371996 2.43948 -1.42589 2.15764 1.29537 2.78593 1.48365 1.0743 -0.5038 -1.5195 -0.777533 0.693421 0.481166
1.8925 0.273379 -1.10986 0.371996 2.43948 -1.42589 2.15764 1.29537 2.78593 1.48365 1.0743 -0.5038 -1.5195 -0.777533 0.693421 0.481166
1.8925 0.273379 -1.10986 0.371996 2.43948 -1.42589 2.15764 1.29537 2.78593 1.48365 1.0743 -0.5038 -1.5195 -0.777533 0.693421 0.481166
1.89251 0.273379 -1.10986 0.371996 2.43948 -1.42589 2.15764 1.29537 2.78593 1.48365 1.0743 -0.5038 -1.5195 -0.777533 0.693421 0.481166
1.89251 0.273379 -1.10986 0.371996 2.43948 -1.42589 2.15764 1.29537 2.78593 1.48365 1.0743 -0.5038 -1.5195 -0.777533 0.693421 0.481166
1.89251 0.273379 -1.10986 0.371996 2.43948 -1.42589 2.15764 1.29537 2.78593 1.48365 1.0743 -0.5038 -1.5195 -0.777533 0.693421 0.481166
1.89382 0.273379 -1.10986 0.371996 2.43948 -1.42589 2.15764 1.29537 2.78593 1.48365 1.0743 -0.5038 -1.5195 -0.777533 0.693421 0.481166
1.89605 0.273379 -1.10986 0.371996 2.43948 -1.42589 2.15764 1.29537 2.78593 1.48365 1.0743 -0.5038 -1.5195 -0.777533 0.693421 0.481166
1.89903 0.273379 -1.10986 0.371996 2.43948 -1.42589 2.15764 1.29537 2.78593 1.48365 1.0743 -0.5038 -1.5195 -0.777533 0.693421 0.481166
1.90234 0.273379 -1.10986 0.371996 2.43948 -1.42589 2.15764 1.29537 2.78593 1.48365 1.0743 -0.5038 -1.5195 -0.777533 0.693421 0.481166
1.90586 0.273379 -1.10986 0.371996 2.43948 -1.42589 2.15764 1.29537 2.78593 1.48365 1.0743 -0.5038 -1.5195 -0.777533 0.693421 0.481166
1.91014 0.273379 -1.10986 0.371996 2.43948 -1.42589 2.15764 1.29537 2.78593 1.48365 1.0743 -0.5038 -1.5195 -0.777533 0.693421 0.481166
1.91514 0.273379 -1.10986 0.371996 2.43948 -1.42589 2.15764 1.29537 2.78593 1.48365 1.0743 -0.5038 -1.5195 -0.777533 0.693421 0.481166
1.92093 0.273379 -1.10986 0.371996 2.43948 -1.42589 2.15764 1.29537 2.78593 1.48365 1.0743 -0.5038 -1.5195 -0.777533 0.693421 0.481166
1.92697 0.273379 -1.10986 0.371996 2.43948 -1.42589 2.15764 1.29537 2.78593 1.48365 1.0743 -0.5038 -1.5195 -0.777533 0.693421 0.481166
1.93325 0.273379 -1.10986 0.371996 2.43948 -1.42589 2.15764 1.29537 2.78593 1.48365 1.0743 -0.5038 -1.5195 -0.777533 0.693421 0.481166
1.94018 0.273379 -1.10986 0.371996 2.43948 -1.42589 2.15764 1.29537 2.78593 1.48365 1.0743 -0.5038 -1.5195 -0.777533 0.693421 0.481166
1.94689 0.273379 -1.10986 0.371996 2.43948 -1.42589 2.15764 1.29537 2.78593 1.48365 1.0743 -0.5038 -1.5195 -0.777533 0.693421 0.481166
1.95411 0.273379 -1.10986 0.371996 2.43948 -1.42589 2.15764 1.29537 2.78593 1.48365 1.0743 -0.5038 -1.5195 -0.777533 0.693421 0.481166
1.96174 0.273379 -1.10986 0.371996 2.43948 -1.42589 2.15764 1.29537 2.78593 1.48365 1.0743 -0.5038 -1.5195 -0.777533 0.693421 0.481166
1.96896 0.273379 -1.10986 0.371996 2.43948 -1.42589 2.15764 1.29537 2.78593 1.48365 1.0743 -0.5038 -1.5195 -0.777533 0.693421 0.481166
1.9767 0.273379 -1.10986 0.371996 2.43948 -1.42589 2.15764 1.29537 2.78593 1.48365 1.0743 -0.5038 -1.5195 -0.777533 0.693421 0.481166
1.98457 0.273379 -1.10986 0.371996 2.43948 -1.42589 2.15764 1.29537 2.78593 1.48365 1.0743 -0.5038 -1.5195 -0.777533 0.693421 0.481166
1.99271 0.273379 -1.10986 0.371996 2.43948 -1.42589 2.15764 1.29537 2.78593 1.48365 1.0743 -0.5038 -1.5195 -0.777533 0.693421 0.481166
2.00114 0.273379 -1.10986 0.371996 2.43948 -1.42589 2.15764 1.29537 2.78593 1.48365 1.0743 -0.5038 -1.5195 -0.777533 0.693421 0.481166
2.01003 0.273379 -1.10986 0.371996 2.43948 -1.42589 2.15764 1.29537 2.78593 1.48365 1.0743 -0.5038 -1.5195 -0.777533 0.693421 0.481166
2.01902 0.273379 -1.10986 0.371996 2.43948 -1.42589 2.15764 1.29537 2.78593 1.48365 1.0743 -0.5038 -1.5195 -0.777533 0.693421 0.481166
2.02818 0.273379 -1.10986 0.371996 2.43948 -1.42589 2.15764 1.29537 2.78593 1.48365 1.0743 -0.5038 -1.5195 -0.777533 0.693421 0.481166
2.03759 0.273379 -1.10986 0.371996 2.43948 -1.42589 2.15764 1.29537 2.78593 1.48365 1.0743 -0.5038 -1.5195 -0.777533 0.693421 0.481166
2.04711 0.273379 -1.10986 0.371996 2.43948 -1.42589 2.15764 1.29537 2.78593 1.48365 1.0743 -0.5038 -1.5195 -0.777533 0.693421 0.481166
2.05716 0.273379 -1.10986 0.371996 2.43948 -1.42589 2.15764 1.29537 2.78593 1.48365 1.0743 -0.5038 -1.5195 -0.777533 0.693421 0.481166
2.06739 0.273379 -1.10986 0.371996 2.43948 -1.42589 2.15764 1.29537 2.78593 1.48365 1.0743 -0.5038 -1.5195 -0.777533 0.693421 0.481166
2.07812 0.273379 -1.10986 0.371996 2.43948 -1.42589 2.15764 1.29537 2.78593 1.48365 1.0743 -0.5038 -1.5195 -0.777533 0.693421 0.481166
2.08896 0.273379 -1.10986 0.371996 2.43948 -1.42589 2.15764 1.29537 2.78593 1.48365 1.0743 -0.5038 -1.5195 -0.777533 0.693421 0.481166
2.10018 0.273379 -1.10986 0.371996 2.43948 -1.42589 2.15764 1.29537 2.78593 1.48365 1.0743 -0.5038 -1.5195 -0.777533 0.693421 0.481166
2.1122 0.273379 -1.10986 0.371996 2.43948 -1.42589 2.15764 1.29537 2.78593 1.48365 1.0743 -0.5038 -1.5195 -0.777533 0.693421 0.481166
2.12418 0.273379 -1.10986 0.371996 2.43948 -1.42589 2.15764 1.29537 2.78593 1.48365 1.0743 -0.5038 -1.5195 -0.777533 0.693421 0.481166
2.1364 0.273379 -1.10986 0.371996 2.43948 -1.42589 2.15764 1.29537 2.78593 1.48365 1.0743 -0.5038 -1.5195 -0.777533 0.693421 0.481166
2.14982 0.273379 -1.10986 0.371996 2.43948 -1.42589 2.15764 1.29537 2.78593 1.48365 1.0743 -0.5038 -1.5195 -0.777533 0.693421 0.481166
2.16299 0.273379 -1.10986 0.371996 2.43948 -1.42589 2.15764 1.29537 2.78593 1.48365 1.0743 -0.5038 -1.5195 -0.777533 0.693421 0.481166
2.17677 0.273379 -1.10986 0.371996 2.43948 -1.42589 2.15764 1.29537 2.78593 1.48365 1.0743 -0.5038 -1.5195 -0.777533 0.693421 0.481166
2.18008 0.273379 -1.10986 0.371996 2.43948 -1.42589 2.15764 1.29537 2.78593 1.48365 1.0743 -0.5038 -1.5195 -0.777533 0.693421 0.481166
2.18008 0.273379 -1.10986 0.371996 2.43948 -1.42589 2.15764 1.29537 2.78593 1.48365 1.0743 -0.5038 -1.5195 -0.777533 0.693421 0.481166
2.18008 0.273379 -1.10986 0.371996 2.43948 -1.42589 2.15764 1.29537 2.78593 1.48365 1.0743 -0.5038 -1.5195 -0.777533 0.693421 0.481166
2.18008 0.273379 -1.10986 0.371996 2.43948 -1.42589 2.15764 1.29537 2.78593 1.48365 1.0743 -0.5038 -1.5195 -0.777533 0.693421 0.481166
2.18008 0.273379 -1.10986 0.371996 2.43948 -1.42589 2.15764 1.29537 2.78593 1.48365 1.0743 -0.5038 -1.5195 -0.777533 0.693421 0.481166
2.18008 0.273379 -1.10986 0.371996 2.43948 -1.42589 2.15764 1.29537 2.78593 1.48365 1.0743 -0.5038 -1.5195 -0.777533 0.693421 0.481166
2.18009 0.273379 -1.10986 0.371996 2.43948 -1.42589 2.15764 1.29537 2.78593 1.48365 1.0743 -0.5038 -1.5195 -0.777533 0.693421 0.481166
2.18008 0.273379 -1.10986 0.371996 2.43948 -1.42589 2.15764 1.29537 2.78593 1.48365 1.0743 -0.5038 -1.5195 -0.777533 0.693421 0.481166
2.17998 0.273379 -1.10986 0.371996 2.43948 -1.42589 2.15764 1.29537 2.78593 1.48365 1.0743 -0.5038 -1.5195 -0.777533 0.693421 0.481166
2.17989 0.273379 -1.10986 0.371996 2.43948 -1.42589 2.15764 1.29537 2.78593 1.48365 1.0743 -0.5038 -1.5195 -0.777533 0.693421 0.481166
2.1788 0.273379 -1.10986 0.371996 2.43948 -1.42589 2.15764 1.29537 2.78593 1.48365 1.0743 -0.5038 -1.5195 -0.777533 0.693421 0.481166
2.17736 0.273379 -1.10986 0.371996 2.43948 -1.42589 2.15764 1.29537 2.78593 1.48365 1.0743 -0.5038 -1.5195 -0.777533 0.693421 0.481166
2.17501 0.273379 -1.10986 0.371996 2.43948 -1.42589 2.15764 1.29537 2.78593 1.48365 1.0743 -0.5038 -1.5195 -0.777533 0.693421 0.481166
2.17144 0.273379 -1.10986 0.371996 2.43948 -1.42589 2.15764 1.29537 2.78593 1.48365 1.0743 -0.5038 -1.5195 -0.777533 0.693421 0.481166
2.16761 0.273379 -1.10986 0.371996 2.43948 -1.42589 2.15764 1.29537 2.78593 1.48365 1.0743 -0.5038 -1.5195 -0.777533 0.693421 0.481166
2.16355 0.273379 -1.10986 0.371996 2.43948 -1.42589 2.15764 1.29537 2.78593 1.48365 1.0743 -0.5038 -1.5195 -0.777533 0.693421 0.481166
2.15949 0.273379 -1.10986 0.371996 2.43948 -1.42589 2.15764 1.29537 2.78593 1.48365 1.0743 -0.5038 -1.5195 -0.777533 0.693421 0.481166
2.1555 0.273379 -1.10986 0.371996 2.43948 -1.42589 2.15764 1.29537 2.78593 1.48365 1.0743 -0.5038 -1.5195 -0.777533 0.693421 0.481166
2.15158 0.273379 -1.10986 0.371996 2.43948 -1.42589 2.15764 1.29537 2.78593 1.48365 1.0743 -0.5038 -1.5195 -0.777533 0.693421 0.481166
2.14775 0.273379 -1.10986 0.371996 2.43948 -1.42589 2.15764 1.29537 2.78593 1.48365 1.0743 -0.5038 -1.5195 -0.777533 0.693421 0.481166
2.14381 0.273379 -1.10986 0.371996 2.43948 -1.42589 2.15764 1.29537 2.78593 1.48365 1.0743 -0.5038 -1.5195 -0.777533 0.693421 0.481166
2.13989 0.273379 -1.10986 0.371996 2.43948 -1.42589 2.15764 1.29537 2.78593 1.48365 1.0743 -0.5038 -1.5195 -0.777533 0.693421 0.481166
2.13597 0.273379 -1.10986 0.371996 2.43948 -1.42589 2.15764 1.29537 2.78593 1.48365 1.0743 -0.5038 -1.5195 -0.777533 0.693421 0.481166
2.13201 0.273379 -1.10986 0.371996 2.43948 -1.42589 2.15764 1.29537 2.78593 1.48365 1.0743 -0.5038 -1.5195 -0.777533 0.693421 0.481166
2.128 0.273379 -1.10986 0.371996 2.43948 -1.42589 2.15764 1.29537 2.78593 1.48365 1.0743 -0.5038 -1.5195 -0.777533 0.693421 0.481166
2.12393 0.273379 -1.10986 0.371996 2.43948 -1.42589 2.15764 1.29537 2.78593 1.48365 1.0743 -0.5038 -1.5195 -0.777533 0.693421 0.481166
2.11972 0.273379 -1.10986 0.371996 2.43948 -1.42589 2.15764 1.29537 2.78593 1.48365 1.0743 -0.5038 -1.5195 -0.777533 0.693421 0.481166
2.11568 0.273379 -1.10986 0.371996 2.43948 -1.42589 2.15764 1.29537 2.78593 1.48365 1.0743 -0.5038 -1.5195 -0.777533 0.693421 0.481166
2.11169 0.273379 -1.10986 0.371996 2.43948 -1.42589 2.15764 1.29537 2.78593 1.48365 1.0743 -0.5038 -1.5195 -0.777533 0.693421 0.481166
2.10765 0.273379 -1.10986 0.371996 2.43948 -1.42589 2.15764 1.29537 2.78593 1.48365 1.0743 -0.5038 -1.5195 -0.777533 0.693421 0.481166
2.10363 0.273379 -1.10986 0.371996 2.43948 -1.42589 2.15764 1.29537 2.78593 1.48365 1.0743 -0.5038 -1.5195 -0.777533 0.693421 0.481166
2.09953 0.273379 -1.10986 0.371996 2.43948 -1.42589 2.15764 1.29537 2.78593 1.48365 1.0743 -0.5038 -1.5195 -0.777533 0.693421 0.481166
2.09541 0.273379 -1.10986 0.371996 2.43948 -1.42589 2.15764 1.29537 2.78593 1.48365 1.0743 -0.5038 -1.5195 -0.777533 0.693421 0.481166
2.09124 0.273379 -1.10986 0.371996 2.43948 -1.42589 2.15764 1.29537 2.78593 1.48365 1.0743 -0.5038 -1.5195 -0.777533 0.693421 0.481166
2.08701 0.273379 -1.10986 0.371996 2.43948 -1.42589 2.15764 1.29537 2.78593 1.48365 1.0743 -0.5038 -1.5195 -0.777533 0.693421 0.481166
2.08267 0.273379 -1.10986 0.371996 2.43948 -1.42589 2.15764 1.29537 2.78593 1.48365 1.0743 -0.5038 -1.5195 -0.777533 0.693421 0.481166
2.07837 0.273379 -1.10986 0.371996 2.43948 -1.42589 2.15764 1.29537 2.78593 1.48365 1.0743 -0.5038 -1.5195 -0.777533 0.693421 0.481166
2.07421 0.273379 -1.10986 0.371996 2.43948 -1.42589 2.15764 1.29537 2.78593 1.48365 1.0743 -0.5038 -1.5195 -0.777533 0.693421 0.481166
2.06997 0.273379 -1.10986 0.371996 2.43948 -1.42589 2.15764 1.29537 2.78593 1.48365 1.0743 -0.5038 -1.5195 -0.777533 0.693421 0.481166
2.06561 0.273379 -1.10986 0.371996 2.43948 -1.42589 2.15764 1.29537 2.78593 1.48365 1.0743 -0.5038 -1.5195 -0.777533 0.693421 0.481166
2.06136 0.273379 -1.10986 0.371996 2.43948 -1.42589 2.15764 1.29537 2.78593 1.48365 1.0743 -0.5038 -1.5195 -0.777533 0.693421 0.481166
2.05708 0.273379 -1.10986 0.371996 2.43948 -1.42589 2.15764 1.29537 2.78593 1.48365 1.0743 -0.5038 -1.5195 -0.777533 0.693421 0.481166
2.05278 0.273379 -1.10986 0.371996 2.43948 -1.42589 2.15764 1.29537 2.78593 1.48365 1.0743 -0.5038 -1.5195 -0.777533 0.693421 0.481166
2.0485 0.273379 -1.10986 0.371996 2.43948 -1.42589 2.15764 1.29537 2.78593 1.48365 1.0743 -0.5038 -1.5195 -0.777533 0.693421 0.481166
2.04404 0.273379 -1.10986 0.371996 2.43948 -1.42589 2.15764 1.29537 2.78593 1.48365 1.0743 -0.5038 -1.5195 -0.777533 0.693421 0.481166
2.03973 0.273379 -1.10986 0.371996 2.43948 -1.42589 2.15764 1.29537 2.78593 1.48365 1.0743 -0.5038 -1.5195 -0.777533 0.693421 0.481166
2.03539 0.273379 -1.10986 0.371996 2.43948 -1.42589 2.15764 1.29537 2.78593 1.48365 1.0743 -0.5038 -1.5195 -0.777533 0.693421 0.481166
2.03106 0.273379 -1.10986 0.371996 2.43948 -1.42589 2.15764 1.29537 2.78593 1.48365 1.0743 -0.5038 -1.5195 -0.777533 0.693421 0.481166
2.02674 0.273379 -1.10986 0.371996 2.43948 -1.42589 2.15764 1.29537 2.78593 1.48365 1.0743 -0.5038 -1.5195 -0.777533 0.693421 0.481166
2.02233 0.273379 -1.10986 0.371996 2.43948 -1.42589 2.15764 1.29537 2.78593 1.48365 1.0743 -0.5038 -1.5195 -0.777533 0.693421 0.481166
2.01791 0.273379 -1.10986 0.371996 2.43948 -1.42589 2.15764 1.29537 2.78593 1.48365 1.0743 -0.5038 -1.5195 -0.777533 0.693421 0.481166
2.0135 0.273379 -1.10986 0.371996 2.43948 -1.42589 2.15764 1.29537 2.78593 1.48365 1.0743 -0.5038 -1.5195 -0.777533 0.693421 0.481166
2.00907 0.273379 -1.10986 0.371996 2.43948 -1.42589 2.15764 1.29537 2.78593 1.48365 1.0743 -0.5038 -1.5195 -0.777533 0.693421 0.481166
2.00459 0.273379 -1.10986 0.371996 2.43948 -1.42589 2.15764 1.29537 2.78593 1.48365 1.0743 -0.5038 -1.5195 -0.777533 0.693421 0.481166
2.00005 0.273379 -1.10986 0.371996 2.43948 -1.42589 2.15764 1.29537 2.78593 1.48365 1.0743 -0.5038 -1.5195 -0.777533 0.693421 0.481166
1.99563 0.273379 -1.10986 0.371996 2.43948 -1.42589 2.15764 1.29537 2.78593 1.48365 1.0743 -0.5038 -1.5195 -0.777533 0.693421 0.481166
1.99105 0.273379 -1.10986 0.371996 2.43948 -1.42589 2.15764 1.29537 2.78593 1.48365 1.0743 -0.5038 -1.5195 -0.777533 0.693421 0.481166
1.98648 0.273379 -1.10986 0.371996 2.43948 -1.42589 2.15764 1.29537 2.78593 1.48365 1.0743 -0.5038 -1.5195 -0.777533 0.693421 0.481166
1.98182 0.273379 -1.10986 0.371996 2.43948 -1.42589 2.15764 1.29537 2.78593 1.48365 1.0743 -0.5038 -1.5195 -0.777533 0.693421 0.481166
1.97715 0.273379 -1.10986 0.371996 2.43948 -1.42589 2.15764 1.29537 2.78593 1.48365 1.0743 -0.5038 -1.5195 -0.777533 0.693421 0.481166
1.97252 0.273379 -1.10986 0.371996 2.43948 -1.42589 2.15764 1.29537 2.78593 1.48365 1.0743 -0.5038 -1.5195 -0.777533 0.693421 0.481166
1.96789 0.273379 -1.10986 0.371996 2.43948 -1.42589 2.15764 1.29537 2.78593 1.48365 1.0743 -0.5038 -1.5195 -0.777533 0.693421 0.481166
1.96333 0.273379 -1.10986 0.371996 2.43948 -1.42589 2.15764 1.29537 2.78593 1.48365 1.0743 -0.5038 -1.5195 -0.777533 0.693421 0.481166
1.95851 0.273379 -1.10986 0.371996 2.43948 -1.42589 2.15764 1.29537 2.78593 1.48365 1.0743 -0.5038 -1.5195 -0.777533 0.693421 0.481166
1.95364 0.273379 -1.10986 0.371996 2.43948 -1.42589 2.15764 1.29537 2.78593 1.48365 1.0743 -0.5038 -1.5195 -0.777533 0.693421 0.481166
1.94879 0.273379 -1.10986 0.371996 2.43948 -1.42589 2.15764 1.29537 2.78593 1.48365 1.0743 -0.5038 -1.5195 -0.777533 0.693421 0.481166
1.94409 0.273379 -1.10986 0.371996 2.43948 -1.42589 2.15764 1.29537 2.78593 1.48365 1.0743 -0.5038 -1.5195 -0.777533 0.693421 0.481166
