5.36
5.37
5.38
5.391
5.401
5.412
5.422
5.433
5.443
5.455
5.475
5.496
5.517
5.537
5.558
5.579
5.601
5.621
5.641
5.662
5.7
5.739
5.778
5.816
5.855
5.894
5.932
5.972
6.01
6.052
6.091
6.132
6.173
6.211
6.25
6.289
6.327
6.366
6.405
6.445
6.484
6.523
6.562
6.6
6.639
6.677
6.716
6.755
6.794
6.833
6.871
6.912
6.95
6.99
7.029
7.831
7.842
7.852
7.863
7.874
7.885
7.896
7.907
7.917
7.93
7.969
8.008
8.048
8.087
8.126
8.167
8.206
8.244
8.282
8.321
8.36
8.398
8.436
8.475
8.513
8.552
8.591
8.629
8.668
8.707
8.745
8.784
8.822
8.861
8.9
8.941
8.98
9.019
9.059
9.097
9.136
9.174
9.213
9.252
9.291
9.33
9.369
9.407
9.446
9.484
9.523
9.561
9.6
9.639
9.678
9.716
9.755
9.794
9.834
9.873
9.912
9.95
9.989
10.029
10.071
10.109
10.148
