2.74624 0.470265 -1.86184 1.24164 -0.318332 1.58009 0.328996 0.0779081 3.08396 1.19092 -1.50382 -0.908491 0.0152711 -1.95969 1.15454 -1.57608
2.74532 0.470265 -1.86184 1.24164 -0.318332 1.58009 0.328996 0.0779081 3.08396 1.19092 -1.50382 -0.908491 0.0152711 -1.95969 1.15454 -1.57608
2.74416 0.470265 -1.86184 1.24164 -0.318332 1.58009 0.328996 0.0779081 3.08396 1.19092 -1.50382 -0.908491 0.0152711 -1.95969 1.15454 -1.57608
2.74284 0.470265 -1.86184 1.24164 -0.318332 1.58009 0.328996 0.0779081 3.08396 1.19092 -1.50382 -0.908491 0.0152711 -1.95969 1.15454 -1.57608
2.74153 0.470265 -1.86184 1.24164 -0.318332 1.58009 0.328996 0.0779081 3.08396 1.19092 -1.50382 -0.908491 0.0152711 -1.95969 1.15454 -1.57608
2.74015 0.470265 -1.86184 1.24164 -0.318332 1.58009 0.328996 0.0779081 3.08396 1.19092 -1.50382 -0.908491 0.0152711 -1.95969 1.15454 -1.57608
2.73901 0.470265 -1.86184 1.24164 -0.318332 1.58009 0.328996 0.0779081 3.08396 1.19092 -1.50382 -0.908491 0.0152711 -1.95969 1.15454 -1.57608
2.73772 0.470265 -1.86184 1.24164 -0.318332 1.58009 0.328996 0.0779081 3.08396 1.19092 -1.50382 -0.908491 0.0152711 -1.95969 1.15454 -1.57608
2.7365 0.470265 -1.86184 1.24164 -0.318332 1.58009 0.328996 0.0779081 3.08396 1.19092 -1.50382 -0.908491 0.0152711 -1.95969 1.15454 -1.57608
2.73506 0.470265 -1.86184 1.24164 -0.318332 1.58009 0.328996 0.0779081 3.08396 1.19092 -1.50382 -0.908491 0.0152711 -1.95969 1.15454 -1.57608
2.73355 0.470265 -1.86184 1.24164 -0.318332 1.58009 0.328996 0.0779081 3.08396 1.19092 -1.50382 -0.908491 0.0152711 -1.95969 1.15454 -1.57608
2.73204 0.470265 -1.86184 1.24164 -0.318332 1.58009 0.328996 0.0779081 3.08396 1.19092 -1.50382 -0.908491 0.0152711 -1.95969 1.15454 -1.57608
2.73049 0.470265 -1.86184 1.24164 -0.318332 1.58009 0.328996 0.0779081 3.08396 1.19092 -1.50382 -0.908491 0.0152711 -1.95969 1.15454 -1.57608
2.72898 0.470265 -1.86184 1.24164 -0.318332 1.58009 0.328996 0.0779081 3.08396 1.19092 -1.50382 -0.908491 0.0152711 -1.95969 1.15454 -1.57608
2.7274 0.470265 -1.86184 1.24164 -0.318332 1.58009 0.328996 0.0779081 3.08396 1.19092 -1.50382 -0.908491 0.0152711 -1.95969 1.15454 -1.57608
2.7258 0.470265 -1.86184 1.24164 -0.318332 1.58009 0.328996 0.0779081 3.08396 1.19092 -1.50382 -0.908491 0.0152711 -1.95969 1.15454 -1.57608
2.72418 0.470265 -1.86184 1.24164 -0.318332 1.58009 0.328996 0.0779081 3.08396 1.19092 -1.50382 -0.908491 0.0152711 -1.95969 1.15454 -1.57608
2.72259 0.470265 -1.86184 1.24164 -0.318332 1.58009 0.328996 0.0779081 3.08396 1.19092 -1.50382 -0.908491 0.0152711 -1.95969 1.15454 -1.57608
2.721 0.470265 -1.86184 1.24164 -0.318332 1.58009 0.328996 0.0779081 3.08396 1.19092 -1.50382 -0.908491 0.0152711 -1.95969 1.15454 -1.57608
2.718 0.470265 -1.86184 1.24164 -0.318332 1.58009 0.328996 0.0779081 3.08396 1.19092 -1.50382 -0.908491 0.0152711 -1.95969 1.15454 -1.57608
2.715 0.470265 -1.86184 1.24164 -0.318332 1.58009 0.328996 0.0779081 3.08396 1.19092 -1.50382 -0.908491 0.0152711 -1.95969 1.15454 -1.57608
2.71197 0.470265 -1.86184 1.24164 -0.318332 1.58009 0.328996 0.0779081 3.08396 1.19092 -1.50382 -0.908491 0.0152711 -1.95969 1.15454 -1.57608
2.70886 0.470265 -1.86184 1.24164 -0.318332 1.58009 0.328996 0.0779081 3.08396 1.19092 -1.50382 -0.908491 0.0152711 -1.95969 1.15454 -1.57608
2.70575 0.470265 -1.86184 1.24164 -0.318332 1.58009 0.328996 0.0779081 3.08396 1.19092 -1.50382 -0.908491 0.0152711 -1.95969 1.15454 -1.57608
2.70271 0.470265 -1.86184 1.24164 -0.318332 1.58009 0.328996 0.0779081 3.08396 1.19092 -1.50382 -0.908491 0.0152711 -1.95969 1.15454 -1.57608
2.69973 0.470265 -1.86184 1.24164 -0.318332 1.58009 0.328996 0.0779081 3.08396 1.19092 -1.50382 -0.908491 0.0152711 -1.95969 1.15454 -1.57608
2.69675 0.470265 -1.86184 1.24164 -0.318332 1.58009 0.328996 0.0779081 3.08396 1.19092 -1.50382 -0.908491 0.0152711 -1.95969 1.15454 -1.57608
2.69373 0.470265 -1.86184 1.24164 -0.318332 1.58009 0.328996 0.0779081 3.08396 1.19092 -1.50382 -0.908491 0.0152711 -1.95969 1.15454 -1.57608
2.69066 0.470265 -1.86184 1.24164 -0.318332 1.58009 0.328996 0.0779081 3.08396 1.19092 -1.50382 -0.908491 0.0152711 -1.95969 1.15454 -1.57608
2.68749 0.470265 -1.86184 1.24164 -0.318332 1.58009 0.328996 0.0779081 3.08396 1.19092 -1.50382 -0.908491 0.0152711 -1.95969 1.15454 -1.57608
2.68432 0.470265 -1.86184 1.24164 -0.318332 1.58009 0.328996 0.0779081 3.08396 1.19092 -1.50382 -0.908491 0.0152711 -1.95969 1.15454 -1.57608
2.6812 0.470265 -1.86184 1.24164 -0.318332 1.58009 0.328996 0.0779081 3.08396 1.19092 -1.50382 -0.908491 0.0152711 -1.95969 1.15454 -1.57608
2.67804 0.470265 -1.86184 1.24164 -0.318332 1.58009 0.328996 0.0779081 3.08396 1.19092 -1.50382 -0.908491 0.0152711 -1.95969 1.15454 -1.57608
2.67485 0.470265 -1.86184 1.24164 -0.318332 1.58009 0.328996 0.0779081 3.08396 1.19092 -1.50382 -0.908491 0.0152711 -1.95969 1.15454 -1.57608
2.67173 0.470265 -1.86184 1.24164 -0.318332 1.58009 0.328996 0.0779081 3.08396 1.19092 -1.50382 -0.908491 0.0152711 -1.95969 1.15454 -1.57608
2.66855 0.470265 -1.86184 1.24164 -0.318332 1.58009 0.328996 0.0779081 3.08396 1.19092 -1.50382 -0.908491 0.0152711 -1.95969 1.15454 -1.57608
2.66532 0.470265 -1.86184 1.24164 -0.318332 1.58009 0.328996 0.0779081 3.08396 1.19092 -1.50382 -0.908491 0.0152711 -1.95969 1.15454 -1.57608
2.66215 0.470265 -1.86184 1.24164 -0.318332 1.58009 0.328996 0.0779081 3.08396 1.19092 -1.50382 -0.908491 0.0152711 -1.95969 1.15454 -1.57608
2.65895 0.470265 -1.86184 1.24164 -0.318332 1.58009 0.328996 0.0779081 3.08396 1.19092 -1.50382 -0.908491 0.0152711 -1.95969 1.15454 -1.57608
2.65575 0.470265 -1.86184 1.24164 -0.318332 1.58009 0.328996 0.0779081 3.08396 1.19092 -1.50382 -0.908491 0.0152711 -1.95969 1.15454 -1.57608
2.65253 0.470265 -1.86184 1.24164 -0.318332 1.58009 0.328996 0.0779081 3.08396 1.19092 -1.50382 -0.908491 0.0152711 -1.95969 1.15454 -1.57608
2.64916 0.470265 -1.86184 1.24164 -0.318332 1.58009 0.328996 0.0779081 3.08396 1.19092 -1.50382 -0.908491 0.0152711 -1.95969 1.15454 -1.57608
2.64574 0.470265 -1.86184 1.24164 -0.318332 1.58009 0.328996 0.0779081 3.08396 1.19092 -1.50382 -0.908491 0.0152711 -1.95969 1.15454 -1.57608
2.64226 0.470265 -1.86184 1.24164 -0.318332 1.58009 0.328996 0.0779081 3.08396 1.19092 -1.50382 -0.908491 0.0152711 -1.95969 1.15454 -1.57608
2.63887 0.470265 -1.86184 1.24164 -0.318332 1.58009 0.328996 0.0779081 3.08396 1.19092 -1.50382 -0.908491 0.0152711 -1.95969 1.15454 -1.57608
2.6355 0.470265 -1.86184 1.24164 -0.318332 1.58009 0.328996 0.0779081 3.08396 1.19092 -1.50382 -0.908491 0.0152711 -1.95969 1.15454 -1.57608
2.63213 0.470265 -1.86184 1.24164 -0.318332 1.58009 0.328996 0.0779081 3.08396 1.19092 -1.50382 -0.908491 0.0152711 -1.95969 1.15454 -1.57608
2.62869 0.470265 -1.86184 1.24164 -0.318332 1.58009 0.328996 0.0779081 3.08396 1.19092 -1.50382 -0.908491 0.0152711 -1.95969 1.15454 -1.57608
2.62522 0.470265 -1.86184 1.24164 -0.318332 1.58009 0.328996 0.0779081 3.08396 1.19092 -1.50382 -0.908491 0.0152711 -1.95969 1.15454 -1.57608
2.62182 0.470265 -1.86184 1.24164 -0.318332 1.58009 0.328996 0.0779081 3.08396 1.19092 -1.50382 -0.908491 0.0152711 -1.95969 1.15454 -1.57608
2.61841 0.470265 -1.86184 1.24164 -0.318332 1.58009 0.328996 0.0779081 3.08396 1.19092 -1.50382 -0.908491 0.0152711 -1.95969 1.15454 -1.57608
2.615 0.470265 -1.86184 1.24164 -0.318332 1.58009 0.328996 0.0779081 3.08396 1.19092 -1.50382 -0.908491 0.0152711 -1.95969 1.15454 -1.57608
2.61143 0.470265 -1.86184 1.24164 -0.318332 1.58009 0.328996 0.0779081 3.08396 1.19092 -1.50382 -0.908491 0.0152711 -1.95969 1.15454 -1.57608
2.60789 0.470265 -1.86184 1.24164 -0.318332 1.58009 0.328996 0.0779081 3.08396 1.19092 -1.50382 -0.908491 0.0152711 -1.95969 1.15454 -1.57608
2.60435 0.470265 -1.86184 1.24164 -0.318332 1.58009 0.328996 0.0779081 3.08396 1.19092 -1.50382 -0.908491 0.0152711 -1.95969 1.15454 -1.57608
2.60087 0.470265 -1.86184 1.24164 -0.318332 1.58009 0.328996 0.0779081 3.08396 1.19092 -1.50382 -0.908491 0.0152711 -1.95969 1.15454 -1.57608
2.59739 0.470265 -1.86184 1.24164 -0.318332 1.58009 0.328996 0.0779081 3.08396 1.19092 -1.50382 -0.908491 0.0152711 -1.95969 1.15454 -1.57608
2.5939 0.470265 -1.86184 1.24164 -0.318332 1.58009 0.328996 0.0779081 3.08396 1.19092 -1.50382 -0.908491 0.0152711 -1.95969 1.15454 -1.57608
2.59032 0.470265 -1.86184 1.24164 -0.318332 1.58009 0.328996 0.0779081 3.08396 1.19092 -1.50382 -0.908491 0.0152711 -1.95969 1.15454 -1.57608
2.58672 0.470265 -1.86184 1.24164 -0.318332 1.58009 0.328996 0.0779081 3.08396 1.19092 -1.50382 -0.908491 0.0152711 -1.95969 1.15454 -1.57608
2.58318 0.470265 -1.86184 1.24164 -0.318332 1.58009 0.328996 0.0779081 3.08396 1.19092 -1.50382 -0.908491 0.0152711 -1.95969 1.15454 -1.57608
2.57947 0.470265 -1.86184 1.24164 -0.318332 1.58009 0.328996 0.0779081 3.08396 1.19092 -1.50382 -0.908491 0.0152711 -1.95969 1.15454 -1.57608
2.57576 0.470265 -1.86184 1.24164 -0.318332 1.58009 0.328996 0.0779081 3.08396 1.19092 -1.50382 -0.908491 0.0152711 -1.95969 1.15454 -1.57608
2.57202 0.470265 -1.86184 1.24164 -0.318332 1.58009 0.328996 0.0779081 3.08396 1.19092 -1.50382 -0.908491 0.0152711 -1.95969 1.15454 -1.57608
2.56829 0.470265 -1.86184 1.24164 -0.318332 1.58009 0.328996 0.0779081 3.08396 1.19092 -1.50382 -0.908491 0.0152711 -1.95969 1.15454 -1.57608
2.56454 0.470265 -1.86184 1.24164 -0.318332 1.58009 0.328996 0.0779081 3.08396 1.19092 -1.50382 -0.908491 0.0152711 -1.95969 1.15454 -1.57608
2.56083 0.470265 -1.86184 1.24164 -0.318332 1.58009 0.328996 0.0779081 3.08396 1.19092 -1.50382 -0.908491 0.0152711 -1.95969 1.15454 -1.57608
2.55717 0.470265 -1.86184 1.24164 -0.318332 1.58009 0.328996 0.0779081 3.08396 1.19092 -1.50382 -0.908491 0.0152711 -1.95969 1.15454 -1.57608
2.55351 0.470265 -1.86184 1.24164 -0.318332 1.58009 0.328996 0.0779081 3.08396 1.19092 -1.50382 -0.908491 0.0152711 -1.95969 1.15454 -1.57608
2.5498 0.470265 -1.86184 1.24164 -0.318332 1.58009 0.328996 0.0779081 3.08396 1.19092 -1.50382 -0.908491 0.0152711 -1.95969 1.15454 -1.57608
2.54601 0.470265 -1.86184 1.24164 -0.318332 1.58009 0.328996 0.0779081 3.08396 1.19092 -1.50382 -0.908491 0.0152711 -1.95969 1.15454 -1.57608
2.54215 0.470265 -1.86184 1.24164 -0.318332 1.58009 0.328996 0.0779081 3.08396 1.19092 -1.50382 -0.908491 0.0152711 -1.95969 1.15454 -1.57608
2.53839 0.470265 -1.86184 1.24164 -0.318332 1.58009 0.328996 0.0779081 3.08396 1.19092 -1.50382 -0.908491 0.0152711 -1.95969 1.15454 -1.57608
2.53466 0.470265 -1.86184 1.24164 -0.318332 1.58009 0.328996 0.0779081 3.08396 1.19092 -1.50382 -0.908491 0.0152711 -1.95969 1.15454 -1.57608
2.53082 0.470265 -1.86184 1.24164 -0.318332 1.58009 0.328996 0.0779081 3.08396 1.19092 -1.50382 -0.908491 0.0152711 -1.95969 1.15454 -1.57608
2.52696 0.470265 -1.86184 1.24164 -0.318332 1.58009 0.328996 0.0779081 3.08396 1.19092 -1.50382 -0.908491 0.0152711 -1.95969 1.15454 -1.57608
2.52311 0.470265 -1.86184 1.24164 -0.318332 1.58009 0.328996 0.0779081 3.08396 1.19092 -1.50382 -0.908491 0.0152711 -1.95969 1.15454 -1.57608
2.51925 0.470265 -1.86184 1.24164 -0.318332 1.58009 0.328996 0.0779081 3.08396 1.19092 -1.50382 -0.908491 0.0152711 -1.95969 1.15454 -1.57608
2.5154 0.470265 -1.86184 1.24164 -0.318332 1.58009 0.328996 0.0779081 3.08396 1.19092 -1.50382 -0.908491 0.0152711 -1.95969 1.15454 -1.57608
2.51142 0.470265 -1.86184 1.24164 -0.318332 1.58009 0.328996 0.0779081 3.08396 1.19092 -1.50382 -0.908491 0.0152711 -1.95969 1.15454 -1.57608
2.50747 0.470265 -1.86184 1.24164 -0.318332 1.58009 0.328996 0.0779081 3.08396 1.19092 -1.50382 -0.908491 0.0152711 -1.95969 1.15454 -1.57608
2.50342 0.470265 -1.86184 1.24164 -0.318332 1.58009 0.328996 0.0779081 3.08396 1.19092 -1.50382 -0.908491 0.0152711 -1.95969 1.15454 -1.57608
2.49945 0.470265 -1.86184 1.24164 -0.318332 1.58009 0.328996 0.0779081 3.08396 1.19092 -1.50382 -0.908491 0.0152711 -1.95969 1.15454 -1.57608
2.4954 0.470265 -1.86184 1.24164 -0.318332 1.58009 0.328996 0.0779081 3.08396 1.19092 -1.50382 -0.908491 0.0152711 -1.95969 1.15454 -1.57608
2.49132 0.470265 -1.86184 1.24164 -0.318332 1.58009 0.328996 0.0779081 3.08396 1.19092 -1.50382 -0.908491 0.0152711 -1.95969 1.15454 -1.57608
2.48719 0.470265 -1.86184 1.24164 -0.318332 1.58009 0.328996 0.0779081 3.08396 1.19092 -1.50382 -0.908491 0.0152711 -1.95969 1.15454 -1.57608
2.4831 0.470265 -1.86184 1.24164 -0.318332 1.58009 0.328996 0.0779081 3.08396 1.19092 -1.50382 -0.908491 0.0152711 -1.95969 1.15454 -1.57608
2.47895 0.470265 -1.86184 1.24164 -0.318332 1.58009 0.328996 0.0779081 3.08396 1.19092 -1.50382 -0.908491 0.0152711 -1.95969 1.15454 -1.57608
2.47487 0.470265 -1.86184 1.24164 -0.318332 1.58009 0.328996 0.0779081 3.08396 1.19092 -1.50382 -0.908491 0.0152711 -1.95969 1.15454 -1.57608
2.47075 0.470265 -1.86184 1.24164 -0.318332 1.58009 0.328996 0.0779081 3.08396 1.19092 -1.50382 -0.908491 0.0152711 -1.95969 1.15454 -1.57608
2.46653 0.470265 -1.86184 1.24164 -0.318332 1.58009 0.328996 0.0779081 3.08396 1.19092 -1.50382 -0.908491 0.0152711 -1.95969 1.15454 -1.57608
2.46238 0.470265 -1.86184 1.24164 -0.318332 1.58009 0.328996 0.0779081 3.08396 1.19092 -1.50382 -0.908491 0.0152711 -1.95969 1.15454 -1.57608
2.4582 0.470265 -1.86184 1.24164 -0.318332 1.58009 0.328996 0.0779081 3.08396 1.19092 -1.50382 -0.908491 0.0152711 -1.95969 1.15454 -1.57608
2.45401 0.470265 -1.86184 1.24164 -0.318332 1.58009 0.328996 0.0779081 3.08396 1.19092 -1.50382 -0.908491 0.0152711 -1.95969 1.15454 -1.57608
2.44976 0.470265 -1.86184 1.24164 -0.318332 1.58009 0.328996 0.0779081 3.08396 1.19092 -1.50382 -0.908491 0.0152711 -1.95969 1.15454 -1.57608
2.44543 0.470265 -1.86184 1.24164 -0.318332 1.58009 0.328996 0.0779081 3.08396 1.19092 -1.50382 -0.908491 0.0152711 -1.95969 1.15454 -1.57608
2.44113 0.470265 -1.86184 1.24164 -0.318332 1.58009 0.328996 0.0779081 3.08396 1.19092 -1.50382 -0.908491 0.0152711 -1.95969 1.15454 -1.57608
2.43688 0.470265 -1.86184 1.24164 -0.318332 1.58009 0.328996 0.0779081 3.08396 1.19092 -1.50382 -0.908491 0.0152711 -1.95969 1.15454 -1.57608
2.43252 0.470265 -1.86184 1.24164 -0.318332 1.58009 0.328996 0.0779081 3.08396 1.19092 -1.50382 -0.908491 0.0152711 -1.95969 1.15454 -1.57608
2.42814 0.470265 -1.86184 1.24164 -0.318332 1.58009 0.328996 0.0779081 3.08396 1.19092 -1.50382 -0.908491 0.0152711 -1.95969 1.15454 -1.57608
2.42368 0.470265 -1.86184 1.24164 -0.318332 1.58009 0.328996 0.0779081 3.08396 1.19092 -1.50382 -0.908491 0.0152711 -1.95969 1.15454 -1.57608
2.41936 0.470265 -1.86184 1.24164 -0.318332 1.58009 0.328996 0.0779081 3.08396 1.19092 -1.50382 -0.908491 0.0152711 -1.95969 1.15454 -1.57608
2.41493 0.470265 -1.86184 1.24164 -0.318332 1.58009 0.328996 0.0779081 3.08396 1.19092 -1.50382 -0.908491 0.0152711 -1.95969 1.15454 -1.57608
2.41048 0.470265 -1.86184 1.24164 -0.318332 1.58009 0.328996 0.0779081 3.08396 1.19092 -1.50382 -0.908491 0.0152711 -1.95969 1.15454 -1.57608
2.40607 0.470265 -1.86184 1.24164 -0.318332 1.58009 0.328996 0.0779081 3.08396 1.19092 -1.50382 -0.908491 0.0152711 -1.95969 1.15454 -1.57608
2.40162 0.470265 -1.86184 1.24164 -0.318332 1.58009 0.328996 0.0779081 3.08396 1.19092 -1.50382 -0.908491 0.0152711 -1.95969 1.15454 -1.57608
2.39718 0.470265 -1.86184 1.24164 -0.318332 1.58009 0.328996 0.0779081 3.08396 1.19092 -1.50382 -0.908491 0.0152711 -1.95969 1.15454 -1.57608
2.39261 0.470265 -1.86184 1.24164 -0.318332 1.58009 0.328996 0.0779081 3.08396 1.19092 -1.50382 -0.908491 0.0152711 -1.95969 1.15454 -1.57608
2.38799 0.470265 -1.86184 1.24164 -0.318332 1.58009 0.328996 0.0779081 3.08396 1.19092 -1.50382 -0.908491 0.0152711 -1.95969 1.15454 -1.57608
2.38322 0.470265 -1.86184 1.24164 -0.318332 1.58009 0.328996 0.0779081 3.08396 1.19092 -1.50382 -0.908491 0.0152711 -1.95969 1.15454 -1.57608
2.37859 0.470265 -1.86184 1.24164 -0.318332 1.58009 0.328996 0.0779081 3.08396 1.19092 -1.50382 -0.908491 0.0152711 -1.95969 1.15454 -1.57608
2.37397 0.470265 -1.86184 1.24164 -0.318332 1.58009 0.328996 0.0779081 3.08396 1.19092 -1.50382 -0.908491 0.0152711 -1.95969 1.15454 -1.57608
2.36928 0.470265 -1.86184 1.24164 -0.318332 1.58009 0.328996 0.0779081 3.08396 1.19092 -1.50382 -0.908491 0.0152711 -1.95969 1.15454 -1.57608
2.36462 0.470265 -1.86184 1.24164 -0.318332 1.58009 0.328996 0.0779081 3.08396 1.19092 -1.50382 -0.908491 0.0152711 -1.95969 1.15454 -1.57608
2.35415 0.470265 -1.86184 1.24164 -0.318332 1.58009 0.328996 0.0779081 3.08396 1.19092 -1.50382 -0.908491 0.0152711 -1.95969 1.15454 -1.57608
2.35418 0.470265 -1.86184 1.24164 -0.318332 1.58009 0.328996 0.0779081 3.08396 1.19092 -1.50382 -0.908491 0.0152711 -1.95969 1.15454 -1.57608
2.3542 0.470265 -1.86184 1.24164 -0.318332 1.58009 0.328996 0.0779081 3.08396 1.19092 -1.50382 -0.908491 0.0152711 -1.95969 1.15454 -1.57608
2.35421 0.470265 -1.86184 1.24164 -0.318332 1.58009 0.328996 0.0779081 3.08396 1.19092 -1.50382 -0.908491 0.0152711 -1.95969 1.15454 -1.57608
2.35488 0.470265 -1.86184 1.24164 -0.318332 1.58009 0.328996 0.0779081 3.08396 1.19092 -1.50382 -0.908491 0.0152711 -1.95969 1.15454 -1.57608
2.35626 0.470265 -1.86184 1.24164 -0.318332 1.58009 0.328996 0.0779081 3.08396 1.19092 -1.50382 -0.908491 0.0152711 -1.95969 1.15454 -1.57608
2.35795 0.470265 -1.86184 1.24164 -0.318332 1.58009 0.328996 0.0779081 3.08396 1.19092 -1.50382 -0.908491 0.0152711 -1.95969 1.15454 -1.57608
2.35995 0.470265 -1.86184 1.24164 -0.318332 1.58009 0.328996 0.0779081 3.08396 1.19092 -1.50382 -0.908491 0.0152711 -1.95969 1.15454 -1.57608
2.36211 0.470265 -1.86184 1.24164 -0.318332 1.58009 0.328996 0.0779081 3.08396 1.19092 -1.50382 -0.908491 0.0152711 -1.95969 1.15454 -1.57608
2.3644 0.470265 -1.86184 1.24164 -0.318332 1.58009 0.328996 0.0779081 3.08396 1.19092 -1.50382 -0.908491 0.0152711 -1.95969 1.15454 -1.57608
2.36683 0.470265 -1.86184 1.24164 -0.318332 1.58009 0.328996 0.0779081 3.08396 1.19092 -1.50382 -0.908491 0.0152711 -1.95969 1.15454 -1.57608
2.36943 0.470265 -1.86184 1.24164 -0.318332 1.58009 0.328996 0.0779081 3.08396 1.19092 -1.50382 -0.908491 0.0152711 -1.95969 1.15454 -1.57608
2.37182 0.470265 -1.86184 1.24164 -0.318332 1.58009 0.328996 0.0779081 3.08396 1.19092 -1.50382 -0.908491 0.0152711 -1.95969 1.15454 -1.57608
2.37615 0.470265 -1.86184 1.24164 -0.318332 1.58009 0.328996 0.0779081 3.08396 1.19092 -1.50382 -0.908491 0.0152711 -1.95969 1.15454 -1.57608
2.38231 0.470265 -1.86184 1.24164 -0.318332 1.58009 0.328996 0.0779081 3.08396 1.19092 -1.50382 -0.908491 0.0152711 -1.95969 1.15454 -1.57608
2.38985 0.470265 -1.86184 1.24164 -0.318332 1.58009 0.328996 0.0779081 3.08396 1.19092 -1.50382 -0.908491 0.0152711 -1.95969 1.15454 -1.57608
2.39848 0.470265 -1.86184 1.24164 -0.318332 1.58009 0.328996 0.0779081 3.08396 1.19092 -1.50382 -0.908491 0.0152711 -1.95969 1.15454 -1.57608
2.40794 0.470265 -1.86184 1.24164 -0.318332 1.58009 0.328996 0.0779081 3.08396 1.19092 -1.50382 -0.908491 0.0152711 -1.95969 1.15454 -1.57608
2.41781 0.470265 -1.86184 1.24164 -0.318332 1.58009 0.328996 0.0779081 3.08396 1.19092 -1.50382 -0.908491 0.0152711 -1.95969 1.15454 -1.57608
2.42796 0.470265 -1.86184 1.24164 -0.318332 1.58009 0.328996 0.0779081 3.08396 1.19092 -1.50382 -0.908491 0.0152711 -1.95969 1.15454 -1.57608
2.43833 0.470265 -1.86184 1.24164 -0.318332 1.58009 0.328996 0.0779081 3.08396 1.19092 -1.50382 -0.908491 0.0152711 -1.95969 1.15454 -1.57608
2.44959 0.470265 -1.86184 1.24164 -0.318332 1.58009 0.328996 0.0779081 3.08396 1.19092 -1.50382 -0.908491 0.0152711 -1.95969 1.15454 -1.57608
2.4613 0.470265 -1.86184 1.24164 -0.318332 1.58009 0.328996 0.0779081 3.08396 1.19092 -1.50382 -0.908491 0.0152711 -1.95969 1.15454 -1.57608
2.47376 0.470265 -1.86184 1.24164 -0.318332 1.58009 0.328996 0.0779081 3.08396 1.19092 -1.50382 -0.908491 0.0152711 -1.95969 1.15454 -1.57608
2.48685 0.470265 -1.86184 1.24164 -0.318332 1.58009 0.328996 0.0779081 3.08396 1.19092 -1.50382 -0.908491 0.0152711 -1.95969 1.15454 -1.57608
2.5005 0.470265 -1.86184 1.24164 -0.318332 1.58009 0.328996 0.0779081 3.08396 1.19092 -1.50382 -0.908491 0.0152711 -1.95969 1.15454 -1.57608
2.51467 0.470265 -1.86184 1.24164 -0.318332 1.58009 0.328996 0.0779081 3.08396 1.19092 -1.50382 -0.908491 0.0152711 -1.95969 1.15454 -1.57608
2.52926 0.470265 -1.86184 1.24164 -0.318332 1.58009 0.328996 0.0779081 3.08396 1.19092 -1.50382 -0.908491 0.0152711 -1.95969 1.15454 -1.57608
2.54431 0.470265 -1.86184 1.24164 -0.318332 1.58009 0.328996 0.0779081 3.08396 1.19092 -1.50382 -0.908491 0.0152711 -1.95969 1.15454 -1.57608
2.56014 0.470265 -1.86184 1.24164 -0.318332 1.58009 0.328996 0.0779081 3.08396 1.19092 -1.50382 -0.908491 0.0152711 -1.95969 1.15454 -1.57608
2.5771 0.470265 -1.86184 1.24164 -0.318332 1.58009 0.328996 0.0779081 3.08396 1.19092 -1.50382 -0.908491 0.0152711 -1.95969 1.15454 -1.57608
2.59426 0.470265 -1.86184 1.24164 -0.318332 1.58009 0.328996 0.0779081 3.08396 1.19092 -1.50382 -0.908491 0.0152711 -1.95969 1.15454 -1.57608
