5.889
5.9
5.91
5.92
5.931
5.941
5.951
5.962
5.972
5.992
6.012
6.033
6.054
6.074
6.095
6.116
6.136
6.157
6.177
6.215
6.254
6.294
6.334
6.373
6.412
6.45
6.488
6.527
6.565
6.603
6.642
6.68
6.72
6.758
6.796
6.835
6.874
6.912
6.95
6.989
7.027
7.066
7.106
7.145
7.185
7.224
7.262
7.301
7.339
7.378
7.417
7.456
7.495
7.533
7.572
7.61
7.648
7.686
7.725
7.763
7.802
7.842
7.881
7.921
7.96
7.998
8.036
8.075
8.113
8.151
8.19
8.23
8.268
8.307
8.345
8.383
8.422
8.46
8.499
8.537
8.576
8.615
8.654
8.693
8.732
8.771
8.81
8.849
8.887
8.925
8.964
9.003
9.042
9.08
9.119
9.158
9.196
9.235
9.274
9.313
9.352
9.39
9.429
9.467
9.506
9.544
9.583
9.622
9.662
9.703
9.742
9.781
9.82
9.858
10.946
10.957
10.967
10.978
10.988
10.998
11.009
11.019
11.03
11.049
11.069
11.091
11.111
11.149
11.188
11.226
11.265
11.304
11.342
11.381
11.421
11.461
11.5
11.539
11.578
11.617
11.655
11.694
11.732
11.77
11.81
11.848
