1.23615 1.52708 -1.07696 -0.0752919 2.94745 0.623473 2.96571 0.775848 0.671635 2.0057 -1.90214 2.6664 1.89479 0.291502 -0.900061 0.537725
1.23615 1.52708 -1.07696 -0.0752919 2.94745 0.623473 2.96571 0.775848 0.671635 2.0057 -1.90214 2.6664 1.89479 0.291502 -0.900061 0.537725
1.2363 1.52708 -1.07696 -0.0752919 2.94745 0.623473 2.96571 0.775848 0.671635 2.0057 -1.90214 2.6664 1.89479 0.291502 -0.900061 0.537725
1.23705 1.52708 -1.07696 -0.0752919 2.94745 0.623473 2.96571 0.775848 0.671635 2.0057 -1.90214 2.6664 1.89479 0.291502 -0.900061 0.537725
1.238 1.52708 -1.07696 -0.0752919 2.94745 0.623473 2.96571 0.775848 0.671635 2.0057 -1.90214 2.6664 1.89479 0.291502 -0.900061 0.537725
1.23902 1.52708 -1.07696 -0.0752919 2.94745 0.623473 2.96571 0.775848 0.671635 2.0057 -1.90214 2.6664 1.89479 0.291502 -0.900061 0.537725
1.24006 1.52708 -1.07696 -0.0752919 2.94745 0.623473 2.96571 0.775848 0.671635 2.0057 -1.90214 2.6664 1.89479 0.291502 -0.900061 0.537725
1.24113 1.52708 -1.07696 -0.0752919 2.94745 0.623473 2.96571 0.775848 0.671635 2.0057 -1.90214 2.6664 1.89479 0.291502 -0.900061 0.537725
1.24227 1.52708 -1.07696 -0.0752919 2.94745 0.623473 2.96571 0.775848 0.671635 2.0057 -1.90214 2.6664 1.89479 0.291502 -0.900061 0.537725
1.24349 1.52708 -1.07696 -0.0752919 2.94745 0.623473 2.96571 0.775848 0.671635 2.0057 -1.90214 2.6664 1.89479 0.291502 -0.900061 0.537725
1.24483 1.52708 -1.07696 -0.0752919 2.94745 0.623473 2.96571 0.775848 0.671635 2.0057 -1.90214 2.6664 1.89479 0.291502 -0.900061 0.537725
1.24631 1.52708 -1.07696 -0.0752919 2.94745 0.623473 2.96571 0.775848 0.671635 2.0057 -1.90214 2.6664 1.89479 0.291502 -0.900061 0.537725
1.24789 1.52708 -1.07696 -0.0752919 2.94745 0.623473 2.96571 0.775848 0.671635 2.0057 -1.90214 2.6664 1.89479 0.291502 -0.900061 0.537725
1.24966 1.52708 -1.07696 -0.0752919 2.94745 0.623473 2.96571 0.775848 0.671635 2.0057 -1.90214 2.6664 1.89479 0.291502 -0.900061 0.537725
1.25166 1.52708 -1.07696 -0.0752919 2.94745 0.623473 2.96571 0.775848 0.671635 2.0057 -1.90214 2.6664 1.89479 0.291502 -0.900061 0.537725
1.25378 1.52708 -1.07696 -0.0752919 2.94745 0.623473 2.96571 0.775848 0.671635 2.0057 -1.90214 2.6664 1.89479 0.291502 -0.900061 0.537725
1.2559 1.52708 -1.07696 -0.0752919 2.94745 0.623473 2.96571 0.775848 0.671635 2.0057 -1.90214 2.6664 1.89479 0.291502 -0.900061 0.537725
1.2581 1.52708 -1.07696 -0.0752919 2.94745 0.623473 2.96571 0.775848 0.671635 2.0057 -1.90214 2.6664 1.89479 0.291502 -0.900061 0.537725
1.26033 1.52708 -1.07696 -0.0752919 2.94745 0.623473 2.96571 0.775848 0.671635 2.0057 -1.90214 2.6664 1.89479 0.291502 -0.900061 0.537725
1.26267 1.52708 -1.07696 -0.0752919 2.94745 0.623473 2.96571 0.775848 0.671635 2.0057 -1.90214 2.6664 1.89479 0.291502 -0.900061 0.537725
1.26724 1.52708 -1.07696 -0.0752919 2.94745 0.623473 2.96571 0.775848 0.671635 2.0057 -1.90214 2.6664 1.89479 0.291502 -0.900061 0.537725
1.27221 1.52708 -1.07696 -0.0752919 2.94745 0.623473 2.96571 0.775848 0.671635 2.0057 -1.90214 2.6664 1.89479 0.291502 -0.900061 0.537725
1.27728 1.52708 -1.07696 -0.0752919 2.94745 0.623473 2.96571 0.775848 0.671635 2.0057 -1.90214 2.6664 1.89479 0.291502 -0.900061 0.537725
1.28292 1.52708 -1.07696 -0.0752919 2.94745 0.623473 2.96571 0.775848 0.671635 2.0057 -1.90214 2.6664 1.89479 0.291502 -0.900061 0.537725
1.28847 1.52708 -1.07696 -0.0752919 2.94745 0.623473 2.96571 0.775848 0.671635 2.0057 -1.90214 2.6664 1.89479 0.291502 -0.900061 0.537725
1.29409 1.52708 -1.07696 -0.0752919 2.94745 0.623473 2.96571 0.775848 0.671635 2.0057 -1.90214 2.6664 1.89479 0.291502 -0.900061 0.537725
1.29985 1.52708 -1.07696 -0.0752919 2.94745 0.623473 2.96571 0.775848 0.671635 2.0057 -1.90214 2.6664 1.89479 0.291502 -0.900061 0.537725
1.30576 1.52708 -1.07696 -0.0752919 2.94745 0.623473 2.96571 0.775848 0.671635 2.0057 -1.90214 2.6664 1.89479 0.291502 -0.900061 0.537725
1.31199 1.52708 -1.07696 -0.0752919 2.94745 0.623473 2.96571 0.775848 0.671635 2.0057 -1.90214 2.6664 1.89479 0.291502 -0.900061 0.537725
1.31836 1.52708 -1.07696 -0.0752919 2.94745 0.623473 2.96571 0.775848 0.671635 2.0057 -1.90214 2.6664 1.89479 0.291502 -0.900061 0.537725
1.32494 1.52708 -1.07696 -0.0752919 2.94745 0.623473 2.96571 0.775848 0.671635 2.0057 -1.90214 2.6664 1.89479 0.291502 -0.900061 0.537725
1.33187 1.52708 -1.07696 -0.0752919 2.94745 0.623473 2.96571 0.775848 0.671635 2.0057 -1.90214 2.6664 1.89479 0.291502 -0.900061 0.537725
1.339 1.52708 -1.07696 -0.0752919 2.94745 0.623473 2.96571 0.775848 0.671635 2.0057 -1.90214 2.6664 1.89479 0.291502 -0.900061 0.537725
1.34637 1.52708 -1.07696 -0.0752919 2.94745 0.623473 2.96571 0.775848 0.671635 2.0057 -1.90214 2.6664 1.89479 0.291502 -0.900061 0.537725
1.35404 1.52708 -1.07696 -0.0752919 2.94745 0.623473 2.96571 0.775848 0.671635 2.0057 -1.90214 2.6664 1.89479 0.291502 -0.900061 0.537725
1.36178 1.52708 -1.07696 -0.0752919 2.94745 0.623473 2.96571 0.775848 0.671635 2.0057 -1.90214 2.6664 1.89479 0.291502 -0.900061 0.537725
1.36986 1.52708 -1.07696 -0.0752919 2.94745 0.623473 2.96571 0.775848 0.671635 2.0057 -1.90214 2.6664 1.89479 0.291502 -0.900061 0.537725
1.37811 1.52708 -1.07696 -0.0752919 2.94745 0.623473 2.96571 0.775848 0.671635 2.0057 -1.90214 2.6664 1.89479 0.291502 -0.900061 0.537725
1.38666 1.52708 -1.07696 -0.0752919 2.94745 0.623473 2.96571 0.775848 0.671635 2.0057 -1.90214 2.6664 1.89479 0.291502 -0.900061 0.537725
1.39529 1.52708 -1.07696 -0.0752919 2.94745 0.623473 2.96571 0.775848 0.671635 2.0057 -1.90214 2.6664 1.89479 0.291502 -0.900061 0.537725
1.40407 1.52708 -1.07696 -0.0752919 2.94745 0.623473 2.96571 0.775848 0.671635 2.0057 -1.90214 2.6664 1.89479 0.291502 -0.900061 0.537725
1.41315 1.52708 -1.07696 -0.0752919 2.94745 0.623473 2.96571 0.775848 0.671635 2.0057 -1.90214 2.6664 1.89479 0.291502 -0.900061 0.537725
1.42228 1.52708 -1.07696 -0.0752919 2.94745 0.623473 2.96571 0.775848 0.671635 2.0057 -1.90214 2.6664 1.89479 0.291502 -0.900061 0.537725
1.43164 1.52708 -1.07696 -0.0752919 2.94745 0.623473 2.96571 0.775848 0.671635 2.0057 -1.90214 2.6664 1.89479 0.291502 -0.900061 0.537725
1.44124 1.52708 -1.07696 -0.0752919 2.94745 0.623473 2.96571 0.775848 0.671635 2.0057 -1.90214 2.6664 1.89479 0.291502 -0.900061 0.537725
1.45113 1.52708 -1.07696 -0.0752919 2.94745 0.623473 2.96571 0.775848 0.671635 2.0057 -1.90214 2.6664 1.89479 0.291502 -0.900061 0.537725
1.54413 1.52708 -1.07696 -0.0752919 2.94745 0.623473 2.96571 0.775848 0.671635 2.0057 -1.90214 2.6664 1.89479 0.291502 -0.900061 0.537725
1.54363 1.52708 -1.07696 -0.0752919 2.94745 0.623473 2.96571 0.775848 0.671635 2.0057 -1.90214 2.6664 1.89479 0.291502 -0.900061 0.537725
1.54293 1.52708 -1.07696 -0.0752919 2.94745 0.623473 2.96571 0.775848 0.671635 2.0057 -1.90214 2.6664 1.89479 0.291502 -0.900061 0.537725
1.54193 1.52708 -1.07696 -0.0752919 2.94745 0.623473 2.96571 0.775848 0.671635 2.0057 -1.90214 2.6664 1.89479 0.291502 -0.900061 0.537725
1.54074 1.52708 -1.07696 -0.0752919 2.94745 0.623473 2.96571 0.775848 0.671635 2.0057 -1.90214 2.6664 1.89479 0.291502 -0.900061 0.537725
1.53939 1.52708 -1.07696 -0.0752919 2.94745 0.623473 2.96571 0.775848 0.671635 2.0057 -1.90214 2.6664 1.89479 0.291502 -0.900061 0.537725
1.53781 1.52708 -1.07696 -0.0752919 2.94745 0.623473 2.96571 0.775848 0.671635 2.0057 -1.90214 2.6664 1.89479 0.291502 -0.900061 0.537725
1.53641 1.52708 -1.07696 -0.0752919 2.94745 0.623473 2.96571 0.775848 0.671635 2.0057 -1.90214 2.6664 1.89479 0.291502 -0.900061 0.537725
1.53495 1.52708 -1.07696 -0.0752919 2.94745 0.623473 2.96571 0.775848 0.671635 2.0057 -1.90214 2.6664 1.89479 0.291502 -0.900061 0.537725
1.53361 1.52708 -1.07696 -0.0752919 2.94745 0.623473 2.96571 0.775848 0.671635 2.0057 -1.90214 2.6664 1.89479 0.291502 -0.900061 0.537725
1.53211 1.52708 -1.07696 -0.0752919 2.94745 0.623473 2.96571 0.775848 0.671635 2.0057 -1.90214 2.6664 1.89479 0.291502 -0.900061 0.537725
1.53061 1.52708 -1.07696 -0.0752919 2.94745 0.623473 2.96571 0.775848 0.671635 2.0057 -1.90214 2.6664 1.89479 0.291502 -0.900061 0.537725
1.52874 1.52708 -1.07696 -0.0752919 2.94745 0.623473 2.96571 0.775848 0.671635 2.0057 -1.90214 2.6664 1.89479 0.291502 -0.900061 0.537725
1.52664 1.52708 -1.07696 -0.0752919 2.94745 0.623473 2.96571 0.775848 0.671635 2.0057 -1.90214 2.6664 1.89479 0.291502 -0.900061 0.537725
1.52444 1.52708 -1.07696 -0.0752919 2.94745 0.623473 2.96571 0.775848 0.671635 2.0057 -1.90214 2.6664 1.89479 0.291502 -0.900061 0.537725
1.52226 1.52708 -1.07696 -0.0752919 2.94745 0.623473 2.96571 0.775848 0.671635 2.0057 -1.90214 2.6664 1.89479 0.291502 -0.900061 0.537725
1.52013 1.52708 -1.07696 -0.0752919 2.94745 0.623473 2.96571 0.775848 0.671635 2.0057 -1.90214 2.6664 1.89479 0.291502 -0.900061 0.537725
1.51794 1.52708 -1.07696 -0.0752919 2.94745 0.623473 2.96571 0.775848 0.671635 2.0057 -1.90214 2.6664 1.89479 0.291502 -0.900061 0.537725
1.51385 1.52708 -1.07696 -0.0752919 2.94745 0.623473 2.96571 0.775848 0.671635 2.0057 -1.90214 2.6664 1.89479 0.291502 -0.900061 0.537725
1.50976 1.52708 -1.07696 -0.0752919 2.94745 0.623473 2.96571 0.775848 0.671635 2.0057 -1.90214 2.6664 1.89479 0.291502 -0.900061 0.537725
1.50561 1.52708 -1.07696 -0.0752919 2.94745 0.623473 2.96571 0.775848 0.671635 2.0057 -1.90214 2.6664 1.89479 0.291502 -0.900061 0.537725
1.5016 1.52708 -1.07696 -0.0752919 2.94745 0.623473 2.96571 0.775848 0.671635 2.0057 -1.90214 2.6664 1.89479 0.291502 -0.900061 0.537725
1.49754 1.52708 -1.07696 -0.0752919 2.94745 0.623473 2.96571 0.775848 0.671635 2.0057 -1.90214 2.6664 1.89479 0.291502 -0.900061 0.537725
1.4934 1.52708 -1.07696 -0.0752919 2.94745 0.623473 2.96571 0.775848 0.671635 2.0057 -1.90214 2.6664 1.89479 0.291502 -0.900061 0.537725
1.48925 1.52708 -1.07696 -0.0752919 2.94745 0.623473 2.96571 0.775848 0.671635 2.0057 -1.90214 2.6664 1.89479 0.291502 -0.900061 0.537725
1.48503 1.52708 -1.07696 -0.0752919 2.94745 0.623473 2.96571 0.775848 0.671635 2.0057 -1.90214 2.6664 1.89479 0.291502 -0.900061 0.537725
1.48083 1.52708 -1.07696 -0.0752919 2.94745 0.623473 2.96571 0.775848 0.671635 2.0057 -1.90214 2.6664 1.89479 0.291502 -0.900061 0.537725
1.47666 1.52708 -1.07696 -0.0752919 2.94745 0.623473 2.96571 0.775848 0.671635 2.0057 -1.90214 2.6664 1.89479 0.291502 -0.900061 0.537725
1.47247 1.52708 -1.07696 -0.0752919 2.94745 0.623473 2.96571 0.775848 0.671635 2.0057 -1.90214 2.6664 1.89479 0.291502 -0.900061 0.537725
1.46784 1.52708 -1.07696 -0.0752919 2.94745 0.623473 2.96571 0.775848 0.671635 2.0057 -1.90214 2.6664 1.89479 0.291502 -0.900061 0.537725
1.46356 1.52708 -1.07696 -0.0752919 2.94745 0.623473 2.96571 0.775848 0.671635 2.0057 -1.90214 2.6664 1.89479 0.291502 -0.900061 0.537725
1.45934 1.52708 -1.07696 -0.0752919 2.94745 0.623473 2.96571 0.775848 0.671635 2.0057 -1.90214 2.6664 1.89479 0.291502 -0.900061 0.537725
1.45508 1.52708 -1.07696 -0.0752919 2.94745 0.623473 2.96571 0.775848 0.671635 2.0057 -1.90214 2.6664 1.89479 0.291502 -0.900061 0.537725
1.45075 1.52708 -1.07696 -0.0752919 2.94745 0.623473 2.96571 0.775848 0.671635 2.0057 -1.90214 2.6664 1.89479 0.291502 -0.900061 0.537725
1.44638 1.52708 -1.07696 -0.0752919 2.94745 0.623473 2.96571 0.775848 0.671635 2.0057 -1.90214 2.6664 1.89479 0.291502 -0.900061 0.537725
1.44205 1.52708 -1.07696 -0.0752919 2.94745 0.623473 2.96571 0.775848 0.671635 2.0057 -1.90214 2.6664 1.89479 0.291502 -0.900061 0.537725
1.4377 1.52708 -1.07696 -0.0752919 2.94745 0.623473 2.96571 0.775848 0.671635 2.0057 -1.90214 2.6664 1.89479 0.291502 -0.900061 0.537725
1.43324 1.52708 -1.07696 -0.0752919 2.94745 0.623473 2.96571 0.775848 0.671635 2.0057 -1.90214 2.6664 1.89479 0.291502 -0.900061 0.537725
1.42883 1.52708 -1.07696 -0.0752919 2.94745 0.623473 2.96571 0.775848 0.671635 2.0057 -1.90214 2.6664 1.89479 0.291502 -0.900061 0.537725
1.42425 1.52708 -1.07696 -0.0752919 2.94745 0.623473 2.96571 0.775848 0.671635 2.0057 -1.90214 2.6664 1.89479 0.291502 -0.900061 0.537725
1.41983 1.52708 -1.07696 -0.0752919 2.94745 0.623473 2.96571 0.775848 0.671635 2.0057 -1.90214 2.6664 1.89479 0.291502 -0.900061 0.537725
1.41529 1.52708 -1.07696 -0.0752919 2.94745 0.623473 2.96571 0.775848 0.671635 2.0057 -1.90214 2.6664 1.89479 0.291502 -0.900061 0.537725
1.41076 1.52708 -1.07696 -0.0752919 2.94745 0.623473 2.96571 0.775848 0.671635 2.0057 -1.90214 2.6664 1.89479 0.291502 -0.900061 0.537725
1.40623 1.52708 -1.07696 -0.0752919 2.94745 0.623473 2.96571 0.775848 0.671635 2.0057 -1.90214 2.6664 1.89479 0.291502 -0.900061 0.537725
1.40177 1.52708 -1.07696 -0.0752919 2.94745 0.623473 2.96571 0.775848 0.671635 2.0057 -1.90214 2.6664 1.89479 0.291502 -0.900061 0.537725
1.39727 1.52708 -1.07696 -0.0752919 2.94745 0.623473 2.96571 0.775848 0.671635 2.0057 -1.90214 2.6664 1.89479 0.291502 -0.900061 0.537725
1.39269 1.52708 -1.07696 -0.0752919 2.94745 0.623473 2.96571 0.775848 0.671635 2.0057 -1.90214 2.6664 1.89479 0.291502 -0.900061 0.537725
1.38801 1.52708 -1.07696 -0.0752919 2.94745 0.623473 2.96571 0.775848 0.671635 2.0057 -1.90214 2.6664 1.89479 0.291502 -0.900061 0.537725
1.38333 1.52708 -1.07696 -0.0752919 2.94745 0.623473 2.96571 0.775848 0.671635 2.0057 -1.90214 2.6664 1.89479 0.291502 -0.900061 0.537725
1.37876 1.52708 -1.07696 -0.0752919 2.94745 0.623473 2.96571 0.775848 0.671635 2.0057 -1.90214 2.6664 1.89479 0.291502 -0.900061 0.537725
1.37413 1.52708 -1.07696 -0.0752919 2.94745 0.623473 2.96571 0.775848 0.671635 2.0057 -1.90214 2.6664 1.89479 0.291502 -0.900061 0.537725
1.3695 1.52708 -1.07696 -0.0752919 2.94745 0.623473 2.96571 0.775848 0.671635 2.0057 -1.90214 2.6664 1.89479 0.291502 -0.900061 0.537725
1.36488 1.52708 -1.07696 -0.0752919 2.94745 0.623473 2.96571 0.775848 0.671635 2.0057 -1.90214 2.6664 1.89479 0.291502 -0.900061 0.537725
1.36021 1.52708 -1.07696 -0.0752919 2.94745 0.623473 2.96571 0.775848 0.671635 2.0057 -1.90214 2.6664 1.89479 0.291502 -0.900061 0.537725
1.35555 1.52708 -1.07696 -0.0752919 2.94745 0.623473 2.96571 0.775848 0.671635 2.0057 -1.90214 2.6664 1.89479 0.291502 -0.900061 0.537725
1.3508 1.52708 -1.07696 -0.0752919 2.94745 0.623473 2.96571 0.775848 0.671635 2.0057 -1.90214 2.6664 1.89479 0.291502 -0.900061 0.537725
1.34604 1.52708 -1.07696 -0.0752919 2.94745 0.623473 2.96571 0.775848 0.671635 2.0057 -1.90214 2.6664 1.89479 0.291502 -0.900061 0.537725
1.34135 1.52708 -1.07696 -0.0752919 2.94745 0.623473 2.96571 0.775848 0.671635 2.0057 -1.90214 2.6664 1.89479 0.291502 -0.900061 0.537725
1.33644 1.52708 -1.07696 -0.0752919 2.94745 0.623473 2.96571 0.775848 0.671635 2.0057 -1.90214 2.6664 1.89479 0.291502 -0.900061 0.537725
1.33162 1.52708 -1.07696 -0.0752919 2.94745 0.623473 2.96571 0.775848 0.671635 2.0057 -1.90214 2.6664 1.89479 0.291502 -0.900061 0.537725
1.32677 1.52708 -1.07696 -0.0752919 2.94745 0.623473 2.96571 0.775848 0.671635 2.0057 -1.90214 2.6664 1.89479 0.291502 -0.900061 0.537725
1.32191 1.52708 -1.07696 -0.0752919 2.94745 0.623473 2.96571 0.775848 0.671635 2.0057 -1.90214 2.6664 1.89479 0.291502 -0.900061 0.537725
1.317 1.52708 -1.07696 -0.0752919 2.94745 0.623473 2.96571 0.775848 0.671635 2.0057 -1.90214 2.6664 1.89479 0.291502 -0.900061 0.537725
1.31203 1.52708 -1.07696 -0.0752919 2.94745 0.623473 2.96571 0.775848 0.671635 2.0057 -1.90214 2.6664 1.89479 0.291502 -0.900061 0.537725
1.3071 1.52708 -1.07696 -0.0752919 2.94745 0.623473 2.96571 0.775848 0.671635 2.0057 -1.90214 2.6664 1.89479 0.291502 -0.900061 0.537725
1.30223 1.52708 -1.07696 -0.0752919 2.94745 0.623473 2.96571 0.775848 0.671635 2.0057 -1.90214 2.6664 1.89479 0.291502 -0.900061 0.537725
1.29734 1.52708 -1.07696 -0.0752919 2.94745 0.623473 2.96571 0.775848 0.671635 2.0057 -1.90214 2.6664 1.89479 0.291502 -0.900061 0.537725
1.29223 1.52708 -1.07696 -0.0752919 2.94745 0.623473 2.96571 0.775848 0.671635 2.0057 -1.90214 2.6664 1.89479 0.291502 -0.900061 0.537725
1.28723 1.52708 -1.07696 -0.0752919 2.94745 0.623473 2.96571 0.775848 0.671635 2.0057 -1.90214 2.6664 1.89479 0.291502 -0.900061 0.537725
1.28224 1.52708 -1.07696 -0.0752919 2.94745 0.623473 2.96571 0.775848 0.671635 2.0057 -1.90214 2.6664 1.89479 0.291502 -0.900061 0.537725
1.27726 1.52708 -1.07696 -0.0752919 2.94745 0.623473 2.96571 0.775848 0.671635 2.0057 -1.90214 2.6664 1.89479 0.291502 -0.900061 0.537725
1.27227 1.52708 -1.07696 -0.0752919 2.94745 0.623473 2.96571 0.775848 0.671635 2.0057 -1.90214 2.6664 1.89479 0.291502 -0.900061 0.537725
1.26721 1.52708 -1.07696 -0.0752919 2.94745 0.623473 2.96571 0.775848 0.671635 2.0057 -1.90214 2.6664 1.89479 0.291502 -0.900061 0.537725
1.26218 1.52708 -1.07696 -0.0752919 2.94745 0.623473 2.96571 0.775848 0.671635 2.0057 -1.90214 2.6664 1.89479 0.291502 -0.900061 0.537725
1.25715 1.52708 -1.07696 -0.0752919 2.94745 0.623473 2.96571 0.775848 0.671635 2.0057 -1.90214 2.6664 1.89479 0.291502 -0.900061 0.537725
1.25202 1.52708 -1.07696 -0.0752919 2.94745 0.623473 2.96571 0.775848 0.671635 2.0057 -1.90214 2.6664 1.89479 0.291502 -0.900061 0.537725
1.24692 1.52708 -1.07696 -0.0752919 2.94745 0.623473 2.96571 0.775848 0.671635 2.0057 -1.90214 2.6664 1.89479 0.291502 -0.900061 0.537725
1.24167 1.52708 -1.07696 -0.0752919 2.94745 0.623473 2.96571 0.775848 0.671635 2.0057 -1.90214 2.6664 1.89479 0.291502 -0.900061 0.537725
1.23648 1.52708 -1.07696 -0.0752919 2.94745 0.623473 2.96571 0.775848 0.671635 2.0057 -1.90214 2.6664 1.89479 0.291502 -0.900061 0.537725
1.2312 1.52708 -1.07696 -0.0752919 2.94745 0.623473 2.96571 0.775848 0.671635 2.0057 -1.90214 2.6664 1.89479 0.291502 -0.900061 0.537725
1.22594 1.52708 -1.07696 -0.0752919 2.94745 0.623473 2.96571 0.775848 0.671635 2.0057 -1.90214 2.6664 1.89479 0.291502 -0.900061 0.537725
1.22072 1.52708 -1.07696 -0.0752919 2.94745 0.623473 2.96571 0.775848 0.671635 2.0057 -1.90214 2.6664 1.89479 0.291502 -0.900061 0.537725
1.21532 1.52708 -1.07696 -0.0752919 2.94745 0.623473 2.96571 0.775848 0.671635 2.0057 -1.90214 2.6664 1.89479 0.291502 -0.900061 0.537725
1.20991 1.52708 -1.07696 -0.0752919 2.94745 0.623473 2.96571 0.775848 0.671635 2.0057 -1.90214 2.6664 1.89479 0.291502 -0.900061 0.537725
1.20456 1.52708 -1.07696 -0.0752919 2.94745 0.623473 2.96571 0.775848 0.671635 2.0057 -1.90214 2.6664 1.89479 0.291502 -0.900061 0.537725
