12.917
12.928
12.938
12.949
12.959
12.969
12.98
12.99
13.001
13.012
13.033
13.054
13.074
13.095
13.115
13.136
13.156
13.177
13.198
13.218
13.256
13.295
13.336
13.375
13.414
13.452
13.491
13.529
13.568
13.606
13.645
13.684
13.723
13.763
13.802
13.841
13.881
13.92
13.959
13.997
14.036
14.075
14.113
14.152
14.19
14.229
30.363
30.373
30.383
30.394
30.404
30.414
30.425
30.435
30.446
30.458
30.478
30.499
30.519
30.54
30.561
30.582
30.602
30.623
30.662
30.701
30.739
30.778
30.816
30.855
30.893
30.931
30.97
31.009
31.05
31.089
31.128
31.166
31.205
31.243
31.282
31.321
31.359
31.398
31.437
31.477
31.516
31.555
31.594
31.632
31.67
31.709
31.748
31.787
31.826
31.865
31.903
31.941
31.98
32.018
32.057
32.096
32.134
32.174
32.213
32.251
32.29
32.329
32.368
32.408
32.446
32.485
32.524
32.563
32.602
32.64
32.678
32.717
32.755
32.794
32.832
32.871
32.909
32.948
32.987
33.026
33.065
33.103
33.143
33.182
33.221
