-0.0631688
-0.0631688
-0.105281
-0.084225
-0.105281
-0.126338
-0.126338
-0.115809
-0.126338
-0.126338
-0.115809
-0.126338
-0.126338
-0.136866
-0.126338
-0.136866
-0.126338
-0.136866
-0.136866
-0.136866
-0.136866
-0.126338
-0.126338
-0.126338
-0.136866
-0.136866
-0.136866
-0.136866
-0.126338
-0.136866
-0.136866
-0.136866
-0.136866
-0.147394
-0.136866
-0.136866
-0.136866
-0.136866
-0.136866
-0.136866
-0.147394
-0.136866
-0.136866
-0.136866
-0.136866
-0.136866
-0.147394
-0.136866
-0.147394
-0.157922
-0.147394
-0.147394
-0.136866
-0.147394
-0.147394
-0.147394
-0.147394
-0.147394
-0.147394
-0.147394
-0.147394
-0.157922
-0.147394
-0.157922
-0.147394
-0.147394
-0.157922
-0.16845
-0.147394
-0.157922
-0.16845
-0.157922
-0.157922
-0.16845
-0.147394
-0.157922
-0.157922
-0.16845
-0.16845
-0.16845
-0.16845
-0.16845
-0.16845
-0.16845
-0.16845
-0.16845
-0.16845
-0.16845
-0.16845
-0.16845
-0.16845
-0.16845
