1.66762 -1.38187 1.01715 1.08134 1.19223 1.78603 -2.44119 -1.35645 -0.861212 1.46602 1.52962 2.59576 2.05244 -0.66143 -1.60272 -2.94396
1.66624 -1.38187 1.01715 1.08134 1.19223 1.78603 -2.44119 -1.35645 -0.861212 1.46602 1.52962 2.59576 2.05244 -0.66143 -1.60272 -2.94396
1.6644 -1.38187 1.01715 1.08134 1.19223 1.78603 -2.44119 -1.35645 -0.861212 1.46602 1.52962 2.59576 2.05244 -0.66143 -1.60272 -2.94396
1.66247 -1.38187 1.01715 1.08134 1.19223 1.78603 -2.44119 -1.35645 -0.861212 1.46602 1.52962 2.59576 2.05244 -0.66143 -1.60272 -2.94396
1.66059 -1.38187 1.01715 1.08134 1.19223 1.78603 -2.44119 -1.35645 -0.861212 1.46602 1.52962 2.59576 2.05244 -0.66143 -1.60272 -2.94396
1.65812 -1.38187 1.01715 1.08134 1.19223 1.78603 -2.44119 -1.35645 -0.861212 1.46602 1.52962 2.59576 2.05244 -0.66143 -1.60272 -2.94396
1.65547 -1.38187 1.01715 1.08134 1.19223 1.78603 -2.44119 -1.35645 -0.861212 1.46602 1.52962 2.59576 2.05244 -0.66143 -1.60272 -2.94396
1.6529 -1.38187 1.01715 1.08134 1.19223 1.78603 -2.44119 -1.35645 -0.861212 1.46602 1.52962 2.59576 2.05244 -0.66143 -1.60272 -2.94396
1.65041 -1.38187 1.01715 1.08134 1.19223 1.78603 -2.44119 -1.35645 -0.861212 1.46602 1.52962 2.59576 2.05244 -0.66143 -1.60272 -2.94396
1.6478 -1.38187 1.01715 1.08134 1.19223 1.78603 -2.44119 -1.35645 -0.861212 1.46602 1.52962 2.59576 2.05244 -0.66143 -1.60272 -2.94396
1.64521 -1.38187 1.01715 1.08134 1.19223 1.78603 -2.44119 -1.35645 -0.861212 1.46602 1.52962 2.59576 2.05244 -0.66143 -1.60272 -2.94396
1.64253 -1.38187 1.01715 1.08134 1.19223 1.78603 -2.44119 -1.35645 -0.861212 1.46602 1.52962 2.59576 2.05244 -0.66143 -1.60272 -2.94396
1.63992 -1.38187 1.01715 1.08134 1.19223 1.78603 -2.44119 -1.35645 -0.861212 1.46602 1.52962 2.59576 2.05244 -0.66143 -1.60272 -2.94396
1.63726 -1.38187 1.01715 1.08134 1.19223 1.78603 -2.44119 -1.35645 -0.861212 1.46602 1.52962 2.59576 2.05244 -0.66143 -1.60272 -2.94396
1.63459 -1.38187 1.01715 1.08134 1.19223 1.78603 -2.44119 -1.35645 -0.861212 1.46602 1.52962 2.59576 2.05244 -0.66143 -1.60272 -2.94396
1.63182 -1.38187 1.01715 1.08134 1.19223 1.78603 -2.44119 -1.35645 -0.861212 1.46602 1.52962 2.59576 2.05244 -0.66143 -1.60272 -2.94396
1.62905 -1.38187 1.01715 1.08134 1.19223 1.78603 -2.44119 -1.35645 -0.861212 1.46602 1.52962 2.59576 2.05244 -0.66143 -1.60272 -2.94396
1.62631 -1.38187 1.01715 1.08134 1.19223 1.78603 -2.44119 -1.35645 -0.861212 1.46602 1.52962 2.59576 2.05244 -0.66143 -1.60272 -2.94396
1.62351 -1.38187 1.01715 1.08134 1.19223 1.78603 -2.44119 -1.35645 -0.861212 1.46602 1.52962 2.59576 2.05244 -0.66143 -1.60272 -2.94396
1.62075 -1.38187 1.01715 1.08134 1.19223 1.78603 -2.44119 -1.35645 -0.861212 1.46602 1.52962 2.59576 2.05244 -0.66143 -1.60272 -2.94396
1.61567 -1.38187 1.01715 1.08134 1.19223 1.78603 -2.44119 -1.35645 -0.861212 1.46602 1.52962 2.59576 2.05244 -0.66143 -1.60272 -2.94396
1.61061 -1.38187 1.01715 1.08134 1.19223 1.78603 -2.44119 -1.35645 -0.861212 1.46602 1.52962 2.59576 2.05244 -0.66143 -1.60272 -2.94396
1.60561 -1.38187 1.01715 1.08134 1.19223 1.78603 -2.44119 -1.35645 -0.861212 1.46602 1.52962 2.59576 2.05244 -0.66143 -1.60272 -2.94396
1.60035 -1.38187 1.01715 1.08134 1.19223 1.78603 -2.44119 -1.35645 -0.861212 1.46602 1.52962 2.59576 2.05244 -0.66143 -1.60272 -2.94396
1.5952 -1.38187 1.01715 1.08134 1.19223 1.78603 -2.44119 -1.35645 -0.861212 1.46602 1.52962 2.59576 2.05244 -0.66143 -1.60272 -2.94396
1.58997 -1.38187 1.01715 1.08134 1.19223 1.78603 -2.44119 -1.35645 -0.861212 1.46602 1.52962 2.59576 2.05244 -0.66143 -1.60272 -2.94396
1.58477 -1.38187 1.01715 1.08134 1.19223 1.78603 -2.44119 -1.35645 -0.861212 1.46602 1.52962 2.59576 2.05244 -0.66143 -1.60272 -2.94396
1.57947 -1.38187 1.01715 1.08134 1.19223 1.78603 -2.44119 -1.35645 -0.861212 1.46602 1.52962 2.59576 2.05244 -0.66143 -1.60272 -2.94396
1.57428 -1.38187 1.01715 1.08134 1.19223 1.78603 -2.44119 -1.35645 -0.861212 1.46602 1.52962 2.59576 2.05244 -0.66143 -1.60272 -2.94396
1.56904 -1.38187 1.01715 1.08134 1.19223 1.78603 -2.44119 -1.35645 -0.861212 1.46602 1.52962 2.59576 2.05244 -0.66143 -1.60272 -2.94396
1.5637 -1.38187 1.01715 1.08134 1.19223 1.78603 -2.44119 -1.35645 -0.861212 1.46602 1.52962 2.59576 2.05244 -0.66143 -1.60272 -2.94396
1.55828 -1.38187 1.01715 1.08134 1.19223 1.78603 -2.44119 -1.35645 -0.861212 1.46602 1.52962 2.59576 2.05244 -0.66143 -1.60272 -2.94396
1.55292 -1.38187 1.01715 1.08134 1.19223 1.78603 -2.44119 -1.35645 -0.861212 1.46602 1.52962 2.59576 2.05244 -0.66143 -1.60272 -2.94396
1.54745 -1.38187 1.01715 1.08134 1.19223 1.78603 -2.44119 -1.35645 -0.861212 1.46602 1.52962 2.59576 2.05244 -0.66143 -1.60272 -2.94396
1.54201 -1.38187 1.01715 1.08134 1.19223 1.78603 -2.44119 -1.35645 -0.861212 1.46602 1.52962 2.59576 2.05244 -0.66143 -1.60272 -2.94396
1.53658 -1.38187 1.01715 1.08134 1.19223 1.78603 -2.44119 -1.35645 -0.861212 1.46602 1.52962 2.59576 2.05244 -0.66143 -1.60272 -2.94396
1.5312 -1.38187 1.01715 1.08134 1.19223 1.78603 -2.44119 -1.35645 -0.861212 1.46602 1.52962 2.59576 2.05244 -0.66143 -1.60272 -2.94396
1.52578 -1.38187 1.01715 1.08134 1.19223 1.78603 -2.44119 -1.35645 -0.861212 1.46602 1.52962 2.59576 2.05244 -0.66143 -1.60272 -2.94396
1.52043 -1.38187 1.01715 1.08134 1.19223 1.78603 -2.44119 -1.35645 -0.861212 1.46602 1.52962 2.59576 2.05244 -0.66143 -1.60272 -2.94396
1.51505 -1.38187 1.01715 1.08134 1.19223 1.78603 -2.44119 -1.35645 -0.861212 1.46602 1.52962 2.59576 2.05244 -0.66143 -1.60272 -2.94396
1.50961 -1.38187 1.01715 1.08134 1.19223 1.78603 -2.44119 -1.35645 -0.861212 1.46602 1.52962 2.59576 2.05244 -0.66143 -1.60272 -2.94396
1.50416 -1.38187 1.01715 1.08134 1.19223 1.78603 -2.44119 -1.35645 -0.861212 1.46602 1.52962 2.59576 2.05244 -0.66143 -1.60272 -2.94396
1.49855 -1.38187 1.01715 1.08134 1.19223 1.78603 -2.44119 -1.35645 -0.861212 1.46602 1.52962 2.59576 2.05244 -0.66143 -1.60272 -2.94396
1.49308 -1.38187 1.01715 1.08134 1.19223 1.78603 -2.44119 -1.35645 -0.861212 1.46602 1.52962 2.59576 2.05244 -0.66143 -1.60272 -2.94396
1.48759 -1.38187 1.01715 1.08134 1.19223 1.78603 -2.44119 -1.35645 -0.861212 1.46602 1.52962 2.59576 2.05244 -0.66143 -1.60272 -2.94396
1.48204 -1.38187 1.01715 1.08134 1.19223 1.78603 -2.44119 -1.35645 -0.861212 1.46602 1.52962 2.59576 2.05244 -0.66143 -1.60272 -2.94396
1.47649 -1.38187 1.01715 1.08134 1.19223 1.78603 -2.44119 -1.35645 -0.861212 1.46602 1.52962 2.59576 2.05244 -0.66143 -1.60272 -2.94396
1.47092 -1.38187 1.01715 1.08134 1.19223 1.78603 -2.44119 -1.35645 -0.861212 1.46602 1.52962 2.59576 2.05244 -0.66143 -1.60272 -2.94396
1.46537 -1.38187 1.01715 1.08134 1.19223 1.78603 -2.44119 -1.35645 -0.861212 1.46602 1.52962 2.59576 2.05244 -0.66143 -1.60272 -2.94396
1.45977 -1.38187 1.01715 1.08134 1.19223 1.78603 -2.44119 -1.35645 -0.861212 1.46602 1.52962 2.59576 2.05244 -0.66143 -1.60272 -2.94396
1.45411 -1.38187 1.01715 1.08134 1.19223 1.78603 -2.44119 -1.35645 -0.861212 1.46602 1.52962 2.59576 2.05244 -0.66143 -1.60272 -2.94396
1.4484 -1.38187 1.01715 1.08134 1.19223 1.78603 -2.44119 -1.35645 -0.861212 1.46602 1.52962 2.59576 2.05244 -0.66143 -1.60272 -2.94396
1.44253 -1.38187 1.01715 1.08134 1.19223 1.78603 -2.44119 -1.35645 -0.861212 1.46602 1.52962 2.59576 2.05244 -0.66143 -1.60272 -2.94396
1.43669 -1.38187 1.01715 1.08134 1.19223 1.78603 -2.44119 -1.35645 -0.861212 1.46602 1.52962 2.59576 2.05244 -0.66143 -1.60272 -2.94396
1.43093 -1.38187 1.01715 1.08134 1.19223 1.78603 -2.44119 -1.35645 -0.861212 1.46602 1.52962 2.59576 2.05244 -0.66143 -1.60272 -2.94396
1.42516 -1.38187 1.01715 1.08134 1.19223 1.78603 -2.44119 -1.35645 -0.861212 1.46602 1.52962 2.59576 2.05244 -0.66143 -1.60272 -2.94396
1.41942 -1.38187 1.01715 1.08134 1.19223 1.78603 -2.44119 -1.35645 -0.861212 1.46602 1.52962 2.59576 2.05244 -0.66143 -1.60272 -2.94396
1.4136 -1.38187 1.01715 1.08134 1.19223 1.78603 -2.44119 -1.35645 -0.861212 1.46602 1.52962 2.59576 2.05244 -0.66143 -1.60272 -2.94396
1.40786 -1.38187 1.01715 1.08134 1.19223 1.78603 -2.44119 -1.35645 -0.861212 1.46602 1.52962 2.59576 2.05244 -0.66143 -1.60272 -2.94396
1.40205 -1.38187 1.01715 1.08134 1.19223 1.78603 -2.44119 -1.35645 -0.861212 1.46602 1.52962 2.59576 2.05244 -0.66143 -1.60272 -2.94396
1.3962 -1.38187 1.01715 1.08134 1.19223 1.78603 -2.44119 -1.35645 -0.861212 1.46602 1.52962 2.59576 2.05244 -0.66143 -1.60272 -2.94396
1.39038 -1.38187 1.01715 1.08134 1.19223 1.78603 -2.44119 -1.35645 -0.861212 1.46602 1.52962 2.59576 2.05244 -0.66143 -1.60272 -2.94396
1.38437 -1.38187 1.01715 1.08134 1.19223 1.78603 -2.44119 -1.35645 -0.861212 1.46602 1.52962 2.59576 2.05244 -0.66143 -1.60272 -2.94396
1.37846 -1.38187 1.01715 1.08134 1.19223 1.78603 -2.44119 -1.35645 -0.861212 1.46602 1.52962 2.59576 2.05244 -0.66143 -1.60272 -2.94396
1.37258 -1.38187 1.01715 1.08134 1.19223 1.78603 -2.44119 -1.35645 -0.861212 1.46602 1.52962 2.59576 2.05244 -0.66143 -1.60272 -2.94396
1.36664 -1.38187 1.01715 1.08134 1.19223 1.78603 -2.44119 -1.35645 -0.861212 1.46602 1.52962 2.59576 2.05244 -0.66143 -1.60272 -2.94396
1.36074 -1.38187 1.01715 1.08134 1.19223 1.78603 -2.44119 -1.35645 -0.861212 1.46602 1.52962 2.59576 2.05244 -0.66143 -1.60272 -2.94396
1.35479 -1.38187 1.01715 1.08134 1.19223 1.78603 -2.44119 -1.35645 -0.861212 1.46602 1.52962 2.59576 2.05244 -0.66143 -1.60272 -2.94396
1.34867 -1.38187 1.01715 1.08134 1.19223 1.78603 -2.44119 -1.35645 -0.861212 1.46602 1.52962 2.59576 2.05244 -0.66143 -1.60272 -2.94396
1.34263 -1.38187 1.01715 1.08134 1.19223 1.78603 -2.44119 -1.35645 -0.861212 1.46602 1.52962 2.59576 2.05244 -0.66143 -1.60272 -2.94396
1.33652 -1.38187 1.01715 1.08134 1.19223 1.78603 -2.44119 -1.35645 -0.861212 1.46602 1.52962 2.59576 2.05244 -0.66143 -1.60272 -2.94396
1.33043 -1.38187 1.01715 1.08134 1.19223 1.78603 -2.44119 -1.35645 -0.861212 1.46602 1.52962 2.59576 2.05244 -0.66143 -1.60272 -2.94396
1.3241 -1.38187 1.01715 1.08134 1.19223 1.78603 -2.44119 -1.35645 -0.861212 1.46602 1.52962 2.59576 2.05244 -0.66143 -1.60272 -2.94396
1.31795 -1.38187 1.01715 1.08134 1.19223 1.78603 -2.44119 -1.35645 -0.861212 1.46602 1.52962 2.59576 2.05244 -0.66143 -1.60272 -2.94396
1.31167 -1.38187 1.01715 1.08134 1.19223 1.78603 -2.44119 -1.35645 -0.861212 1.46602 1.52962 2.59576 2.05244 -0.66143 -1.60272 -2.94396
1.30542 -1.38187 1.01715 1.08134 1.19223 1.78603 -2.44119 -1.35645 -0.861212 1.46602 1.52962 2.59576 2.05244 -0.66143 -1.60272 -2.94396
1.29918 -1.38187 1.01715 1.08134 1.19223 1.78603 -2.44119 -1.35645 -0.861212 1.46602 1.52962 2.59576 2.05244 -0.66143 -1.60272 -2.94396
1.29296 -1.38187 1.01715 1.08134 1.19223 1.78603 -2.44119 -1.35645 -0.861212 1.46602 1.52962 2.59576 2.05244 -0.66143 -1.60272 -2.94396
1.28674 -1.38187 1.01715 1.08134 1.19223 1.78603 -2.44119 -1.35645 -0.861212 1.46602 1.52962 2.59576 2.05244 -0.66143 -1.60272 -2.94396
1.28044 -1.38187 1.01715 1.08134 1.19223 1.78603 -2.44119 -1.35645 -0.861212 1.46602 1.52962 2.59576 2.05244 -0.66143 -1.60272 -2.94396
1.27415 -1.38187 1.01715 1.08134 1.19223 1.78603 -2.44119 -1.35645 -0.861212 1.46602 1.52962 2.59576 2.05244 -0.66143 -1.60272 -2.94396
1.26785 -1.38187 1.01715 1.08134 1.19223 1.78603 -2.44119 -1.35645 -0.861212 1.46602 1.52962 2.59576 2.05244 -0.66143 -1.60272 -2.94396
1.26133 -1.38187 1.01715 1.08134 1.19223 1.78603 -2.44119 -1.35645 -0.861212 1.46602 1.52962 2.59576 2.05244 -0.66143 -1.60272 -2.94396
1.25499 -1.38187 1.01715 1.08134 1.19223 1.78603 -2.44119 -1.35645 -0.861212 1.46602 1.52962 2.59576 2.05244 -0.66143 -1.60272 -2.94396
1.24861 -1.38187 1.01715 1.08134 1.19223 1.78603 -2.44119 -1.35645 -0.861212 1.46602 1.52962 2.59576 2.05244 -0.66143 -1.60272 -2.94396
1.24224 -1.38187 1.01715 1.08134 1.19223 1.78603 -2.44119 -1.35645 -0.861212 1.46602 1.52962 2.59576 2.05244 -0.66143 -1.60272 -2.94396
1.2358 -1.38187 1.01715 1.08134 1.19223 1.78603 -2.44119 -1.35645 -0.861212 1.46602 1.52962 2.59576 2.05244 -0.66143 -1.60272 -2.94396
1.22931 -1.38187 1.01715 1.08134 1.19223 1.78603 -2.44119 -1.35645 -0.861212 1.46602 1.52962 2.59576 2.05244 -0.66143 -1.60272 -2.94396
1.22269 -1.38187 1.01715 1.08134 1.19223 1.78603 -2.44119 -1.35645 -0.861212 1.46602 1.52962 2.59576 2.05244 -0.66143 -1.60272 -2.94396
1.21619 -1.38187 1.01715 1.08134 1.19223 1.78603 -2.44119 -1.35645 -0.861212 1.46602 1.52962 2.59576 2.05244 -0.66143 -1.60272 -2.94396
1.20955 -1.38187 1.01715 1.08134 1.19223 1.78603 -2.44119 -1.35645 -0.861212 1.46602 1.52962 2.59576 2.05244 -0.66143 -1.60272 -2.94396
1.20288 -1.38187 1.01715 1.08134 1.19223 1.78603 -2.44119 -1.35645 -0.861212 1.46602 1.52962 2.59576 2.05244 -0.66143 -1.60272 -2.94396
