27.375
27.385
27.396
27.406
27.417
27.427
27.437
27.448
27.458
27.47
27.491
27.512
27.532
27.552
27.573
27.594
27.615
27.635
27.656
27.676
27.714
27.752
27.791
27.83
27.869
27.908
27.946
27.984
28.023
28.061
28.101
28.14
28.18
28.219
28.258
28.297
28.335
28.373
28.412
28.45
28.488
28.527
28.566
28.604
28.642
28.681
28.719
28.758
28.796
28.834
28.873
28.912
28.952
28.991
29.03
29.068
29.107
29.145
29.183
29.222
29.26
29.299
29.338
29.376
29.414
29.453
29.491
29.529
29.568
29.607
29.645
29.684
29.724
29.763
29.803
29.841
29.88
29.918
29.957
29.995
30.034
30.072
30.111
30.15
30.188
30.226
30.265
30.303
30.342
30.38
30.419
30.459
