0
0
0
-0.0526406
-0.0526406
-0.0631688
-0.0736969
-0.0631688
-0.0526406
-0.0631688
-0.0631688
-0.0736969
-0.0736969
-0.084225
-0.0736969
-0.084225
-0.0736969
-0.084225
-0.084225
-0.0947531
-0.084225
-0.084225
-0.084225
-0.084225
-0.084225
-0.084225
-0.084225
-0.084225
-0.084225
-0.084225
-0.0947531
-0.0947531
-0.084225
-0.0947531
-0.084225
-0.084225
-0.0947531
-0.0947531
-0.084225
-0.084225
-0.084225
-0.0947531
-0.0947531
-0.0947531
-0.084225
-0.0947531
-0.0947531
-0.0947531
-0.0947531
-0.105281
-0.0947531
-0.0947531
-0.0947531
-0.105281
-0.0947531
-0.0947531
-0.0947531
-0.105281
-0.105281
-0.105281
-0.105281
-0.105281
-0.105281
-0.0947531
-0.105281
-0.0947531
-0.0947531
-0.105281
-0.115809
-0.115809
-0.105281
-0.105281
-0.115809
-0.115809
-0.105281
-0.105281
-0.105281
-0.105281
-0.115809
-0.115809
-0.105281
-0.105281
-0.115809
-0.115809
-0.105281
-0.115809
-0.115809
-0.105281
-0.105281
-0.115809
-0.115809
-0.115809
-0.115809
-0.115809
-0.126338
-0.115809
-0.126338
-0.115809
-0.126338
-0.126338
-0.126338
-0.115809
-0.115809
-0.126338
-0.126338
-0.136866
-0.126338
0
0
0
0
0
0
0
0
0
0
0
0
0
0
0.0315844
0.0526406
0.0736969
0.0736969
0.0947531
0.115809
0.115809
0.136866
0.16845
0.157922
0.157922
0.189506
0.178978
0.16845
0.210563
0.189506
0.200034
0.242147
0.221091
0.242147
0.242147
0.263203
0.263203
0.273731
0.284259
0.305316
0.315844
0.326372
0.347428
