2.58564 -0.726109 1.10155 -1.63225 -2.87578 0.251066 2.43284 0.613584 -1.39392 -1.19262 1.3844 -2.09093 1.81281 -2.38322 0.605662 3.1061
2.58552 -0.726109 1.10155 -1.63225 -2.87578 0.251066 2.43284 0.613584 -1.39392 -1.19262 1.3844 -2.09093 1.81281 -2.38322 0.605662 3.1061
2.5853 -0.726109 1.10155 -1.63225 -2.87578 0.251066 2.43284 0.613584 -1.39392 -1.19262 1.3844 -2.09093 1.81281 -2.38322 0.605662 3.1061
2.58458 -0.726109 1.10155 -1.63225 -2.87578 0.251066 2.43284 0.613584 -1.39392 -1.19262 1.3844 -2.09093 1.81281 -2.38322 0.605662 3.1061
2.58369 -0.726109 1.10155 -1.63225 -2.87578 0.251066 2.43284 0.613584 -1.39392 -1.19262 1.3844 -2.09093 1.81281 -2.38322 0.605662 3.1061
2.58259 -0.726109 1.10155 -1.63225 -2.87578 0.251066 2.43284 0.613584 -1.39392 -1.19262 1.3844 -2.09093 1.81281 -2.38322 0.605662 3.1061
2.58127 -0.726109 1.10155 -1.63225 -2.87578 0.251066 2.43284 0.613584 -1.39392 -1.19262 1.3844 -2.09093 1.81281 -2.38322 0.605662 3.1061
2.57987 -0.726109 1.10155 -1.63225 -2.87578 0.251066 2.43284 0.613584 -1.39392 -1.19262 1.3844 -2.09093 1.81281 -2.38322 0.605662 3.1061
2.57858 -0.726109 1.10155 -1.63225 -2.87578 0.251066 2.43284 0.613584 -1.39392 -1.19262 1.3844 -2.09093 1.81281 -2.38322 0.605662 3.1061
2.57749 -0.726109 1.10155 -1.63225 -2.87578 0.251066 2.43284 0.613584 -1.39392 -1.19262 1.3844 -2.09093 1.81281 -2.38322 0.605662 3.1061
2.57625 -0.726109 1.10155 -1.63225 -2.87578 0.251066 2.43284 0.613584 -1.39392 -1.19262 1.3844 -2.09093 1.81281 -2.38322 0.605662 3.1061
2.57492 -0.726109 1.10155 -1.63225 -2.87578 0.251066 2.43284 0.613584 -1.39392 -1.19262 1.3844 -2.09093 1.81281 -2.38322 0.605662 3.1061
2.57351 -0.726109 1.10155 -1.63225 -2.87578 0.251066 2.43284 0.613584 -1.39392 -1.19262 1.3844 -2.09093 1.81281 -2.38322 0.605662 3.1061
2.57196 -0.726109 1.10155 -1.63225 -2.87578 0.251066 2.43284 0.613584 -1.39392 -1.19262 1.3844 -2.09093 1.81281 -2.38322 0.605662 3.1061
2.57029 -0.726109 1.10155 -1.63225 -2.87578 0.251066 2.43284 0.613584 -1.39392 -1.19262 1.3844 -2.09093 1.81281 -2.38322 0.605662 3.1061
2.56859 -0.726109 1.10155 -1.63225 -2.87578 0.251066 2.43284 0.613584 -1.39392 -1.19262 1.3844 -2.09093 1.81281 -2.38322 0.605662 3.1061
2.56688 -0.726109 1.10155 -1.63225 -2.87578 0.251066 2.43284 0.613584 -1.39392 -1.19262 1.3844 -2.09093 1.81281 -2.38322 0.605662 3.1061
2.56519 -0.726109 1.10155 -1.63225 -2.87578 0.251066 2.43284 0.613584 -1.39392 -1.19262 1.3844 -2.09093 1.81281 -2.38322 0.605662 3.1061
2.56348 -0.726109 1.10155 -1.63225 -2.87578 0.251066 2.43284 0.613584 -1.39392 -1.19262 1.3844 -2.09093 1.81281 -2.38322 0.605662 3.1061
2.56172 -0.726109 1.10155 -1.63225 -2.87578 0.251066 2.43284 0.613584 -1.39392 -1.19262 1.3844 -2.09093 1.81281 -2.38322 0.605662 3.1061
2.55847 -0.726109 1.10155 -1.63225 -2.87578 0.251066 2.43284 0.613584 -1.39392 -1.19262 1.3844 -2.09093 1.81281 -2.38322 0.605662 3.1061
2.55527 -0.726109 1.10155 -1.63225 -2.87578 0.251066 2.43284 0.613584 -1.39392 -1.19262 1.3844 -2.09093 1.81281 -2.38322 0.605662 3.1061
2.552 -0.726109 1.10155 -1.63225 -2.87578 0.251066 2.43284 0.613584 -1.39392 -1.19262 1.3844 -2.09093 1.81281 -2.38322 0.605662 3.1061
2.54869 -0.726109 1.10155 -1.63225 -2.87578 0.251066 2.43284 0.613584 -1.39392 -1.19262 1.3844 -2.09093 1.81281 -2.38322 0.605662 3.1061
2.54546 -0.726109 1.10155 -1.63225 -2.87578 0.251066 2.43284 0.613584 -1.39392 -1.19262 1.3844 -2.09093 1.81281 -2.38322 0.605662 3.1061
2.54224 -0.726109 1.10155 -1.63225 -2.87578 0.251066 2.43284 0.613584 -1.39392 -1.19262 1.3844 -2.09093 1.81281 -2.38322 0.605662 3.1061
2.53894 -0.726109 1.10155 -1.63225 -2.87578 0.251066 2.43284 0.613584 -1.39392 -1.19262 1.3844 -2.09093 1.81281 -2.38322 0.605662 3.1061
2.53557 -0.726109 1.10155 -1.63225 -2.87578 0.251066 2.43284 0.613584 -1.39392 -1.19262 1.3844 -2.09093 1.81281 -2.38322 0.605662 3.1061
2.53211 -0.726109 1.10155 -1.63225 -2.87578 0.251066 2.43284 0.613584 -1.39392 -1.19262 1.3844 -2.09093 1.81281 -2.38322 0.605662 3.1061
2.52869 -0.726109 1.10155 -1.63225 -2.87578 0.251066 2.43284 0.613584 -1.39392 -1.19262 1.3844 -2.09093 1.81281 -2.38322 0.605662 3.1061
2.52526 -0.726109 1.10155 -1.63225 -2.87578 0.251066 2.43284 0.613584 -1.39392 -1.19262 1.3844 -2.09093 1.81281 -2.38322 0.605662 3.1061
2.52185 -0.726109 1.10155 -1.63225 -2.87578 0.251066 2.43284 0.613584 -1.39392 -1.19262 1.3844 -2.09093 1.81281 -2.38322 0.605662 3.1061
2.5184 -0.726109 1.10155 -1.63225 -2.87578 0.251066 2.43284 0.613584 -1.39392 -1.19262 1.3844 -2.09093 1.81281 -2.38322 0.605662 3.1061
2.51501 -0.726109 1.10155 -1.63225 -2.87578 0.251066 2.43284 0.613584 -1.39392 -1.19262 1.3844 -2.09093 1.81281 -2.38322 0.605662 3.1061
2.51157 -0.726109 1.10155 -1.63225 -2.87578 0.251066 2.43284 0.613584 -1.39392 -1.19262 1.3844 -2.09093 1.81281 -2.38322 0.605662 3.1061
2.50809 -0.726109 1.10155 -1.63225 -2.87578 0.251066 2.43284 0.613584 -1.39392 -1.19262 1.3844 -2.09093 1.81281 -2.38322 0.605662 3.1061
2.50468 -0.726109 1.10155 -1.63225 -2.87578 0.251066 2.43284 0.613584 -1.39392 -1.19262 1.3844 -2.09093 1.81281 -2.38322 0.605662 3.1061
2.5012 -0.726109 1.10155 -1.63225 -2.87578 0.251066 2.43284 0.613584 -1.39392 -1.19262 1.3844 -2.09093 1.81281 -2.38322 0.605662 3.1061
2.49771 -0.726109 1.10155 -1.63225 -2.87578 0.251066 2.43284 0.613584 -1.39392 -1.19262 1.3844 -2.09093 1.81281 -2.38322 0.605662 3.1061
2.49424 -0.726109 1.10155 -1.63225 -2.87578 0.251066 2.43284 0.613584 -1.39392 -1.19262 1.3844 -2.09093 1.81281 -2.38322 0.605662 3.1061
2.49068 -0.726109 1.10155 -1.63225 -2.87578 0.251066 2.43284 0.613584 -1.39392 -1.19262 1.3844 -2.09093 1.81281 -2.38322 0.605662 3.1061
2.4871 -0.726109 1.10155 -1.63225 -2.87578 0.251066 2.43284 0.613584 -1.39392 -1.19262 1.3844 -2.09093 1.81281 -2.38322 0.605662 3.1061
2.48353 -0.726109 1.10155 -1.63225 -2.87578 0.251066 2.43284 0.613584 -1.39392 -1.19262 1.3844 -2.09093 1.81281 -2.38322 0.605662 3.1061
2.4799 -0.726109 1.10155 -1.63225 -2.87578 0.251066 2.43284 0.613584 -1.39392 -1.19262 1.3844 -2.09093 1.81281 -2.38322 0.605662 3.1061
2.47625 -0.726109 1.10155 -1.63225 -2.87578 0.251066 2.43284 0.613584 -1.39392 -1.19262 1.3844 -2.09093 1.81281 -2.38322 0.605662 3.1061
2.47262 -0.726109 1.10155 -1.63225 -2.87578 0.251066 2.43284 0.613584 -1.39392 -1.19262 1.3844 -2.09093 1.81281 -2.38322 0.605662 3.1061
2.46891 -0.726109 1.10155 -1.63225 -2.87578 0.251066 2.43284 0.613584 -1.39392 -1.19262 1.3844 -2.09093 1.81281 -2.38322 0.605662 3.1061
2.46511 -0.726109 1.10155 -1.63225 -2.87578 0.251066 2.43284 0.613584 -1.39392 -1.19262 1.3844 -2.09093 1.81281 -2.38322 0.605662 3.1061
2.46139 -0.726109 1.10155 -1.63225 -2.87578 0.251066 2.43284 0.613584 -1.39392 -1.19262 1.3844 -2.09093 1.81281 -2.38322 0.605662 3.1061
2.45767 -0.726109 1.10155 -1.63225 -2.87578 0.251066 2.43284 0.613584 -1.39392 -1.19262 1.3844 -2.09093 1.81281 -2.38322 0.605662 3.1061
2.45388 -0.726109 1.10155 -1.63225 -2.87578 0.251066 2.43284 0.613584 -1.39392 -1.19262 1.3844 -2.09093 1.81281 -2.38322 0.605662 3.1061
2.45009 -0.726109 1.10155 -1.63225 -2.87578 0.251066 2.43284 0.613584 -1.39392 -1.19262 1.3844 -2.09093 1.81281 -2.38322 0.605662 3.1061
2.44632 -0.726109 1.10155 -1.63225 -2.87578 0.251066 2.43284 0.613584 -1.39392 -1.19262 1.3844 -2.09093 1.81281 -2.38322 0.605662 3.1061
2.44255 -0.726109 1.10155 -1.63225 -2.87578 0.251066 2.43284 0.613584 -1.39392 -1.19262 1.3844 -2.09093 1.81281 -2.38322 0.605662 3.1061
2.4388 -0.726109 1.10155 -1.63225 -2.87578 0.251066 2.43284 0.613584 -1.39392 -1.19262 1.3844 -2.09093 1.81281 -2.38322 0.605662 3.1061
2.43499 -0.726109 1.10155 -1.63225 -2.87578 0.251066 2.43284 0.613584 -1.39392 -1.19262 1.3844 -2.09093 1.81281 -2.38322 0.605662 3.1061
2.43114 -0.726109 1.10155 -1.63225 -2.87578 0.251066 2.43284 0.613584 -1.39392 -1.19262 1.3844 -2.09093 1.81281 -2.38322 0.605662 3.1061
2.42714 -0.726109 1.10155 -1.63225 -2.87578 0.251066 2.43284 0.613584 -1.39392 -1.19262 1.3844 -2.09093 1.81281 -2.38322 0.605662 3.1061
2.42332 -0.726109 1.10155 -1.63225 -2.87578 0.251066 2.43284 0.613584 -1.39392 -1.19262 1.3844 -2.09093 1.81281 -2.38322 0.605662 3.1061
2.41945 -0.726109 1.10155 -1.63225 -2.87578 0.251066 2.43284 0.613584 -1.39392 -1.19262 1.3844 -2.09093 1.81281 -2.38322 0.605662 3.1061
2.41561 -0.726109 1.10155 -1.63225 -2.87578 0.251066 2.43284 0.613584 -1.39392 -1.19262 1.3844 -2.09093 1.81281 -2.38322 0.605662 3.1061
2.41163 -0.726109 1.10155 -1.63225 -2.87578 0.251066 2.43284 0.613584 -1.39392 -1.19262 1.3844 -2.09093 1.81281 -2.38322 0.605662 3.1061
2.40769 -0.726109 1.10155 -1.63225 -2.87578 0.251066 2.43284 0.613584 -1.39392 -1.19262 1.3844 -2.09093 1.81281 -2.38322 0.605662 3.1061
2.40371 -0.726109 1.10155 -1.63225 -2.87578 0.251066 2.43284 0.613584 -1.39392 -1.19262 1.3844 -2.09093 1.81281 -2.38322 0.605662 3.1061
2.39976 -0.726109 1.10155 -1.63225 -2.87578 0.251066 2.43284 0.613584 -1.39392 -1.19262 1.3844 -2.09093 1.81281 -2.38322 0.605662 3.1061
2.39581 -0.726109 1.10155 -1.63225 -2.87578 0.251066 2.43284 0.613584 -1.39392 -1.19262 1.3844 -2.09093 1.81281 -2.38322 0.605662 3.1061
2.39176 -0.726109 1.10155 -1.63225 -2.87578 0.251066 2.43284 0.613584 -1.39392 -1.19262 1.3844 -2.09093 1.81281 -2.38322 0.605662 3.1061
2.38754 -0.726109 1.10155 -1.63225 -2.87578 0.251066 2.43284 0.613584 -1.39392 -1.19262 1.3844 -2.09093 1.81281 -2.38322 0.605662 3.1061
2.38349 -0.726109 1.10155 -1.63225 -2.87578 0.251066 2.43284 0.613584 -1.39392 -1.19262 1.3844 -2.09093 1.81281 -2.38322 0.605662 3.1061
2.37939 -0.726109 1.10155 -1.63225 -2.87578 0.251066 2.43284 0.613584 -1.39392 -1.19262 1.3844 -2.09093 1.81281 -2.38322 0.605662 3.1061
2.37512 -0.726109 1.10155 -1.63225 -2.87578 0.251066 2.43284 0.613584 -1.39392 -1.19262 1.3844 -2.09093 1.81281 -2.38322 0.605662 3.1061
2.37096 -0.726109 1.10155 -1.63225 -2.87578 0.251066 2.43284 0.613584 -1.39392 -1.19262 1.3844 -2.09093 1.81281 -2.38322 0.605662 3.1061
2.36676 -0.726109 1.10155 -1.63225 -2.87578 0.251066 2.43284 0.613584 -1.39392 -1.19262 1.3844 -2.09093 1.81281 -2.38322 0.605662 3.1061
2.36267 -0.726109 1.10155 -1.63225 -2.87578 0.251066 2.43284 0.613584 -1.39392 -1.19262 1.3844 -2.09093 1.81281 -2.38322 0.605662 3.1061
2.35856 -0.726109 1.10155 -1.63225 -2.87578 0.251066 2.43284 0.613584 -1.39392 -1.19262 1.3844 -2.09093 1.81281 -2.38322 0.605662 3.1061
2.3544 -0.726109 1.10155 -1.63225 -2.87578 0.251066 2.43284 0.613584 -1.39392 -1.19262 1.3844 -2.09093 1.81281 -2.38322 0.605662 3.1061
2.35007 -0.726109 1.10155 -1.63225 -2.87578 0.251066 2.43284 0.613584 -1.39392 -1.19262 1.3844 -2.09093 1.81281 -2.38322 0.605662 3.1061
2.34581 -0.726109 1.10155 -1.63225 -2.87578 0.251066 2.43284 0.613584 -1.39392 -1.19262 1.3844 -2.09093 1.81281 -2.38322 0.605662 3.1061
2.34158 -0.726109 1.10155 -1.63225 -2.87578 0.251066 2.43284 0.613584 -1.39392 -1.19262 1.3844 -2.09093 1.81281 -2.38322 0.605662 3.1061
2.33735 -0.726109 1.10155 -1.63225 -2.87578 0.251066 2.43284 0.613584 -1.39392 -1.19262 1.3844 -2.09093 1.81281 -2.38322 0.605662 3.1061
2.33307 -0.726109 1.10155 -1.63225 -2.87578 0.251066 2.43284 0.613584 -1.39392 -1.19262 1.3844 -2.09093 1.81281 -2.38322 0.605662 3.1061
2.32876 -0.726109 1.10155 -1.63225 -2.87578 0.251066 2.43284 0.613584 -1.39392 -1.19262 1.3844 -2.09093 1.81281 -2.38322 0.605662 3.1061
2.32445 -0.726109 1.10155 -1.63225 -2.87578 0.251066 2.43284 0.613584 -1.39392 -1.19262 1.3844 -2.09093 1.81281 -2.38322 0.605662 3.1061
2.32018 -0.726109 1.10155 -1.63225 -2.87578 0.251066 2.43284 0.613584 -1.39392 -1.19262 1.3844 -2.09093 1.81281 -2.38322 0.605662 3.1061
2.3158 -0.726109 1.10155 -1.63225 -2.87578 0.251066 2.43284 0.613584 -1.39392 -1.19262 1.3844 -2.09093 1.81281 -2.38322 0.605662 3.1061
2.31139 -0.726109 1.10155 -1.63225 -2.87578 0.251066 2.43284 0.613584 -1.39392 -1.19262 1.3844 -2.09093 1.81281 -2.38322 0.605662 3.1061
2.30694 -0.726109 1.10155 -1.63225 -2.87578 0.251066 2.43284 0.613584 -1.39392 -1.19262 1.3844 -2.09093 1.81281 -2.38322 0.605662 3.1061
2.30254 -0.726109 1.10155 -1.63225 -2.87578 0.251066 2.43284 0.613584 -1.39392 -1.19262 1.3844 -2.09093 1.81281 -2.38322 0.605662 3.1061
2.29803 -0.726109 1.10155 -1.63225 -2.87578 0.251066 2.43284 0.613584 -1.39392 -1.19262 1.3844 -2.09093 1.81281 -2.38322 0.605662 3.1061
2.29349 -0.726109 1.10155 -1.63225 -2.87578 0.251066 2.43284 0.613584 -1.39392 -1.19262 1.3844 -2.09093 1.81281 -2.38322 0.605662 3.1061
2.28891 -0.726109 1.10155 -1.63225 -2.87578 0.251066 2.43284 0.613584 -1.39392 -1.19262 1.3844 -2.09093 1.81281 -2.38322 0.605662 3.1061
2.28432 -0.726109 1.10155 -1.63225 -2.87578 0.251066 2.43284 0.613584 -1.39392 -1.19262 1.3844 -2.09093 1.81281 -2.38322 0.605662 3.1061
2.27978 -0.726109 1.10155 -1.63225 -2.87578 0.251066 2.43284 0.613584 -1.39392 -1.19262 1.3844 -2.09093 1.81281 -2.38322 0.605662 3.1061
2.27514 -0.726109 1.10155 -1.63225 -2.87578 0.251066 2.43284 0.613584 -1.39392 -1.19262 1.3844 -2.09093 1.81281 -2.38322 0.605662 3.1061
2.27053 -0.726109 1.10155 -1.63225 -2.87578 0.251066 2.43284 0.613584 -1.39392 -1.19262 1.3844 -2.09093 1.81281 -2.38322 0.605662 3.1061
2.2659 -0.726109 1.10155 -1.63225 -2.87578 0.251066 2.43284 0.613584 -1.39392 -1.19262 1.3844 -2.09093 1.81281 -2.38322 0.605662 3.1061
2.26095 -0.726109 1.10155 -1.63225 -2.87578 0.251066 2.43284 0.613584 -1.39392 -1.19262 1.3844 -2.09093 1.81281 -2.38322 0.605662 3.1061
2.25629 -0.726109 1.10155 -1.63225 -2.87578 0.251066 2.43284 0.613584 -1.39392 -1.19262 1.3844 -2.09093 1.81281 -2.38322 0.605662 3.1061
2.25152 -0.726109 1.10155 -1.63225 -2.87578 0.251066 2.43284 0.613584 -1.39392 -1.19262 1.3844 -2.09093 1.81281 -2.38322 0.605662 3.1061
2.2468 -0.726109 1.10155 -1.63225 -2.87578 0.251066 2.43284 0.613584 -1.39392 -1.19262 1.3844 -2.09093 1.81281 -2.38322 0.605662 3.1061
2.24216 -0.726109 1.10155 -1.63225 -2.87578 0.251066 2.43284 0.613584 -1.39392 -1.19262 1.3844 -2.09093 1.81281 -2.38322 0.605662 3.1061
2.23745 -0.726109 1.10155 -1.63225 -2.87578 0.251066 2.43284 0.613584 -1.39392 -1.19262 1.3844 -2.09093 1.81281 -2.38322 0.605662 3.1061
2.2326 -0.726109 1.10155 -1.63225 -2.87578 0.251066 2.43284 0.613584 -1.39392 -1.19262 1.3844 -2.09093 1.81281 -2.38322 0.605662 3.1061
2.22782 -0.726109 1.10155 -1.63225 -2.87578 0.251066 2.43284 0.613584 -1.39392 -1.19262 1.3844 -2.09093 1.81281 -2.38322 0.605662 3.1061
2.22303 -0.726109 1.10155 -1.63225 -2.87578 0.251066 2.43284 0.613584 -1.39392 -1.19262 1.3844 -2.09093 1.81281 -2.38322 0.605662 3.1061
2.21805 -0.726109 1.10155 -1.63225 -2.87578 0.251066 2.43284 0.613584 -1.39392 -1.19262 1.3844 -2.09093 1.81281 -2.38322 0.605662 3.1061
2.21314 -0.726109 1.10155 -1.63225 -2.87578 0.251066 2.43284 0.613584 -1.39392 -1.19262 1.3844 -2.09093 1.81281 -2.38322 0.605662 3.1061
2.20158 -0.726109 1.10155 -1.63225 -2.87578 0.251066 2.43284 0.613584 -1.39392 -1.19262 1.3844 -2.09093 1.81281 -2.38322 0.605662 3.1061
2.20158 -0.726109 1.10155 -1.63225 -2.87578 0.251066 2.43284 0.613584 -1.39392 -1.19262 1.3844 -2.09093 1.81281 -2.38322 0.605662 3.1061
2.20158 -0.726109 1.10155 -1.63225 -2.87578 0.251066 2.43284 0.613584 -1.39392 -1.19262 1.3844 -2.09093 1.81281 -2.38322 0.605662 3.1061
2.20158 -0.726109 1.10155 -1.63225 -2.87578 0.251066 2.43284 0.613584 -1.39392 -1.19262 1.3844 -2.09093 1.81281 -2.38322 0.605662 3.1061
2.20158 -0.726109 1.10155 -1.63225 -2.87578 0.251066 2.43284 0.613584 -1.39392 -1.19262 1.3844 -2.09093 1.81281 -2.38322 0.605662 3.1061
2.20158 -0.726109 1.10155 -1.63225 -2.87578 0.251066 2.43284 0.613584 -1.39392 -1.19262 1.3844 -2.09093 1.81281 -2.38322 0.605662 3.1061
2.2016 -0.726109 1.10155 -1.63225 -2.87578 0.251066 2.43284 0.613584 -1.39392 -1.19262 1.3844 -2.09093 1.81281 -2.38322 0.605662 3.1061
2.20163 -0.726109 1.10155 -1.63225 -2.87578 0.251066 2.43284 0.613584 -1.39392 -1.19262 1.3844 -2.09093 1.81281 -2.38322 0.605662 3.1061
2.20163 -0.726109 1.10155 -1.63225 -2.87578 0.251066 2.43284 0.613584 -1.39392 -1.19262 1.3844 -2.09093 1.81281 -2.38322 0.605662 3.1061
2.20163 -0.726109 1.10155 -1.63225 -2.87578 0.251066 2.43284 0.613584 -1.39392 -1.19262 1.3844 -2.09093 1.81281 -2.38322 0.605662 3.1061
2.20163 -0.726109 1.10155 -1.63225 -2.87578 0.251066 2.43284 0.613584 -1.39392 -1.19262 1.3844 -2.09093 1.81281 -2.38322 0.605662 3.1061
2.20163 -0.726109 1.10155 -1.63225 -2.87578 0.251066 2.43284 0.613584 -1.39392 -1.19262 1.3844 -2.09093 1.81281 -2.38322 0.605662 3.1061
2.20163 -0.726109 1.10155 -1.63225 -2.87578 0.251066 2.43284 0.613584 -1.39392 -1.19262 1.3844 -2.09093 1.81281 -2.38322 0.605662 3.1061
2.20163 -0.726109 1.10155 -1.63225 -2.87578 0.251066 2.43284 0.613584 -1.39392 -1.19262 1.3844 -2.09093 1.81281 -2.38322 0.605662 3.1061
2.20276 -0.726109 1.10155 -1.63225 -2.87578 0.251066 2.43284 0.613584 -1.39392 -1.19262 1.3844 -2.09093 1.81281 -2.38322 0.605662 3.1061
2.20449 -0.726109 1.10155 -1.63225 -2.87578 0.251066 2.43284 0.613584 -1.39392 -1.19262 1.3844 -2.09093 1.81281 -2.38322 0.605662 3.1061
2.20657 -0.726109 1.10155 -1.63225 -2.87578 0.251066 2.43284 0.613584 -1.39392 -1.19262 1.3844 -2.09093 1.81281 -2.38322 0.605662 3.1061
2.20926 -0.726109 1.10155 -1.63225 -2.87578 0.251066 2.43284 0.613584 -1.39392 -1.19262 1.3844 -2.09093 1.81281 -2.38322 0.605662 3.1061
2.21248 -0.726109 1.10155 -1.63225 -2.87578 0.251066 2.43284 0.613584 -1.39392 -1.19262 1.3844 -2.09093 1.81281 -2.38322 0.605662 3.1061
2.21641 -0.726109 1.10155 -1.63225 -2.87578 0.251066 2.43284 0.613584 -1.39392 -1.19262 1.3844 -2.09093 1.81281 -2.38322 0.605662 3.1061
2.22101 -0.726109 1.10155 -1.63225 -2.87578 0.251066 2.43284 0.613584 -1.39392 -1.19262 1.3844 -2.09093 1.81281 -2.38322 0.605662 3.1061
2.22634 -0.726109 1.10155 -1.63225 -2.87578 0.251066 2.43284 0.613584 -1.39392 -1.19262 1.3844 -2.09093 1.81281 -2.38322 0.605662 3.1061
2.23197 -0.726109 1.10155 -1.63225 -2.87578 0.251066 2.43284 0.613584 -1.39392 -1.19262 1.3844 -2.09093 1.81281 -2.38322 0.605662 3.1061
2.23797 -0.726109 1.10155 -1.63225 -2.87578 0.251066 2.43284 0.613584 -1.39392 -1.19262 1.3844 -2.09093 1.81281 -2.38322 0.605662 3.1061
2.24439 -0.726109 1.10155 -1.63225 -2.87578 0.251066 2.43284 0.613584 -1.39392 -1.19262 1.3844 -2.09093 1.81281 -2.38322 0.605662 3.1061
2.25096 -0.726109 1.10155 -1.63225 -2.87578 0.251066 2.43284 0.613584 -1.39392 -1.19262 1.3844 -2.09093 1.81281 -2.38322 0.605662 3.1061
2.25768 -0.726109 1.10155 -1.63225 -2.87578 0.251066 2.43284 0.613584 -1.39392 -1.19262 1.3844 -2.09093 1.81281 -2.38322 0.605662 3.1061
2.26469 -0.726109 1.10155 -1.63225 -2.87578 0.251066 2.43284 0.613584 -1.39392 -1.19262 1.3844 -2.09093 1.81281 -2.38322 0.605662 3.1061
2.2721 -0.726109 1.10155 -1.63225 -2.87578 0.251066 2.43284 0.613584 -1.39392 -1.19262 1.3844 -2.09093 1.81281 -2.38322 0.605662 3.1061
2.28004 -0.726109 1.10155 -1.63225 -2.87578 0.251066 2.43284 0.613584 -1.39392 -1.19262 1.3844 -2.09093 1.81281 -2.38322 0.605662 3.1061
2.28811 -0.726109 1.10155 -1.63225 -2.87578 0.251066 2.43284 0.613584 -1.39392 -1.19262 1.3844 -2.09093 1.81281 -2.38322 0.605662 3.1061
2.29656 -0.726109 1.10155 -1.63225 -2.87578 0.251066 2.43284 0.613584 -1.39392 -1.19262 1.3844 -2.09093 1.81281 -2.38322 0.605662 3.1061
2.30537 -0.726109 1.10155 -1.63225 -2.87578 0.251066 2.43284 0.613584 -1.39392 -1.19262 1.3844 -2.09093 1.81281 -2.38322 0.605662 3.1061
2.31435 -0.726109 1.10155 -1.63225 -2.87578 0.251066 2.43284 0.613584 -1.39392 -1.19262 1.3844 -2.09093 1.81281 -2.38322 0.605662 3.1061
2.32357 -0.726109 1.10155 -1.63225 -2.87578 0.251066 2.43284 0.613584 -1.39392 -1.19262 1.3844 -2.09093 1.81281 -2.38322 0.605662 3.1061
2.33327 -0.726109 1.10155 -1.63225 -2.87578 0.251066 2.43284 0.613584 -1.39392 -1.19262 1.3844 -2.09093 1.81281 -2.38322 0.605662 3.1061
2.34326 -0.726109 1.10155 -1.63225 -2.87578 0.251066 2.43284 0.613584 -1.39392 -1.19262 1.3844 -2.09093 1.81281 -2.38322 0.605662 3.1061
2.35358 -0.726109 1.10155 -1.63225 -2.87578 0.251066 2.43284 0.613584 -1.39392 -1.19262 1.3844 -2.09093 1.81281 -2.38322 0.605662 3.1061
2.36461 -0.726109 1.10155 -1.63225 -2.87578 0.251066 2.43284 0.613584 -1.39392 -1.19262 1.3844 -2.09093 1.81281 -2.38322 0.605662 3.1061
2.37605 -0.726109 1.10155 -1.63225 -2.87578 0.251066 2.43284 0.613584 -1.39392 -1.19262 1.3844 -2.09093 1.81281 -2.38322 0.605662 3.1061
2.38779 -0.726109 1.10155 -1.63225 -2.87578 0.251066 2.43284 0.613584 -1.39392 -1.19262 1.3844 -2.09093 1.81281 -2.38322 0.605662 3.1061
2.40004 -0.726109 1.10155 -1.63225 -2.87578 0.251066 2.43284 0.613584 -1.39392 -1.19262 1.3844 -2.09093 1.81281 -2.38322 0.605662 3.1061
2.41284 -0.726109 1.10155 -1.63225 -2.87578 0.251066 2.43284 0.613584 -1.39392 -1.19262 1.3844 -2.09093 1.81281 -2.38322 0.605662 3.1061
