2.38
2.39
2.4
2.411
2.421
2.431
2.442
2.452
2.463
2.475
2.495
2.516
2.537
2.557
2.578
2.598
2.619
2.639
2.66
2.68
2.719
2.757
2.796
2.834
2.873
2.912
2.951
2.991
3.031
3.07
3.108
3.146
3.185
3.224
3.262
3.301
3.339
3.379
3.417
3.455
3.493
3.532
3.57
3.609
3.648
3.686
3.726
3.765
3.804
3.844
3.882
3.921
3.959
3.997
4.036
4.074
4.113
4.152
4.19
4.229
4.267
4.305
4.344
4.382
4.421
4.459
4.498
4.537
4.576
4.616
4.655
4.694
4.733
4.771
4.809
4.848
4.887
4.926
4.964
5.003
5.041
5.079
5.118
5.156
5.194
5.233
5.272
5.31
5.349
5.388
5.427
5.466
5.505
5.543
5.582
5.621
5.662
5.7
5.739
5.777
5.815
5.854
5.892
5.931
5.969
6.008
6.047
6.471
6.482
6.493
6.503
6.514
6.525
6.536
6.546
6.557
6.571
6.61
6.649
6.687
6.726
6.764
6.803
6.841
6.879
6.918
6.957
6.996
7.034
7.072
7.11
7.148
7.187
7.226
7.264
7.304
7.343
7.383
7.422
7.46
7.498
7.536
7.574
7.613
7.651
7.69
7.729
7.767
7.805
7.844
