-0.027
-0.027
-0.027
-0.027
-0.027
-0.027
-0.027
-0.027
-0.027
-0.027
-0.027
-0.027
-0.027
-0.027
-0.027
-0.027
-0.027
-0.027
-0.027
-0.027
-0.027
-0.027
-0.027
-0.027
-0.027
-0.027
-0.027
-0.027
-0.027
-0.027
-0.027
-0.027
-0.027
-0.027
-0.027
-0.027
-0.027
-0.027
-0.027
-0.027
-0.027
-0.027
-0.027
-0.027
-0.027
-0.027
-0.027
-0.027
-0.027
-0.027
-0.027
-0.027
-0.027
-0.027
-0.027
-0.027
-2.027
-2.027
-2.027
-1.98253
-2.027
-2.027
-2.027
-2.027
-2.027
-2.027
-2.027
-2.027
-2.027
-2.027
-2.027
-2.027
-2.027
-2.027
-2.027
-2.027
-2.027
-2.027
-2.027
-2.027
-2.027
-2.027
-2.027
-2.027
-2.027
-2.027
-2.027
-2.027
-2.027
-2.027
-2.027
-2.027
-2.027
-2.027
-2.027
-2.027
-2.027
-2.027
-2.027
-2.027
-2.027
-2.027
-2.027
-2.027
-2.027
-2.027
-2.027
-2.027
-2.027
-2.027
-2.027
-2.027
-2.027
-2.027
-2.027
-2.027
-2.027
-2.027
-2.027
-2.027
-2.027
-2.027
-2.027
-2.027
-2.027
-2.027
-2.027
-2.027
-2.027
-2.027
-2.027
-2.027
-2.027
-2.027
-2.027
-2.027
-2.027
-2.027
-2.027
-2.027
-2.027
-2.027
-2.027
-2.027
