1.56486 -1.52438 1.24775 -1.14981 -1.94632 -1.94998 1.65556 2.02596 -0.0111151 0.553058 -0.768048 -2.06818 1.1536 1.56863 1.47944 -2.7805
1.56486 -1.52438 1.24775 -1.14981 -1.94632 -1.94998 1.65556 2.02596 -0.0111151 0.553058 -0.768048 -2.06818 1.1536 1.56863 1.47944 -2.7805
1.56501 -1.52438 1.24775 -1.14981 -1.94632 -1.94998 1.65556 2.02596 -0.0111151 0.553058 -0.768048 -2.06818 1.1536 1.56863 1.47944 -2.7805
1.5657 -1.52438 1.24775 -1.14981 -1.94632 -1.94998 1.65556 2.02596 -0.0111151 0.553058 -0.768048 -2.06818 1.1536 1.56863 1.47944 -2.7805
1.56653 -1.52438 1.24775 -1.14981 -1.94632 -1.94998 1.65556 2.02596 -0.0111151 0.553058 -0.768048 -2.06818 1.1536 1.56863 1.47944 -2.7805
1.56736 -1.52438 1.24775 -1.14981 -1.94632 -1.94998 1.65556 2.02596 -0.0111151 0.553058 -0.768048 -2.06818 1.1536 1.56863 1.47944 -2.7805
1.56816 -1.52438 1.24775 -1.14981 -1.94632 -1.94998 1.65556 2.02596 -0.0111151 0.553058 -0.768048 -2.06818 1.1536 1.56863 1.47944 -2.7805
1.56902 -1.52438 1.24775 -1.14981 -1.94632 -1.94998 1.65556 2.02596 -0.0111151 0.553058 -0.768048 -2.06818 1.1536 1.56863 1.47944 -2.7805
1.56999 -1.52438 1.24775 -1.14981 -1.94632 -1.94998 1.65556 2.02596 -0.0111151 0.553058 -0.768048 -2.06818 1.1536 1.56863 1.47944 -2.7805
1.57101 -1.52438 1.24775 -1.14981 -1.94632 -1.94998 1.65556 2.02596 -0.0111151 0.553058 -0.768048 -2.06818 1.1536 1.56863 1.47944 -2.7805
1.57211 -1.52438 1.24775 -1.14981 -1.94632 -1.94998 1.65556 2.02596 -0.0111151 0.553058 -0.768048 -2.06818 1.1536 1.56863 1.47944 -2.7805
1.5733 -1.52438 1.24775 -1.14981 -1.94632 -1.94998 1.65556 2.02596 -0.0111151 0.553058 -0.768048 -2.06818 1.1536 1.56863 1.47944 -2.7805
1.5746 -1.52438 1.24775 -1.14981 -1.94632 -1.94998 1.65556 2.02596 -0.0111151 0.553058 -0.768048 -2.06818 1.1536 1.56863 1.47944 -2.7805
1.57599 -1.52438 1.24775 -1.14981 -1.94632 -1.94998 1.65556 2.02596 -0.0111151 0.553058 -0.768048 -2.06818 1.1536 1.56863 1.47944 -2.7805
1.57751 -1.52438 1.24775 -1.14981 -1.94632 -1.94998 1.65556 2.02596 -0.0111151 0.553058 -0.768048 -2.06818 1.1536 1.56863 1.47944 -2.7805
1.57915 -1.52438 1.24775 -1.14981 -1.94632 -1.94998 1.65556 2.02596 -0.0111151 0.553058 -0.768048 -2.06818 1.1536 1.56863 1.47944 -2.7805
1.58093 -1.52438 1.24775 -1.14981 -1.94632 -1.94998 1.65556 2.02596 -0.0111151 0.553058 -0.768048 -2.06818 1.1536 1.56863 1.47944 -2.7805
1.58281 -1.52438 1.24775 -1.14981 -1.94632 -1.94998 1.65556 2.02596 -0.0111151 0.553058 -0.768048 -2.06818 1.1536 1.56863 1.47944 -2.7805
1.58471 -1.52438 1.24775 -1.14981 -1.94632 -1.94998 1.65556 2.02596 -0.0111151 0.553058 -0.768048 -2.06818 1.1536 1.56863 1.47944 -2.7805
1.58666 -1.52438 1.24775 -1.14981 -1.94632 -1.94998 1.65556 2.02596 -0.0111151 0.553058 -0.768048 -2.06818 1.1536 1.56863 1.47944 -2.7805
1.59048 -1.52438 1.24775 -1.14981 -1.94632 -1.94998 1.65556 2.02596 -0.0111151 0.553058 -0.768048 -2.06818 1.1536 1.56863 1.47944 -2.7805
1.59452 -1.52438 1.24775 -1.14981 -1.94632 -1.94998 1.65556 2.02596 -0.0111151 0.553058 -0.768048 -2.06818 1.1536 1.56863 1.47944 -2.7805
1.59869 -1.52438 1.24775 -1.14981 -1.94632 -1.94998 1.65556 2.02596 -0.0111151 0.553058 -0.768048 -2.06818 1.1536 1.56863 1.47944 -2.7805
1.60307 -1.52438 1.24775 -1.14981 -1.94632 -1.94998 1.65556 2.02596 -0.0111151 0.553058 -0.768048 -2.06818 1.1536 1.56863 1.47944 -2.7805
1.6075 -1.52438 1.24775 -1.14981 -1.94632 -1.94998 1.65556 2.02596 -0.0111151 0.553058 -0.768048 -2.06818 1.1536 1.56863 1.47944 -2.7805
1.61199 -1.52438 1.24775 -1.14981 -1.94632 -1.94998 1.65556 2.02596 -0.0111151 0.553058 -0.768048 -2.06818 1.1536 1.56863 1.47944 -2.7805
1.61675 -1.52438 1.24775 -1.14981 -1.94632 -1.94998 1.65556 2.02596 -0.0111151 0.553058 -0.768048 -2.06818 1.1536 1.56863 1.47944 -2.7805
1.62181 -1.52438 1.24775 -1.14981 -1.94632 -1.94998 1.65556 2.02596 -0.0111151 0.553058 -0.768048 -2.06818 1.1536 1.56863 1.47944 -2.7805
1.627 -1.52438 1.24775 -1.14981 -1.94632 -1.94998 1.65556 2.02596 -0.0111151 0.553058 -0.768048 -2.06818 1.1536 1.56863 1.47944 -2.7805
1.63218 -1.52438 1.24775 -1.14981 -1.94632 -1.94998 1.65556 2.02596 -0.0111151 0.553058 -0.768048 -2.06818 1.1536 1.56863 1.47944 -2.7805
1.63759 -1.52438 1.24775 -1.14981 -1.94632 -1.94998 1.65556 2.02596 -0.0111151 0.553058 -0.768048 -2.06818 1.1536 1.56863 1.47944 -2.7805
1.64336 -1.52438 1.24775 -1.14981 -1.94632 -1.94998 1.65556 2.02596 -0.0111151 0.553058 -0.768048 -2.06818 1.1536 1.56863 1.47944 -2.7805
1.64924 -1.52438 1.24775 -1.14981 -1.94632 -1.94998 1.65556 2.02596 -0.0111151 0.553058 -0.768048 -2.06818 1.1536 1.56863 1.47944 -2.7805
1.65512 -1.52438 1.24775 -1.14981 -1.94632 -1.94998 1.65556 2.02596 -0.0111151 0.553058 -0.768048 -2.06818 1.1536 1.56863 1.47944 -2.7805
1.66146 -1.52438 1.24775 -1.14981 -1.94632 -1.94998 1.65556 2.02596 -0.0111151 0.553058 -0.768048 -2.06818 1.1536 1.56863 1.47944 -2.7805
1.66801 -1.52438 1.24775 -1.14981 -1.94632 -1.94998 1.65556 2.02596 -0.0111151 0.553058 -0.768048 -2.06818 1.1536 1.56863 1.47944 -2.7805
1.67467 -1.52438 1.24775 -1.14981 -1.94632 -1.94998 1.65556 2.02596 -0.0111151 0.553058 -0.768048 -2.06818 1.1536 1.56863 1.47944 -2.7805
1.68173 -1.52438 1.24775 -1.14981 -1.94632 -1.94998 1.65556 2.02596 -0.0111151 0.553058 -0.768048 -2.06818 1.1536 1.56863 1.47944 -2.7805
1.68896 -1.52438 1.24775 -1.14981 -1.94632 -1.94998 1.65556 2.02596 -0.0111151 0.553058 -0.768048 -2.06818 1.1536 1.56863 1.47944 -2.7805
1.69627 -1.52438 1.24775 -1.14981 -1.94632 -1.94998 1.65556 2.02596 -0.0111151 0.553058 -0.768048 -2.06818 1.1536 1.56863 1.47944 -2.7805
1.70407 -1.52438 1.24775 -1.14981 -1.94632 -1.94998 1.65556 2.02596 -0.0111151 0.553058 -0.768048 -2.06818 1.1536 1.56863 1.47944 -2.7805
1.71188 -1.52438 1.24775 -1.14981 -1.94632 -1.94998 1.65556 2.02596 -0.0111151 0.553058 -0.768048 -2.06818 1.1536 1.56863 1.47944 -2.7805
1.71993 -1.52438 1.24775 -1.14981 -1.94632 -1.94998 1.65556 2.02596 -0.0111151 0.553058 -0.768048 -2.06818 1.1536 1.56863 1.47944 -2.7805
1.72837 -1.52438 1.24775 -1.14981 -1.94632 -1.94998 1.65556 2.02596 -0.0111151 0.553058 -0.768048 -2.06818 1.1536 1.56863 1.47944 -2.7805
1.73695 -1.52438 1.24775 -1.14981 -1.94632 -1.94998 1.65556 2.02596 -0.0111151 0.553058 -0.768048 -2.06818 1.1536 1.56863 1.47944 -2.7805
1.74596 -1.52438 1.24775 -1.14981 -1.94632 -1.94998 1.65556 2.02596 -0.0111151 0.553058 -0.768048 -2.06818 1.1536 1.56863 1.47944 -2.7805
1.75534 -1.52438 1.24775 -1.14981 -1.94632 -1.94998 1.65556 2.02596 -0.0111151 0.553058 -0.768048 -2.06818 1.1536 1.56863 1.47944 -2.7805
1.76497 -1.52438 1.24775 -1.14981 -1.94632 -1.94998 1.65556 2.02596 -0.0111151 0.553058 -0.768048 -2.06818 1.1536 1.56863 1.47944 -2.7805
1.77486 -1.52438 1.24775 -1.14981 -1.94632 -1.94998 1.65556 2.02596 -0.0111151 0.553058 -0.768048 -2.06818 1.1536 1.56863 1.47944 -2.7805
1.78519 -1.52438 1.24775 -1.14981 -1.94632 -1.94998 1.65556 2.02596 -0.0111151 0.553058 -0.768048 -2.06818 1.1536 1.56863 1.47944 -2.7805
1.79605 -1.52438 1.24775 -1.14981 -1.94632 -1.94998 1.65556 2.02596 -0.0111151 0.553058 -0.768048 -2.06818 1.1536 1.56863 1.47944 -2.7805
1.80716 -1.52438 1.24775 -1.14981 -1.94632 -1.94998 1.65556 2.02596 -0.0111151 0.553058 -0.768048 -2.06818 1.1536 1.56863 1.47944 -2.7805
1.81871 -1.52438 1.24775 -1.14981 -1.94632 -1.94998 1.65556 2.02596 -0.0111151 0.553058 -0.768048 -2.06818 1.1536 1.56863 1.47944 -2.7805
1.83071 -1.52438 1.24775 -1.14981 -1.94632 -1.94998 1.65556 2.02596 -0.0111151 0.553058 -0.768048 -2.06818 1.1536 1.56863 1.47944 -2.7805
1.84319 -1.52438 1.24775 -1.14981 -1.94632 -1.94998 1.65556 2.02596 -0.0111151 0.553058 -0.768048 -2.06818 1.1536 1.56863 1.47944 -2.7805
1.85609 -1.52438 1.24775 -1.14981 -1.94632 -1.94998 1.65556 2.02596 -0.0111151 0.553058 -0.768048 -2.06818 1.1536 1.56863 1.47944 -2.7805
1.85051 -1.52438 1.24775 -1.14981 -1.94632 -1.94998 1.65556 2.02596 -0.0111151 0.553058 -0.768048 -2.06818 1.1536 1.56863 1.47944 -2.7805
1.84908 -1.52438 1.24775 -1.14981 -1.94632 -1.94998 1.65556 2.02596 -0.0111151 0.553058 -0.768048 -2.06818 1.1536 1.56863 1.47944 -2.7805
1.8476 -1.52438 1.24775 -1.14981 -1.94632 -1.94998 1.65556 2.02596 -0.0111151 0.553058 -0.768048 -2.06818 1.1536 1.56863 1.47944 -2.7805
1.84605 -1.52438 1.24775 -1.14981 -1.94632 -1.94998 1.65556 2.02596 -0.0111151 0.553058 -0.768048 -2.06818 1.1536 1.56863 1.47944 -2.7805
1.84403 -1.52438 1.24775 -1.14981 -1.94632 -1.94998 1.65556 2.02596 -0.0111151 0.553058 -0.768048 -2.06818 1.1536 1.56863 1.47944 -2.7805
1.84211 -1.52438 1.24775 -1.14981 -1.94632 -1.94998 1.65556 2.02596 -0.0111151 0.553058 -0.768048 -2.06818 1.1536 1.56863 1.47944 -2.7805
1.83997 -1.52438 1.24775 -1.14981 -1.94632 -1.94998 1.65556 2.02596 -0.0111151 0.553058 -0.768048 -2.06818 1.1536 1.56863 1.47944 -2.7805
1.83782 -1.52438 1.24775 -1.14981 -1.94632 -1.94998 1.65556 2.02596 -0.0111151 0.553058 -0.768048 -2.06818 1.1536 1.56863 1.47944 -2.7805
1.83567 -1.52438 1.24775 -1.14981 -1.94632 -1.94998 1.65556 2.02596 -0.0111151 0.553058 -0.768048 -2.06818 1.1536 1.56863 1.47944 -2.7805
1.83352 -1.52438 1.24775 -1.14981 -1.94632 -1.94998 1.65556 2.02596 -0.0111151 0.553058 -0.768048 -2.06818 1.1536 1.56863 1.47944 -2.7805
1.83138 -1.52438 1.24775 -1.14981 -1.94632 -1.94998 1.65556 2.02596 -0.0111151 0.553058 -0.768048 -2.06818 1.1536 1.56863 1.47944 -2.7805
1.82924 -1.52438 1.24775 -1.14981 -1.94632 -1.94998 1.65556 2.02596 -0.0111151 0.553058 -0.768048 -2.06818 1.1536 1.56863 1.47944 -2.7805
1.82707 -1.52438 1.24775 -1.14981 -1.94632 -1.94998 1.65556 2.02596 -0.0111151 0.553058 -0.768048 -2.06818 1.1536 1.56863 1.47944 -2.7805
1.82299 -1.52438 1.24775 -1.14981 -1.94632 -1.94998 1.65556 2.02596 -0.0111151 0.553058 -0.768048 -2.06818 1.1536 1.56863 1.47944 -2.7805
1.81887 -1.52438 1.24775 -1.14981 -1.94632 -1.94998 1.65556 2.02596 -0.0111151 0.553058 -0.768048 -2.06818 1.1536 1.56863 1.47944 -2.7805
1.8148 -1.52438 1.24775 -1.14981 -1.94632 -1.94998 1.65556 2.02596 -0.0111151 0.553058 -0.768048 -2.06818 1.1536 1.56863 1.47944 -2.7805
1.81066 -1.52438 1.24775 -1.14981 -1.94632 -1.94998 1.65556 2.02596 -0.0111151 0.553058 -0.768048 -2.06818 1.1536 1.56863 1.47944 -2.7805
1.8065 -1.52438 1.24775 -1.14981 -1.94632 -1.94998 1.65556 2.02596 -0.0111151 0.553058 -0.768048 -2.06818 1.1536 1.56863 1.47944 -2.7805
1.80229 -1.52438 1.24775 -1.14981 -1.94632 -1.94998 1.65556 2.02596 -0.0111151 0.553058 -0.768048 -2.06818 1.1536 1.56863 1.47944 -2.7805
1.79814 -1.52438 1.24775 -1.14981 -1.94632 -1.94998 1.65556 2.02596 -0.0111151 0.553058 -0.768048 -2.06818 1.1536 1.56863 1.47944 -2.7805
1.79398 -1.52438 1.24775 -1.14981 -1.94632 -1.94998 1.65556 2.02596 -0.0111151 0.553058 -0.768048 -2.06818 1.1536 1.56863 1.47944 -2.7805
1.78978 -1.52438 1.24775 -1.14981 -1.94632 -1.94998 1.65556 2.02596 -0.0111151 0.553058 -0.768048 -2.06818 1.1536 1.56863 1.47944 -2.7805
1.78558 -1.52438 1.24775 -1.14981 -1.94632 -1.94998 1.65556 2.02596 -0.0111151 0.553058 -0.768048 -2.06818 1.1536 1.56863 1.47944 -2.7805
1.78134 -1.52438 1.24775 -1.14981 -1.94632 -1.94998 1.65556 2.02596 -0.0111151 0.553058 -0.768048 -2.06818 1.1536 1.56863 1.47944 -2.7805
1.77715 -1.52438 1.24775 -1.14981 -1.94632 -1.94998 1.65556 2.02596 -0.0111151 0.553058 -0.768048 -2.06818 1.1536 1.56863 1.47944 -2.7805
1.77284 -1.52438 1.24775 -1.14981 -1.94632 -1.94998 1.65556 2.02596 -0.0111151 0.553058 -0.768048 -2.06818 1.1536 1.56863 1.47944 -2.7805
1.76861 -1.52438 1.24775 -1.14981 -1.94632 -1.94998 1.65556 2.02596 -0.0111151 0.553058 -0.768048 -2.06818 1.1536 1.56863 1.47944 -2.7805
1.76429 -1.52438 1.24775 -1.14981 -1.94632 -1.94998 1.65556 2.02596 -0.0111151 0.553058 -0.768048 -2.06818 1.1536 1.56863 1.47944 -2.7805
1.75997 -1.52438 1.24775 -1.14981 -1.94632 -1.94998 1.65556 2.02596 -0.0111151 0.553058 -0.768048 -2.06818 1.1536 1.56863 1.47944 -2.7805
1.7557 -1.52438 1.24775 -1.14981 -1.94632 -1.94998 1.65556 2.02596 -0.0111151 0.553058 -0.768048 -2.06818 1.1536 1.56863 1.47944 -2.7805
1.75139 -1.52438 1.24775 -1.14981 -1.94632 -1.94998 1.65556 2.02596 -0.0111151 0.553058 -0.768048 -2.06818 1.1536 1.56863 1.47944 -2.7805
1.74703 -1.52438 1.24775 -1.14981 -1.94632 -1.94998 1.65556 2.02596 -0.0111151 0.553058 -0.768048 -2.06818 1.1536 1.56863 1.47944 -2.7805
1.74254 -1.52438 1.24775 -1.14981 -1.94632 -1.94998 1.65556 2.02596 -0.0111151 0.553058 -0.768048 -2.06818 1.1536 1.56863 1.47944 -2.7805
1.7381 -1.52438 1.24775 -1.14981 -1.94632 -1.94998 1.65556 2.02596 -0.0111151 0.553058 -0.768048 -2.06818 1.1536 1.56863 1.47944 -2.7805
1.73367 -1.52438 1.24775 -1.14981 -1.94632 -1.94998 1.65556 2.02596 -0.0111151 0.553058 -0.768048 -2.06818 1.1536 1.56863 1.47944 -2.7805
1.72919 -1.52438 1.24775 -1.14981 -1.94632 -1.94998 1.65556 2.02596 -0.0111151 0.553058 -0.768048 -2.06818 1.1536 1.56863 1.47944 -2.7805
1.72468 -1.52438 1.24775 -1.14981 -1.94632 -1.94998 1.65556 2.02596 -0.0111151 0.553058 -0.768048 -2.06818 1.1536 1.56863 1.47944 -2.7805
1.71986 -1.52438 1.24775 -1.14981 -1.94632 -1.94998 1.65556 2.02596 -0.0111151 0.553058 -0.768048 -2.06818 1.1536 1.56863 1.47944 -2.7805
1.71528 -1.52438 1.24775 -1.14981 -1.94632 -1.94998 1.65556 2.02596 -0.0111151 0.553058 -0.768048 -2.06818 1.1536 1.56863 1.47944 -2.7805
1.71068 -1.52438 1.24775 -1.14981 -1.94632 -1.94998 1.65556 2.02596 -0.0111151 0.553058 -0.768048 -2.06818 1.1536 1.56863 1.47944 -2.7805
1.70606 -1.52438 1.24775 -1.14981 -1.94632 -1.94998 1.65556 2.02596 -0.0111151 0.553058 -0.768048 -2.06818 1.1536 1.56863 1.47944 -2.7805
1.70148 -1.52438 1.24775 -1.14981 -1.94632 -1.94998 1.65556 2.02596 -0.0111151 0.553058 -0.768048 -2.06818 1.1536 1.56863 1.47944 -2.7805
1.69689 -1.52438 1.24775 -1.14981 -1.94632 -1.94998 1.65556 2.02596 -0.0111151 0.553058 -0.768048 -2.06818 1.1536 1.56863 1.47944 -2.7805
1.69227 -1.52438 1.24775 -1.14981 -1.94632 -1.94998 1.65556 2.02596 -0.0111151 0.553058 -0.768048 -2.06818 1.1536 1.56863 1.47944 -2.7805
1.68764 -1.52438 1.24775 -1.14981 -1.94632 -1.94998 1.65556 2.02596 -0.0111151 0.553058 -0.768048 -2.06818 1.1536 1.56863 1.47944 -2.7805
1.68299 -1.52438 1.24775 -1.14981 -1.94632 -1.94998 1.65556 2.02596 -0.0111151 0.553058 -0.768048 -2.06818 1.1536 1.56863 1.47944 -2.7805
1.67835 -1.52438 1.24775 -1.14981 -1.94632 -1.94998 1.65556 2.02596 -0.0111151 0.553058 -0.768048 -2.06818 1.1536 1.56863 1.47944 -2.7805
1.67367 -1.52438 1.24775 -1.14981 -1.94632 -1.94998 1.65556 2.02596 -0.0111151 0.553058 -0.768048 -2.06818 1.1536 1.56863 1.47944 -2.7805
1.66897 -1.52438 1.24775 -1.14981 -1.94632 -1.94998 1.65556 2.02596 -0.0111151 0.553058 -0.768048 -2.06818 1.1536 1.56863 1.47944 -2.7805
1.66417 -1.52438 1.24775 -1.14981 -1.94632 -1.94998 1.65556 2.02596 -0.0111151 0.553058 -0.768048 -2.06818 1.1536 1.56863 1.47944 -2.7805
1.65939 -1.52438 1.24775 -1.14981 -1.94632 -1.94998 1.65556 2.02596 -0.0111151 0.553058 -0.768048 -2.06818 1.1536 1.56863 1.47944 -2.7805
1.65458 -1.52438 1.24775 -1.14981 -1.94632 -1.94998 1.65556 2.02596 -0.0111151 0.553058 -0.768048 -2.06818 1.1536 1.56863 1.47944 -2.7805
1.6496 -1.52438 1.24775 -1.14981 -1.94632 -1.94998 1.65556 2.02596 -0.0111151 0.553058 -0.768048 -2.06818 1.1536 1.56863 1.47944 -2.7805
1.64474 -1.52438 1.24775 -1.14981 -1.94632 -1.94998 1.65556 2.02596 -0.0111151 0.553058 -0.768048 -2.06818 1.1536 1.56863 1.47944 -2.7805
1.63987 -1.52438 1.24775 -1.14981 -1.94632 -1.94998 1.65556 2.02596 -0.0111151 0.553058 -0.768048 -2.06818 1.1536 1.56863 1.47944 -2.7805
1.63505 -1.52438 1.24775 -1.14981 -1.94632 -1.94998 1.65556 2.02596 -0.0111151 0.553058 -0.768048 -2.06818 1.1536 1.56863 1.47944 -2.7805
1.63013 -1.52438 1.24775 -1.14981 -1.94632 -1.94998 1.65556 2.02596 -0.0111151 0.553058 -0.768048 -2.06818 1.1536 1.56863 1.47944 -2.7805
1.62522 -1.52438 1.24775 -1.14981 -1.94632 -1.94998 1.65556 2.02596 -0.0111151 0.553058 -0.768048 -2.06818 1.1536 1.56863 1.47944 -2.7805
1.62027 -1.52438 1.24775 -1.14981 -1.94632 -1.94998 1.65556 2.02596 -0.0111151 0.553058 -0.768048 -2.06818 1.1536 1.56863 1.47944 -2.7805
1.61531 -1.52438 1.24775 -1.14981 -1.94632 -1.94998 1.65556 2.02596 -0.0111151 0.553058 -0.768048 -2.06818 1.1536 1.56863 1.47944 -2.7805
1.61028 -1.52438 1.24775 -1.14981 -1.94632 -1.94998 1.65556 2.02596 -0.0111151 0.553058 -0.768048 -2.06818 1.1536 1.56863 1.47944 -2.7805
1.60512 -1.52438 1.24775 -1.14981 -1.94632 -1.94998 1.65556 2.02596 -0.0111151 0.553058 -0.768048 -2.06818 1.1536 1.56863 1.47944 -2.7805
1.59994 -1.52438 1.24775 -1.14981 -1.94632 -1.94998 1.65556 2.02596 -0.0111151 0.553058 -0.768048 -2.06818 1.1536 1.56863 1.47944 -2.7805
1.59486 -1.52438 1.24775 -1.14981 -1.94632 -1.94998 1.65556 2.02596 -0.0111151 0.553058 -0.768048 -2.06818 1.1536 1.56863 1.47944 -2.7805
1.5897 -1.52438 1.24775 -1.14981 -1.94632 -1.94998 1.65556 2.02596 -0.0111151 0.553058 -0.768048 -2.06818 1.1536 1.56863 1.47944 -2.7805
1.58462 -1.52438 1.24775 -1.14981 -1.94632 -1.94998 1.65556 2.02596 -0.0111151 0.553058 -0.768048 -2.06818 1.1536 1.56863 1.47944 -2.7805
1.57953 -1.52438 1.24775 -1.14981 -1.94632 -1.94998 1.65556 2.02596 -0.0111151 0.553058 -0.768048 -2.06818 1.1536 1.56863 1.47944 -2.7805
1.5744 -1.52438 1.24775 -1.14981 -1.94632 -1.94998 1.65556 2.02596 -0.0111151 0.553058 -0.768048 -2.06818 1.1536 1.56863 1.47944 -2.7805
1.56926 -1.52438 1.24775 -1.14981 -1.94632 -1.94998 1.65556 2.02596 -0.0111151 0.553058 -0.768048 -2.06818 1.1536 1.56863 1.47944 -2.7805
1.56401 -1.52438 1.24775 -1.14981 -1.94632 -1.94998 1.65556 2.02596 -0.0111151 0.553058 -0.768048 -2.06818 1.1536 1.56863 1.47944 -2.7805
1.55877 -1.52438 1.24775 -1.14981 -1.94632 -1.94998 1.65556 2.02596 -0.0111151 0.553058 -0.768048 -2.06818 1.1536 1.56863 1.47944 -2.7805
1.55346 -1.52438 1.24775 -1.14981 -1.94632 -1.94998 1.65556 2.02596 -0.0111151 0.553058 -0.768048 -2.06818 1.1536 1.56863 1.47944 -2.7805
1.54822 -1.52438 1.24775 -1.14981 -1.94632 -1.94998 1.65556 2.02596 -0.0111151 0.553058 -0.768048 -2.06818 1.1536 1.56863 1.47944 -2.7805
1.54289 -1.52438 1.24775 -1.14981 -1.94632 -1.94998 1.65556 2.02596 -0.0111151 0.553058 -0.768048 -2.06818 1.1536 1.56863 1.47944 -2.7805
1.53762 -1.52438 1.24775 -1.14981 -1.94632 -1.94998 1.65556 2.02596 -0.0111151 0.553058 -0.768048 -2.06818 1.1536 1.56863 1.47944 -2.7805
1.5323 -1.52438 1.24775 -1.14981 -1.94632 -1.94998 1.65556 2.02596 -0.0111151 0.553058 -0.768048 -2.06818 1.1536 1.56863 1.47944 -2.7805
1.52691 -1.52438 1.24775 -1.14981 -1.94632 -1.94998 1.65556 2.02596 -0.0111151 0.553058 -0.768048 -2.06818 1.1536 1.56863 1.47944 -2.7805
1.52154 -1.52438 1.24775 -1.14981 -1.94632 -1.94998 1.65556 2.02596 -0.0111151 0.553058 -0.768048 -2.06818 1.1536 1.56863 1.47944 -2.7805
1.51612 -1.52438 1.24775 -1.14981 -1.94632 -1.94998 1.65556 2.02596 -0.0111151 0.553058 -0.768048 -2.06818 1.1536 1.56863 1.47944 -2.7805
1.51066 -1.52438 1.24775 -1.14981 -1.94632 -1.94998 1.65556 2.02596 -0.0111151 0.553058 -0.768048 -2.06818 1.1536 1.56863 1.47944 -2.7805
1.50512 -1.52438 1.24775 -1.14981 -1.94632 -1.94998 1.65556 2.02596 -0.0111151 0.553058 -0.768048 -2.06818 1.1536 1.56863 1.47944 -2.7805
1.4994 -1.52438 1.24775 -1.14981 -1.94632 -1.94998 1.65556 2.02596 -0.0111151 0.553058 -0.768048 -2.06818 1.1536 1.56863 1.47944 -2.7805
1.4938 -1.52438 1.24775 -1.14981 -1.94632 -1.94998 1.65556 2.02596 -0.0111151 0.553058 -0.768048 -2.06818 1.1536 1.56863 1.47944 -2.7805
1.48808 -1.52438 1.24775 -1.14981 -1.94632 -1.94998 1.65556 2.02596 -0.0111151 0.553058 -0.768048 -2.06818 1.1536 1.56863 1.47944 -2.7805
1.4824 -1.52438 1.24775 -1.14981 -1.94632 -1.94998 1.65556 2.02596 -0.0111151 0.553058 -0.768048 -2.06818 1.1536 1.56863 1.47944 -2.7805
1.47679 -1.52438 1.24775 -1.14981 -1.94632 -1.94998 1.65556 2.02596 -0.0111151 0.553058 -0.768048 -2.06818 1.1536 1.56863 1.47944 -2.7805
1.47112 -1.52438 1.24775 -1.14981 -1.94632 -1.94998 1.65556 2.02596 -0.0111151 0.553058 -0.768048 -2.06818 1.1536 1.56863 1.47944 -2.7805
1.46545 -1.52438 1.24775 -1.14981 -1.94632 -1.94998 1.65556 2.02596 -0.0111151 0.553058 -0.768048 -2.06818 1.1536 1.56863 1.47944 -2.7805
