31.318
31.329
31.339
31.35
31.36
31.37
31.381
31.391
31.401
31.414
31.434
31.454
31.475
31.496
31.516
31.536
31.557
31.578
31.598
31.619
31.658
31.697
31.735
31.773
31.812
31.85
31.889
31.928
31.966
32.005
32.043
32.082
32.121
32.159
32.198
32.237
32.276
32.316
32.355
32.393
32.433
32.471
32.51
32.548
32.586
32.625
32.663
32.702
32.74
32.779
32.817
32.856
32.895
32.934
32.972
33.011
40.174
40.185
40.195
40.205
40.216
40.226
40.237
40.247
40.257
40.269
40.29
40.311
40.331
40.37
40.409
40.449
40.488
40.527
40.566
40.604
40.643
40.682
40.72
40.758
40.797
40.836
40.875
40.913
40.951
40.99
41.029
41.068
41.107
41.145
41.184
41.223
41.264
41.304
41.343
41.382
41.421
41.46
41.499
41.537
41.576
41.614
41.653
41.691
41.73
41.769
41.808
41.847
41.887
41.925
41.964
42.003
42.041
42.08
42.118
42.157
42.196
42.236
42.276
42.315
42.353
42.392
42.43
42.468
42.507
42.546
42.585
42.624
42.662
42.701
42.739
42.778
42.816
42.855
42.894
42.932
42.972
43.011
43.051
43.09
43.13
43.168
43.207
43.245
