1.58432 -1.37432 1.78602 -1.57338 0.171015 2.0527 -1.99755 2.04981 -2.92318 0.0935477 0.750866 0.037447 -1.82452 1.87359 1.49071 2.69108
1.58432 -1.37432 1.78602 -1.57338 0.171015 2.0527 -1.99755 2.04981 -2.92318 0.0935477 0.750866 0.037447 -1.82452 1.87359 1.49071 2.69108
1.58432 -1.37432 1.78602 -1.57338 0.171015 2.0527 -1.99755 2.04981 -2.92318 0.0935477 0.750866 0.037447 -1.82452 1.87359 1.49071 2.69108
1.58432 -1.37432 1.78602 -1.57338 0.171015 2.0527 -1.99755 2.04981 -2.92318 0.0935477 0.750866 0.037447 -1.82452 1.87359 1.49071 2.69108
1.58432 -1.37432 1.78602 -1.57338 0.171015 2.0527 -1.99755 2.04981 -2.92318 0.0935477 0.750866 0.037447 -1.82452 1.87359 1.49071 2.69108
1.58432 -1.37432 1.78602 -1.57338 0.171015 2.0527 -1.99755 2.04981 -2.92318 0.0935477 0.750866 0.037447 -1.82452 1.87359 1.49071 2.69108
1.58432 -1.37432 1.78602 -1.57338 0.171015 2.0527 -1.99755 2.04981 -2.92318 0.0935477 0.750866 0.037447 -1.82452 1.87359 1.49071 2.69108
1.58432 -1.37432 1.78602 -1.57338 0.171015 2.0527 -1.99755 2.04981 -2.92318 0.0935477 0.750866 0.037447 -1.82452 1.87359 1.49071 2.69108
1.58432 -1.37432 1.78602 -1.57338 0.171015 2.0527 -1.99755 2.04981 -2.92318 0.0935477 0.750866 0.037447 -1.82452 1.87359 1.49071 2.69108
1.58432 -1.37432 1.78602 -1.57338 0.171015 2.0527 -1.99755 2.04981 -2.92318 0.0935477 0.750866 0.037447 -1.82452 1.87359 1.49071 2.69108
1.58432 -1.37432 1.78602 -1.57338 0.171015 2.0527 -1.99755 2.04981 -2.92318 0.0935477 0.750866 0.037447 -1.82452 1.87359 1.49071 2.69108
1.58482 -1.37432 1.78602 -1.57338 0.171015 2.0527 -1.99755 2.04981 -2.92318 0.0935477 0.750866 0.037447 -1.82452 1.87359 1.49071 2.69108
1.58572 -1.37432 1.78602 -1.57338 0.171015 2.0527 -1.99755 2.04981 -2.92318 0.0935477 0.750866 0.037447 -1.82452 1.87359 1.49071 2.69108
1.58669 -1.37432 1.78602 -1.57338 0.171015 2.0527 -1.99755 2.04981 -2.92318 0.0935477 0.750866 0.037447 -1.82452 1.87359 1.49071 2.69108
1.58765 -1.37432 1.78602 -1.57338 0.171015 2.0527 -1.99755 2.04981 -2.92318 0.0935477 0.750866 0.037447 -1.82452 1.87359 1.49071 2.69108
1.58865 -1.37432 1.78602 -1.57338 0.171015 2.0527 -1.99755 2.04981 -2.92318 0.0935477 0.750866 0.037447 -1.82452 1.87359 1.49071 2.69108
1.58977 -1.37432 1.78602 -1.57338 0.171015 2.0527 -1.99755 2.04981 -2.92318 0.0935477 0.750866 0.037447 -1.82452 1.87359 1.49071 2.69108
1.59099 -1.37432 1.78602 -1.57338 0.171015 2.0527 -1.99755 2.04981 -2.92318 0.0935477 0.750866 0.037447 -1.82452 1.87359 1.49071 2.69108
1.59226 -1.37432 1.78602 -1.57338 0.171015 2.0527 -1.99755 2.04981 -2.92318 0.0935477 0.750866 0.037447 -1.82452 1.87359 1.49071 2.69108
1.59361 -1.37432 1.78602 -1.57338 0.171015 2.0527 -1.99755 2.04981 -2.92318 0.0935477 0.750866 0.037447 -1.82452 1.87359 1.49071 2.69108
1.59648 -1.37432 1.78602 -1.57338 0.171015 2.0527 -1.99755 2.04981 -2.92318 0.0935477 0.750866 0.037447 -1.82452 1.87359 1.49071 2.69108
1.59984 -1.37432 1.78602 -1.57338 0.171015 2.0527 -1.99755 2.04981 -2.92318 0.0935477 0.750866 0.037447 -1.82452 1.87359 1.49071 2.69108
1.60357 -1.37432 1.78602 -1.57338 0.171015 2.0527 -1.99755 2.04981 -2.92318 0.0935477 0.750866 0.037447 -1.82452 1.87359 1.49071 2.69108
1.6075 -1.37432 1.78602 -1.57338 0.171015 2.0527 -1.99755 2.04981 -2.92318 0.0935477 0.750866 0.037447 -1.82452 1.87359 1.49071 2.69108
1.61161 -1.37432 1.78602 -1.57338 0.171015 2.0527 -1.99755 2.04981 -2.92318 0.0935477 0.750866 0.037447 -1.82452 1.87359 1.49071 2.69108
1.61604 -1.37432 1.78602 -1.57338 0.171015 2.0527 -1.99755 2.04981 -2.92318 0.0935477 0.750866 0.037447 -1.82452 1.87359 1.49071 2.69108
1.62078 -1.37432 1.78602 -1.57338 0.171015 2.0527 -1.99755 2.04981 -2.92318 0.0935477 0.750866 0.037447 -1.82452 1.87359 1.49071 2.69108
1.62571 -1.37432 1.78602 -1.57338 0.171015 2.0527 -1.99755 2.04981 -2.92318 0.0935477 0.750866 0.037447 -1.82452 1.87359 1.49071 2.69108
1.63045 -1.37432 1.78602 -1.57338 0.171015 2.0527 -1.99755 2.04981 -2.92318 0.0935477 0.750866 0.037447 -1.82452 1.87359 1.49071 2.69108
1.63538 -1.37432 1.78602 -1.57338 0.171015 2.0527 -1.99755 2.04981 -2.92318 0.0935477 0.750866 0.037447 -1.82452 1.87359 1.49071 2.69108
1.64074 -1.37432 1.78602 -1.57338 0.171015 2.0527 -1.99755 2.04981 -2.92318 0.0935477 0.750866 0.037447 -1.82452 1.87359 1.49071 2.69108
1.64628 -1.37432 1.78602 -1.57338 0.171015 2.0527 -1.99755 2.04981 -2.92318 0.0935477 0.750866 0.037447 -1.82452 1.87359 1.49071 2.69108
1.65173 -1.37432 1.78602 -1.57338 0.171015 2.0527 -1.99755 2.04981 -2.92318 0.0935477 0.750866 0.037447 -1.82452 1.87359 1.49071 2.69108
1.65745 -1.37432 1.78602 -1.57338 0.171015 2.0527 -1.99755 2.04981 -2.92318 0.0935477 0.750866 0.037447 -1.82452 1.87359 1.49071 2.69108
1.66347 -1.37432 1.78602 -1.57338 0.171015 2.0527 -1.99755 2.04981 -2.92318 0.0935477 0.750866 0.037447 -1.82452 1.87359 1.49071 2.69108
1.66974 -1.37432 1.78602 -1.57338 0.171015 2.0527 -1.99755 2.04981 -2.92318 0.0935477 0.750866 0.037447 -1.82452 1.87359 1.49071 2.69108
1.67608 -1.37432 1.78602 -1.57338 0.171015 2.0527 -1.99755 2.04981 -2.92318 0.0935477 0.750866 0.037447 -1.82452 1.87359 1.49071 2.69108
1.68258 -1.37432 1.78602 -1.57338 0.171015 2.0527 -1.99755 2.04981 -2.92318 0.0935477 0.750866 0.037447 -1.82452 1.87359 1.49071 2.69108
1.68919 -1.37432 1.78602 -1.57338 0.171015 2.0527 -1.99755 2.04981 -2.92318 0.0935477 0.750866 0.037447 -1.82452 1.87359 1.49071 2.69108
1.69603 -1.37432 1.78602 -1.57338 0.171015 2.0527 -1.99755 2.04981 -2.92318 0.0935477 0.750866 0.037447 -1.82452 1.87359 1.49071 2.69108
1.70325 -1.37432 1.78602 -1.57338 0.171015 2.0527 -1.99755 2.04981 -2.92318 0.0935477 0.750866 0.037447 -1.82452 1.87359 1.49071 2.69108
1.7106 -1.37432 1.78602 -1.57338 0.171015 2.0527 -1.99755 2.04981 -2.92318 0.0935477 0.750866 0.037447 -1.82452 1.87359 1.49071 2.69108
1.71823 -1.37432 1.78602 -1.57338 0.171015 2.0527 -1.99755 2.04981 -2.92318 0.0935477 0.750866 0.037447 -1.82452 1.87359 1.49071 2.69108
1.72617 -1.37432 1.78602 -1.57338 0.171015 2.0527 -1.99755 2.04981 -2.92318 0.0935477 0.750866 0.037447 -1.82452 1.87359 1.49071 2.69108
1.73422 -1.37432 1.78602 -1.57338 0.171015 2.0527 -1.99755 2.04981 -2.92318 0.0935477 0.750866 0.037447 -1.82452 1.87359 1.49071 2.69108
1.82345 -1.37432 1.78602 -1.57338 0.171015 2.0527 -1.99755 2.04981 -2.92318 0.0935477 0.750866 0.037447 -1.82452 1.87359 1.49071 2.69108
1.8218 -1.37432 1.78602 -1.57338 0.171015 2.0527 -1.99755 2.04981 -2.92318 0.0935477 0.750866 0.037447 -1.82452 1.87359 1.49071 2.69108
1.82028 -1.37432 1.78602 -1.57338 0.171015 2.0527 -1.99755 2.04981 -2.92318 0.0935477 0.750866 0.037447 -1.82452 1.87359 1.49071 2.69108
1.81892 -1.37432 1.78602 -1.57338 0.171015 2.0527 -1.99755 2.04981 -2.92318 0.0935477 0.750866 0.037447 -1.82452 1.87359 1.49071 2.69108
1.81776 -1.37432 1.78602 -1.57338 0.171015 2.0527 -1.99755 2.04981 -2.92318 0.0935477 0.750866 0.037447 -1.82452 1.87359 1.49071 2.69108
1.81635 -1.37432 1.78602 -1.57338 0.171015 2.0527 -1.99755 2.04981 -2.92318 0.0935477 0.750866 0.037447 -1.82452 1.87359 1.49071 2.69108
1.81512 -1.37432 1.78602 -1.57338 0.171015 2.0527 -1.99755 2.04981 -2.92318 0.0935477 0.750866 0.037447 -1.82452 1.87359 1.49071 2.69108
1.81376 -1.37432 1.78602 -1.57338 0.171015 2.0527 -1.99755 2.04981 -2.92318 0.0935477 0.750866 0.037447 -1.82452 1.87359 1.49071 2.69108
1.81193 -1.37432 1.78602 -1.57338 0.171015 2.0527 -1.99755 2.04981 -2.92318 0.0935477 0.750866 0.037447 -1.82452 1.87359 1.49071 2.69108
1.80971 -1.37432 1.78602 -1.57338 0.171015 2.0527 -1.99755 2.04981 -2.92318 0.0935477 0.750866 0.037447 -1.82452 1.87359 1.49071 2.69108
1.80741 -1.37432 1.78602 -1.57338 0.171015 2.0527 -1.99755 2.04981 -2.92318 0.0935477 0.750866 0.037447 -1.82452 1.87359 1.49071 2.69108
1.80516 -1.37432 1.78602 -1.57338 0.171015 2.0527 -1.99755 2.04981 -2.92318 0.0935477 0.750866 0.037447 -1.82452 1.87359 1.49071 2.69108
1.80289 -1.37432 1.78602 -1.57338 0.171015 2.0527 -1.99755 2.04981 -2.92318 0.0935477 0.750866 0.037447 -1.82452 1.87359 1.49071 2.69108
1.80062 -1.37432 1.78602 -1.57338 0.171015 2.0527 -1.99755 2.04981 -2.92318 0.0935477 0.750866 0.037447 -1.82452 1.87359 1.49071 2.69108
1.79642 -1.37432 1.78602 -1.57338 0.171015 2.0527 -1.99755 2.04981 -2.92318 0.0935477 0.750866 0.037447 -1.82452 1.87359 1.49071 2.69108
1.79215 -1.37432 1.78602 -1.57338 0.171015 2.0527 -1.99755 2.04981 -2.92318 0.0935477 0.750866 0.037447 -1.82452 1.87359 1.49071 2.69108
1.78778 -1.37432 1.78602 -1.57338 0.171015 2.0527 -1.99755 2.04981 -2.92318 0.0935477 0.750866 0.037447 -1.82452 1.87359 1.49071 2.69108
1.78349 -1.37432 1.78602 -1.57338 0.171015 2.0527 -1.99755 2.04981 -2.92318 0.0935477 0.750866 0.037447 -1.82452 1.87359 1.49071 2.69108
1.77902 -1.37432 1.78602 -1.57338 0.171015 2.0527 -1.99755 2.04981 -2.92318 0.0935477 0.750866 0.037447 -1.82452 1.87359 1.49071 2.69108
1.77468 -1.37432 1.78602 -1.57338 0.171015 2.0527 -1.99755 2.04981 -2.92318 0.0935477 0.750866 0.037447 -1.82452 1.87359 1.49071 2.69108
1.77033 -1.37432 1.78602 -1.57338 0.171015 2.0527 -1.99755 2.04981 -2.92318 0.0935477 0.750866 0.037447 -1.82452 1.87359 1.49071 2.69108
1.76586 -1.37432 1.78602 -1.57338 0.171015 2.0527 -1.99755 2.04981 -2.92318 0.0935477 0.750866 0.037447 -1.82452 1.87359 1.49071 2.69108
1.76139 -1.37432 1.78602 -1.57338 0.171015 2.0527 -1.99755 2.04981 -2.92318 0.0935477 0.750866 0.037447 -1.82452 1.87359 1.49071 2.69108
1.75698 -1.37432 1.78602 -1.57338 0.171015 2.0527 -1.99755 2.04981 -2.92318 0.0935477 0.750866 0.037447 -1.82452 1.87359 1.49071 2.69108
1.7526 -1.37432 1.78602 -1.57338 0.171015 2.0527 -1.99755 2.04981 -2.92318 0.0935477 0.750866 0.037447 -1.82452 1.87359 1.49071 2.69108
1.74821 -1.37432 1.78602 -1.57338 0.171015 2.0527 -1.99755 2.04981 -2.92318 0.0935477 0.750866 0.037447 -1.82452 1.87359 1.49071 2.69108
1.74373 -1.37432 1.78602 -1.57338 0.171015 2.0527 -1.99755 2.04981 -2.92318 0.0935477 0.750866 0.037447 -1.82452 1.87359 1.49071 2.69108
1.73932 -1.37432 1.78602 -1.57338 0.171015 2.0527 -1.99755 2.04981 -2.92318 0.0935477 0.750866 0.037447 -1.82452 1.87359 1.49071 2.69108
1.73466 -1.37432 1.78602 -1.57338 0.171015 2.0527 -1.99755 2.04981 -2.92318 0.0935477 0.750866 0.037447 -1.82452 1.87359 1.49071 2.69108
1.73017 -1.37432 1.78602 -1.57338 0.171015 2.0527 -1.99755 2.04981 -2.92318 0.0935477 0.750866 0.037447 -1.82452 1.87359 1.49071 2.69108
1.72562 -1.37432 1.78602 -1.57338 0.171015 2.0527 -1.99755 2.04981 -2.92318 0.0935477 0.750866 0.037447 -1.82452 1.87359 1.49071 2.69108
1.72103 -1.37432 1.78602 -1.57338 0.171015 2.0527 -1.99755 2.04981 -2.92318 0.0935477 0.750866 0.037447 -1.82452 1.87359 1.49071 2.69108
1.71642 -1.37432 1.78602 -1.57338 0.171015 2.0527 -1.99755 2.04981 -2.92318 0.0935477 0.750866 0.037447 -1.82452 1.87359 1.49071 2.69108
1.71185 -1.37432 1.78602 -1.57338 0.171015 2.0527 -1.99755 2.04981 -2.92318 0.0935477 0.750866 0.037447 -1.82452 1.87359 1.49071 2.69108
1.70726 -1.37432 1.78602 -1.57338 0.171015 2.0527 -1.99755 2.04981 -2.92318 0.0935477 0.750866 0.037447 -1.82452 1.87359 1.49071 2.69108
1.70259 -1.37432 1.78602 -1.57338 0.171015 2.0527 -1.99755 2.04981 -2.92318 0.0935477 0.750866 0.037447 -1.82452 1.87359 1.49071 2.69108
1.69795 -1.37432 1.78602 -1.57338 0.171015 2.0527 -1.99755 2.04981 -2.92318 0.0935477 0.750866 0.037447 -1.82452 1.87359 1.49071 2.69108
1.69328 -1.37432 1.78602 -1.57338 0.171015 2.0527 -1.99755 2.04981 -2.92318 0.0935477 0.750866 0.037447 -1.82452 1.87359 1.49071 2.69108
1.68842 -1.37432 1.78602 -1.57338 0.171015 2.0527 -1.99755 2.04981 -2.92318 0.0935477 0.750866 0.037447 -1.82452 1.87359 1.49071 2.69108
1.68359 -1.37432 1.78602 -1.57338 0.171015 2.0527 -1.99755 2.04981 -2.92318 0.0935477 0.750866 0.037447 -1.82452 1.87359 1.49071 2.69108
1.6788 -1.37432 1.78602 -1.57338 0.171015 2.0527 -1.99755 2.04981 -2.92318 0.0935477 0.750866 0.037447 -1.82452 1.87359 1.49071 2.69108
1.67398 -1.37432 1.78602 -1.57338 0.171015 2.0527 -1.99755 2.04981 -2.92318 0.0935477 0.750866 0.037447 -1.82452 1.87359 1.49071 2.69108
1.66913 -1.37432 1.78602 -1.57338 0.171015 2.0527 -1.99755 2.04981 -2.92318 0.0935477 0.750866 0.037447 -1.82452 1.87359 1.49071 2.69108
1.6643 -1.37432 1.78602 -1.57338 0.171015 2.0527 -1.99755 2.04981 -2.92318 0.0935477 0.750866 0.037447 -1.82452 1.87359 1.49071 2.69108
1.65945 -1.37432 1.78602 -1.57338 0.171015 2.0527 -1.99755 2.04981 -2.92318 0.0935477 0.750866 0.037447 -1.82452 1.87359 1.49071 2.69108
1.65462 -1.37432 1.78602 -1.57338 0.171015 2.0527 -1.99755 2.04981 -2.92318 0.0935477 0.750866 0.037447 -1.82452 1.87359 1.49071 2.69108
1.64979 -1.37432 1.78602 -1.57338 0.171015 2.0527 -1.99755 2.04981 -2.92318 0.0935477 0.750866 0.037447 -1.82452 1.87359 1.49071 2.69108
1.64477 -1.37432 1.78602 -1.57338 0.171015 2.0527 -1.99755 2.04981 -2.92318 0.0935477 0.750866 0.037447 -1.82452 1.87359 1.49071 2.69108
1.6399 -1.37432 1.78602 -1.57338 0.171015 2.0527 -1.99755 2.04981 -2.92318 0.0935477 0.750866 0.037447 -1.82452 1.87359 1.49071 2.69108
1.63499 -1.37432 1.78602 -1.57338 0.171015 2.0527 -1.99755 2.04981 -2.92318 0.0935477 0.750866 0.037447 -1.82452 1.87359 1.49071 2.69108
1.63006 -1.37432 1.78602 -1.57338 0.171015 2.0527 -1.99755 2.04981 -2.92318 0.0935477 0.750866 0.037447 -1.82452 1.87359 1.49071 2.69108
1.62511 -1.37432 1.78602 -1.57338 0.171015 2.0527 -1.99755 2.04981 -2.92318 0.0935477 0.750866 0.037447 -1.82452 1.87359 1.49071 2.69108
1.62014 -1.37432 1.78602 -1.57338 0.171015 2.0527 -1.99755 2.04981 -2.92318 0.0935477 0.750866 0.037447 -1.82452 1.87359 1.49071 2.69108
1.61519 -1.37432 1.78602 -1.57338 0.171015 2.0527 -1.99755 2.04981 -2.92318 0.0935477 0.750866 0.037447 -1.82452 1.87359 1.49071 2.69108
1.61016 -1.37432 1.78602 -1.57338 0.171015 2.0527 -1.99755 2.04981 -2.92318 0.0935477 0.750866 0.037447 -1.82452 1.87359 1.49071 2.69108
1.60514 -1.37432 1.78602 -1.57338 0.171015 2.0527 -1.99755 2.04981 -2.92318 0.0935477 0.750866 0.037447 -1.82452 1.87359 1.49071 2.69108
1.60008 -1.37432 1.78602 -1.57338 0.171015 2.0527 -1.99755 2.04981 -2.92318 0.0935477 0.750866 0.037447 -1.82452 1.87359 1.49071 2.69108
1.59488 -1.37432 1.78602 -1.57338 0.171015 2.0527 -1.99755 2.04981 -2.92318 0.0935477 0.750866 0.037447 -1.82452 1.87359 1.49071 2.69108
1.58976 -1.37432 1.78602 -1.57338 0.171015 2.0527 -1.99755 2.04981 -2.92318 0.0935477 0.750866 0.037447 -1.82452 1.87359 1.49071 2.69108
1.58461 -1.37432 1.78602 -1.57338 0.171015 2.0527 -1.99755 2.04981 -2.92318 0.0935477 0.750866 0.037447 -1.82452 1.87359 1.49071 2.69108
1.57941 -1.37432 1.78602 -1.57338 0.171015 2.0527 -1.99755 2.04981 -2.92318 0.0935477 0.750866 0.037447 -1.82452 1.87359 1.49071 2.69108
1.57427 -1.37432 1.78602 -1.57338 0.171015 2.0527 -1.99755 2.04981 -2.92318 0.0935477 0.750866 0.037447 -1.82452 1.87359 1.49071 2.69108
1.56905 -1.37432 1.78602 -1.57338 0.171015 2.0527 -1.99755 2.04981 -2.92318 0.0935477 0.750866 0.037447 -1.82452 1.87359 1.49071 2.69108
1.56378 -1.37432 1.78602 -1.57338 0.171015 2.0527 -1.99755 2.04981 -2.92318 0.0935477 0.750866 0.037447 -1.82452 1.87359 1.49071 2.69108
1.55847 -1.37432 1.78602 -1.57338 0.171015 2.0527 -1.99755 2.04981 -2.92318 0.0935477 0.750866 0.037447 -1.82452 1.87359 1.49071 2.69108
1.55275 -1.37432 1.78602 -1.57338 0.171015 2.0527 -1.99755 2.04981 -2.92318 0.0935477 0.750866 0.037447 -1.82452 1.87359 1.49071 2.69108
1.54728 -1.37432 1.78602 -1.57338 0.171015 2.0527 -1.99755 2.04981 -2.92318 0.0935477 0.750866 0.037447 -1.82452 1.87359 1.49071 2.69108
1.54189 -1.37432 1.78602 -1.57338 0.171015 2.0527 -1.99755 2.04981 -2.92318 0.0935477 0.750866 0.037447 -1.82452 1.87359 1.49071 2.69108
1.53655 -1.37432 1.78602 -1.57338 0.171015 2.0527 -1.99755 2.04981 -2.92318 0.0935477 0.750866 0.037447 -1.82452 1.87359 1.49071 2.69108
1.53113 -1.37432 1.78602 -1.57338 0.171015 2.0527 -1.99755 2.04981 -2.92318 0.0935477 0.750866 0.037447 -1.82452 1.87359 1.49071 2.69108
1.52568 -1.37432 1.78602 -1.57338 0.171015 2.0527 -1.99755 2.04981 -2.92318 0.0935477 0.750866 0.037447 -1.82452 1.87359 1.49071 2.69108
1.52031 -1.37432 1.78602 -1.57338 0.171015 2.0527 -1.99755 2.04981 -2.92318 0.0935477 0.750866 0.037447 -1.82452 1.87359 1.49071 2.69108
1.51491 -1.37432 1.78602 -1.57338 0.171015 2.0527 -1.99755 2.04981 -2.92318 0.0935477 0.750866 0.037447 -1.82452 1.87359 1.49071 2.69108
1.5094 -1.37432 1.78602 -1.57338 0.171015 2.0527 -1.99755 2.04981 -2.92318 0.0935477 0.750866 0.037447 -1.82452 1.87359 1.49071 2.69108
1.50384 -1.37432 1.78602 -1.57338 0.171015 2.0527 -1.99755 2.04981 -2.92318 0.0935477 0.750866 0.037447 -1.82452 1.87359 1.49071 2.69108
1.49834 -1.37432 1.78602 -1.57338 0.171015 2.0527 -1.99755 2.04981 -2.92318 0.0935477 0.750866 0.037447 -1.82452 1.87359 1.49071 2.69108
1.49281 -1.37432 1.78602 -1.57338 0.171015 2.0527 -1.99755 2.04981 -2.92318 0.0935477 0.750866 0.037447 -1.82452 1.87359 1.49071 2.69108
1.48727 -1.37432 1.78602 -1.57338 0.171015 2.0527 -1.99755 2.04981 -2.92318 0.0935477 0.750866 0.037447 -1.82452 1.87359 1.49071 2.69108
1.48165 -1.37432 1.78602 -1.57338 0.171015 2.0527 -1.99755 2.04981 -2.92318 0.0935477 0.750866 0.037447 -1.82452 1.87359 1.49071 2.69108
1.47604 -1.37432 1.78602 -1.57338 0.171015 2.0527 -1.99755 2.04981 -2.92318 0.0935477 0.750866 0.037447 -1.82452 1.87359 1.49071 2.69108
1.47041 -1.37432 1.78602 -1.57338 0.171015 2.0527 -1.99755 2.04981 -2.92318 0.0935477 0.750866 0.037447 -1.82452 1.87359 1.49071 2.69108
