11.36
11.371
11.381
11.392
11.402
11.412
11.423
11.433
11.444
11.455
11.476
11.497
11.518
11.538
11.559
11.579
11.6
11.62
11.641
11.662
11.7
11.739
11.777
11.816
11.854
11.894
11.932
11.971
12.01
12.049
12.089
12.127
12.166
12.204
12.243
12.282
12.321
12.359
12.398
12.437
12.475
12.514
12.553
12.591
12.631
19.647
19.657
19.668
19.678
19.688
19.699
19.709
19.719
19.73
19.742
19.762
19.783
19.803
19.824
19.862
19.901
19.94
19.98
20.02
20.059
20.097
20.136
20.174
20.212
20.251
20.289
20.328
20.367
20.406
20.444
20.482
20.521
20.56
20.598
20.636
20.675
20.713
20.753
20.792
20.831
20.87
20.909
20.948
20.987
21.026
21.064
21.103
21.142
21.18
21.219
21.258
21.296
21.334
21.373
21.411
21.45
21.489
21.528
21.566
21.605
21.644
21.682
21.721
21.76
21.799
21.842
21.881
21.92
21.958
21.997
22.036
22.075
22.113
22.152
22.191
22.229
22.268
22.306
22.345
22.383
22.422
