1.62851 1.53859 0.879072 -1.51968 0.981999 -1.0907 1.07225 -0.789217 1.38802 -2.22399 0.620091 0.718363 1.62994 -0.49702 1.51618 -2.45709
1.62851 1.53859 0.879072 -1.51968 0.981999 -1.0907 1.07225 -0.789217 1.38802 -2.22399 0.620091 0.718363 1.62994 -0.49702 1.51618 -2.45709
1.62852 1.53859 0.879072 -1.51968 0.981999 -1.0907 1.07225 -0.789217 1.38802 -2.22399 0.620091 0.718363 1.62994 -0.49702 1.51618 -2.45709
1.62852 1.53859 0.879072 -1.51968 0.981999 -1.0907 1.07225 -0.789217 1.38802 -2.22399 0.620091 0.718363 1.62994 -0.49702 1.51618 -2.45709
1.62852 1.53859 0.879072 -1.51968 0.981999 -1.0907 1.07225 -0.789217 1.38802 -2.22399 0.620091 0.718363 1.62994 -0.49702 1.51618 -2.45709
1.62904 1.53859 0.879072 -1.51968 0.981999 -1.0907 1.07225 -0.789217 1.38802 -2.22399 0.620091 0.718363 1.62994 -0.49702 1.51618 -2.45709
1.63002 1.53859 0.879072 -1.51968 0.981999 -1.0907 1.07225 -0.789217 1.38802 -2.22399 0.620091 0.718363 1.62994 -0.49702 1.51618 -2.45709
1.63118 1.53859 0.879072 -1.51968 0.981999 -1.0907 1.07225 -0.789217 1.38802 -2.22399 0.620091 0.718363 1.62994 -0.49702 1.51618 -2.45709
1.63234 1.53859 0.879072 -1.51968 0.981999 -1.0907 1.07225 -0.789217 1.38802 -2.22399 0.620091 0.718363 1.62994 -0.49702 1.51618 -2.45709
1.63358 1.53859 0.879072 -1.51968 0.981999 -1.0907 1.07225 -0.789217 1.38802 -2.22399 0.620091 0.718363 1.62994 -0.49702 1.51618 -2.45709
1.63479 1.53859 0.879072 -1.51968 0.981999 -1.0907 1.07225 -0.789217 1.38802 -2.22399 0.620091 0.718363 1.62994 -0.49702 1.51618 -2.45709
1.63605 1.53859 0.879072 -1.51968 0.981999 -1.0907 1.07225 -0.789217 1.38802 -2.22399 0.620091 0.718363 1.62994 -0.49702 1.51618 -2.45709
1.63743 1.53859 0.879072 -1.51968 0.981999 -1.0907 1.07225 -0.789217 1.38802 -2.22399 0.620091 0.718363 1.62994 -0.49702 1.51618 -2.45709
1.63895 1.53859 0.879072 -1.51968 0.981999 -1.0907 1.07225 -0.789217 1.38802 -2.22399 0.620091 0.718363 1.62994 -0.49702 1.51618 -2.45709
1.64059 1.53859 0.879072 -1.51968 0.981999 -1.0907 1.07225 -0.789217 1.38802 -2.22399 0.620091 0.718363 1.62994 -0.49702 1.51618 -2.45709
1.64239 1.53859 0.879072 -1.51968 0.981999 -1.0907 1.07225 -0.789217 1.38802 -2.22399 0.620091 0.718363 1.62994 -0.49702 1.51618 -2.45709
1.6444 1.53859 0.879072 -1.51968 0.981999 -1.0907 1.07225 -0.789217 1.38802 -2.22399 0.620091 0.718363 1.62994 -0.49702 1.51618 -2.45709
1.64647 1.53859 0.879072 -1.51968 0.981999 -1.0907 1.07225 -0.789217 1.38802 -2.22399 0.620091 0.718363 1.62994 -0.49702 1.51618 -2.45709
1.64861 1.53859 0.879072 -1.51968 0.981999 -1.0907 1.07225 -0.789217 1.38802 -2.22399 0.620091 0.718363 1.62994 -0.49702 1.51618 -2.45709
1.65093 1.53859 0.879072 -1.51968 0.981999 -1.0907 1.07225 -0.789217 1.38802 -2.22399 0.620091 0.718363 1.62994 -0.49702 1.51618 -2.45709
1.65573 1.53859 0.879072 -1.51968 0.981999 -1.0907 1.07225 -0.789217 1.38802 -2.22399 0.620091 0.718363 1.62994 -0.49702 1.51618 -2.45709
1.6611 1.53859 0.879072 -1.51968 0.981999 -1.0907 1.07225 -0.789217 1.38802 -2.22399 0.620091 0.718363 1.62994 -0.49702 1.51618 -2.45709
1.66687 1.53859 0.879072 -1.51968 0.981999 -1.0907 1.07225 -0.789217 1.38802 -2.22399 0.620091 0.718363 1.62994 -0.49702 1.51618 -2.45709
1.67265 1.53859 0.879072 -1.51968 0.981999 -1.0907 1.07225 -0.789217 1.38802 -2.22399 0.620091 0.718363 1.62994 -0.49702 1.51618 -2.45709
1.67865 1.53859 0.879072 -1.51968 0.981999 -1.0907 1.07225 -0.789217 1.38802 -2.22399 0.620091 0.718363 1.62994 -0.49702 1.51618 -2.45709
1.68478 1.53859 0.879072 -1.51968 0.981999 -1.0907 1.07225 -0.789217 1.38802 -2.22399 0.620091 0.718363 1.62994 -0.49702 1.51618 -2.45709
1.69105 1.53859 0.879072 -1.51968 0.981999 -1.0907 1.07225 -0.789217 1.38802 -2.22399 0.620091 0.718363 1.62994 -0.49702 1.51618 -2.45709
1.6976 1.53859 0.879072 -1.51968 0.981999 -1.0907 1.07225 -0.789217 1.38802 -2.22399 0.620091 0.718363 1.62994 -0.49702 1.51618 -2.45709
1.70453 1.53859 0.879072 -1.51968 0.981999 -1.0907 1.07225 -0.789217 1.38802 -2.22399 0.620091 0.718363 1.62994 -0.49702 1.51618 -2.45709
1.71191 1.53859 0.879072 -1.51968 0.981999 -1.0907 1.07225 -0.789217 1.38802 -2.22399 0.620091 0.718363 1.62994 -0.49702 1.51618 -2.45709
1.71943 1.53859 0.879072 -1.51968 0.981999 -1.0907 1.07225 -0.789217 1.38802 -2.22399 0.620091 0.718363 1.62994 -0.49702 1.51618 -2.45709
1.72732 1.53859 0.879072 -1.51968 0.981999 -1.0907 1.07225 -0.789217 1.38802 -2.22399 0.620091 0.718363 1.62994 -0.49702 1.51618 -2.45709
1.73542 1.53859 0.879072 -1.51968 0.981999 -1.0907 1.07225 -0.789217 1.38802 -2.22399 0.620091 0.718363 1.62994 -0.49702 1.51618 -2.45709
1.74454 1.53859 0.879072 -1.51968 0.981999 -1.0907 1.07225 -0.789217 1.38802 -2.22399 0.620091 0.718363 1.62994 -0.49702 1.51618 -2.45709
1.75333 1.53859 0.879072 -1.51968 0.981999 -1.0907 1.07225 -0.789217 1.38802 -2.22399 0.620091 0.718363 1.62994 -0.49702 1.51618 -2.45709
1.76243 1.53859 0.879072 -1.51968 0.981999 -1.0907 1.07225 -0.789217 1.38802 -2.22399 0.620091 0.718363 1.62994 -0.49702 1.51618 -2.45709
1.88679 1.53859 0.879072 -1.51968 0.981999 -1.0907 1.07225 -0.789217 1.38802 -2.22399 0.620091 0.718363 1.62994 -0.49702 1.51618 -2.45709
1.8855 1.53859 0.879072 -1.51968 0.981999 -1.0907 1.07225 -0.789217 1.38802 -2.22399 0.620091 0.718363 1.62994 -0.49702 1.51618 -2.45709
1.88397 1.53859 0.879072 -1.51968 0.981999 -1.0907 1.07225 -0.789217 1.38802 -2.22399 0.620091 0.718363 1.62994 -0.49702 1.51618 -2.45709
1.88247 1.53859 0.879072 -1.51968 0.981999 -1.0907 1.07225 -0.789217 1.38802 -2.22399 0.620091 0.718363 1.62994 -0.49702 1.51618 -2.45709
1.88112 1.53859 0.879072 -1.51968 0.981999 -1.0907 1.07225 -0.789217 1.38802 -2.22399 0.620091 0.718363 1.62994 -0.49702 1.51618 -2.45709
1.87977 1.53859 0.879072 -1.51968 0.981999 -1.0907 1.07225 -0.789217 1.38802 -2.22399 0.620091 0.718363 1.62994 -0.49702 1.51618 -2.45709
1.87833 1.53859 0.879072 -1.51968 0.981999 -1.0907 1.07225 -0.789217 1.38802 -2.22399 0.620091 0.718363 1.62994 -0.49702 1.51618 -2.45709
1.87647 1.53859 0.879072 -1.51968 0.981999 -1.0907 1.07225 -0.789217 1.38802 -2.22399 0.620091 0.718363 1.62994 -0.49702 1.51618 -2.45709
1.87447 1.53859 0.879072 -1.51968 0.981999 -1.0907 1.07225 -0.789217 1.38802 -2.22399 0.620091 0.718363 1.62994 -0.49702 1.51618 -2.45709
1.87241 1.53859 0.879072 -1.51968 0.981999 -1.0907 1.07225 -0.789217 1.38802 -2.22399 0.620091 0.718363 1.62994 -0.49702 1.51618 -2.45709
1.87033 1.53859 0.879072 -1.51968 0.981999 -1.0907 1.07225 -0.789217 1.38802 -2.22399 0.620091 0.718363 1.62994 -0.49702 1.51618 -2.45709
1.86823 1.53859 0.879072 -1.51968 0.981999 -1.0907 1.07225 -0.789217 1.38802 -2.22399 0.620091 0.718363 1.62994 -0.49702 1.51618 -2.45709
1.86614 1.53859 0.879072 -1.51968 0.981999 -1.0907 1.07225 -0.789217 1.38802 -2.22399 0.620091 0.718363 1.62994 -0.49702 1.51618 -2.45709
1.86403 1.53859 0.879072 -1.51968 0.981999 -1.0907 1.07225 -0.789217 1.38802 -2.22399 0.620091 0.718363 1.62994 -0.49702 1.51618 -2.45709
1.86192 1.53859 0.879072 -1.51968 0.981999 -1.0907 1.07225 -0.789217 1.38802 -2.22399 0.620091 0.718363 1.62994 -0.49702 1.51618 -2.45709
1.85984 1.53859 0.879072 -1.51968 0.981999 -1.0907 1.07225 -0.789217 1.38802 -2.22399 0.620091 0.718363 1.62994 -0.49702 1.51618 -2.45709
1.85775 1.53859 0.879072 -1.51968 0.981999 -1.0907 1.07225 -0.789217 1.38802 -2.22399 0.620091 0.718363 1.62994 -0.49702 1.51618 -2.45709
1.85569 1.53859 0.879072 -1.51968 0.981999 -1.0907 1.07225 -0.789217 1.38802 -2.22399 0.620091 0.718363 1.62994 -0.49702 1.51618 -2.45709
1.85186 1.53859 0.879072 -1.51968 0.981999 -1.0907 1.07225 -0.789217 1.38802 -2.22399 0.620091 0.718363 1.62994 -0.49702 1.51618 -2.45709
1.84807 1.53859 0.879072 -1.51968 0.981999 -1.0907 1.07225 -0.789217 1.38802 -2.22399 0.620091 0.718363 1.62994 -0.49702 1.51618 -2.45709
1.84418 1.53859 0.879072 -1.51968 0.981999 -1.0907 1.07225 -0.789217 1.38802 -2.22399 0.620091 0.718363 1.62994 -0.49702 1.51618 -2.45709
1.84011 1.53859 0.879072 -1.51968 0.981999 -1.0907 1.07225 -0.789217 1.38802 -2.22399 0.620091 0.718363 1.62994 -0.49702 1.51618 -2.45709
1.83618 1.53859 0.879072 -1.51968 0.981999 -1.0907 1.07225 -0.789217 1.38802 -2.22399 0.620091 0.718363 1.62994 -0.49702 1.51618 -2.45709
1.83215 1.53859 0.879072 -1.51968 0.981999 -1.0907 1.07225 -0.789217 1.38802 -2.22399 0.620091 0.718363 1.62994 -0.49702 1.51618 -2.45709
1.82811 1.53859 0.879072 -1.51968 0.981999 -1.0907 1.07225 -0.789217 1.38802 -2.22399 0.620091 0.718363 1.62994 -0.49702 1.51618 -2.45709
1.82399 1.53859 0.879072 -1.51968 0.981999 -1.0907 1.07225 -0.789217 1.38802 -2.22399 0.620091 0.718363 1.62994 -0.49702 1.51618 -2.45709
1.81989 1.53859 0.879072 -1.51968 0.981999 -1.0907 1.07225 -0.789217 1.38802 -2.22399 0.620091 0.718363 1.62994 -0.49702 1.51618 -2.45709
1.81586 1.53859 0.879072 -1.51968 0.981999 -1.0907 1.07225 -0.789217 1.38802 -2.22399 0.620091 0.718363 1.62994 -0.49702 1.51618 -2.45709
1.81181 1.53859 0.879072 -1.51968 0.981999 -1.0907 1.07225 -0.789217 1.38802 -2.22399 0.620091 0.718363 1.62994 -0.49702 1.51618 -2.45709
1.80772 1.53859 0.879072 -1.51968 0.981999 -1.0907 1.07225 -0.789217 1.38802 -2.22399 0.620091 0.718363 1.62994 -0.49702 1.51618 -2.45709
1.80357 1.53859 0.879072 -1.51968 0.981999 -1.0907 1.07225 -0.789217 1.38802 -2.22399 0.620091 0.718363 1.62994 -0.49702 1.51618 -2.45709
1.79943 1.53859 0.879072 -1.51968 0.981999 -1.0907 1.07225 -0.789217 1.38802 -2.22399 0.620091 0.718363 1.62994 -0.49702 1.51618 -2.45709
1.79527 1.53859 0.879072 -1.51968 0.981999 -1.0907 1.07225 -0.789217 1.38802 -2.22399 0.620091 0.718363 1.62994 -0.49702 1.51618 -2.45709
1.79105 1.53859 0.879072 -1.51968 0.981999 -1.0907 1.07225 -0.789217 1.38802 -2.22399 0.620091 0.718363 1.62994 -0.49702 1.51618 -2.45709
1.78677 1.53859 0.879072 -1.51968 0.981999 -1.0907 1.07225 -0.789217 1.38802 -2.22399 0.620091 0.718363 1.62994 -0.49702 1.51618 -2.45709
1.78242 1.53859 0.879072 -1.51968 0.981999 -1.0907 1.07225 -0.789217 1.38802 -2.22399 0.620091 0.718363 1.62994 -0.49702 1.51618 -2.45709
1.77806 1.53859 0.879072 -1.51968 0.981999 -1.0907 1.07225 -0.789217 1.38802 -2.22399 0.620091 0.718363 1.62994 -0.49702 1.51618 -2.45709
1.77377 1.53859 0.879072 -1.51968 0.981999 -1.0907 1.07225 -0.789217 1.38802 -2.22399 0.620091 0.718363 1.62994 -0.49702 1.51618 -2.45709
1.76949 1.53859 0.879072 -1.51968 0.981999 -1.0907 1.07225 -0.789217 1.38802 -2.22399 0.620091 0.718363 1.62994 -0.49702 1.51618 -2.45709
1.76513 1.53859 0.879072 -1.51968 0.981999 -1.0907 1.07225 -0.789217 1.38802 -2.22399 0.620091 0.718363 1.62994 -0.49702 1.51618 -2.45709
1.76077 1.53859 0.879072 -1.51968 0.981999 -1.0907 1.07225 -0.789217 1.38802 -2.22399 0.620091 0.718363 1.62994 -0.49702 1.51618 -2.45709
1.75642 1.53859 0.879072 -1.51968 0.981999 -1.0907 1.07225 -0.789217 1.38802 -2.22399 0.620091 0.718363 1.62994 -0.49702 1.51618 -2.45709
1.7521 1.53859 0.879072 -1.51968 0.981999 -1.0907 1.07225 -0.789217 1.38802 -2.22399 0.620091 0.718363 1.62994 -0.49702 1.51618 -2.45709
1.7477 1.53859 0.879072 -1.51968 0.981999 -1.0907 1.07225 -0.789217 1.38802 -2.22399 0.620091 0.718363 1.62994 -0.49702 1.51618 -2.45709
1.74327 1.53859 0.879072 -1.51968 0.981999 -1.0907 1.07225 -0.789217 1.38802 -2.22399 0.620091 0.718363 1.62994 -0.49702 1.51618 -2.45709
1.73881 1.53859 0.879072 -1.51968 0.981999 -1.0907 1.07225 -0.789217 1.38802 -2.22399 0.620091 0.718363 1.62994 -0.49702 1.51618 -2.45709
1.73436 1.53859 0.879072 -1.51968 0.981999 -1.0907 1.07225 -0.789217 1.38802 -2.22399 0.620091 0.718363 1.62994 -0.49702 1.51618 -2.45709
1.72984 1.53859 0.879072 -1.51968 0.981999 -1.0907 1.07225 -0.789217 1.38802 -2.22399 0.620091 0.718363 1.62994 -0.49702 1.51618 -2.45709
1.7253 1.53859 0.879072 -1.51968 0.981999 -1.0907 1.07225 -0.789217 1.38802 -2.22399 0.620091 0.718363 1.62994 -0.49702 1.51618 -2.45709
1.72076 1.53859 0.879072 -1.51968 0.981999 -1.0907 1.07225 -0.789217 1.38802 -2.22399 0.620091 0.718363 1.62994 -0.49702 1.51618 -2.45709
1.71626 1.53859 0.879072 -1.51968 0.981999 -1.0907 1.07225 -0.789217 1.38802 -2.22399 0.620091 0.718363 1.62994 -0.49702 1.51618 -2.45709
1.71176 1.53859 0.879072 -1.51968 0.981999 -1.0907 1.07225 -0.789217 1.38802 -2.22399 0.620091 0.718363 1.62994 -0.49702 1.51618 -2.45709
1.70715 1.53859 0.879072 -1.51968 0.981999 -1.0907 1.07225 -0.789217 1.38802 -2.22399 0.620091 0.718363 1.62994 -0.49702 1.51618 -2.45709
1.70247 1.53859 0.879072 -1.51968 0.981999 -1.0907 1.07225 -0.789217 1.38802 -2.22399 0.620091 0.718363 1.62994 -0.49702 1.51618 -2.45709
1.69779 1.53859 0.879072 -1.51968 0.981999 -1.0907 1.07225 -0.789217 1.38802 -2.22399 0.620091 0.718363 1.62994 -0.49702 1.51618 -2.45709
1.69312 1.53859 0.879072 -1.51968 0.981999 -1.0907 1.07225 -0.789217 1.38802 -2.22399 0.620091 0.718363 1.62994 -0.49702 1.51618 -2.45709
1.68841 1.53859 0.879072 -1.51968 0.981999 -1.0907 1.07225 -0.789217 1.38802 -2.22399 0.620091 0.718363 1.62994 -0.49702 1.51618 -2.45709
1.6836 1.53859 0.879072 -1.51968 0.981999 -1.0907 1.07225 -0.789217 1.38802 -2.22399 0.620091 0.718363 1.62994 -0.49702 1.51618 -2.45709
1.67884 1.53859 0.879072 -1.51968 0.981999 -1.0907 1.07225 -0.789217 1.38802 -2.22399 0.620091 0.718363 1.62994 -0.49702 1.51618 -2.45709
1.67389 1.53859 0.879072 -1.51968 0.981999 -1.0907 1.07225 -0.789217 1.38802 -2.22399 0.620091 0.718363 1.62994 -0.49702 1.51618 -2.45709
1.66911 1.53859 0.879072 -1.51968 0.981999 -1.0907 1.07225 -0.789217 1.38802 -2.22399 0.620091 0.718363 1.62994 -0.49702 1.51618 -2.45709
1.66429 1.53859 0.879072 -1.51968 0.981999 -1.0907 1.07225 -0.789217 1.38802 -2.22399 0.620091 0.718363 1.62994 -0.49702 1.51618 -2.45709
1.65949 1.53859 0.879072 -1.51968 0.981999 -1.0907 1.07225 -0.789217 1.38802 -2.22399 0.620091 0.718363 1.62994 -0.49702 1.51618 -2.45709
1.65469 1.53859 0.879072 -1.51968 0.981999 -1.0907 1.07225 -0.789217 1.38802 -2.22399 0.620091 0.718363 1.62994 -0.49702 1.51618 -2.45709
1.64982 1.53859 0.879072 -1.51968 0.981999 -1.0907 1.07225 -0.789217 1.38802 -2.22399 0.620091 0.718363 1.62994 -0.49702 1.51618 -2.45709
1.64496 1.53859 0.879072 -1.51968 0.981999 -1.0907 1.07225 -0.789217 1.38802 -2.22399 0.620091 0.718363 1.62994 -0.49702 1.51618 -2.45709
1.64001 1.53859 0.879072 -1.51968 0.981999 -1.0907 1.07225 -0.789217 1.38802 -2.22399 0.620091 0.718363 1.62994 -0.49702 1.51618 -2.45709
1.6351 1.53859 0.879072 -1.51968 0.981999 -1.0907 1.07225 -0.789217 1.38802 -2.22399 0.620091 0.718363 1.62994 -0.49702 1.51618 -2.45709
1.6301 1.53859 0.879072 -1.51968 0.981999 -1.0907 1.07225 -0.789217 1.38802 -2.22399 0.620091 0.718363 1.62994 -0.49702 1.51618 -2.45709
1.62497 1.53859 0.879072 -1.51968 0.981999 -1.0907 1.07225 -0.789217 1.38802 -2.22399 0.620091 0.718363 1.62994 -0.49702 1.51618 -2.45709
1.61998 1.53859 0.879072 -1.51968 0.981999 -1.0907 1.07225 -0.789217 1.38802 -2.22399 0.620091 0.718363 1.62994 -0.49702 1.51618 -2.45709
1.61495 1.53859 0.879072 -1.51968 0.981999 -1.0907 1.07225 -0.789217 1.38802 -2.22399 0.620091 0.718363 1.62994 -0.49702 1.51618 -2.45709
1.60986 1.53859 0.879072 -1.51968 0.981999 -1.0907 1.07225 -0.789217 1.38802 -2.22399 0.620091 0.718363 1.62994 -0.49702 1.51618 -2.45709
1.60479 1.53859 0.879072 -1.51968 0.981999 -1.0907 1.07225 -0.789217 1.38802 -2.22399 0.620091 0.718363 1.62994 -0.49702 1.51618 -2.45709
1.59967 1.53859 0.879072 -1.51968 0.981999 -1.0907 1.07225 -0.789217 1.38802 -2.22399 0.620091 0.718363 1.62994 -0.49702 1.51618 -2.45709
1.59446 1.53859 0.879072 -1.51968 0.981999 -1.0907 1.07225 -0.789217 1.38802 -2.22399 0.620091 0.718363 1.62994 -0.49702 1.51618 -2.45709
1.58928 1.53859 0.879072 -1.51968 0.981999 -1.0907 1.07225 -0.789217 1.38802 -2.22399 0.620091 0.718363 1.62994 -0.49702 1.51618 -2.45709
1.58395 1.53859 0.879072 -1.51968 0.981999 -1.0907 1.07225 -0.789217 1.38802 -2.22399 0.620091 0.718363 1.62994 -0.49702 1.51618 -2.45709
1.57867 1.53859 0.879072 -1.51968 0.981999 -1.0907 1.07225 -0.789217 1.38802 -2.22399 0.620091 0.718363 1.62994 -0.49702 1.51618 -2.45709
1.57322 1.53859 0.879072 -1.51968 0.981999 -1.0907 1.07225 -0.789217 1.38802 -2.22399 0.620091 0.718363 1.62994 -0.49702 1.51618 -2.45709
