19.784
19.795
19.805
19.816
19.826
19.836
19.847
19.857
19.867
19.88
19.9
19.921
19.941
19.962
19.982
20.003
20.024
20.045
20.065
20.086
20.126
20.164
20.203
20.241
20.279
20.318
20.356
20.394
20.433
20.472
20.511
20.55
20.588
20.63
20.669
20.707
33.848
33.859
33.869
33.879
33.89
33.9
33.91
33.921
33.931
33.944
33.964
33.984
34.005
34.026
34.046
34.067
34.087
34.108
34.146
34.185
34.224
34.263
34.302
34.34
34.379
34.418
34.456
34.495
34.533
34.572
34.611
34.649
34.688
34.727
34.766
34.806
34.845
34.883
34.922
34.961
34.999
35.038
35.076
35.115
35.153
35.191
35.23
35.269
35.308
35.346
35.384
35.423
35.462
35.5
35.539
35.578
35.617
35.656
35.695
35.735
35.773
35.812
35.85
35.888
35.927
35.965
36.003
36.042
36.081
36.12
36.158
36.197
36.235
36.274
36.312
36.351
36.39
36.429
36.469
36.508
