1.49077 0.516552 -1.43868 1.02632 0.676256 0.907582 1.87234 1.40931 2.35771 -2.21901 -0.0105755 2.89435 -1.07047 0.416153 -1.04564 -0.559235
1.49077 0.516552 -1.43868 1.02632 0.676256 0.907582 1.87234 1.40931 2.35771 -2.21901 -0.0105755 2.89435 -1.07047 0.416153 -1.04564 -0.559235
1.49077 0.516552 -1.43868 1.02632 0.676256 0.907582 1.87234 1.40931 2.35771 -2.21901 -0.0105755 2.89435 -1.07047 0.416153 -1.04564 -0.559235
1.49077 0.516552 -1.43868 1.02632 0.676256 0.907582 1.87234 1.40931 2.35771 -2.21901 -0.0105755 2.89435 -1.07047 0.416153 -1.04564 -0.559235
1.49077 0.516552 -1.43868 1.02632 0.676256 0.907582 1.87234 1.40931 2.35771 -2.21901 -0.0105755 2.89435 -1.07047 0.416153 -1.04564 -0.559235
1.49077 0.516552 -1.43868 1.02632 0.676256 0.907582 1.87234 1.40931 2.35771 -2.21901 -0.0105755 2.89435 -1.07047 0.416153 -1.04564 -0.559235
1.49077 0.516552 -1.43868 1.02632 0.676256 0.907582 1.87234 1.40931 2.35771 -2.21901 -0.0105755 2.89435 -1.07047 0.416153 -1.04564 -0.559235
1.49077 0.516552 -1.43868 1.02632 0.676256 0.907582 1.87234 1.40931 2.35771 -2.21901 -0.0105755 2.89435 -1.07047 0.416153 -1.04564 -0.559235
1.49077 0.516552 -1.43868 1.02632 0.676256 0.907582 1.87234 1.40931 2.35771 -2.21901 -0.0105755 2.89435 -1.07047 0.416153 -1.04564 -0.559235
1.49092 0.516552 -1.43868 1.02632 0.676256 0.907582 1.87234 1.40931 2.35771 -2.21901 -0.0105755 2.89435 -1.07047 0.416153 -1.04564 -0.559235
1.49156 0.516552 -1.43868 1.02632 0.676256 0.907582 1.87234 1.40931 2.35771 -2.21901 -0.0105755 2.89435 -1.07047 0.416153 -1.04564 -0.559235
1.49236 0.516552 -1.43868 1.02632 0.676256 0.907582 1.87234 1.40931 2.35771 -2.21901 -0.0105755 2.89435 -1.07047 0.416153 -1.04564 -0.559235
1.49316 0.516552 -1.43868 1.02632 0.676256 0.907582 1.87234 1.40931 2.35771 -2.21901 -0.0105755 2.89435 -1.07047 0.416153 -1.04564 -0.559235
1.4939 0.516552 -1.43868 1.02632 0.676256 0.907582 1.87234 1.40931 2.35771 -2.21901 -0.0105755 2.89435 -1.07047 0.416153 -1.04564 -0.559235
1.49469 0.516552 -1.43868 1.02632 0.676256 0.907582 1.87234 1.40931 2.35771 -2.21901 -0.0105755 2.89435 -1.07047 0.416153 -1.04564 -0.559235
1.49554 0.516552 -1.43868 1.02632 0.676256 0.907582 1.87234 1.40931 2.35771 -2.21901 -0.0105755 2.89435 -1.07047 0.416153 -1.04564 -0.559235
1.4964 0.516552 -1.43868 1.02632 0.676256 0.907582 1.87234 1.40931 2.35771 -2.21901 -0.0105755 2.89435 -1.07047 0.416153 -1.04564 -0.559235
1.49732 0.516552 -1.43868 1.02632 0.676256 0.907582 1.87234 1.40931 2.35771 -2.21901 -0.0105755 2.89435 -1.07047 0.416153 -1.04564 -0.559235
1.49835 0.516552 -1.43868 1.02632 0.676256 0.907582 1.87234 1.40931 2.35771 -2.21901 -0.0105755 2.89435 -1.07047 0.416153 -1.04564 -0.559235
1.49948 0.516552 -1.43868 1.02632 0.676256 0.907582 1.87234 1.40931 2.35771 -2.21901 -0.0105755 2.89435 -1.07047 0.416153 -1.04564 -0.559235
1.50193 0.516552 -1.43868 1.02632 0.676256 0.907582 1.87234 1.40931 2.35771 -2.21901 -0.0105755 2.89435 -1.07047 0.416153 -1.04564 -0.559235
1.50528 0.516552 -1.43868 1.02632 0.676256 0.907582 1.87234 1.40931 2.35771 -2.21901 -0.0105755 2.89435 -1.07047 0.416153 -1.04564 -0.559235
1.50861 0.516552 -1.43868 1.02632 0.676256 0.907582 1.87234 1.40931 2.35771 -2.21901 -0.0105755 2.89435 -1.07047 0.416153 -1.04564 -0.559235
1.512 0.516552 -1.43868 1.02632 0.676256 0.907582 1.87234 1.40931 2.35771 -2.21901 -0.0105755 2.89435 -1.07047 0.416153 -1.04564 -0.559235
1.5155 0.516552 -1.43868 1.02632 0.676256 0.907582 1.87234 1.40931 2.35771 -2.21901 -0.0105755 2.89435 -1.07047 0.416153 -1.04564 -0.559235
1.51914 0.516552 -1.43868 1.02632 0.676256 0.907582 1.87234 1.40931 2.35771 -2.21901 -0.0105755 2.89435 -1.07047 0.416153 -1.04564 -0.559235
1.52297 0.516552 -1.43868 1.02632 0.676256 0.907582 1.87234 1.40931 2.35771 -2.21901 -0.0105755 2.89435 -1.07047 0.416153 -1.04564 -0.559235
1.52712 0.516552 -1.43868 1.02632 0.676256 0.907582 1.87234 1.40931 2.35771 -2.21901 -0.0105755 2.89435 -1.07047 0.416153 -1.04564 -0.559235
1.53116 0.516552 -1.43868 1.02632 0.676256 0.907582 1.87234 1.40931 2.35771 -2.21901 -0.0105755 2.89435 -1.07047 0.416153 -1.04564 -0.559235
1.53526 0.516552 -1.43868 1.02632 0.676256 0.907582 1.87234 1.40931 2.35771 -2.21901 -0.0105755 2.89435 -1.07047 0.416153 -1.04564 -0.559235
1.53964 0.516552 -1.43868 1.02632 0.676256 0.907582 1.87234 1.40931 2.35771 -2.21901 -0.0105755 2.89435 -1.07047 0.416153 -1.04564 -0.559235
1.54436 0.516552 -1.43868 1.02632 0.676256 0.907582 1.87234 1.40931 2.35771 -2.21901 -0.0105755 2.89435 -1.07047 0.416153 -1.04564 -0.559235
1.54931 0.516552 -1.43868 1.02632 0.676256 0.907582 1.87234 1.40931 2.35771 -2.21901 -0.0105755 2.89435 -1.07047 0.416153 -1.04564 -0.559235
1.55424 0.516552 -1.43868 1.02632 0.676256 0.907582 1.87234 1.40931 2.35771 -2.21901 -0.0105755 2.89435 -1.07047 0.416153 -1.04564 -0.559235
1.55963 0.516552 -1.43868 1.02632 0.676256 0.907582 1.87234 1.40931 2.35771 -2.21901 -0.0105755 2.89435 -1.07047 0.416153 -1.04564 -0.559235
1.56506 0.516552 -1.43868 1.02632 0.676256 0.907582 1.87234 1.40931 2.35771 -2.21901 -0.0105755 2.89435 -1.07047 0.416153 -1.04564 -0.559235
1.57065 0.516552 -1.43868 1.02632 0.676256 0.907582 1.87234 1.40931 2.35771 -2.21901 -0.0105755 2.89435 -1.07047 0.416153 -1.04564 -0.559235
1.57637 0.516552 -1.43868 1.02632 0.676256 0.907582 1.87234 1.40931 2.35771 -2.21901 -0.0105755 2.89435 -1.07047 0.416153 -1.04564 -0.559235
1.58239 0.516552 -1.43868 1.02632 0.676256 0.907582 1.87234 1.40931 2.35771 -2.21901 -0.0105755 2.89435 -1.07047 0.416153 -1.04564 -0.559235
1.58853 0.516552 -1.43868 1.02632 0.676256 0.907582 1.87234 1.40931 2.35771 -2.21901 -0.0105755 2.89435 -1.07047 0.416153 -1.04564 -0.559235
1.59484 0.516552 -1.43868 1.02632 0.676256 0.907582 1.87234 1.40931 2.35771 -2.21901 -0.0105755 2.89435 -1.07047 0.416153 -1.04564 -0.559235
1.60129 0.516552 -1.43868 1.02632 0.676256 0.907582 1.87234 1.40931 2.35771 -2.21901 -0.0105755 2.89435 -1.07047 0.416153 -1.04564 -0.559235
1.60809 0.516552 -1.43868 1.02632 0.676256 0.907582 1.87234 1.40931 2.35771 -2.21901 -0.0105755 2.89435 -1.07047 0.416153 -1.04564 -0.559235
1.61504 0.516552 -1.43868 1.02632 0.676256 0.907582 1.87234 1.40931 2.35771 -2.21901 -0.0105755 2.89435 -1.07047 0.416153 -1.04564 -0.559235
1.62248 0.516552 -1.43868 1.02632 0.676256 0.907582 1.87234 1.40931 2.35771 -2.21901 -0.0105755 2.89435 -1.07047 0.416153 -1.04564 -0.559235
1.63001 0.516552 -1.43868 1.02632 0.676256 0.907582 1.87234 1.40931 2.35771 -2.21901 -0.0105755 2.89435 -1.07047 0.416153 -1.04564 -0.559235
1.63778 0.516552 -1.43868 1.02632 0.676256 0.907582 1.87234 1.40931 2.35771 -2.21901 -0.0105755 2.89435 -1.07047 0.416153 -1.04564 -0.559235
1.64596 0.516552 -1.43868 1.02632 0.676256 0.907582 1.87234 1.40931 2.35771 -2.21901 -0.0105755 2.89435 -1.07047 0.416153 -1.04564 -0.559235
1.65432 0.516552 -1.43868 1.02632 0.676256 0.907582 1.87234 1.40931 2.35771 -2.21901 -0.0105755 2.89435 -1.07047 0.416153 -1.04564 -0.559235
1.66311 0.516552 -1.43868 1.02632 0.676256 0.907582 1.87234 1.40931 2.35771 -2.21901 -0.0105755 2.89435 -1.07047 0.416153 -1.04564 -0.559235
1.67221 0.516552 -1.43868 1.02632 0.676256 0.907582 1.87234 1.40931 2.35771 -2.21901 -0.0105755 2.89435 -1.07047 0.416153 -1.04564 -0.559235
1.68164 0.516552 -1.43868 1.02632 0.676256 0.907582 1.87234 1.40931 2.35771 -2.21901 -0.0105755 2.89435 -1.07047 0.416153 -1.04564 -0.559235
1.69151 0.516552 -1.43868 1.02632 0.676256 0.907582 1.87234 1.40931 2.35771 -2.21901 -0.0105755 2.89435 -1.07047 0.416153 -1.04564 -0.559235
1.70177 0.516552 -1.43868 1.02632 0.676256 0.907582 1.87234 1.40931 2.35771 -2.21901 -0.0105755 2.89435 -1.07047 0.416153 -1.04564 -0.559235
1.76561 0.516552 -1.43868 1.02632 0.676256 0.907582 1.87234 1.40931 2.35771 -2.21901 -0.0105755 2.89435 -1.07047 0.416153 -1.04564 -0.559235
1.76459 0.516552 -1.43868 1.02632 0.676256 0.907582 1.87234 1.40931 2.35771 -2.21901 -0.0105755 2.89435 -1.07047 0.416153 -1.04564 -0.559235
1.76324 0.516552 -1.43868 1.02632 0.676256 0.907582 1.87234 1.40931 2.35771 -2.21901 -0.0105755 2.89435 -1.07047 0.416153 -1.04564 -0.559235
1.76176 0.516552 -1.43868 1.02632 0.676256 0.907582 1.87234 1.40931 2.35771 -2.21901 -0.0105755 2.89435 -1.07047 0.416153 -1.04564 -0.559235
1.76034 0.516552 -1.43868 1.02632 0.676256 0.907582 1.87234 1.40931 2.35771 -2.21901 -0.0105755 2.89435 -1.07047 0.416153 -1.04564 -0.559235
1.75898 0.516552 -1.43868 1.02632 0.676256 0.907582 1.87234 1.40931 2.35771 -2.21901 -0.0105755 2.89435 -1.07047 0.416153 -1.04564 -0.559235
1.75791 0.516552 -1.43868 1.02632 0.676256 0.907582 1.87234 1.40931 2.35771 -2.21901 -0.0105755 2.89435 -1.07047 0.416153 -1.04564 -0.559235
1.7568 0.516552 -1.43868 1.02632 0.676256 0.907582 1.87234 1.40931 2.35771 -2.21901 -0.0105755 2.89435 -1.07047 0.416153 -1.04564 -0.559235
1.75571 0.516552 -1.43868 1.02632 0.676256 0.907582 1.87234 1.40931 2.35771 -2.21901 -0.0105755 2.89435 -1.07047 0.416153 -1.04564 -0.559235
1.75417 0.516552 -1.43868 1.02632 0.676256 0.907582 1.87234 1.40931 2.35771 -2.21901 -0.0105755 2.89435 -1.07047 0.416153 -1.04564 -0.559235
1.75228 0.516552 -1.43868 1.02632 0.676256 0.907582 1.87234 1.40931 2.35771 -2.21901 -0.0105755 2.89435 -1.07047 0.416153 -1.04564 -0.559235
1.75024 0.516552 -1.43868 1.02632 0.676256 0.907582 1.87234 1.40931 2.35771 -2.21901 -0.0105755 2.89435 -1.07047 0.416153 -1.04564 -0.559235
1.74615 0.516552 -1.43868 1.02632 0.676256 0.907582 1.87234 1.40931 2.35771 -2.21901 -0.0105755 2.89435 -1.07047 0.416153 -1.04564 -0.559235
1.7421 0.516552 -1.43868 1.02632 0.676256 0.907582 1.87234 1.40931 2.35771 -2.21901 -0.0105755 2.89435 -1.07047 0.416153 -1.04564 -0.559235
1.73802 0.516552 -1.43868 1.02632 0.676256 0.907582 1.87234 1.40931 2.35771 -2.21901 -0.0105755 2.89435 -1.07047 0.416153 -1.04564 -0.559235
1.73397 0.516552 -1.43868 1.02632 0.676256 0.907582 1.87234 1.40931 2.35771 -2.21901 -0.0105755 2.89435 -1.07047 0.416153 -1.04564 -0.559235
1.72994 0.516552 -1.43868 1.02632 0.676256 0.907582 1.87234 1.40931 2.35771 -2.21901 -0.0105755 2.89435 -1.07047 0.416153 -1.04564 -0.559235
1.72584 0.516552 -1.43868 1.02632 0.676256 0.907582 1.87234 1.40931 2.35771 -2.21901 -0.0105755 2.89435 -1.07047 0.416153 -1.04564 -0.559235
1.72175 0.516552 -1.43868 1.02632 0.676256 0.907582 1.87234 1.40931 2.35771 -2.21901 -0.0105755 2.89435 -1.07047 0.416153 -1.04564 -0.559235
1.71768 0.516552 -1.43868 1.02632 0.676256 0.907582 1.87234 1.40931 2.35771 -2.21901 -0.0105755 2.89435 -1.07047 0.416153 -1.04564 -0.559235
1.71349 0.516552 -1.43868 1.02632 0.676256 0.907582 1.87234 1.40931 2.35771 -2.21901 -0.0105755 2.89435 -1.07047 0.416153 -1.04564 -0.559235
1.70935 0.516552 -1.43868 1.02632 0.676256 0.907582 1.87234 1.40931 2.35771 -2.21901 -0.0105755 2.89435 -1.07047 0.416153 -1.04564 -0.559235
1.70516 0.516552 -1.43868 1.02632 0.676256 0.907582 1.87234 1.40931 2.35771 -2.21901 -0.0105755 2.89435 -1.07047 0.416153 -1.04564 -0.559235
1.70102 0.516552 -1.43868 1.02632 0.676256 0.907582 1.87234 1.40931 2.35771 -2.21901 -0.0105755 2.89435 -1.07047 0.416153 -1.04564 -0.559235
1.69685 0.516552 -1.43868 1.02632 0.676256 0.907582 1.87234 1.40931 2.35771 -2.21901 -0.0105755 2.89435 -1.07047 0.416153 -1.04564 -0.559235
1.69264 0.516552 -1.43868 1.02632 0.676256 0.907582 1.87234 1.40931 2.35771 -2.21901 -0.0105755 2.89435 -1.07047 0.416153 -1.04564 -0.559235
1.68839 0.516552 -1.43868 1.02632 0.676256 0.907582 1.87234 1.40931 2.35771 -2.21901 -0.0105755 2.89435 -1.07047 0.416153 -1.04564 -0.559235
1.68413 0.516552 -1.43868 1.02632 0.676256 0.907582 1.87234 1.40931 2.35771 -2.21901 -0.0105755 2.89435 -1.07047 0.416153 -1.04564 -0.559235
1.67987 0.516552 -1.43868 1.02632 0.676256 0.907582 1.87234 1.40931 2.35771 -2.21901 -0.0105755 2.89435 -1.07047 0.416153 -1.04564 -0.559235
1.67556 0.516552 -1.43868 1.02632 0.676256 0.907582 1.87234 1.40931 2.35771 -2.21901 -0.0105755 2.89435 -1.07047 0.416153 -1.04564 -0.559235
1.67091 0.516552 -1.43868 1.02632 0.676256 0.907582 1.87234 1.40931 2.35771 -2.21901 -0.0105755 2.89435 -1.07047 0.416153 -1.04564 -0.559235
1.66625 0.516552 -1.43868 1.02632 0.676256 0.907582 1.87234 1.40931 2.35771 -2.21901 -0.0105755 2.89435 -1.07047 0.416153 -1.04564 -0.559235
1.66184 0.516552 -1.43868 1.02632 0.676256 0.907582 1.87234 1.40931 2.35771 -2.21901 -0.0105755 2.89435 -1.07047 0.416153 -1.04564 -0.559235
1.65752 0.516552 -1.43868 1.02632 0.676256 0.907582 1.87234 1.40931 2.35771 -2.21901 -0.0105755 2.89435 -1.07047 0.416153 -1.04564 -0.559235
1.65316 0.516552 -1.43868 1.02632 0.676256 0.907582 1.87234 1.40931 2.35771 -2.21901 -0.0105755 2.89435 -1.07047 0.416153 -1.04564 -0.559235
1.64868 0.516552 -1.43868 1.02632 0.676256 0.907582 1.87234 1.40931 2.35771 -2.21901 -0.0105755 2.89435 -1.07047 0.416153 -1.04564 -0.559235
1.64416 0.516552 -1.43868 1.02632 0.676256 0.907582 1.87234 1.40931 2.35771 -2.21901 -0.0105755 2.89435 -1.07047 0.416153 -1.04564 -0.559235
1.63961 0.516552 -1.43868 1.02632 0.676256 0.907582 1.87234 1.40931 2.35771 -2.21901 -0.0105755 2.89435 -1.07047 0.416153 -1.04564 -0.559235
1.63509 0.516552 -1.43868 1.02632 0.676256 0.907582 1.87234 1.40931 2.35771 -2.21901 -0.0105755 2.89435 -1.07047 0.416153 -1.04564 -0.559235
1.6304 0.516552 -1.43868 1.02632 0.676256 0.907582 1.87234 1.40931 2.35771 -2.21901 -0.0105755 2.89435 -1.07047 0.416153 -1.04564 -0.559235
1.62575 0.516552 -1.43868 1.02632 0.676256 0.907582 1.87234 1.40931 2.35771 -2.21901 -0.0105755 2.89435 -1.07047 0.416153 -1.04564 -0.559235
1.62111 0.516552 -1.43868 1.02632 0.676256 0.907582 1.87234 1.40931 2.35771 -2.21901 -0.0105755 2.89435 -1.07047 0.416153 -1.04564 -0.559235
1.61653 0.516552 -1.43868 1.02632 0.676256 0.907582 1.87234 1.40931 2.35771 -2.21901 -0.0105755 2.89435 -1.07047 0.416153 -1.04564 -0.559235
1.61189 0.516552 -1.43868 1.02632 0.676256 0.907582 1.87234 1.40931 2.35771 -2.21901 -0.0105755 2.89435 -1.07047 0.416153 -1.04564 -0.559235
1.60727 0.516552 -1.43868 1.02632 0.676256 0.907582 1.87234 1.40931 2.35771 -2.21901 -0.0105755 2.89435 -1.07047 0.416153 -1.04564 -0.559235
1.60263 0.516552 -1.43868 1.02632 0.676256 0.907582 1.87234 1.40931 2.35771 -2.21901 -0.0105755 2.89435 -1.07047 0.416153 -1.04564 -0.559235
1.59801 0.516552 -1.43868 1.02632 0.676256 0.907582 1.87234 1.40931 2.35771 -2.21901 -0.0105755 2.89435 -1.07047 0.416153 -1.04564 -0.559235
1.59331 0.516552 -1.43868 1.02632 0.676256 0.907582 1.87234 1.40931 2.35771 -2.21901 -0.0105755 2.89435 -1.07047 0.416153 -1.04564 -0.559235
1.58857 0.516552 -1.43868 1.02632 0.676256 0.907582 1.87234 1.40931 2.35771 -2.21901 -0.0105755 2.89435 -1.07047 0.416153 -1.04564 -0.559235
1.58379 0.516552 -1.43868 1.02632 0.676256 0.907582 1.87234 1.40931 2.35771 -2.21901 -0.0105755 2.89435 -1.07047 0.416153 -1.04564 -0.559235
1.57897 0.516552 -1.43868 1.02632 0.676256 0.907582 1.87234 1.40931 2.35771 -2.21901 -0.0105755 2.89435 -1.07047 0.416153 -1.04564 -0.559235
1.57422 0.516552 -1.43868 1.02632 0.676256 0.907582 1.87234 1.40931 2.35771 -2.21901 -0.0105755 2.89435 -1.07047 0.416153 -1.04564 -0.559235
1.56943 0.516552 -1.43868 1.02632 0.676256 0.907582 1.87234 1.40931 2.35771 -2.21901 -0.0105755 2.89435 -1.07047 0.416153 -1.04564 -0.559235
1.56457 0.516552 -1.43868 1.02632 0.676256 0.907582 1.87234 1.40931 2.35771 -2.21901 -0.0105755 2.89435 -1.07047 0.416153 -1.04564 -0.559235
1.55968 0.516552 -1.43868 1.02632 0.676256 0.907582 1.87234 1.40931 2.35771 -2.21901 -0.0105755 2.89435 -1.07047 0.416153 -1.04564 -0.559235
1.55488 0.516552 -1.43868 1.02632 0.676256 0.907582 1.87234 1.40931 2.35771 -2.21901 -0.0105755 2.89435 -1.07047 0.416153 -1.04564 -0.559235
1.54999 0.516552 -1.43868 1.02632 0.676256 0.907582 1.87234 1.40931 2.35771 -2.21901 -0.0105755 2.89435 -1.07047 0.416153 -1.04564 -0.559235
1.54497 0.516552 -1.43868 1.02632 0.676256 0.907582 1.87234 1.40931 2.35771 -2.21901 -0.0105755 2.89435 -1.07047 0.416153 -1.04564 -0.559235
1.53999 0.516552 -1.43868 1.02632 0.676256 0.907582 1.87234 1.40931 2.35771 -2.21901 -0.0105755 2.89435 -1.07047 0.416153 -1.04564 -0.559235
1.53495 0.516552 -1.43868 1.02632 0.676256 0.907582 1.87234 1.40931 2.35771 -2.21901 -0.0105755 2.89435 -1.07047 0.416153 -1.04564 -0.559235
1.52976 0.516552 -1.43868 1.02632 0.676256 0.907582 1.87234 1.40931 2.35771 -2.21901 -0.0105755 2.89435 -1.07047 0.416153 -1.04564 -0.559235
1.52461 0.516552 -1.43868 1.02632 0.676256 0.907582 1.87234 1.40931 2.35771 -2.21901 -0.0105755 2.89435 -1.07047 0.416153 -1.04564 -0.559235
1.5195 0.516552 -1.43868 1.02632 0.676256 0.907582 1.87234 1.40931 2.35771 -2.21901 -0.0105755 2.89435 -1.07047 0.416153 -1.04564 -0.559235
1.51437 0.516552 -1.43868 1.02632 0.676256 0.907582 1.87234 1.40931 2.35771 -2.21901 -0.0105755 2.89435 -1.07047 0.416153 -1.04564 -0.559235
1.50923 0.516552 -1.43868 1.02632 0.676256 0.907582 1.87234 1.40931 2.35771 -2.21901 -0.0105755 2.89435 -1.07047 0.416153 -1.04564 -0.559235
1.5041 0.516552 -1.43868 1.02632 0.676256 0.907582 1.87234 1.40931 2.35771 -2.21901 -0.0105755 2.89435 -1.07047 0.416153 -1.04564 -0.559235
1.49897 0.516552 -1.43868 1.02632 0.676256 0.907582 1.87234 1.40931 2.35771 -2.21901 -0.0105755 2.89435 -1.07047 0.416153 -1.04564 -0.559235
1.4938 0.516552 -1.43868 1.02632 0.676256 0.907582 1.87234 1.40931 2.35771 -2.21901 -0.0105755 2.89435 -1.07047 0.416153 -1.04564 -0.559235
1.48862 0.516552 -1.43868 1.02632 0.676256 0.907582 1.87234 1.40931 2.35771 -2.21901 -0.0105755 2.89435 -1.07047 0.416153 -1.04564 -0.559235
1.48329 0.516552 -1.43868 1.02632 0.676256 0.907582 1.87234 1.40931 2.35771 -2.21901 -0.0105755 2.89435 -1.07047 0.416153 -1.04564 -0.559235
1.47809 0.516552 -1.43868 1.02632 0.676256 0.907582 1.87234 1.40931 2.35771 -2.21901 -0.0105755 2.89435 -1.07047 0.416153 -1.04564 -0.559235
1.47274 0.516552 -1.43868 1.02632 0.676256 0.907582 1.87234 1.40931 2.35771 -2.21901 -0.0105755 2.89435 -1.07047 0.416153 -1.04564 -0.559235
1.46746 0.516552 -1.43868 1.02632 0.676256 0.907582 1.87234 1.40931 2.35771 -2.21901 -0.0105755 2.89435 -1.07047 0.416153 -1.04564 -0.559235
1.46213 0.516552 -1.43868 1.02632 0.676256 0.907582 1.87234 1.40931 2.35771 -2.21901 -0.0105755 2.89435 -1.07047 0.416153 -1.04564 -0.559235
1.45687 0.516552 -1.43868 1.02632 0.676256 0.907582 1.87234 1.40931 2.35771 -2.21901 -0.0105755 2.89435 -1.07047 0.416153 -1.04564 -0.559235
1.45153 0.516552 -1.43868 1.02632 0.676256 0.907582 1.87234 1.40931 2.35771 -2.21901 -0.0105755 2.89435 -1.07047 0.416153 -1.04564 -0.559235
1.44613 0.516552 -1.43868 1.02632 0.676256 0.907582 1.87234 1.40931 2.35771 -2.21901 -0.0105755 2.89435 -1.07047 0.416153 -1.04564 -0.559235
1.44072 0.516552 -1.43868 1.02632 0.676256 0.907582 1.87234 1.40931 2.35771 -2.21901 -0.0105755 2.89435 -1.07047 0.416153 -1.04564 -0.559235
1.43529 0.516552 -1.43868 1.02632 0.676256 0.907582 1.87234 1.40931 2.35771 -2.21901 -0.0105755 2.89435 -1.07047 0.416153 -1.04564 -0.559235
1.42962 0.516552 -1.43868 1.02632 0.676256 0.907582 1.87234 1.40931 2.35771 -2.21901 -0.0105755 2.89435 -1.07047 0.416153 -1.04564 -0.559235
1.42402 0.516552 -1.43868 1.02632 0.676256 0.907582 1.87234 1.40931 2.35771 -2.21901 -0.0105755 2.89435 -1.07047 0.416153 -1.04564 -0.559235
1.41846 0.516552 -1.43868 1.02632 0.676256 0.907582 1.87234 1.40931 2.35771 -2.21901 -0.0105755 2.89435 -1.07047 0.416153 -1.04564 -0.559235
1.41279 0.516552 -1.43868 1.02632 0.676256 0.907582 1.87234 1.40931 2.35771 -2.21901 -0.0105755 2.89435 -1.07047 0.416153 -1.04564 -0.559235
1.40702 0.516552 -1.43868 1.02632 0.676256 0.907582 1.87234 1.40931 2.35771 -2.21901 -0.0105755 2.89435 -1.07047 0.416153 -1.04564 -0.559235
1.40134 0.516552 -1.43868 1.02632 0.676256 0.907582 1.87234 1.40931 2.35771 -2.21901 -0.0105755 2.89435 -1.07047 0.416153 -1.04564 -0.559235
1.39564 0.516552 -1.43868 1.02632 0.676256 0.907582 1.87234 1.40931 2.35771 -2.21901 -0.0105755 2.89435 -1.07047 0.416153 -1.04564 -0.559235
1.38997 0.516552 -1.43868 1.02632 0.676256 0.907582 1.87234 1.40931 2.35771 -2.21901 -0.0105755 2.89435 -1.07047 0.416153 -1.04564 -0.559235
1.38428 0.516552 -1.43868 1.02632 0.676256 0.907582 1.87234 1.40931 2.35771 -2.21901 -0.0105755 2.89435 -1.07047 0.416153 -1.04564 -0.559235
1.37849 0.516552 -1.43868 1.02632 0.676256 0.907582 1.87234 1.40931 2.35771 -2.21901 -0.0105755 2.89435 -1.07047 0.416153 -1.04564 -0.559235
1.37264 0.516552 -1.43868 1.02632 0.676256 0.907582 1.87234 1.40931 2.35771 -2.21901 -0.0105755 2.89435 -1.07047 0.416153 -1.04564 -0.559235
1.36685 0.516552 -1.43868 1.02632 0.676256 0.907582 1.87234 1.40931 2.35771 -2.21901 -0.0105755 2.89435 -1.07047 0.416153 -1.04564 -0.559235
1.36105 0.516552 -1.43868 1.02632 0.676256 0.907582 1.87234 1.40931 2.35771 -2.21901 -0.0105755 2.89435 -1.07047 0.416153 -1.04564 -0.559235
