21.593
21.604
21.614
21.625
21.635
21.645
21.656
21.666
21.676
21.688
21.709
21.73
21.75
21.77
21.792
21.812
21.833
21.853
21.874
21.894
21.932
21.976
22.015
22.053
22.092
22.13
22.169
22.208
22.246
22.285
22.323
22.362
22.401
22.441
22.481
22.52
22.559
22.598
22.636
22.674
22.712
22.751
22.789
22.828
22.867
22.905
22.943
22.982
23.021
23.059
23.098
23.137
23.176
23.216
28.391
28.401
28.412
28.422
28.432
28.443
28.453
28.463
28.474
28.486
28.506
28.527
28.567
28.606
28.645
28.683
28.721
28.76
28.798
28.837
28.876
28.915
28.953
28.991
29.03
29.069
29.107
29.145
29.184
29.222
29.267
29.305
29.344
29.382
29.421
29.459
29.498
29.538
29.577
29.617
29.656
29.695
29.734
29.772
29.81
29.849
29.887
29.926
29.964
30.003
30.042
30.08
30.118
30.157
30.195
30.234
30.272
30.311
30.35
30.389
30.429
30.469
30.508
30.547
30.585
30.624
30.662
30.7
30.739
30.778
30.817
30.855
30.894
30.932
30.97
31.008
31.047
31.085
31.124
31.163
31.202
31.241
31.28
31.319
31.358
31.397
31.434
31.473
31.512
31.55
31.588
31.627
