-0.645792
-0.55773
-0.440313
-0.35225
-0.234834
-0.146771
-0.0293542
0
0
0
0
0
0
0
0
0
0
0
0
0
0
0
0
0
0
0
0
0
0
0
0
0
0
0
0
0
0
0
0
0
0
0
0
-1.64384
-1.7319
-1.84931
-1.81996
-1.81996
-1.81996
-1.81996
-1.7319
-1.81996
-1.81996
-1.90802
-2.02544
-2.02544
-2.02544
-2.02544
-2.02544
-2.02544
-2.02544
-2.02544
-2.02544
-2.02544
-2.02544
-2.02544
-2.02544
-2.02544
-2.02544
-2.02544
-2.02544
-2.02544
-2.02544
-2.02544
-2.02544
-2.02544
-2.02544
-2.02544
-2.02544
-2.02544
-2.02544
-2.02544
-2.02544
-2.02544
-2.02544
-2.02544
-2.02544
-2.02544
-2.02544
-2.02544
-2.02544
-2.02544
-2.02544
-2.02544
-2.02544
-2.02544
-2.02544
-2.02544
-2.02544
-2.02544
-2.02544
-2.02544
-2.02544
-2.02544
-2.02544
-2.02544
-2.02544
-2.02544
-2.02544
-2.02544
-2.02544
-2.02544
-2.02544
-2.02544
-2.02544
-2.02544
-2.02544
-2.02544
-2.02544
-2.02544
-2.02544
-2.02544
-2.02544
-2.02544
-2.02544
-2.02544
-2.02544
-2.02544
-2.02544
-2.02544
-2.02544
-2.02544
-2.02544
-2.02544
-2.02544
-2.02544
-2.02544
-2.02544
-2.02544
-2.02544
-2.02544
