1.53058 -1.45121 -1.71259 -0.467101 -2.8822 -0.789692 -0.628142 -1.89527 2.44006 1.79506 -0.671252 2.39409 1.03689 -1.8442 2.01664 1.25431
1.53058 -1.45121 -1.71259 -0.467101 -2.8822 -0.789692 -0.628142 -1.89527 2.44006 1.79506 -0.671252 2.39409 1.03689 -1.8442 2.01664 1.25431
1.53058 -1.45121 -1.71259 -0.467101 -2.8822 -0.789692 -0.628142 -1.89527 2.44006 1.79506 -0.671252 2.39409 1.03689 -1.8442 2.01664 1.25431
1.53058 -1.45121 -1.71259 -0.467101 -2.8822 -0.789692 -0.628142 -1.89527 2.44006 1.79506 -0.671252 2.39409 1.03689 -1.8442 2.01664 1.25431
1.53058 -1.45121 -1.71259 -0.467101 -2.8822 -0.789692 -0.628142 -1.89527 2.44006 1.79506 -0.671252 2.39409 1.03689 -1.8442 2.01664 1.25431
1.53058 -1.45121 -1.71259 -0.467101 -2.8822 -0.789692 -0.628142 -1.89527 2.44006 1.79506 -0.671252 2.39409 1.03689 -1.8442 2.01664 1.25431
1.53058 -1.45121 -1.71259 -0.467101 -2.8822 -0.789692 -0.628142 -1.89527 2.44006 1.79506 -0.671252 2.39409 1.03689 -1.8442 2.01664 1.25431
1.53074 -1.45121 -1.71259 -0.467101 -2.8822 -0.789692 -0.628142 -1.89527 2.44006 1.79506 -0.671252 2.39409 1.03689 -1.8442 2.01664 1.25431
1.53154 -1.45121 -1.71259 -0.467101 -2.8822 -0.789692 -0.628142 -1.89527 2.44006 1.79506 -0.671252 2.39409 1.03689 -1.8442 2.01664 1.25431
1.53264 -1.45121 -1.71259 -0.467101 -2.8822 -0.789692 -0.628142 -1.89527 2.44006 1.79506 -0.671252 2.39409 1.03689 -1.8442 2.01664 1.25431
1.53382 -1.45121 -1.71259 -0.467101 -2.8822 -0.789692 -0.628142 -1.89527 2.44006 1.79506 -0.671252 2.39409 1.03689 -1.8442 2.01664 1.25431
1.53511 -1.45121 -1.71259 -0.467101 -2.8822 -0.789692 -0.628142 -1.89527 2.44006 1.79506 -0.671252 2.39409 1.03689 -1.8442 2.01664 1.25431
1.53647 -1.45121 -1.71259 -0.467101 -2.8822 -0.789692 -0.628142 -1.89527 2.44006 1.79506 -0.671252 2.39409 1.03689 -1.8442 2.01664 1.25431
1.5379 -1.45121 -1.71259 -0.467101 -2.8822 -0.789692 -0.628142 -1.89527 2.44006 1.79506 -0.671252 2.39409 1.03689 -1.8442 2.01664 1.25431
1.53941 -1.45121 -1.71259 -0.467101 -2.8822 -0.789692 -0.628142 -1.89527 2.44006 1.79506 -0.671252 2.39409 1.03689 -1.8442 2.01664 1.25431
1.541 -1.45121 -1.71259 -0.467101 -2.8822 -0.789692 -0.628142 -1.89527 2.44006 1.79506 -0.671252 2.39409 1.03689 -1.8442 2.01664 1.25431
1.54274 -1.45121 -1.71259 -0.467101 -2.8822 -0.789692 -0.628142 -1.89527 2.44006 1.79506 -0.671252 2.39409 1.03689 -1.8442 2.01664 1.25431
1.54463 -1.45121 -1.71259 -0.467101 -2.8822 -0.789692 -0.628142 -1.89527 2.44006 1.79506 -0.671252 2.39409 1.03689 -1.8442 2.01664 1.25431
1.54677 -1.45121 -1.71259 -0.467101 -2.8822 -0.789692 -0.628142 -1.89527 2.44006 1.79506 -0.671252 2.39409 1.03689 -1.8442 2.01664 1.25431
1.54901 -1.45121 -1.71259 -0.467101 -2.8822 -0.789692 -0.628142 -1.89527 2.44006 1.79506 -0.671252 2.39409 1.03689 -1.8442 2.01664 1.25431
1.55361 -1.45121 -1.71259 -0.467101 -2.8822 -0.789692 -0.628142 -1.89527 2.44006 1.79506 -0.671252 2.39409 1.03689 -1.8442 2.01664 1.25431
1.55895 -1.45121 -1.71259 -0.467101 -2.8822 -0.789692 -0.628142 -1.89527 2.44006 1.79506 -0.671252 2.39409 1.03689 -1.8442 2.01664 1.25431
1.56458 -1.45121 -1.71259 -0.467101 -2.8822 -0.789692 -0.628142 -1.89527 2.44006 1.79506 -0.671252 2.39409 1.03689 -1.8442 2.01664 1.25431
1.57044 -1.45121 -1.71259 -0.467101 -2.8822 -0.789692 -0.628142 -1.89527 2.44006 1.79506 -0.671252 2.39409 1.03689 -1.8442 2.01664 1.25431
1.57628 -1.45121 -1.71259 -0.467101 -2.8822 -0.789692 -0.628142 -1.89527 2.44006 1.79506 -0.671252 2.39409 1.03689 -1.8442 2.01664 1.25431
1.58235 -1.45121 -1.71259 -0.467101 -2.8822 -0.789692 -0.628142 -1.89527 2.44006 1.79506 -0.671252 2.39409 1.03689 -1.8442 2.01664 1.25431
1.58858 -1.45121 -1.71259 -0.467101 -2.8822 -0.789692 -0.628142 -1.89527 2.44006 1.79506 -0.671252 2.39409 1.03689 -1.8442 2.01664 1.25431
1.59504 -1.45121 -1.71259 -0.467101 -2.8822 -0.789692 -0.628142 -1.89527 2.44006 1.79506 -0.671252 2.39409 1.03689 -1.8442 2.01664 1.25431
1.60173 -1.45121 -1.71259 -0.467101 -2.8822 -0.789692 -0.628142 -1.89527 2.44006 1.79506 -0.671252 2.39409 1.03689 -1.8442 2.01664 1.25431
1.60867 -1.45121 -1.71259 -0.467101 -2.8822 -0.789692 -0.628142 -1.89527 2.44006 1.79506 -0.671252 2.39409 1.03689 -1.8442 2.01664 1.25431
1.61581 -1.45121 -1.71259 -0.467101 -2.8822 -0.789692 -0.628142 -1.89527 2.44006 1.79506 -0.671252 2.39409 1.03689 -1.8442 2.01664 1.25431
1.62315 -1.45121 -1.71259 -0.467101 -2.8822 -0.789692 -0.628142 -1.89527 2.44006 1.79506 -0.671252 2.39409 1.03689 -1.8442 2.01664 1.25431
1.63087 -1.45121 -1.71259 -0.467101 -2.8822 -0.789692 -0.628142 -1.89527 2.44006 1.79506 -0.671252 2.39409 1.03689 -1.8442 2.01664 1.25431
1.63868 -1.45121 -1.71259 -0.467101 -2.8822 -0.789692 -0.628142 -1.89527 2.44006 1.79506 -0.671252 2.39409 1.03689 -1.8442 2.01664 1.25431
1.6468 -1.45121 -1.71259 -0.467101 -2.8822 -0.789692 -0.628142 -1.89527 2.44006 1.79506 -0.671252 2.39409 1.03689 -1.8442 2.01664 1.25431
1.65503 -1.45121 -1.71259 -0.467101 -2.8822 -0.789692 -0.628142 -1.89527 2.44006 1.79506 -0.671252 2.39409 1.03689 -1.8442 2.01664 1.25431
1.6637 -1.45121 -1.71259 -0.467101 -2.8822 -0.789692 -0.628142 -1.89527 2.44006 1.79506 -0.671252 2.39409 1.03689 -1.8442 2.01664 1.25431
1.67264 -1.45121 -1.71259 -0.467101 -2.8822 -0.789692 -0.628142 -1.89527 2.44006 1.79506 -0.671252 2.39409 1.03689 -1.8442 2.01664 1.25431
1.68187 -1.45121 -1.71259 -0.467101 -2.8822 -0.789692 -0.628142 -1.89527 2.44006 1.79506 -0.671252 2.39409 1.03689 -1.8442 2.01664 1.25431
1.69159 -1.45121 -1.71259 -0.467101 -2.8822 -0.789692 -0.628142 -1.89527 2.44006 1.79506 -0.671252 2.39409 1.03689 -1.8442 2.01664 1.25431
1.70144 -1.45121 -1.71259 -0.467101 -2.8822 -0.789692 -0.628142 -1.89527 2.44006 1.79506 -0.671252 2.39409 1.03689 -1.8442 2.01664 1.25431
1.71154 -1.45121 -1.71259 -0.467101 -2.8822 -0.789692 -0.628142 -1.89527 2.44006 1.79506 -0.671252 2.39409 1.03689 -1.8442 2.01664 1.25431
1.7221 -1.45121 -1.71259 -0.467101 -2.8822 -0.789692 -0.628142 -1.89527 2.44006 1.79506 -0.671252 2.39409 1.03689 -1.8442 2.01664 1.25431
1.76904 -1.45121 -1.71259 -0.467101 -2.8822 -0.789692 -0.628142 -1.89527 2.44006 1.79506 -0.671252 2.39409 1.03689 -1.8442 2.01664 1.25431
1.76822 -1.45121 -1.71259 -0.467101 -2.8822 -0.789692 -0.628142 -1.89527 2.44006 1.79506 -0.671252 2.39409 1.03689 -1.8442 2.01664 1.25431
1.76716 -1.45121 -1.71259 -0.467101 -2.8822 -0.789692 -0.628142 -1.89527 2.44006 1.79506 -0.671252 2.39409 1.03689 -1.8442 2.01664 1.25431
1.76584 -1.45121 -1.71259 -0.467101 -2.8822 -0.789692 -0.628142 -1.89527 2.44006 1.79506 -0.671252 2.39409 1.03689 -1.8442 2.01664 1.25431
1.76451 -1.45121 -1.71259 -0.467101 -2.8822 -0.789692 -0.628142 -1.89527 2.44006 1.79506 -0.671252 2.39409 1.03689 -1.8442 2.01664 1.25431
1.76312 -1.45121 -1.71259 -0.467101 -2.8822 -0.789692 -0.628142 -1.89527 2.44006 1.79506 -0.671252 2.39409 1.03689 -1.8442 2.01664 1.25431
1.76172 -1.45121 -1.71259 -0.467101 -2.8822 -0.789692 -0.628142 -1.89527 2.44006 1.79506 -0.671252 2.39409 1.03689 -1.8442 2.01664 1.25431
1.76036 -1.45121 -1.71259 -0.467101 -2.8822 -0.789692 -0.628142 -1.89527 2.44006 1.79506 -0.671252 2.39409 1.03689 -1.8442 2.01664 1.25431
1.75898 -1.45121 -1.71259 -0.467101 -2.8822 -0.789692 -0.628142 -1.89527 2.44006 1.79506 -0.671252 2.39409 1.03689 -1.8442 2.01664 1.25431
1.75745 -1.45121 -1.71259 -0.467101 -2.8822 -0.789692 -0.628142 -1.89527 2.44006 1.79506 -0.671252 2.39409 1.03689 -1.8442 2.01664 1.25431
1.75571 -1.45121 -1.71259 -0.467101 -2.8822 -0.789692 -0.628142 -1.89527 2.44006 1.79506 -0.671252 2.39409 1.03689 -1.8442 2.01664 1.25431
1.75366 -1.45121 -1.71259 -0.467101 -2.8822 -0.789692 -0.628142 -1.89527 2.44006 1.79506 -0.671252 2.39409 1.03689 -1.8442 2.01664 1.25431
1.75146 -1.45121 -1.71259 -0.467101 -2.8822 -0.789692 -0.628142 -1.89527 2.44006 1.79506 -0.671252 2.39409 1.03689 -1.8442 2.01664 1.25431
1.74727 -1.45121 -1.71259 -0.467101 -2.8822 -0.789692 -0.628142 -1.89527 2.44006 1.79506 -0.671252 2.39409 1.03689 -1.8442 2.01664 1.25431
1.74297 -1.45121 -1.71259 -0.467101 -2.8822 -0.789692 -0.628142 -1.89527 2.44006 1.79506 -0.671252 2.39409 1.03689 -1.8442 2.01664 1.25431
1.73869 -1.45121 -1.71259 -0.467101 -2.8822 -0.789692 -0.628142 -1.89527 2.44006 1.79506 -0.671252 2.39409 1.03689 -1.8442 2.01664 1.25431
1.73452 -1.45121 -1.71259 -0.467101 -2.8822 -0.789692 -0.628142 -1.89527 2.44006 1.79506 -0.671252 2.39409 1.03689 -1.8442 2.01664 1.25431
1.73033 -1.45121 -1.71259 -0.467101 -2.8822 -0.789692 -0.628142 -1.89527 2.44006 1.79506 -0.671252 2.39409 1.03689 -1.8442 2.01664 1.25431
1.7261 -1.45121 -1.71259 -0.467101 -2.8822 -0.789692 -0.628142 -1.89527 2.44006 1.79506 -0.671252 2.39409 1.03689 -1.8442 2.01664 1.25431
1.72196 -1.45121 -1.71259 -0.467101 -2.8822 -0.789692 -0.628142 -1.89527 2.44006 1.79506 -0.671252 2.39409 1.03689 -1.8442 2.01664 1.25431
1.7178 -1.45121 -1.71259 -0.467101 -2.8822 -0.789692 -0.628142 -1.89527 2.44006 1.79506 -0.671252 2.39409 1.03689 -1.8442 2.01664 1.25431
1.71359 -1.45121 -1.71259 -0.467101 -2.8822 -0.789692 -0.628142 -1.89527 2.44006 1.79506 -0.671252 2.39409 1.03689 -1.8442 2.01664 1.25431
1.70934 -1.45121 -1.71259 -0.467101 -2.8822 -0.789692 -0.628142 -1.89527 2.44006 1.79506 -0.671252 2.39409 1.03689 -1.8442 2.01664 1.25431
1.70507 -1.45121 -1.71259 -0.467101 -2.8822 -0.789692 -0.628142 -1.89527 2.44006 1.79506 -0.671252 2.39409 1.03689 -1.8442 2.01664 1.25431
1.70075 -1.45121 -1.71259 -0.467101 -2.8822 -0.789692 -0.628142 -1.89527 2.44006 1.79506 -0.671252 2.39409 1.03689 -1.8442 2.01664 1.25431
1.69639 -1.45121 -1.71259 -0.467101 -2.8822 -0.789692 -0.628142 -1.89527 2.44006 1.79506 -0.671252 2.39409 1.03689 -1.8442 2.01664 1.25431
1.69208 -1.45121 -1.71259 -0.467101 -2.8822 -0.789692 -0.628142 -1.89527 2.44006 1.79506 -0.671252 2.39409 1.03689 -1.8442 2.01664 1.25431
1.68771 -1.45121 -1.71259 -0.467101 -2.8822 -0.789692 -0.628142 -1.89527 2.44006 1.79506 -0.671252 2.39409 1.03689 -1.8442 2.01664 1.25431
1.68338 -1.45121 -1.71259 -0.467101 -2.8822 -0.789692 -0.628142 -1.89527 2.44006 1.79506 -0.671252 2.39409 1.03689 -1.8442 2.01664 1.25431
1.67907 -1.45121 -1.71259 -0.467101 -2.8822 -0.789692 -0.628142 -1.89527 2.44006 1.79506 -0.671252 2.39409 1.03689 -1.8442 2.01664 1.25431
1.67473 -1.45121 -1.71259 -0.467101 -2.8822 -0.789692 -0.628142 -1.89527 2.44006 1.79506 -0.671252 2.39409 1.03689 -1.8442 2.01664 1.25431
1.67033 -1.45121 -1.71259 -0.467101 -2.8822 -0.789692 -0.628142 -1.89527 2.44006 1.79506 -0.671252 2.39409 1.03689 -1.8442 2.01664 1.25431
1.66594 -1.45121 -1.71259 -0.467101 -2.8822 -0.789692 -0.628142 -1.89527 2.44006 1.79506 -0.671252 2.39409 1.03689 -1.8442 2.01664 1.25431
1.66148 -1.45121 -1.71259 -0.467101 -2.8822 -0.789692 -0.628142 -1.89527 2.44006 1.79506 -0.671252 2.39409 1.03689 -1.8442 2.01664 1.25431
1.65703 -1.45121 -1.71259 -0.467101 -2.8822 -0.789692 -0.628142 -1.89527 2.44006 1.79506 -0.671252 2.39409 1.03689 -1.8442 2.01664 1.25431
1.65259 -1.45121 -1.71259 -0.467101 -2.8822 -0.789692 -0.628142 -1.89527 2.44006 1.79506 -0.671252 2.39409 1.03689 -1.8442 2.01664 1.25431
1.64803 -1.45121 -1.71259 -0.467101 -2.8822 -0.789692 -0.628142 -1.89527 2.44006 1.79506 -0.671252 2.39409 1.03689 -1.8442 2.01664 1.25431
1.64346 -1.45121 -1.71259 -0.467101 -2.8822 -0.789692 -0.628142 -1.89527 2.44006 1.79506 -0.671252 2.39409 1.03689 -1.8442 2.01664 1.25431
1.63886 -1.45121 -1.71259 -0.467101 -2.8822 -0.789692 -0.628142 -1.89527 2.44006 1.79506 -0.671252 2.39409 1.03689 -1.8442 2.01664 1.25431
1.63432 -1.45121 -1.71259 -0.467101 -2.8822 -0.789692 -0.628142 -1.89527 2.44006 1.79506 -0.671252 2.39409 1.03689 -1.8442 2.01664 1.25431
1.62966 -1.45121 -1.71259 -0.467101 -2.8822 -0.789692 -0.628142 -1.89527 2.44006 1.79506 -0.671252 2.39409 1.03689 -1.8442 2.01664 1.25431
1.62499 -1.45121 -1.71259 -0.467101 -2.8822 -0.789692 -0.628142 -1.89527 2.44006 1.79506 -0.671252 2.39409 1.03689 -1.8442 2.01664 1.25431
1.62033 -1.45121 -1.71259 -0.467101 -2.8822 -0.789692 -0.628142 -1.89527 2.44006 1.79506 -0.671252 2.39409 1.03689 -1.8442 2.01664 1.25431
1.6157 -1.45121 -1.71259 -0.467101 -2.8822 -0.789692 -0.628142 -1.89527 2.44006 1.79506 -0.671252 2.39409 1.03689 -1.8442 2.01664 1.25431
1.61103 -1.45121 -1.71259 -0.467101 -2.8822 -0.789692 -0.628142 -1.89527 2.44006 1.79506 -0.671252 2.39409 1.03689 -1.8442 2.01664 1.25431
1.60634 -1.45121 -1.71259 -0.467101 -2.8822 -0.789692 -0.628142 -1.89527 2.44006 1.79506 -0.671252 2.39409 1.03689 -1.8442 2.01664 1.25431
1.60164 -1.45121 -1.71259 -0.467101 -2.8822 -0.789692 -0.628142 -1.89527 2.44006 1.79506 -0.671252 2.39409 1.03689 -1.8442 2.01664 1.25431
1.59687 -1.45121 -1.71259 -0.467101 -2.8822 -0.789692 -0.628142 -1.89527 2.44006 1.79506 -0.671252 2.39409 1.03689 -1.8442 2.01664 1.25431
1.59215 -1.45121 -1.71259 -0.467101 -2.8822 -0.789692 -0.628142 -1.89527 2.44006 1.79506 -0.671252 2.39409 1.03689 -1.8442 2.01664 1.25431
1.58744 -1.45121 -1.71259 -0.467101 -2.8822 -0.789692 -0.628142 -1.89527 2.44006 1.79506 -0.671252 2.39409 1.03689 -1.8442 2.01664 1.25431
1.58269 -1.45121 -1.71259 -0.467101 -2.8822 -0.789692 -0.628142 -1.89527 2.44006 1.79506 -0.671252 2.39409 1.03689 -1.8442 2.01664 1.25431
1.57793 -1.45121 -1.71259 -0.467101 -2.8822 -0.789692 -0.628142 -1.89527 2.44006 1.79506 -0.671252 2.39409 1.03689 -1.8442 2.01664 1.25431
1.57307 -1.45121 -1.71259 -0.467101 -2.8822 -0.789692 -0.628142 -1.89527 2.44006 1.79506 -0.671252 2.39409 1.03689 -1.8442 2.01664 1.25431
1.56827 -1.45121 -1.71259 -0.467101 -2.8822 -0.789692 -0.628142 -1.89527 2.44006 1.79506 -0.671252 2.39409 1.03689 -1.8442 2.01664 1.25431
1.56343 -1.45121 -1.71259 -0.467101 -2.8822 -0.789692 -0.628142 -1.89527 2.44006 1.79506 -0.671252 2.39409 1.03689 -1.8442 2.01664 1.25431
1.55863 -1.45121 -1.71259 -0.467101 -2.8822 -0.789692 -0.628142 -1.89527 2.44006 1.79506 -0.671252 2.39409 1.03689 -1.8442 2.01664 1.25431
1.5538 -1.45121 -1.71259 -0.467101 -2.8822 -0.789692 -0.628142 -1.89527 2.44006 1.79506 -0.671252 2.39409 1.03689 -1.8442 2.01664 1.25431
1.54873 -1.45121 -1.71259 -0.467101 -2.8822 -0.789692 -0.628142 -1.89527 2.44006 1.79506 -0.671252 2.39409 1.03689 -1.8442 2.01664 1.25431
1.54378 -1.45121 -1.71259 -0.467101 -2.8822 -0.789692 -0.628142 -1.89527 2.44006 1.79506 -0.671252 2.39409 1.03689 -1.8442 2.01664 1.25431
1.53881 -1.45121 -1.71259 -0.467101 -2.8822 -0.789692 -0.628142 -1.89527 2.44006 1.79506 -0.671252 2.39409 1.03689 -1.8442 2.01664 1.25431
1.53386 -1.45121 -1.71259 -0.467101 -2.8822 -0.789692 -0.628142 -1.89527 2.44006 1.79506 -0.671252 2.39409 1.03689 -1.8442 2.01664 1.25431
1.52889 -1.45121 -1.71259 -0.467101 -2.8822 -0.789692 -0.628142 -1.89527 2.44006 1.79506 -0.671252 2.39409 1.03689 -1.8442 2.01664 1.25431
1.52381 -1.45121 -1.71259 -0.467101 -2.8822 -0.789692 -0.628142 -1.89527 2.44006 1.79506 -0.671252 2.39409 1.03689 -1.8442 2.01664 1.25431
1.51874 -1.45121 -1.71259 -0.467101 -2.8822 -0.789692 -0.628142 -1.89527 2.44006 1.79506 -0.671252 2.39409 1.03689 -1.8442 2.01664 1.25431
1.5136 -1.45121 -1.71259 -0.467101 -2.8822 -0.789692 -0.628142 -1.89527 2.44006 1.79506 -0.671252 2.39409 1.03689 -1.8442 2.01664 1.25431
1.50848 -1.45121 -1.71259 -0.467101 -2.8822 -0.789692 -0.628142 -1.89527 2.44006 1.79506 -0.671252 2.39409 1.03689 -1.8442 2.01664 1.25431
1.50315 -1.45121 -1.71259 -0.467101 -2.8822 -0.789692 -0.628142 -1.89527 2.44006 1.79506 -0.671252 2.39409 1.03689 -1.8442 2.01664 1.25431
1.49798 -1.45121 -1.71259 -0.467101 -2.8822 -0.789692 -0.628142 -1.89527 2.44006 1.79506 -0.671252 2.39409 1.03689 -1.8442 2.01664 1.25431
1.4928 -1.45121 -1.71259 -0.467101 -2.8822 -0.789692 -0.628142 -1.89527 2.44006 1.79506 -0.671252 2.39409 1.03689 -1.8442 2.01664 1.25431
1.48762 -1.45121 -1.71259 -0.467101 -2.8822 -0.789692 -0.628142 -1.89527 2.44006 1.79506 -0.671252 2.39409 1.03689 -1.8442 2.01664 1.25431
1.48238 -1.45121 -1.71259 -0.467101 -2.8822 -0.789692 -0.628142 -1.89527 2.44006 1.79506 -0.671252 2.39409 1.03689 -1.8442 2.01664 1.25431
1.47717 -1.45121 -1.71259 -0.467101 -2.8822 -0.789692 -0.628142 -1.89527 2.44006 1.79506 -0.671252 2.39409 1.03689 -1.8442 2.01664 1.25431
1.47193 -1.45121 -1.71259 -0.467101 -2.8822 -0.789692 -0.628142 -1.89527 2.44006 1.79506 -0.671252 2.39409 1.03689 -1.8442 2.01664 1.25431
1.46664 -1.45121 -1.71259 -0.467101 -2.8822 -0.789692 -0.628142 -1.89527 2.44006 1.79506 -0.671252 2.39409 1.03689 -1.8442 2.01664 1.25431
1.46136 -1.45121 -1.71259 -0.467101 -2.8822 -0.789692 -0.628142 -1.89527 2.44006 1.79506 -0.671252 2.39409 1.03689 -1.8442 2.01664 1.25431
1.45605 -1.45121 -1.71259 -0.467101 -2.8822 -0.789692 -0.628142 -1.89527 2.44006 1.79506 -0.671252 2.39409 1.03689 -1.8442 2.01664 1.25431
1.45053 -1.45121 -1.71259 -0.467101 -2.8822 -0.789692 -0.628142 -1.89527 2.44006 1.79506 -0.671252 2.39409 1.03689 -1.8442 2.01664 1.25431
1.44514 -1.45121 -1.71259 -0.467101 -2.8822 -0.789692 -0.628142 -1.89527 2.44006 1.79506 -0.671252 2.39409 1.03689 -1.8442 2.01664 1.25431
1.43975 -1.45121 -1.71259 -0.467101 -2.8822 -0.789692 -0.628142 -1.89527 2.44006 1.79506 -0.671252 2.39409 1.03689 -1.8442 2.01664 1.25431
1.43431 -1.45121 -1.71259 -0.467101 -2.8822 -0.789692 -0.628142 -1.89527 2.44006 1.79506 -0.671252 2.39409 1.03689 -1.8442 2.01664 1.25431
1.42886 -1.45121 -1.71259 -0.467101 -2.8822 -0.789692 -0.628142 -1.89527 2.44006 1.79506 -0.671252 2.39409 1.03689 -1.8442 2.01664 1.25431
1.42339 -1.45121 -1.71259 -0.467101 -2.8822 -0.789692 -0.628142 -1.89527 2.44006 1.79506 -0.671252 2.39409 1.03689 -1.8442 2.01664 1.25431
1.41792 -1.45121 -1.71259 -0.467101 -2.8822 -0.789692 -0.628142 -1.89527 2.44006 1.79506 -0.671252 2.39409 1.03689 -1.8442 2.01664 1.25431
1.41238 -1.45121 -1.71259 -0.467101 -2.8822 -0.789692 -0.628142 -1.89527 2.44006 1.79506 -0.671252 2.39409 1.03689 -1.8442 2.01664 1.25431
1.40683 -1.45121 -1.71259 -0.467101 -2.8822 -0.789692 -0.628142 -1.89527 2.44006 1.79506 -0.671252 2.39409 1.03689 -1.8442 2.01664 1.25431
1.40113 -1.45121 -1.71259 -0.467101 -2.8822 -0.789692 -0.628142 -1.89527 2.44006 1.79506 -0.671252 2.39409 1.03689 -1.8442 2.01664 1.25431
1.39549 -1.45121 -1.71259 -0.467101 -2.8822 -0.789692 -0.628142 -1.89527 2.44006 1.79506 -0.671252 2.39409 1.03689 -1.8442 2.01664 1.25431
1.38986 -1.45121 -1.71259 -0.467101 -2.8822 -0.789692 -0.628142 -1.89527 2.44006 1.79506 -0.671252 2.39409 1.03689 -1.8442 2.01664 1.25431
1.38413 -1.45121 -1.71259 -0.467101 -2.8822 -0.789692 -0.628142 -1.89527 2.44006 1.79506 -0.671252 2.39409 1.03689 -1.8442 2.01664 1.25431
1.37845 -1.45121 -1.71259 -0.467101 -2.8822 -0.789692 -0.628142 -1.89527 2.44006 1.79506 -0.671252 2.39409 1.03689 -1.8442 2.01664 1.25431
1.3728 -1.45121 -1.71259 -0.467101 -2.8822 -0.789692 -0.628142 -1.89527 2.44006 1.79506 -0.671252 2.39409 1.03689 -1.8442 2.01664 1.25431
1.36709 -1.45121 -1.71259 -0.467101 -2.8822 -0.789692 -0.628142 -1.89527 2.44006 1.79506 -0.671252 2.39409 1.03689 -1.8442 2.01664 1.25431
1.36134 -1.45121 -1.71259 -0.467101 -2.8822 -0.789692 -0.628142 -1.89527 2.44006 1.79506 -0.671252 2.39409 1.03689 -1.8442 2.01664 1.25431
1.3556 -1.45121 -1.71259 -0.467101 -2.8822 -0.789692 -0.628142 -1.89527 2.44006 1.79506 -0.671252 2.39409 1.03689 -1.8442 2.01664 1.25431
1.34979 -1.45121 -1.71259 -0.467101 -2.8822 -0.789692 -0.628142 -1.89527 2.44006 1.79506 -0.671252 2.39409 1.03689 -1.8442 2.01664 1.25431
1.34387 -1.45121 -1.71259 -0.467101 -2.8822 -0.789692 -0.628142 -1.89527 2.44006 1.79506 -0.671252 2.39409 1.03689 -1.8442 2.01664 1.25431
1.33795 -1.45121 -1.71259 -0.467101 -2.8822 -0.789692 -0.628142 -1.89527 2.44006 1.79506 -0.671252 2.39409 1.03689 -1.8442 2.01664 1.25431
1.3321 -1.45121 -1.71259 -0.467101 -2.8822 -0.789692 -0.628142 -1.89527 2.44006 1.79506 -0.671252 2.39409 1.03689 -1.8442 2.01664 1.25431
