11.484
11.495
11.505
11.516
11.526
11.536
11.547
11.557
11.567
11.58
11.6
11.621
11.641
11.662
11.682
11.703
11.723
11.744
11.764
11.785
11.824
11.864
11.904
11.943
11.982
12.022
12.061
12.099
12.138
12.177
12.216
12.254
12.293
12.332
12.37
12.409
12.447
12.486
12.524
12.564
12.602
12.64
12.679
17.554
17.564
17.575
17.585
17.595
17.606
17.616
17.626
17.637
17.649
17.669
17.69
17.711
17.749
17.788
17.827
17.867
17.907
17.946
17.985
18.024
18.062
18.1
18.139
18.178
18.216
18.255
18.294
18.332
18.371
18.409
18.447
18.486
18.524
18.563
18.601
18.64
18.679
18.718
18.757
18.797
18.836
18.875
18.913
18.952
18.991
19.03
19.069
19.107
19.146
19.184
19.223
19.262
19.3
19.339
19.377
19.416
19.455
19.493
19.532
19.571
19.609
19.648
19.687
19.726
19.766
19.805
19.844
19.882
19.921
19.96
19.998
20.037
20.075
20.114
20.153
20.192
20.231
20.269
20.308
20.347
20.385
20.423
20.462
20.501
20.54
20.579
20.618
20.657
20.695
20.734
20.772
20.811
20.849
20.888
20.927
20.966
21.004
