-0.0631688
-0.0736969
-0.0631688
-0.0736969
-0.084225
-0.084225
-0.084225
-0.0947531
-0.0947531
-0.084225
-0.0947531
-0.0947531
-0.0947531
-0.084225
-0.0947531
-0.0947531
-0.084225
-0.084225
-0.084225
-0.084225
-0.084225
-0.084225
-0.0947531
-0.084225
-0.0947531
-0.0947531
-0.084225
-0.084225
-0.0947531
-0.084225
-0.0947531
-0.0947531
-0.084225
-0.0947531
-0.0947531
-0.0947531
-0.0947531
-0.0947531
-0.0947531
-0.0947531
-0.084225
-0.0947531
-0.0947531
-0.0947531
-0.0947531
-0.084225
-0.0947531
-0.105281
-0.0947531
-0.105281
-0.0947531
-0.0947531
-0.105281
-0.105281
-0.0947531
-0.105281
-0.105281
-0.105281
-0.105281
-0.0947531
-0.105281
-0.0947531
-0.115809
-0.0947531
-0.115809
-0.105281
-0.115809
-0.115809
-0.105281
-0.105281
-0.105281
-0.105281
-0.115809
-0.105281
-0.115809
-0.105281
-0.105281
-0.115809
-0.105281
-0.115809
-0.115809
-0.115809
-0.115809
-0.115809
-0.115809
-0.115809
-0.115809
-0.126338
-0.126338
-0.115809
-0.115809
-0.126338
-0.115809
-0.126338
-0.126338
-0.126338
-0.126338
-0.126338
-0.136866
-0.126338
-0.126338
-0.126338
-0.126338
-0.126338
-0.126338
0.0631688
0.0631688
0.0736969
0.084225
0.0736969
0.0631688
0.0736969
0.0736969
0.084225
0.0947531
0.115809
0.115809
0.147394
0.157922
0.136866
0.147394
0.178978
0.157922
0.157922
0.200034
0.178978
0.178978
0.221091
0.200034
0.210563
0.242147
0.221091
0.263203
0.252675
0.273731
0.273731
0.294788
0.305316
0.305316
0.326372
