2.77107 0.533497 1.98421 -1.46697 0.341392 -0.863652 -0.572294 1.72965 -0.856329 0.386666 -0.693635 1.34879 -1.47506 -2.25187 1.91135 -0.045396
2.76954 0.533497 1.98421 -1.46697 0.341392 -0.863652 -0.572294 1.72965 -0.856329 0.386666 -0.693635 1.34879 -1.47506 -2.25187 1.91135 -0.045396
2.76808 0.533497 1.98421 -1.46697 0.341392 -0.863652 -0.572294 1.72965 -0.856329 0.386666 -0.693635 1.34879 -1.47506 -2.25187 1.91135 -0.045396
2.76653 0.533497 1.98421 -1.46697 0.341392 -0.863652 -0.572294 1.72965 -0.856329 0.386666 -0.693635 1.34879 -1.47506 -2.25187 1.91135 -0.045396
2.76485 0.533497 1.98421 -1.46697 0.341392 -0.863652 -0.572294 1.72965 -0.856329 0.386666 -0.693635 1.34879 -1.47506 -2.25187 1.91135 -0.045396
2.76319 0.533497 1.98421 -1.46697 0.341392 -0.863652 -0.572294 1.72965 -0.856329 0.386666 -0.693635 1.34879 -1.47506 -2.25187 1.91135 -0.045396
2.76149 0.533497 1.98421 -1.46697 0.341392 -0.863652 -0.572294 1.72965 -0.856329 0.386666 -0.693635 1.34879 -1.47506 -2.25187 1.91135 -0.045396
2.75976 0.533497 1.98421 -1.46697 0.341392 -0.863652 -0.572294 1.72965 -0.856329 0.386666 -0.693635 1.34879 -1.47506 -2.25187 1.91135 -0.045396
2.75799 0.533497 1.98421 -1.46697 0.341392 -0.863652 -0.572294 1.72965 -0.856329 0.386666 -0.693635 1.34879 -1.47506 -2.25187 1.91135 -0.045396
2.75618 0.533497 1.98421 -1.46697 0.341392 -0.863652 -0.572294 1.72965 -0.856329 0.386666 -0.693635 1.34879 -1.47506 -2.25187 1.91135 -0.045396
2.75435 0.533497 1.98421 -1.46697 0.341392 -0.863652 -0.572294 1.72965 -0.856329 0.386666 -0.693635 1.34879 -1.47506 -2.25187 1.91135 -0.045396
2.75253 0.533497 1.98421 -1.46697 0.341392 -0.863652 -0.572294 1.72965 -0.856329 0.386666 -0.693635 1.34879 -1.47506 -2.25187 1.91135 -0.045396
2.75073 0.533497 1.98421 -1.46697 0.341392 -0.863652 -0.572294 1.72965 -0.856329 0.386666 -0.693635 1.34879 -1.47506 -2.25187 1.91135 -0.045396
2.74893 0.533497 1.98421 -1.46697 0.341392 -0.863652 -0.572294 1.72965 -0.856329 0.386666 -0.693635 1.34879 -1.47506 -2.25187 1.91135 -0.045396
2.74715 0.533497 1.98421 -1.46697 0.341392 -0.863652 -0.572294 1.72965 -0.856329 0.386666 -0.693635 1.34879 -1.47506 -2.25187 1.91135 -0.045396
2.74537 0.533497 1.98421 -1.46697 0.341392 -0.863652 -0.572294 1.72965 -0.856329 0.386666 -0.693635 1.34879 -1.47506 -2.25187 1.91135 -0.045396
2.74358 0.533497 1.98421 -1.46697 0.341392 -0.863652 -0.572294 1.72965 -0.856329 0.386666 -0.693635 1.34879 -1.47506 -2.25187 1.91135 -0.045396
2.74181 0.533497 1.98421 -1.46697 0.341392 -0.863652 -0.572294 1.72965 -0.856329 0.386666 -0.693635 1.34879 -1.47506 -2.25187 1.91135 -0.045396
2.74007 0.533497 1.98421 -1.46697 0.341392 -0.863652 -0.572294 1.72965 -0.856329 0.386666 -0.693635 1.34879 -1.47506 -2.25187 1.91135 -0.045396
2.73831 0.533497 1.98421 -1.46697 0.341392 -0.863652 -0.572294 1.72965 -0.856329 0.386666 -0.693635 1.34879 -1.47506 -2.25187 1.91135 -0.045396
2.73494 0.533497 1.98421 -1.46697 0.341392 -0.863652 -0.572294 1.72965 -0.856329 0.386666 -0.693635 1.34879 -1.47506 -2.25187 1.91135 -0.045396
2.73169 0.533497 1.98421 -1.46697 0.341392 -0.863652 -0.572294 1.72965 -0.856329 0.386666 -0.693635 1.34879 -1.47506 -2.25187 1.91135 -0.045396
2.72834 0.533497 1.98421 -1.46697 0.341392 -0.863652 -0.572294 1.72965 -0.856329 0.386666 -0.693635 1.34879 -1.47506 -2.25187 1.91135 -0.045396
2.72491 0.533497 1.98421 -1.46697 0.341392 -0.863652 -0.572294 1.72965 -0.856329 0.386666 -0.693635 1.34879 -1.47506 -2.25187 1.91135 -0.045396
2.72148 0.533497 1.98421 -1.46697 0.341392 -0.863652 -0.572294 1.72965 -0.856329 0.386666 -0.693635 1.34879 -1.47506 -2.25187 1.91135 -0.045396
2.71802 0.533497 1.98421 -1.46697 0.341392 -0.863652 -0.572294 1.72965 -0.856329 0.386666 -0.693635 1.34879 -1.47506 -2.25187 1.91135 -0.045396
2.7146 0.533497 1.98421 -1.46697 0.341392 -0.863652 -0.572294 1.72965 -0.856329 0.386666 -0.693635 1.34879 -1.47506 -2.25187 1.91135 -0.045396
2.71113 0.533497 1.98421 -1.46697 0.341392 -0.863652 -0.572294 1.72965 -0.856329 0.386666 -0.693635 1.34879 -1.47506 -2.25187 1.91135 -0.045396
2.70759 0.533497 1.98421 -1.46697 0.341392 -0.863652 -0.572294 1.72965 -0.856329 0.386666 -0.693635 1.34879 -1.47506 -2.25187 1.91135 -0.045396
2.70397 0.533497 1.98421 -1.46697 0.341392 -0.863652 -0.572294 1.72965 -0.856329 0.386666 -0.693635 1.34879 -1.47506 -2.25187 1.91135 -0.045396
2.70054 0.533497 1.98421 -1.46697 0.341392 -0.863652 -0.572294 1.72965 -0.856329 0.386666 -0.693635 1.34879 -1.47506 -2.25187 1.91135 -0.045396
2.69706 0.533497 1.98421 -1.46697 0.341392 -0.863652 -0.572294 1.72965 -0.856329 0.386666 -0.693635 1.34879 -1.47506 -2.25187 1.91135 -0.045396
2.69358 0.533497 1.98421 -1.46697 0.341392 -0.863652 -0.572294 1.72965 -0.856329 0.386666 -0.693635 1.34879 -1.47506 -2.25187 1.91135 -0.045396
2.6901 0.533497 1.98421 -1.46697 0.341392 -0.863652 -0.572294 1.72965 -0.856329 0.386666 -0.693635 1.34879 -1.47506 -2.25187 1.91135 -0.045396
2.68653 0.533497 1.98421 -1.46697 0.341392 -0.863652 -0.572294 1.72965 -0.856329 0.386666 -0.693635 1.34879 -1.47506 -2.25187 1.91135 -0.045396
2.68294 0.533497 1.98421 -1.46697 0.341392 -0.863652 -0.572294 1.72965 -0.856329 0.386666 -0.693635 1.34879 -1.47506 -2.25187 1.91135 -0.045396
2.67894 0.533497 1.98421 -1.46697 0.341392 -0.863652 -0.572294 1.72965 -0.856329 0.386666 -0.693635 1.34879 -1.47506 -2.25187 1.91135 -0.045396
2.67529 0.533497 1.98421 -1.46697 0.341392 -0.863652 -0.572294 1.72965 -0.856329 0.386666 -0.693635 1.34879 -1.47506 -2.25187 1.91135 -0.045396
2.67157 0.533497 1.98421 -1.46697 0.341392 -0.863652 -0.572294 1.72965 -0.856329 0.386666 -0.693635 1.34879 -1.47506 -2.25187 1.91135 -0.045396
2.66793 0.533497 1.98421 -1.46697 0.341392 -0.863652 -0.572294 1.72965 -0.856329 0.386666 -0.693635 1.34879 -1.47506 -2.25187 1.91135 -0.045396
2.66425 0.533497 1.98421 -1.46697 0.341392 -0.863652 -0.572294 1.72965 -0.856329 0.386666 -0.693635 1.34879 -1.47506 -2.25187 1.91135 -0.045396
2.66061 0.533497 1.98421 -1.46697 0.341392 -0.863652 -0.572294 1.72965 -0.856329 0.386666 -0.693635 1.34879 -1.47506 -2.25187 1.91135 -0.045396
2.6569 0.533497 1.98421 -1.46697 0.341392 -0.863652 -0.572294 1.72965 -0.856329 0.386666 -0.693635 1.34879 -1.47506 -2.25187 1.91135 -0.045396
2.65322 0.533497 1.98421 -1.46697 0.341392 -0.863652 -0.572294 1.72965 -0.856329 0.386666 -0.693635 1.34879 -1.47506 -2.25187 1.91135 -0.045396
2.64954 0.533497 1.98421 -1.46697 0.341392 -0.863652 -0.572294 1.72965 -0.856329 0.386666 -0.693635 1.34879 -1.47506 -2.25187 1.91135 -0.045396
2.64577 0.533497 1.98421 -1.46697 0.341392 -0.863652 -0.572294 1.72965 -0.856329 0.386666 -0.693635 1.34879 -1.47506 -2.25187 1.91135 -0.045396
2.64195 0.533497 1.98421 -1.46697 0.341392 -0.863652 -0.572294 1.72965 -0.856329 0.386666 -0.693635 1.34879 -1.47506 -2.25187 1.91135 -0.045396
2.63814 0.533497 1.98421 -1.46697 0.341392 -0.863652 -0.572294 1.72965 -0.856329 0.386666 -0.693635 1.34879 -1.47506 -2.25187 1.91135 -0.045396
2.63422 0.533497 1.98421 -1.46697 0.341392 -0.863652 -0.572294 1.72965 -0.856329 0.386666 -0.693635 1.34879 -1.47506 -2.25187 1.91135 -0.045396
2.63034 0.533497 1.98421 -1.46697 0.341392 -0.863652 -0.572294 1.72965 -0.856329 0.386666 -0.693635 1.34879 -1.47506 -2.25187 1.91135 -0.045396
2.62642 0.533497 1.98421 -1.46697 0.341392 -0.863652 -0.572294 1.72965 -0.856329 0.386666 -0.693635 1.34879 -1.47506 -2.25187 1.91135 -0.045396
2.62252 0.533497 1.98421 -1.46697 0.341392 -0.863652 -0.572294 1.72965 -0.856329 0.386666 -0.693635 1.34879 -1.47506 -2.25187 1.91135 -0.045396
2.61864 0.533497 1.98421 -1.46697 0.341392 -0.863652 -0.572294 1.72965 -0.856329 0.386666 -0.693635 1.34879 -1.47506 -2.25187 1.91135 -0.045396
2.61475 0.533497 1.98421 -1.46697 0.341392 -0.863652 -0.572294 1.72965 -0.856329 0.386666 -0.693635 1.34879 -1.47506 -2.25187 1.91135 -0.045396
2.61084 0.533497 1.98421 -1.46697 0.341392 -0.863652 -0.572294 1.72965 -0.856329 0.386666 -0.693635 1.34879 -1.47506 -2.25187 1.91135 -0.045396
2.60686 0.533497 1.98421 -1.46697 0.341392 -0.863652 -0.572294 1.72965 -0.856329 0.386666 -0.693635 1.34879 -1.47506 -2.25187 1.91135 -0.045396
2.60291 0.533497 1.98421 -1.46697 0.341392 -0.863652 -0.572294 1.72965 -0.856329 0.386666 -0.693635 1.34879 -1.47506 -2.25187 1.91135 -0.045396
2.5988 0.533497 1.98421 -1.46697 0.341392 -0.863652 -0.572294 1.72965 -0.856329 0.386666 -0.693635 1.34879 -1.47506 -2.25187 1.91135 -0.045396
2.59486 0.533497 1.98421 -1.46697 0.341392 -0.863652 -0.572294 1.72965 -0.856329 0.386666 -0.693635 1.34879 -1.47506 -2.25187 1.91135 -0.045396
2.59082 0.533497 1.98421 -1.46697 0.341392 -0.863652 -0.572294 1.72965 -0.856329 0.386666 -0.693635 1.34879 -1.47506 -2.25187 1.91135 -0.045396
2.58679 0.533497 1.98421 -1.46697 0.341392 -0.863652 -0.572294 1.72965 -0.856329 0.386666 -0.693635 1.34879 -1.47506 -2.25187 1.91135 -0.045396
2.58277 0.533497 1.98421 -1.46697 0.341392 -0.863652 -0.572294 1.72965 -0.856329 0.386666 -0.693635 1.34879 -1.47506 -2.25187 1.91135 -0.045396
2.57871 0.533497 1.98421 -1.46697 0.341392 -0.863652 -0.572294 1.72965 -0.856329 0.386666 -0.693635 1.34879 -1.47506 -2.25187 1.91135 -0.045396
2.57465 0.533497 1.98421 -1.46697 0.341392 -0.863652 -0.572294 1.72965 -0.856329 0.386666 -0.693635 1.34879 -1.47506 -2.25187 1.91135 -0.045396
2.57055 0.533497 1.98421 -1.46697 0.341392 -0.863652 -0.572294 1.72965 -0.856329 0.386666 -0.693635 1.34879 -1.47506 -2.25187 1.91135 -0.045396
2.56639 0.533497 1.98421 -1.46697 0.341392 -0.863652 -0.572294 1.72965 -0.856329 0.386666 -0.693635 1.34879 -1.47506 -2.25187 1.91135 -0.045396
2.56221 0.533497 1.98421 -1.46697 0.341392 -0.863652 -0.572294 1.72965 -0.856329 0.386666 -0.693635 1.34879 -1.47506 -2.25187 1.91135 -0.045396
2.55799 0.533497 1.98421 -1.46697 0.341392 -0.863652 -0.572294 1.72965 -0.856329 0.386666 -0.693635 1.34879 -1.47506 -2.25187 1.91135 -0.045396
2.5538 0.533497 1.98421 -1.46697 0.341392 -0.863652 -0.572294 1.72965 -0.856329 0.386666 -0.693635 1.34879 -1.47506 -2.25187 1.91135 -0.045396
2.54952 0.533497 1.98421 -1.46697 0.341392 -0.863652 -0.572294 1.72965 -0.856329 0.386666 -0.693635 1.34879 -1.47506 -2.25187 1.91135 -0.045396
2.54518 0.533497 1.98421 -1.46697 0.341392 -0.863652 -0.572294 1.72965 -0.856329 0.386666 -0.693635 1.34879 -1.47506 -2.25187 1.91135 -0.045396
2.5409 0.533497 1.98421 -1.46697 0.341392 -0.863652 -0.572294 1.72965 -0.856329 0.386666 -0.693635 1.34879 -1.47506 -2.25187 1.91135 -0.045396
2.53664 0.533497 1.98421 -1.46697 0.341392 -0.863652 -0.572294 1.72965 -0.856329 0.386666 -0.693635 1.34879 -1.47506 -2.25187 1.91135 -0.045396
2.53237 0.533497 1.98421 -1.46697 0.341392 -0.863652 -0.572294 1.72965 -0.856329 0.386666 -0.693635 1.34879 -1.47506 -2.25187 1.91135 -0.045396
2.52802 0.533497 1.98421 -1.46697 0.341392 -0.863652 -0.572294 1.72965 -0.856329 0.386666 -0.693635 1.34879 -1.47506 -2.25187 1.91135 -0.045396
2.52373 0.533497 1.98421 -1.46697 0.341392 -0.863652 -0.572294 1.72965 -0.856329 0.386666 -0.693635 1.34879 -1.47506 -2.25187 1.91135 -0.045396
2.51932 0.533497 1.98421 -1.46697 0.341392 -0.863652 -0.572294 1.72965 -0.856329 0.386666 -0.693635 1.34879 -1.47506 -2.25187 1.91135 -0.045396
2.51498 0.533497 1.98421 -1.46697 0.341392 -0.863652 -0.572294 1.72965 -0.856329 0.386666 -0.693635 1.34879 -1.47506 -2.25187 1.91135 -0.045396
2.51062 0.533497 1.98421 -1.46697 0.341392 -0.863652 -0.572294 1.72965 -0.856329 0.386666 -0.693635 1.34879 -1.47506 -2.25187 1.91135 -0.045396
2.50617 0.533497 1.98421 -1.46697 0.341392 -0.863652 -0.572294 1.72965 -0.856329 0.386666 -0.693635 1.34879 -1.47506 -2.25187 1.91135 -0.045396
2.50173 0.533497 1.98421 -1.46697 0.341392 -0.863652 -0.572294 1.72965 -0.856329 0.386666 -0.693635 1.34879 -1.47506 -2.25187 1.91135 -0.045396
2.4973 0.533497 1.98421 -1.46697 0.341392 -0.863652 -0.572294 1.72965 -0.856329 0.386666 -0.693635 1.34879 -1.47506 -2.25187 1.91135 -0.045396
2.49287 0.533497 1.98421 -1.46697 0.341392 -0.863652 -0.572294 1.72965 -0.856329 0.386666 -0.693635 1.34879 -1.47506 -2.25187 1.91135 -0.045396
2.48838 0.533497 1.98421 -1.46697 0.341392 -0.863652 -0.572294 1.72965 -0.856329 0.386666 -0.693635 1.34879 -1.47506 -2.25187 1.91135 -0.045396
2.4839 0.533497 1.98421 -1.46697 0.341392 -0.863652 -0.572294 1.72965 -0.856329 0.386666 -0.693635 1.34879 -1.47506 -2.25187 1.91135 -0.045396
2.47935 0.533497 1.98421 -1.46697 0.341392 -0.863652 -0.572294 1.72965 -0.856329 0.386666 -0.693635 1.34879 -1.47506 -2.25187 1.91135 -0.045396
2.4747 0.533497 1.98421 -1.46697 0.341392 -0.863652 -0.572294 1.72965 -0.856329 0.386666 -0.693635 1.34879 -1.47506 -2.25187 1.91135 -0.045396
2.4701 0.533497 1.98421 -1.46697 0.341392 -0.863652 -0.572294 1.72965 -0.856329 0.386666 -0.693635 1.34879 -1.47506 -2.25187 1.91135 -0.045396
2.46547 0.533497 1.98421 -1.46697 0.341392 -0.863652 -0.572294 1.72965 -0.856329 0.386666 -0.693635 1.34879 -1.47506 -2.25187 1.91135 -0.045396
2.46085 0.533497 1.98421 -1.46697 0.341392 -0.863652 -0.572294 1.72965 -0.856329 0.386666 -0.693635 1.34879 -1.47506 -2.25187 1.91135 -0.045396
2.45621 0.533497 1.98421 -1.46697 0.341392 -0.863652 -0.572294 1.72965 -0.856329 0.386666 -0.693635 1.34879 -1.47506 -2.25187 1.91135 -0.045396
2.4514 0.533497 1.98421 -1.46697 0.341392 -0.863652 -0.572294 1.72965 -0.856329 0.386666 -0.693635 1.34879 -1.47506 -2.25187 1.91135 -0.045396
2.44662 0.533497 1.98421 -1.46697 0.341392 -0.863652 -0.572294 1.72965 -0.856329 0.386666 -0.693635 1.34879 -1.47506 -2.25187 1.91135 -0.045396
2.44182 0.533497 1.98421 -1.46697 0.341392 -0.863652 -0.572294 1.72965 -0.856329 0.386666 -0.693635 1.34879 -1.47506 -2.25187 1.91135 -0.045396
2.43712 0.533497 1.98421 -1.46697 0.341392 -0.863652 -0.572294 1.72965 -0.856329 0.386666 -0.693635 1.34879 -1.47506 -2.25187 1.91135 -0.045396
2.4322 0.533497 1.98421 -1.46697 0.341392 -0.863652 -0.572294 1.72965 -0.856329 0.386666 -0.693635 1.34879 -1.47506 -2.25187 1.91135 -0.045396
2.42734 0.533497 1.98421 -1.46697 0.341392 -0.863652 -0.572294 1.72965 -0.856329 0.386666 -0.693635 1.34879 -1.47506 -2.25187 1.91135 -0.045396
2.42253 0.533497 1.98421 -1.46697 0.341392 -0.863652 -0.572294 1.72965 -0.856329 0.386666 -0.693635 1.34879 -1.47506 -2.25187 1.91135 -0.045396
2.41775 0.533497 1.98421 -1.46697 0.341392 -0.863652 -0.572294 1.72965 -0.856329 0.386666 -0.693635 1.34879 -1.47506 -2.25187 1.91135 -0.045396
2.4129 0.533497 1.98421 -1.46697 0.341392 -0.863652 -0.572294 1.72965 -0.856329 0.386666 -0.693635 1.34879 -1.47506 -2.25187 1.91135 -0.045396
2.40801 0.533497 1.98421 -1.46697 0.341392 -0.863652 -0.572294 1.72965 -0.856329 0.386666 -0.693635 1.34879 -1.47506 -2.25187 1.91135 -0.045396
2.40309 0.533497 1.98421 -1.46697 0.341392 -0.863652 -0.572294 1.72965 -0.856329 0.386666 -0.693635 1.34879 -1.47506 -2.25187 1.91135 -0.045396
2.39813 0.533497 1.98421 -1.46697 0.341392 -0.863652 -0.572294 1.72965 -0.856329 0.386666 -0.693635 1.34879 -1.47506 -2.25187 1.91135 -0.045396
2.39318 0.533497 1.98421 -1.46697 0.341392 -0.863652 -0.572294 1.72965 -0.856329 0.386666 -0.693635 1.34879 -1.47506 -2.25187 1.91135 -0.045396
2.38816 0.533497 1.98421 -1.46697 0.341392 -0.863652 -0.572294 1.72965 -0.856329 0.386666 -0.693635 1.34879 -1.47506 -2.25187 1.91135 -0.045396
2.37841 0.533497 1.98421 -1.46697 0.341392 -0.863652 -0.572294 1.72965 -0.856329 0.386666 -0.693635 1.34879 -1.47506 -2.25187 1.91135 -0.045396
2.37991 0.533497 1.98421 -1.46697 0.341392 -0.863652 -0.572294 1.72965 -0.856329 0.386666 -0.693635 1.34879 -1.47506 -2.25187 1.91135 -0.045396
2.38145 0.533497 1.98421 -1.46697 0.341392 -0.863652 -0.572294 1.72965 -0.856329 0.386666 -0.693635 1.34879 -1.47506 -2.25187 1.91135 -0.045396
2.38304 0.533497 1.98421 -1.46697 0.341392 -0.863652 -0.572294 1.72965 -0.856329 0.386666 -0.693635 1.34879 -1.47506 -2.25187 1.91135 -0.045396
2.38454 0.533497 1.98421 -1.46697 0.341392 -0.863652 -0.572294 1.72965 -0.856329 0.386666 -0.693635 1.34879 -1.47506 -2.25187 1.91135 -0.045396
2.38586 0.533497 1.98421 -1.46697 0.341392 -0.863652 -0.572294 1.72965 -0.856329 0.386666 -0.693635 1.34879 -1.47506 -2.25187 1.91135 -0.045396
2.38716 0.533497 1.98421 -1.46697 0.341392 -0.863652 -0.572294 1.72965 -0.856329 0.386666 -0.693635 1.34879 -1.47506 -2.25187 1.91135 -0.045396
2.38854 0.533497 1.98421 -1.46697 0.341392 -0.863652 -0.572294 1.72965 -0.856329 0.386666 -0.693635 1.34879 -1.47506 -2.25187 1.91135 -0.045396
2.39019 0.533497 1.98421 -1.46697 0.341392 -0.863652 -0.572294 1.72965 -0.856329 0.386666 -0.693635 1.34879 -1.47506 -2.25187 1.91135 -0.045396
2.39211 0.533497 1.98421 -1.46697 0.341392 -0.863652 -0.572294 1.72965 -0.856329 0.386666 -0.693635 1.34879 -1.47506 -2.25187 1.91135 -0.045396
2.39614 0.533497 1.98421 -1.46697 0.341392 -0.863652 -0.572294 1.72965 -0.856329 0.386666 -0.693635 1.34879 -1.47506 -2.25187 1.91135 -0.045396
2.4009 0.533497 1.98421 -1.46697 0.341392 -0.863652 -0.572294 1.72965 -0.856329 0.386666 -0.693635 1.34879 -1.47506 -2.25187 1.91135 -0.045396
2.40622 0.533497 1.98421 -1.46697 0.341392 -0.863652 -0.572294 1.72965 -0.856329 0.386666 -0.693635 1.34879 -1.47506 -2.25187 1.91135 -0.045396
2.41191 0.533497 1.98421 -1.46697 0.341392 -0.863652 -0.572294 1.72965 -0.856329 0.386666 -0.693635 1.34879 -1.47506 -2.25187 1.91135 -0.045396
2.41766 0.533497 1.98421 -1.46697 0.341392 -0.863652 -0.572294 1.72965 -0.856329 0.386666 -0.693635 1.34879 -1.47506 -2.25187 1.91135 -0.045396
2.42351 0.533497 1.98421 -1.46697 0.341392 -0.863652 -0.572294 1.72965 -0.856329 0.386666 -0.693635 1.34879 -1.47506 -2.25187 1.91135 -0.045396
2.42939 0.533497 1.98421 -1.46697 0.341392 -0.863652 -0.572294 1.72965 -0.856329 0.386666 -0.693635 1.34879 -1.47506 -2.25187 1.91135 -0.045396
2.43542 0.533497 1.98421 -1.46697 0.341392 -0.863652 -0.572294 1.72965 -0.856329 0.386666 -0.693635 1.34879 -1.47506 -2.25187 1.91135 -0.045396
2.44183 0.533497 1.98421 -1.46697 0.341392 -0.863652 -0.572294 1.72965 -0.856329 0.386666 -0.693635 1.34879 -1.47506 -2.25187 1.91135 -0.045396
2.44865 0.533497 1.98421 -1.46697 0.341392 -0.863652 -0.572294 1.72965 -0.856329 0.386666 -0.693635 1.34879 -1.47506 -2.25187 1.91135 -0.045396
2.45587 0.533497 1.98421 -1.46697 0.341392 -0.863652 -0.572294 1.72965 -0.856329 0.386666 -0.693635 1.34879 -1.47506 -2.25187 1.91135 -0.045396
2.46333 0.533497 1.98421 -1.46697 0.341392 -0.863652 -0.572294 1.72965 -0.856329 0.386666 -0.693635 1.34879 -1.47506 -2.25187 1.91135 -0.045396
2.47105 0.533497 1.98421 -1.46697 0.341392 -0.863652 -0.572294 1.72965 -0.856329 0.386666 -0.693635 1.34879 -1.47506 -2.25187 1.91135 -0.045396
2.47885 0.533497 1.98421 -1.46697 0.341392 -0.863652 -0.572294 1.72965 -0.856329 0.386666 -0.693635 1.34879 -1.47506 -2.25187 1.91135 -0.045396
2.48705 0.533497 1.98421 -1.46697 0.341392 -0.863652 -0.572294 1.72965 -0.856329 0.386666 -0.693635 1.34879 -1.47506 -2.25187 1.91135 -0.045396
2.49573 0.533497 1.98421 -1.46697 0.341392 -0.863652 -0.572294 1.72965 -0.856329 0.386666 -0.693635 1.34879 -1.47506 -2.25187 1.91135 -0.045396
2.50473 0.533497 1.98421 -1.46697 0.341392 -0.863652 -0.572294 1.72965 -0.856329 0.386666 -0.693635 1.34879 -1.47506 -2.25187 1.91135 -0.045396
2.5142 0.533497 1.98421 -1.46697 0.341392 -0.863652 -0.572294 1.72965 -0.856329 0.386666 -0.693635 1.34879 -1.47506 -2.25187 1.91135 -0.045396
2.52396 0.533497 1.98421 -1.46697 0.341392 -0.863652 -0.572294 1.72965 -0.856329 0.386666 -0.693635 1.34879 -1.47506 -2.25187 1.91135 -0.045396
2.53417 0.533497 1.98421 -1.46697 0.341392 -0.863652 -0.572294 1.72965 -0.856329 0.386666 -0.693635 1.34879 -1.47506 -2.25187 1.91135 -0.045396
2.54485 0.533497 1.98421 -1.46697 0.341392 -0.863652 -0.572294 1.72965 -0.856329 0.386666 -0.693635 1.34879 -1.47506 -2.25187 1.91135 -0.045396
2.5557 0.533497 1.98421 -1.46697 0.341392 -0.863652 -0.572294 1.72965 -0.856329 0.386666 -0.693635 1.34879 -1.47506 -2.25187 1.91135 -0.045396
2.56696 0.533497 1.98421 -1.46697 0.341392 -0.863652 -0.572294 1.72965 -0.856329 0.386666 -0.693635 1.34879 -1.47506 -2.25187 1.91135 -0.045396
2.5787 0.533497 1.98421 -1.46697 0.341392 -0.863652 -0.572294 1.72965 -0.856329 0.386666 -0.693635 1.34879 -1.47506 -2.25187 1.91135 -0.045396
2.59088 0.533497 1.98421 -1.46697 0.341392 -0.863652 -0.572294 1.72965 -0.856329 0.386666 -0.693635 1.34879 -1.47506 -2.25187 1.91135 -0.045396
