8.912
8.923
8.933
8.943
8.954
8.964
8.974
8.985
8.995
9.007
9.027
9.048
9.069
9.089
9.11
9.131
9.151
9.172
9.192
9.213
9.253
9.292
9.332
9.371
9.409
9.448
9.487
9.525
9.565
9.603
9.642
9.68
9.718
9.757
9.796
9.839
9.877
9.916
9.955
9.993
10.032
10.07
10.109
10.147
10.185
10.224
10.263
10.302
10.342
10.381
10.42
10.459
10.497
10.536
10.574
10.613
10.652
10.691
10.73
10.768
10.807
10.845
10.884
10.922
10.961
10.999
11.038
11.077
11.116
11.156
11.195
11.234
11.273
11.312
11.35
11.389
11.428
11.466
11.505
11.543
11.582
11.621
11.659
11.697
11.736
11.776
11.815
11.853
11.892
11.931
11.969
12.009
12.048
12.087
12.126
12.166
12.204
12.243
12.281
12.32
12.358
12.397
12.436
12.474
12.514
13.573
13.584
13.595
13.605
13.616
13.627
13.638
13.648
13.659
13.673
13.712
13.75
13.789
13.828
13.866
13.905
13.943
13.982
14.021
14.059
14.099
14.137
14.176
14.214
14.253
14.292
14.331
14.371
14.41
14.449
14.488
14.527
14.565
14.604
14.642
