1.04591 -0.795605 -1.34241 0.265925 1.93871 1.16681 0.962955 0.62306 -1.94714 -1.45873 -1.30433 1.49433 -0.482995 1.10401 -1.61756 1.3567
1.04591 -0.795605 -1.34241 0.265925 1.93871 1.16681 0.962955 0.62306 -1.94714 -1.45873 -1.30433 1.49433 -0.482995 1.10401 -1.61756 1.3567
1.04591 -0.795605 -1.34241 0.265925 1.93871 1.16681 0.962955 0.62306 -1.94714 -1.45873 -1.30433 1.49433 -0.482995 1.10401 -1.61756 1.3567
1.04591 -0.795605 -1.34241 0.265925 1.93871 1.16681 0.962955 0.62306 -1.94714 -1.45873 -1.30433 1.49433 -0.482995 1.10401 -1.61756 1.3567
1.04591 -0.795605 -1.34241 0.265925 1.93871 1.16681 0.962955 0.62306 -1.94714 -1.45873 -1.30433 1.49433 -0.482995 1.10401 -1.61756 1.3567
1.04591 -0.795605 -1.34241 0.265925 1.93871 1.16681 0.962955 0.62306 -1.94714 -1.45873 -1.30433 1.49433 -0.482995 1.10401 -1.61756 1.3567
1.04591 -0.795605 -1.34241 0.265925 1.93871 1.16681 0.962955 0.62306 -1.94714 -1.45873 -1.30433 1.49433 -0.482995 1.10401 -1.61756 1.3567
1.04591 -0.795605 -1.34241 0.265925 1.93871 1.16681 0.962955 0.62306 -1.94714 -1.45873 -1.30433 1.49433 -0.482995 1.10401 -1.61756 1.3567
1.04591 -0.795605 -1.34241 0.265925 1.93871 1.16681 0.962955 0.62306 -1.94714 -1.45873 -1.30433 1.49433 -0.482995 1.10401 -1.61756 1.3567
1.04591 -0.795605 -1.34241 0.265925 1.93871 1.16681 0.962955 0.62306 -1.94714 -1.45873 -1.30433 1.49433 -0.482995 1.10401 -1.61756 1.3567
1.04591 -0.795605 -1.34241 0.265925 1.93871 1.16681 0.962955 0.62306 -1.94714 -1.45873 -1.30433 1.49433 -0.482995 1.10401 -1.61756 1.3567
1.0456 -0.795605 -1.34241 0.265925 1.93871 1.16681 0.962955 0.62306 -1.94714 -1.45873 -1.30433 1.49433 -0.482995 1.10401 -1.61756 1.3567
1.04461 -0.795605 -1.34241 0.265925 1.93871 1.16681 0.962955 0.62306 -1.94714 -1.45873 -1.30433 1.49433 -0.482995 1.10401 -1.61756 1.3567
1.04338 -0.795605 -1.34241 0.265925 1.93871 1.16681 0.962955 0.62306 -1.94714 -1.45873 -1.30433 1.49433 -0.482995 1.10401 -1.61756 1.3567
1.04212 -0.795605 -1.34241 0.265925 1.93871 1.16681 0.962955 0.62306 -1.94714 -1.45873 -1.30433 1.49433 -0.482995 1.10401 -1.61756 1.3567
1.04079 -0.795605 -1.34241 0.265925 1.93871 1.16681 0.962955 0.62306 -1.94714 -1.45873 -1.30433 1.49433 -0.482995 1.10401 -1.61756 1.3567
1.03942 -0.795605 -1.34241 0.265925 1.93871 1.16681 0.962955 0.62306 -1.94714 -1.45873 -1.30433 1.49433 -0.482995 1.10401 -1.61756 1.3567
1.0388 -0.795605 -1.34241 0.265925 1.93871 1.16681 0.962955 0.62306 -1.94714 -1.45873 -1.30433 1.49433 -0.482995 1.10401 -1.61756 1.3567
1.0388 -0.795605 -1.34241 0.265925 1.93871 1.16681 0.962955 0.62306 -1.94714 -1.45873 -1.30433 1.49433 -0.482995 1.10401 -1.61756 1.3567
1.03879 -0.795605 -1.34241 0.265925 1.93871 1.16681 0.962955 0.62306 -1.94714 -1.45873 -1.30433 1.49433 -0.482995 1.10401 -1.61756 1.3567
1.03849 -0.795605 -1.34241 0.265925 1.93871 1.16681 0.962955 0.62306 -1.94714 -1.45873 -1.30433 1.49433 -0.482995 1.10401 -1.61756 1.3567
1.03798 -0.795605 -1.34241 0.265925 1.93871 1.16681 0.962955 0.62306 -1.94714 -1.45873 -1.30433 1.49433 -0.482995 1.10401 -1.61756 1.3567
1.03742 -0.795605 -1.34241 0.265925 1.93871 1.16681 0.962955 0.62306 -1.94714 -1.45873 -1.30433 1.49433 -0.482995 1.10401 -1.61756 1.3567
1.03703 -0.795605 -1.34241 0.265925 1.93871 1.16681 0.962955 0.62306 -1.94714 -1.45873 -1.30433 1.49433 -0.482995 1.10401 -1.61756 1.3567
1.03685 -0.795605 -1.34241 0.265925 1.93871 1.16681 0.962955 0.62306 -1.94714 -1.45873 -1.30433 1.49433 -0.482995 1.10401 -1.61756 1.3567
1.03683 -0.795605 -1.34241 0.265925 1.93871 1.16681 0.962955 0.62306 -1.94714 -1.45873 -1.30433 1.49433 -0.482995 1.10401 -1.61756 1.3567
1.03683 -0.795605 -1.34241 0.265925 1.93871 1.16681 0.962955 0.62306 -1.94714 -1.45873 -1.30433 1.49433 -0.482995 1.10401 -1.61756 1.3567
1.03683 -0.795605 -1.34241 0.265925 1.93871 1.16681 0.962955 0.62306 -1.94714 -1.45873 -1.30433 1.49433 -0.482995 1.10401 -1.61756 1.3567
1.67253 -0.795605 -1.34241 0.265925 1.93871 1.16681 0.962955 0.62306 -1.94714 -1.45873 -1.30433 1.49433 -0.482995 1.10401 -1.61756 1.3567
1.67253 -0.795605 -1.34241 0.265925 1.93871 1.16681 0.962955 0.62306 -1.94714 -1.45873 -1.30433 1.49433 -0.482995 1.10401 -1.61756 1.3567
1.67253 -0.795605 -1.34241 0.265925 1.93871 1.16681 0.962955 0.62306 -1.94714 -1.45873 -1.30433 1.49433 -0.482995 1.10401 -1.61756 1.3567
1.67253 -0.795605 -1.34241 0.265925 1.93871 1.16681 0.962955 0.62306 -1.94714 -1.45873 -1.30433 1.49433 -0.482995 1.10401 -1.61756 1.3567
1.67253 -0.795605 -1.34241 0.265925 1.93871 1.16681 0.962955 0.62306 -1.94714 -1.45873 -1.30433 1.49433 -0.482995 1.10401 -1.61756 1.3567
1.67253 -0.795605 -1.34241 0.265925 1.93871 1.16681 0.962955 0.62306 -1.94714 -1.45873 -1.30433 1.49433 -0.482995 1.10401 -1.61756 1.3567
1.67253 -0.795605 -1.34241 0.265925 1.93871 1.16681 0.962955 0.62306 -1.94714 -1.45873 -1.30433 1.49433 -0.482995 1.10401 -1.61756 1.3567
1.67253 -0.795605 -1.34241 0.265925 1.93871 1.16681 0.962955 0.62306 -1.94714 -1.45873 -1.30433 1.49433 -0.482995 1.10401 -1.61756 1.3567
1.67253 -0.795605 -1.34241 0.265925 1.93871 1.16681 0.962955 0.62306 -1.94714 -1.45873 -1.30433 1.49433 -0.482995 1.10401 -1.61756 1.3567
1.67253 -0.795605 -1.34241 0.265925 1.93871 1.16681 0.962955 0.62306 -1.94714 -1.45873 -1.30433 1.49433 -0.482995 1.10401 -1.61756 1.3567
1.67253 -0.795605 -1.34241 0.265925 1.93871 1.16681 0.962955 0.62306 -1.94714 -1.45873 -1.30433 1.49433 -0.482995 1.10401 -1.61756 1.3567
1.67249 -0.795605 -1.34241 0.265925 1.93871 1.16681 0.962955 0.62306 -1.94714 -1.45873 -1.30433 1.49433 -0.482995 1.10401 -1.61756 1.3567
1.67227 -0.795605 -1.34241 0.265925 1.93871 1.16681 0.962955 0.62306 -1.94714 -1.45873 -1.30433 1.49433 -0.482995 1.10401 -1.61756 1.3567
1.67205 -0.795605 -1.34241 0.265925 1.93871 1.16681 0.962955 0.62306 -1.94714 -1.45873 -1.30433 1.49433 -0.482995 1.10401 -1.61756 1.3567
1.67144 -0.795605 -1.34241 0.265925 1.93871 1.16681 0.962955 0.62306 -1.94714 -1.45873 -1.30433 1.49433 -0.482995 1.10401 -1.61756 1.3567
1.67053 -0.795605 -1.34241 0.265925 1.93871 1.16681 0.962955 0.62306 -1.94714 -1.45873 -1.30433 1.49433 -0.482995 1.10401 -1.61756 1.3567
1.66941 -0.795605 -1.34241 0.265925 1.93871 1.16681 0.962955 0.62306 -1.94714 -1.45873 -1.30433 1.49433 -0.482995 1.10401 -1.61756 1.3567
1.66818 -0.795605 -1.34241 0.265925 1.93871 1.16681 0.962955 0.62306 -1.94714 -1.45873 -1.30433 1.49433 -0.482995 1.10401 -1.61756 1.3567
1.66665 -0.795605 -1.34241 0.265925 1.93871 1.16681 0.962955 0.62306 -1.94714 -1.45873 -1.30433 1.49433 -0.482995 1.10401 -1.61756 1.3567
1.66485 -0.795605 -1.34241 0.265925 1.93871 1.16681 0.962955 0.62306 -1.94714 -1.45873 -1.30433 1.49433 -0.482995 1.10401 -1.61756 1.3567
1.66227 -0.795605 -1.34241 0.265925 1.93871 1.16681 0.962955 0.62306 -1.94714 -1.45873 -1.30433 1.49433 -0.482995 1.10401 -1.61756 1.3567
1.65969 -0.795605 -1.34241 0.265925 1.93871 1.16681 0.962955 0.62306 -1.94714 -1.45873 -1.30433 1.49433 -0.482995 1.10401 -1.61756 1.3567
1.65607 -0.795605 -1.34241 0.265925 1.93871 1.16681 0.962955 0.62306 -1.94714 -1.45873 -1.30433 1.49433 -0.482995 1.10401 -1.61756 1.3567
1.65155 -0.795605 -1.34241 0.265925 1.93871 1.16681 0.962955 0.62306 -1.94714 -1.45873 -1.30433 1.49433 -0.482995 1.10401 -1.61756 1.3567
1.6469 -0.795605 -1.34241 0.265925 1.93871 1.16681 0.962955 0.62306 -1.94714 -1.45873 -1.30433 1.49433 -0.482995 1.10401 -1.61756 1.3567
1.64228 -0.795605 -1.34241 0.265925 1.93871 1.16681 0.962955 0.62306 -1.94714 -1.45873 -1.30433 1.49433 -0.482995 1.10401 -1.61756 1.3567
1.6377 -0.795605 -1.34241 0.265925 1.93871 1.16681 0.962955 0.62306 -1.94714 -1.45873 -1.30433 1.49433 -0.482995 1.10401 -1.61756 1.3567
1.63302 -0.795605 -1.34241 0.265925 1.93871 1.16681 0.962955 0.62306 -1.94714 -1.45873 -1.30433 1.49433 -0.482995 1.10401 -1.61756 1.3567
1.6283 -0.795605 -1.34241 0.265925 1.93871 1.16681 0.962955 0.62306 -1.94714 -1.45873 -1.30433 1.49433 -0.482995 1.10401 -1.61756 1.3567
1.6234 -0.795605 -1.34241 0.265925 1.93871 1.16681 0.962955 0.62306 -1.94714 -1.45873 -1.30433 1.49433 -0.482995 1.10401 -1.61756 1.3567
1.61859 -0.795605 -1.34241 0.265925 1.93871 1.16681 0.962955 0.62306 -1.94714 -1.45873 -1.30433 1.49433 -0.482995 1.10401 -1.61756 1.3567
1.61366 -0.795605 -1.34241 0.265925 1.93871 1.16681 0.962955 0.62306 -1.94714 -1.45873 -1.30433 1.49433 -0.482995 1.10401 -1.61756 1.3567
1.60882 -0.795605 -1.34241 0.265925 1.93871 1.16681 0.962955 0.62306 -1.94714 -1.45873 -1.30433 1.49433 -0.482995 1.10401 -1.61756 1.3567
1.60396 -0.795605 -1.34241 0.265925 1.93871 1.16681 0.962955 0.62306 -1.94714 -1.45873 -1.30433 1.49433 -0.482995 1.10401 -1.61756 1.3567
1.59905 -0.795605 -1.34241 0.265925 1.93871 1.16681 0.962955 0.62306 -1.94714 -1.45873 -1.30433 1.49433 -0.482995 1.10401 -1.61756 1.3567
1.59394 -0.795605 -1.34241 0.265925 1.93871 1.16681 0.962955 0.62306 -1.94714 -1.45873 -1.30433 1.49433 -0.482995 1.10401 -1.61756 1.3567
1.58913 -0.795605 -1.34241 0.265925 1.93871 1.16681 0.962955 0.62306 -1.94714 -1.45873 -1.30433 1.49433 -0.482995 1.10401 -1.61756 1.3567
1.5843 -0.795605 -1.34241 0.265925 1.93871 1.16681 0.962955 0.62306 -1.94714 -1.45873 -1.30433 1.49433 -0.482995 1.10401 -1.61756 1.3567
1.57926 -0.795605 -1.34241 0.265925 1.93871 1.16681 0.962955 0.62306 -1.94714 -1.45873 -1.30433 1.49433 -0.482995 1.10401 -1.61756 1.3567
1.5743 -0.795605 -1.34241 0.265925 1.93871 1.16681 0.962955 0.62306 -1.94714 -1.45873 -1.30433 1.49433 -0.482995 1.10401 -1.61756 1.3567
1.56941 -0.795605 -1.34241 0.265925 1.93871 1.16681 0.962955 0.62306 -1.94714 -1.45873 -1.30433 1.49433 -0.482995 1.10401 -1.61756 1.3567
1.56446 -0.795605 -1.34241 0.265925 1.93871 1.16681 0.962955 0.62306 -1.94714 -1.45873 -1.30433 1.49433 -0.482995 1.10401 -1.61756 1.3567
1.55951 -0.795605 -1.34241 0.265925 1.93871 1.16681 0.962955 0.62306 -1.94714 -1.45873 -1.30433 1.49433 -0.482995 1.10401 -1.61756 1.3567
1.55455 -0.795605 -1.34241 0.265925 1.93871 1.16681 0.962955 0.62306 -1.94714 -1.45873 -1.30433 1.49433 -0.482995 1.10401 -1.61756 1.3567
1.54957 -0.795605 -1.34241 0.265925 1.93871 1.16681 0.962955 0.62306 -1.94714 -1.45873 -1.30433 1.49433 -0.482995 1.10401 -1.61756 1.3567
1.54457 -0.795605 -1.34241 0.265925 1.93871 1.16681 0.962955 0.62306 -1.94714 -1.45873 -1.30433 1.49433 -0.482995 1.10401 -1.61756 1.3567
1.5395 -0.795605 -1.34241 0.265925 1.93871 1.16681 0.962955 0.62306 -1.94714 -1.45873 -1.30433 1.49433 -0.482995 1.10401 -1.61756 1.3567
1.53447 -0.795605 -1.34241 0.265925 1.93871 1.16681 0.962955 0.62306 -1.94714 -1.45873 -1.30433 1.49433 -0.482995 1.10401 -1.61756 1.3567
1.52928 -0.795605 -1.34241 0.265925 1.93871 1.16681 0.962955 0.62306 -1.94714 -1.45873 -1.30433 1.49433 -0.482995 1.10401 -1.61756 1.3567
1.52415 -0.795605 -1.34241 0.265925 1.93871 1.16681 0.962955 0.62306 -1.94714 -1.45873 -1.30433 1.49433 -0.482995 1.10401 -1.61756 1.3567
1.51904 -0.795605 -1.34241 0.265925 1.93871 1.16681 0.962955 0.62306 -1.94714 -1.45873 -1.30433 1.49433 -0.482995 1.10401 -1.61756 1.3567
1.51393 -0.795605 -1.34241 0.265925 1.93871 1.16681 0.962955 0.62306 -1.94714 -1.45873 -1.30433 1.49433 -0.482995 1.10401 -1.61756 1.3567
1.50881 -0.795605 -1.34241 0.265925 1.93871 1.16681 0.962955 0.62306 -1.94714 -1.45873 -1.30433 1.49433 -0.482995 1.10401 -1.61756 1.3567
1.50368 -0.795605 -1.34241 0.265925 1.93871 1.16681 0.962955 0.62306 -1.94714 -1.45873 -1.30433 1.49433 -0.482995 1.10401 -1.61756 1.3567
1.49847 -0.795605 -1.34241 0.265925 1.93871 1.16681 0.962955 0.62306 -1.94714 -1.45873 -1.30433 1.49433 -0.482995 1.10401 -1.61756 1.3567
1.49317 -0.795605 -1.34241 0.265925 1.93871 1.16681 0.962955 0.62306 -1.94714 -1.45873 -1.30433 1.49433 -0.482995 1.10401 -1.61756 1.3567
1.48789 -0.795605 -1.34241 0.265925 1.93871 1.16681 0.962955 0.62306 -1.94714 -1.45873 -1.30433 1.49433 -0.482995 1.10401 -1.61756 1.3567
1.48262 -0.795605 -1.34241 0.265925 1.93871 1.16681 0.962955 0.62306 -1.94714 -1.45873 -1.30433 1.49433 -0.482995 1.10401 -1.61756 1.3567
1.47711 -0.795605 -1.34241 0.265925 1.93871 1.16681 0.962955 0.62306 -1.94714 -1.45873 -1.30433 1.49433 -0.482995 1.10401 -1.61756 1.3567
1.4718 -0.795605 -1.34241 0.265925 1.93871 1.16681 0.962955 0.62306 -1.94714 -1.45873 -1.30433 1.49433 -0.482995 1.10401 -1.61756 1.3567
1.46604 -0.795605 -1.34241 0.265925 1.93871 1.16681 0.962955 0.62306 -1.94714 -1.45873 -1.30433 1.49433 -0.482995 1.10401 -1.61756 1.3567
1.46066 -0.795605 -1.34241 0.265925 1.93871 1.16681 0.962955 0.62306 -1.94714 -1.45873 -1.30433 1.49433 -0.482995 1.10401 -1.61756 1.3567
1.4553 -0.795605 -1.34241 0.265925 1.93871 1.16681 0.962955 0.62306 -1.94714 -1.45873 -1.30433 1.49433 -0.482995 1.10401 -1.61756 1.3567
1.44999 -0.795605 -1.34241 0.265925 1.93871 1.16681 0.962955 0.62306 -1.94714 -1.45873 -1.30433 1.49433 -0.482995 1.10401 -1.61756 1.3567
1.44463 -0.795605 -1.34241 0.265925 1.93871 1.16681 0.962955 0.62306 -1.94714 -1.45873 -1.30433 1.49433 -0.482995 1.10401 -1.61756 1.3567
1.43928 -0.795605 -1.34241 0.265925 1.93871 1.16681 0.962955 0.62306 -1.94714 -1.45873 -1.30433 1.49433 -0.482995 1.10401 -1.61756 1.3567
1.43387 -0.795605 -1.34241 0.265925 1.93871 1.16681 0.962955 0.62306 -1.94714 -1.45873 -1.30433 1.49433 -0.482995 1.10401 -1.61756 1.3567
1.42827 -0.795605 -1.34241 0.265925 1.93871 1.16681 0.962955 0.62306 -1.94714 -1.45873 -1.30433 1.49433 -0.482995 1.10401 -1.61756 1.3567
1.42279 -0.795605 -1.34241 0.265925 1.93871 1.16681 0.962955 0.62306 -1.94714 -1.45873 -1.30433 1.49433 -0.482995 1.10401 -1.61756 1.3567
1.41733 -0.795605 -1.34241 0.265925 1.93871 1.16681 0.962955 0.62306 -1.94714 -1.45873 -1.30433 1.49433 -0.482995 1.10401 -1.61756 1.3567
1.41179 -0.795605 -1.34241 0.265925 1.93871 1.16681 0.962955 0.62306 -1.94714 -1.45873 -1.30433 1.49433 -0.482995 1.10401 -1.61756 1.3567
1.39791 -0.795605 -1.34241 0.265925 1.93871 1.16681 0.962955 0.62306 -1.94714 -1.45873 -1.30433 1.49433 -0.482995 1.10401 -1.61756 1.3567
1.39791 -0.795605 -1.34241 0.265925 1.93871 1.16681 0.962955 0.62306 -1.94714 -1.45873 -1.30433 1.49433 -0.482995 1.10401 -1.61756 1.3567
1.39791 -0.795605 -1.34241 0.265925 1.93871 1.16681 0.962955 0.62306 -1.94714 -1.45873 -1.30433 1.49433 -0.482995 1.10401 -1.61756 1.3567
1.39791 -0.795605 -1.34241 0.265925 1.93871 1.16681 0.962955 0.62306 -1.94714 -1.45873 -1.30433 1.49433 -0.482995 1.10401 -1.61756 1.3567
1.39791 -0.795605 -1.34241 0.265925 1.93871 1.16681 0.962955 0.62306 -1.94714 -1.45873 -1.30433 1.49433 -0.482995 1.10401 -1.61756 1.3567
1.39791 -0.795605 -1.34241 0.265925 1.93871 1.16681 0.962955 0.62306 -1.94714 -1.45873 -1.30433 1.49433 -0.482995 1.10401 -1.61756 1.3567
1.39791 -0.795605 -1.34241 0.265925 1.93871 1.16681 0.962955 0.62306 -1.94714 -1.45873 -1.30433 1.49433 -0.482995 1.10401 -1.61756 1.3567
1.39774 -0.795605 -1.34241 0.265925 1.93871 1.16681 0.962955 0.62306 -1.94714 -1.45873 -1.30433 1.49433 -0.482995 1.10401 -1.61756 1.3567
1.39769 -0.795605 -1.34241 0.265925 1.93871 1.16681 0.962955 0.62306 -1.94714 -1.45873 -1.30433 1.49433 -0.482995 1.10401 -1.61756 1.3567
1.39769 -0.795605 -1.34241 0.265925 1.93871 1.16681 0.962955 0.62306 -1.94714 -1.45873 -1.30433 1.49433 -0.482995 1.10401 -1.61756 1.3567
1.39769 -0.795605 -1.34241 0.265925 1.93871 1.16681 0.962955 0.62306 -1.94714 -1.45873 -1.30433 1.49433 -0.482995 1.10401 -1.61756 1.3567
1.39769 -0.795605 -1.34241 0.265925 1.93871 1.16681 0.962955 0.62306 -1.94714 -1.45873 -1.30433 1.49433 -0.482995 1.10401 -1.61756 1.3567
1.39769 -0.795605 -1.34241 0.265925 1.93871 1.16681 0.962955 0.62306 -1.94714 -1.45873 -1.30433 1.49433 -0.482995 1.10401 -1.61756 1.3567
1.39769 -0.795605 -1.34241 0.265925 1.93871 1.16681 0.962955 0.62306 -1.94714 -1.45873 -1.30433 1.49433 -0.482995 1.10401 -1.61756 1.3567
1.39849 -0.795605 -1.34241 0.265925 1.93871 1.16681 0.962955 0.62306 -1.94714 -1.45873 -1.30433 1.49433 -0.482995 1.10401 -1.61756 1.3567
1.39949 -0.795605 -1.34241 0.265925 1.93871 1.16681 0.962955 0.62306 -1.94714 -1.45873 -1.30433 1.49433 -0.482995 1.10401 -1.61756 1.3567
1.40029 -0.795605 -1.34241 0.265925 1.93871 1.16681 0.962955 0.62306 -1.94714 -1.45873 -1.30433 1.49433 -0.482995 1.10401 -1.61756 1.3567
1.40086 -0.795605 -1.34241 0.265925 1.93871 1.16681 0.962955 0.62306 -1.94714 -1.45873 -1.30433 1.49433 -0.482995 1.10401 -1.61756 1.3567
1.40152 -0.795605 -1.34241 0.265925 1.93871 1.16681 0.962955 0.62306 -1.94714 -1.45873 -1.30433 1.49433 -0.482995 1.10401 -1.61756 1.3567
1.40249 -0.795605 -1.34241 0.265925 1.93871 1.16681 0.962955 0.62306 -1.94714 -1.45873 -1.30433 1.49433 -0.482995 1.10401 -1.61756 1.3567
1.40372 -0.795605 -1.34241 0.265925 1.93871 1.16681 0.962955 0.62306 -1.94714 -1.45873 -1.30433 1.49433 -0.482995 1.10401 -1.61756 1.3567
1.40512 -0.795605 -1.34241 0.265925 1.93871 1.16681 0.962955 0.62306 -1.94714 -1.45873 -1.30433 1.49433 -0.482995 1.10401 -1.61756 1.3567
1.40655 -0.795605 -1.34241 0.265925 1.93871 1.16681 0.962955 0.62306 -1.94714 -1.45873 -1.30433 1.49433 -0.482995 1.10401 -1.61756 1.3567
1.40787 -0.795605 -1.34241 0.265925 1.93871 1.16681 0.962955 0.62306 -1.94714 -1.45873 -1.30433 1.49433 -0.482995 1.10401 -1.61756 1.3567
1.40907 -0.795605 -1.34241 0.265925 1.93871 1.16681 0.962955 0.62306 -1.94714 -1.45873 -1.30433 1.49433 -0.482995 1.10401 -1.61756 1.3567
1.41038 -0.795605 -1.34241 0.265925 1.93871 1.16681 0.962955 0.62306 -1.94714 -1.45873 -1.30433 1.49433 -0.482995 1.10401 -1.61756 1.3567
1.41184 -0.795605 -1.34241 0.265925 1.93871 1.16681 0.962955 0.62306 -1.94714 -1.45873 -1.30433 1.49433 -0.482995 1.10401 -1.61756 1.3567
1.41327 -0.795605 -1.34241 0.265925 1.93871 1.16681 0.962955 0.62306 -1.94714 -1.45873 -1.30433 1.49433 -0.482995 1.10401 -1.61756 1.3567
1.41463 -0.795605 -1.34241 0.265925 1.93871 1.16681 0.962955 0.62306 -1.94714 -1.45873 -1.30433 1.49433 -0.482995 1.10401 -1.61756 1.3567
1.41597 -0.795605 -1.34241 0.265925 1.93871 1.16681 0.962955 0.62306 -1.94714 -1.45873 -1.30433 1.49433 -0.482995 1.10401 -1.61756 1.3567
1.41723 -0.795605 -1.34241 0.265925 1.93871 1.16681 0.962955 0.62306 -1.94714 -1.45873 -1.30433 1.49433 -0.482995 1.10401 -1.61756 1.3567
1.41848 -0.795605 -1.34241 0.265925 1.93871 1.16681 0.962955 0.62306 -1.94714 -1.45873 -1.30433 1.49433 -0.482995 1.10401 -1.61756 1.3567
1.41984 -0.795605 -1.34241 0.265925 1.93871 1.16681 0.962955 0.62306 -1.94714 -1.45873 -1.30433 1.49433 -0.482995 1.10401 -1.61756 1.3567
1.42126 -0.795605 -1.34241 0.265925 1.93871 1.16681 0.962955 0.62306 -1.94714 -1.45873 -1.30433 1.49433 -0.482995 1.10401 -1.61756 1.3567
1.42283 -0.795605 -1.34241 0.265925 1.93871 1.16681 0.962955 0.62306 -1.94714 -1.45873 -1.30433 1.49433 -0.482995 1.10401 -1.61756 1.3567
1.42449 -0.795605 -1.34241 0.265925 1.93871 1.16681 0.962955 0.62306 -1.94714 -1.45873 -1.30433 1.49433 -0.482995 1.10401 -1.61756 1.3567
1.42623 -0.795605 -1.34241 0.265925 1.93871 1.16681 0.962955 0.62306 -1.94714 -1.45873 -1.30433 1.49433 -0.482995 1.10401 -1.61756 1.3567
1.42799 -0.795605 -1.34241 0.265925 1.93871 1.16681 0.962955 0.62306 -1.94714 -1.45873 -1.30433 1.49433 -0.482995 1.10401 -1.61756 1.3567
1.42964 -0.795605 -1.34241 0.265925 1.93871 1.16681 0.962955 0.62306 -1.94714 -1.45873 -1.30433 1.49433 -0.482995 1.10401 -1.61756 1.3567
1.43121 -0.795605 -1.34241 0.265925 1.93871 1.16681 0.962955 0.62306 -1.94714 -1.45873 -1.30433 1.49433 -0.482995 1.10401 -1.61756 1.3567
1.4327 -0.795605 -1.34241 0.265925 1.93871 1.16681 0.962955 0.62306 -1.94714 -1.45873 -1.30433 1.49433 -0.482995 1.10401 -1.61756 1.3567
1.43419 -0.795605 -1.34241 0.265925 1.93871 1.16681 0.962955 0.62306 -1.94714 -1.45873 -1.30433 1.49433 -0.482995 1.10401 -1.61756 1.3567
1.43585 -0.795605 -1.34241 0.265925 1.93871 1.16681 0.962955 0.62306 -1.94714 -1.45873 -1.30433 1.49433 -0.482995 1.10401 -1.61756 1.3567
1.43751 -0.795605 -1.34241 0.265925 1.93871 1.16681 0.962955 0.62306 -1.94714 -1.45873 -1.30433 1.49433 -0.482995 1.10401 -1.61756 1.3567
1.43919 -0.795605 -1.34241 0.265925 1.93871 1.16681 0.962955 0.62306 -1.94714 -1.45873 -1.30433 1.49433 -0.482995 1.10401 -1.61756 1.3567
1.44088 -0.795605 -1.34241 0.265925 1.93871 1.16681 0.962955 0.62306 -1.94714 -1.45873 -1.30433 1.49433 -0.482995 1.10401 -1.61756 1.3567
1.44257 -0.795605 -1.34241 0.265925 1.93871 1.16681 0.962955 0.62306 -1.94714 -1.45873 -1.30433 1.49433 -0.482995 1.10401 -1.61756 1.3567
1.44447 -0.795605 -1.34241 0.265925 1.93871 1.16681 0.962955 0.62306 -1.94714 -1.45873 -1.30433 1.49433 -0.482995 1.10401 -1.61756 1.3567
1.44653 -0.795605 -1.34241 0.265925 1.93871 1.16681 0.962955 0.62306 -1.94714 -1.45873 -1.30433 1.49433 -0.482995 1.10401 -1.61756 1.3567
1.44858 -0.795605 -1.34241 0.265925 1.93871 1.16681 0.962955 0.62306 -1.94714 -1.45873 -1.30433 1.49433 -0.482995 1.10401 -1.61756 1.3567
1.45063 -0.795605 -1.34241 0.265925 1.93871 1.16681 0.962955 0.62306 -1.94714 -1.45873 -1.30433 1.49433 -0.482995 1.10401 -1.61756 1.3567
1.4529 -0.795605 -1.34241 0.265925 1.93871 1.16681 0.962955 0.62306 -1.94714 -1.45873 -1.30433 1.49433 -0.482995 1.10401 -1.61756 1.3567
1.45515 -0.795605 -1.34241 0.265925 1.93871 1.16681 0.962955 0.62306 -1.94714 -1.45873 -1.30433 1.49433 -0.482995 1.10401 -1.61756 1.3567
1.45739 -0.795605 -1.34241 0.265925 1.93871 1.16681 0.962955 0.62306 -1.94714 -1.45873 -1.30433 1.49433 -0.482995 1.10401 -1.61756 1.3567
1.45962 -0.795605 -1.34241 0.265925 1.93871 1.16681 0.962955 0.62306 -1.94714 -1.45873 -1.30433 1.49433 -0.482995 1.10401 -1.61756 1.3567
1.46181 -0.795605 -1.34241 0.265925 1.93871 1.16681 0.962955 0.62306 -1.94714 -1.45873 -1.30433 1.49433 -0.482995 1.10401 -1.61756 1.3567
1.46408 -0.795605 -1.34241 0.265925 1.93871 1.16681 0.962955 0.62306 -1.94714 -1.45873 -1.30433 1.49433 -0.482995 1.10401 -1.61756 1.3567
1.4664 -0.795605 -1.34241 0.265925 1.93871 1.16681 0.962955 0.62306 -1.94714 -1.45873 -1.30433 1.49433 -0.482995 1.10401 -1.61756 1.3567
1.4689 -0.795605 -1.34241 0.265925 1.93871 1.16681 0.962955 0.62306 -1.94714 -1.45873 -1.30433 1.49433 -0.482995 1.10401 -1.61756 1.3567
1.47137 -0.795605 -1.34241 0.265925 1.93871 1.16681 0.962955 0.62306 -1.94714 -1.45873 -1.30433 1.49433 -0.482995 1.10401 -1.61756 1.3567
1.47376 -0.795605 -1.34241 0.265925 1.93871 1.16681 0.962955 0.62306 -1.94714 -1.45873 -1.30433 1.49433 -0.482995 1.10401 -1.61756 1.3567
1.4764 -0.795605 -1.34241 0.265925 1.93871 1.16681 0.962955 0.62306 -1.94714 -1.45873 -1.30433 1.49433 -0.482995 1.10401 -1.61756 1.3567
1.4792 -0.795605 -1.34241 0.265925 1.93871 1.16681 0.962955 0.62306 -1.94714 -1.45873 -1.30433 1.49433 -0.482995 1.10401 -1.61756 1.3567
1.48214 -0.795605 -1.34241 0.265925 1.93871 1.16681 0.962955 0.62306 -1.94714 -1.45873 -1.30433 1.49433 -0.482995 1.10401 -1.61756 1.3567
1.48482 -0.795605 -1.34241 0.265925 1.93871 1.16681 0.962955 0.62306 -1.94714 -1.45873 -1.30433 1.49433 -0.482995 1.10401 -1.61756 1.3567
1.48765 -0.795605 -1.34241 0.265925 1.93871 1.16681 0.962955 0.62306 -1.94714 -1.45873 -1.30433 1.49433 -0.482995 1.10401 -1.61756 1.3567
1.4906 -0.795605 -1.34241 0.265925 1.93871 1.16681 0.962955 0.62306 -1.94714 -1.45873 -1.30433 1.49433 -0.482995 1.10401 -1.61756 1.3567
1.4936 -0.795605 -1.34241 0.265925 1.93871 1.16681 0.962955 0.62306 -1.94714 -1.45873 -1.30433 1.49433 -0.482995 1.10401 -1.61756 1.3567
1.49658 -0.795605 -1.34241 0.265925 1.93871 1.16681 0.962955 0.62306 -1.94714 -1.45873 -1.30433 1.49433 -0.482995 1.10401 -1.61756 1.3567
1.49978 -0.795605 -1.34241 0.265925 1.93871 1.16681 0.962955 0.62306 -1.94714 -1.45873 -1.30433 1.49433 -0.482995 1.10401 -1.61756 1.3567
1.50312 -0.795605 -1.34241 0.265925 1.93871 1.16681 0.962955 0.62306 -1.94714 -1.45873 -1.30433 1.49433 -0.482995 1.10401 -1.61756 1.3567
1.50647 -0.795605 -1.34241 0.265925 1.93871 1.16681 0.962955 0.62306 -1.94714 -1.45873 -1.30433 1.49433 -0.482995 1.10401 -1.61756 1.3567
1.50981 -0.795605 -1.34241 0.265925 1.93871 1.16681 0.962955 0.62306 -1.94714 -1.45873 -1.30433 1.49433 -0.482995 1.10401 -1.61756 1.3567
1.5131 -0.795605 -1.34241 0.265925 1.93871 1.16681 0.962955 0.62306 -1.94714 -1.45873 -1.30433 1.49433 -0.482995 1.10401 -1.61756 1.3567
1.51636 -0.795605 -1.34241 0.265925 1.93871 1.16681 0.962955 0.62306 -1.94714 -1.45873 -1.30433 1.49433 -0.482995 1.10401 -1.61756 1.3567
1.51991 -0.795605 -1.34241 0.265925 1.93871 1.16681 0.962955 0.62306 -1.94714 -1.45873 -1.30433 1.49433 -0.482995 1.10401 -1.61756 1.3567
1.52391 -0.795605 -1.34241 0.265925 1.93871 1.16681 0.962955 0.62306 -1.94714 -1.45873 -1.30433 1.49433 -0.482995 1.10401 -1.61756 1.3567
1.52794 -0.795605 -1.34241 0.265925 1.93871 1.16681 0.962955 0.62306 -1.94714 -1.45873 -1.30433 1.49433 -0.482995 1.10401 -1.61756 1.3567
1.53172 -0.795605 -1.34241 0.265925 1.93871 1.16681 0.962955 0.62306 -1.94714 -1.45873 -1.30433 1.49433 -0.482995 1.10401 -1.61756 1.3567
1.53555 -0.795605 -1.34241 0.265925 1.93871 1.16681 0.962955 0.62306 -1.94714 -1.45873 -1.30433 1.49433 -0.482995 1.10401 -1.61756 1.3567
1.53964 -0.795605 -1.34241 0.265925 1.93871 1.16681 0.962955 0.62306 -1.94714 -1.45873 -1.30433 1.49433 -0.482995 1.10401 -1.61756 1.3567
1.54409 -0.795605 -1.34241 0.265925 1.93871 1.16681 0.962955 0.62306 -1.94714 -1.45873 -1.30433 1.49433 -0.482995 1.10401 -1.61756 1.3567
1.5485 -0.795605 -1.34241 0.265925 1.93871 1.16681 0.962955 0.62306 -1.94714 -1.45873 -1.30433 1.49433 -0.482995 1.10401 -1.61756 1.3567
1.55267 -0.795605 -1.34241 0.265925 1.93871 1.16681 0.962955 0.62306 -1.94714 -1.45873 -1.30433 1.49433 -0.482995 1.10401 -1.61756 1.3567
1.55691 -0.795605 -1.34241 0.265925 1.93871 1.16681 0.962955 0.62306 -1.94714 -1.45873 -1.30433 1.49433 -0.482995 1.10401 -1.61756 1.3567
1.56163 -0.795605 -1.34241 0.265925 1.93871 1.16681 0.962955 0.62306 -1.94714 -1.45873 -1.30433 1.49433 -0.482995 1.10401 -1.61756 1.3567
1.56644 -0.795605 -1.34241 0.265925 1.93871 1.16681 0.962955 0.62306 -1.94714 -1.45873 -1.30433 1.49433 -0.482995 1.10401 -1.61756 1.3567
1.57113 -0.795605 -1.34241 0.265925 1.93871 1.16681 0.962955 0.62306 -1.94714 -1.45873 -1.30433 1.49433 -0.482995 1.10401 -1.61756 1.3567
1.57593 -0.795605 -1.34241 0.265925 1.93871 1.16681 0.962955 0.62306 -1.94714 -1.45873 -1.30433 1.49433 -0.482995 1.10401 -1.61756 1.3567
1.58092 -0.795605 -1.34241 0.265925 1.93871 1.16681 0.962955 0.62306 -1.94714 -1.45873 -1.30433 1.49433 -0.482995 1.10401 -1.61756 1.3567
1.58614 -0.795605 -1.34241 0.265925 1.93871 1.16681 0.962955 0.62306 -1.94714 -1.45873 -1.30433 1.49433 -0.482995 1.10401 -1.61756 1.3567
1.59135 -0.795605 -1.34241 0.265925 1.93871 1.16681 0.962955 0.62306 -1.94714 -1.45873 -1.30433 1.49433 -0.482995 1.10401 -1.61756 1.3567
1.59662 -0.795605 -1.34241 0.265925 1.93871 1.16681 0.962955 0.62306 -1.94714 -1.45873 -1.30433 1.49433 -0.482995 1.10401 -1.61756 1.3567
1.60213 -0.795605 -1.34241 0.265925 1.93871 1.16681 0.962955 0.62306 -1.94714 -1.45873 -1.30433 1.49433 -0.482995 1.10401 -1.61756 1.3567
1.60788 -0.795605 -1.34241 0.265925 1.93871 1.16681 0.962955 0.62306 -1.94714 -1.45873 -1.30433 1.49433 -0.482995 1.10401 -1.61756 1.3567
1.61377 -0.795605 -1.34241 0.265925 1.93871 1.16681 0.962955 0.62306 -1.94714 -1.45873 -1.30433 1.49433 -0.482995 1.10401 -1.61756 1.3567
1.6197 -0.795605 -1.34241 0.265925 1.93871 1.16681 0.962955 0.62306 -1.94714 -1.45873 -1.30433 1.49433 -0.482995 1.10401 -1.61756 1.3567
1.62591 -0.795605 -1.34241 0.265925 1.93871 1.16681 0.962955 0.62306 -1.94714 -1.45873 -1.30433 1.49433 -0.482995 1.10401 -1.61756 1.3567
1.63206 -0.795605 -1.34241 0.265925 1.93871 1.16681 0.962955 0.62306 -1.94714 -1.45873 -1.30433 1.49433 -0.482995 1.10401 -1.61756 1.3567
1.63836 -0.795605 -1.34241 0.265925 1.93871 1.16681 0.962955 0.62306 -1.94714 -1.45873 -1.30433 1.49433 -0.482995 1.10401 -1.61756 1.3567
1.64498 -0.795605 -1.34241 0.265925 1.93871 1.16681 0.962955 0.62306 -1.94714 -1.45873 -1.30433 1.49433 -0.482995 1.10401 -1.61756 1.3567
1.65167 -0.795605 -1.34241 0.265925 1.93871 1.16681 0.962955 0.62306 -1.94714 -1.45873 -1.30433 1.49433 -0.482995 1.10401 -1.61756 1.3567
1.65851 -0.795605 -1.34241 0.265925 1.93871 1.16681 0.962955 0.62306 -1.94714 -1.45873 -1.30433 1.49433 -0.482995 1.10401 -1.61756 1.3567
