18.137
18.148
18.158
18.168
18.179
18.189
18.199
18.209
18.22
18.232
18.253
18.274
18.294
18.315
18.336
18.356
18.378
18.397
18.419
18.439
18.477
18.516
18.555
18.594
18.632
18.671
18.71
18.751
86.823
86.833
86.844
86.854
86.865
86.875
86.886
86.896
86.906
86.919
86.939
86.96
86.981
87.001
87.022
87.042
87.063
87.084
87.105
87.126
87.165
87.203
87.242
87.281
87.319
87.358
87.396
87.435
87.473
87.513
87.552
87.591
87.63
87.669
87.711
87.749
87.788
87.826
87.866
87.904
87.943
87.981
88.02
88.058
88.097
88.135
88.174
88.213
88.252
88.291
88.329
88.368
88.406
88.445
88.484
88.523
88.562
88.602
88.641
88.682
88.722
88.761
88.799
88.838
88.876
88.914
88.953
88.993
89.031
89.069
89.108
90.03
90.04
90.051
90.061
90.071
90.082
90.092
90.103
90.113
90.126
90.146
90.185
90.224
90.262
90.302
90.341
90.379
90.418
90.457
90.495
90.534
90.572
90.611
90.65
90.689
90.73
90.772
90.81
90.849
90.888
90.926
90.965
91.004
91.043
91.081
91.12
91.159
91.197
91.236
91.274
91.313
91.351
91.39
91.429
91.47
91.509
91.548
91.586
91.625
91.666
91.706
91.753
91.796
91.835
91.874
91.912
91.951
91.99
92.03
92.068
92.107
92.145
92.186
92.225
92.263
92.303
92.342
92.381
92.42
92.458
92.497
92.535
92.575
92.613
92.652
92.691
92.731
92.77
92.811
92.852
92.891
92.93
92.969
93.007
93.047
93.086
93.125
93.164
93.202
93.241
93.28
93.318
93.357
93.396
93.435
93.474
93.513
93.552
93.59
93.629
93.667
93.706
93.745
