1.4125 1.31611 -0.880683 -1.06536 -1.01436 1.07778 1.03797 2.02553 0.0246717 -1.91146 1.05995 0.14324 1.32061 -2.58412 1.78118 -2.75373
1.4125 1.31611 -0.880683 -1.06536 -1.01436 1.07778 1.03797 2.02553 0.0246717 -1.91146 1.05995 0.14324 1.32061 -2.58412 1.78118 -2.75373
1.4125 1.31611 -0.880683 -1.06536 -1.01436 1.07778 1.03797 2.02553 0.0246717 -1.91146 1.05995 0.14324 1.32061 -2.58412 1.78118 -2.75373
1.4125 1.31611 -0.880683 -1.06536 -1.01436 1.07778 1.03797 2.02553 0.0246717 -1.91146 1.05995 0.14324 1.32061 -2.58412 1.78118 -2.75373
1.4125 1.31611 -0.880683 -1.06536 -1.01436 1.07778 1.03797 2.02553 0.0246717 -1.91146 1.05995 0.14324 1.32061 -2.58412 1.78118 -2.75373
1.41266 1.31611 -0.880683 -1.06536 -1.01436 1.07778 1.03797 2.02553 0.0246717 -1.91146 1.05995 0.14324 1.32061 -2.58412 1.78118 -2.75373
1.41344 1.31611 -0.880683 -1.06536 -1.01436 1.07778 1.03797 2.02553 0.0246717 -1.91146 1.05995 0.14324 1.32061 -2.58412 1.78118 -2.75373
1.41446 1.31611 -0.880683 -1.06536 -1.01436 1.07778 1.03797 2.02553 0.0246717 -1.91146 1.05995 0.14324 1.32061 -2.58412 1.78118 -2.75373
1.41553 1.31611 -0.880683 -1.06536 -1.01436 1.07778 1.03797 2.02553 0.0246717 -1.91146 1.05995 0.14324 1.32061 -2.58412 1.78118 -2.75373
1.41658 1.31611 -0.880683 -1.06536 -1.01436 1.07778 1.03797 2.02553 0.0246717 -1.91146 1.05995 0.14324 1.32061 -2.58412 1.78118 -2.75373
1.41771 1.31611 -0.880683 -1.06536 -1.01436 1.07778 1.03797 2.02553 0.0246717 -1.91146 1.05995 0.14324 1.32061 -2.58412 1.78118 -2.75373
1.41887 1.31611 -0.880683 -1.06536 -1.01436 1.07778 1.03797 2.02553 0.0246717 -1.91146 1.05995 0.14324 1.32061 -2.58412 1.78118 -2.75373
1.42007 1.31611 -0.880683 -1.06536 -1.01436 1.07778 1.03797 2.02553 0.0246717 -1.91146 1.05995 0.14324 1.32061 -2.58412 1.78118 -2.75373
1.42143 1.31611 -0.880683 -1.06536 -1.01436 1.07778 1.03797 2.02553 0.0246717 -1.91146 1.05995 0.14324 1.32061 -2.58412 1.78118 -2.75373
1.42296 1.31611 -0.880683 -1.06536 -1.01436 1.07778 1.03797 2.02553 0.0246717 -1.91146 1.05995 0.14324 1.32061 -2.58412 1.78118 -2.75373
1.42464 1.31611 -0.880683 -1.06536 -1.01436 1.07778 1.03797 2.02553 0.0246717 -1.91146 1.05995 0.14324 1.32061 -2.58412 1.78118 -2.75373
1.4265 1.31611 -0.880683 -1.06536 -1.01436 1.07778 1.03797 2.02553 0.0246717 -1.91146 1.05995 0.14324 1.32061 -2.58412 1.78118 -2.75373
1.42849 1.31611 -0.880683 -1.06536 -1.01436 1.07778 1.03797 2.02553 0.0246717 -1.91146 1.05995 0.14324 1.32061 -2.58412 1.78118 -2.75373
1.4305 1.31611 -0.880683 -1.06536 -1.01436 1.07778 1.03797 2.02553 0.0246717 -1.91146 1.05995 0.14324 1.32061 -2.58412 1.78118 -2.75373
1.43257 1.31611 -0.880683 -1.06536 -1.01436 1.07778 1.03797 2.02553 0.0246717 -1.91146 1.05995 0.14324 1.32061 -2.58412 1.78118 -2.75373
1.4366 1.31611 -0.880683 -1.06536 -1.01436 1.07778 1.03797 2.02553 0.0246717 -1.91146 1.05995 0.14324 1.32061 -2.58412 1.78118 -2.75373
1.44092 1.31611 -0.880683 -1.06536 -1.01436 1.07778 1.03797 2.02553 0.0246717 -1.91146 1.05995 0.14324 1.32061 -2.58412 1.78118 -2.75373
1.44597 1.31611 -0.880683 -1.06536 -1.01436 1.07778 1.03797 2.02553 0.0246717 -1.91146 1.05995 0.14324 1.32061 -2.58412 1.78118 -2.75373
1.45114 1.31611 -0.880683 -1.06536 -1.01436 1.07778 1.03797 2.02553 0.0246717 -1.91146 1.05995 0.14324 1.32061 -2.58412 1.78118 -2.75373
1.45636 1.31611 -0.880683 -1.06536 -1.01436 1.07778 1.03797 2.02553 0.0246717 -1.91146 1.05995 0.14324 1.32061 -2.58412 1.78118 -2.75373
1.46173 1.31611 -0.880683 -1.06536 -1.01436 1.07778 1.03797 2.02553 0.0246717 -1.91146 1.05995 0.14324 1.32061 -2.58412 1.78118 -2.75373
1.4675 1.31611 -0.880683 -1.06536 -1.01436 1.07778 1.03797 2.02553 0.0246717 -1.91146 1.05995 0.14324 1.32061 -2.58412 1.78118 -2.75373
1.47326 1.31611 -0.880683 -1.06536 -1.01436 1.07778 1.03797 2.02553 0.0246717 -1.91146 1.05995 0.14324 1.32061 -2.58412 1.78118 -2.75373
1.4791 1.31611 -0.880683 -1.06536 -1.01436 1.07778 1.03797 2.02553 0.0246717 -1.91146 1.05995 0.14324 1.32061 -2.58412 1.78118 -2.75373
1.48516 1.31611 -0.880683 -1.06536 -1.01436 1.07778 1.03797 2.02553 0.0246717 -1.91146 1.05995 0.14324 1.32061 -2.58412 1.78118 -2.75373
1.49144 1.31611 -0.880683 -1.06536 -1.01436 1.07778 1.03797 2.02553 0.0246717 -1.91146 1.05995 0.14324 1.32061 -2.58412 1.78118 -2.75373
1.49798 1.31611 -0.880683 -1.06536 -1.01436 1.07778 1.03797 2.02553 0.0246717 -1.91146 1.05995 0.14324 1.32061 -2.58412 1.78118 -2.75373
1.5049 1.31611 -0.880683 -1.06536 -1.01436 1.07778 1.03797 2.02553 0.0246717 -1.91146 1.05995 0.14324 1.32061 -2.58412 1.78118 -2.75373
1.51207 1.31611 -0.880683 -1.06536 -1.01436 1.07778 1.03797 2.02553 0.0246717 -1.91146 1.05995 0.14324 1.32061 -2.58412 1.78118 -2.75373
1.51925 1.31611 -0.880683 -1.06536 -1.01436 1.07778 1.03797 2.02553 0.0246717 -1.91146 1.05995 0.14324 1.32061 -2.58412 1.78118 -2.75373
1.52672 1.31611 -0.880683 -1.06536 -1.01436 1.07778 1.03797 2.02553 0.0246717 -1.91146 1.05995 0.14324 1.32061 -2.58412 1.78118 -2.75373
1.53436 1.31611 -0.880683 -1.06536 -1.01436 1.07778 1.03797 2.02553 0.0246717 -1.91146 1.05995 0.14324 1.32061 -2.58412 1.78118 -2.75373
1.54218 1.31611 -0.880683 -1.06536 -1.01436 1.07778 1.03797 2.02553 0.0246717 -1.91146 1.05995 0.14324 1.32061 -2.58412 1.78118 -2.75373
1.55047 1.31611 -0.880683 -1.06536 -1.01436 1.07778 1.03797 2.02553 0.0246717 -1.91146 1.05995 0.14324 1.32061 -2.58412 1.78118 -2.75373
1.55907 1.31611 -0.880683 -1.06536 -1.01436 1.07778 1.03797 2.02553 0.0246717 -1.91146 1.05995 0.14324 1.32061 -2.58412 1.78118 -2.75373
1.56784 1.31611 -0.880683 -1.06536 -1.01436 1.07778 1.03797 2.02553 0.0246717 -1.91146 1.05995 0.14324 1.32061 -2.58412 1.78118 -2.75373
1.57698 1.31611 -0.880683 -1.06536 -1.01436 1.07778 1.03797 2.02553 0.0246717 -1.91146 1.05995 0.14324 1.32061 -2.58412 1.78118 -2.75373
1.58643 1.31611 -0.880683 -1.06536 -1.01436 1.07778 1.03797 2.02553 0.0246717 -1.91146 1.05995 0.14324 1.32061 -2.58412 1.78118 -2.75373
1.59605 1.31611 -0.880683 -1.06536 -1.01436 1.07778 1.03797 2.02553 0.0246717 -1.91146 1.05995 0.14324 1.32061 -2.58412 1.78118 -2.75373
1.73128 1.31611 -0.880683 -1.06536 -1.01436 1.07778 1.03797 2.02553 0.0246717 -1.91146 1.05995 0.14324 1.32061 -2.58412 1.78118 -2.75373
1.72994 1.31611 -0.880683 -1.06536 -1.01436 1.07778 1.03797 2.02553 0.0246717 -1.91146 1.05995 0.14324 1.32061 -2.58412 1.78118 -2.75373
1.72839 1.31611 -0.880683 -1.06536 -1.01436 1.07778 1.03797 2.02553 0.0246717 -1.91146 1.05995 0.14324 1.32061 -2.58412 1.78118 -2.75373
1.72694 1.31611 -0.880683 -1.06536 -1.01436 1.07778 1.03797 2.02553 0.0246717 -1.91146 1.05995 0.14324 1.32061 -2.58412 1.78118 -2.75373
1.72559 1.31611 -0.880683 -1.06536 -1.01436 1.07778 1.03797 2.02553 0.0246717 -1.91146 1.05995 0.14324 1.32061 -2.58412 1.78118 -2.75373
1.72371 1.31611 -0.880683 -1.06536 -1.01436 1.07778 1.03797 2.02553 0.0246717 -1.91146 1.05995 0.14324 1.32061 -2.58412 1.78118 -2.75373
1.72162 1.31611 -0.880683 -1.06536 -1.01436 1.07778 1.03797 2.02553 0.0246717 -1.91146 1.05995 0.14324 1.32061 -2.58412 1.78118 -2.75373
1.71951 1.31611 -0.880683 -1.06536 -1.01436 1.07778 1.03797 2.02553 0.0246717 -1.91146 1.05995 0.14324 1.32061 -2.58412 1.78118 -2.75373
1.71741 1.31611 -0.880683 -1.06536 -1.01436 1.07778 1.03797 2.02553 0.0246717 -1.91146 1.05995 0.14324 1.32061 -2.58412 1.78118 -2.75373
1.7153 1.31611 -0.880683 -1.06536 -1.01436 1.07778 1.03797 2.02553 0.0246717 -1.91146 1.05995 0.14324 1.32061 -2.58412 1.78118 -2.75373
1.71317 1.31611 -0.880683 -1.06536 -1.01436 1.07778 1.03797 2.02553 0.0246717 -1.91146 1.05995 0.14324 1.32061 -2.58412 1.78118 -2.75373
1.70916 1.31611 -0.880683 -1.06536 -1.01436 1.07778 1.03797 2.02553 0.0246717 -1.91146 1.05995 0.14324 1.32061 -2.58412 1.78118 -2.75373
1.70522 1.31611 -0.880683 -1.06536 -1.01436 1.07778 1.03797 2.02553 0.0246717 -1.91146 1.05995 0.14324 1.32061 -2.58412 1.78118 -2.75373
1.70133 1.31611 -0.880683 -1.06536 -1.01436 1.07778 1.03797 2.02553 0.0246717 -1.91146 1.05995 0.14324 1.32061 -2.58412 1.78118 -2.75373
1.6975 1.31611 -0.880683 -1.06536 -1.01436 1.07778 1.03797 2.02553 0.0246717 -1.91146 1.05995 0.14324 1.32061 -2.58412 1.78118 -2.75373
1.69363 1.31611 -0.880683 -1.06536 -1.01436 1.07778 1.03797 2.02553 0.0246717 -1.91146 1.05995 0.14324 1.32061 -2.58412 1.78118 -2.75373
1.68972 1.31611 -0.880683 -1.06536 -1.01436 1.07778 1.03797 2.02553 0.0246717 -1.91146 1.05995 0.14324 1.32061 -2.58412 1.78118 -2.75373
1.68582 1.31611 -0.880683 -1.06536 -1.01436 1.07778 1.03797 2.02553 0.0246717 -1.91146 1.05995 0.14324 1.32061 -2.58412 1.78118 -2.75373
1.68177 1.31611 -0.880683 -1.06536 -1.01436 1.07778 1.03797 2.02553 0.0246717 -1.91146 1.05995 0.14324 1.32061 -2.58412 1.78118 -2.75373
1.67774 1.31611 -0.880683 -1.06536 -1.01436 1.07778 1.03797 2.02553 0.0246717 -1.91146 1.05995 0.14324 1.32061 -2.58412 1.78118 -2.75373
1.67367 1.31611 -0.880683 -1.06536 -1.01436 1.07778 1.03797 2.02553 0.0246717 -1.91146 1.05995 0.14324 1.32061 -2.58412 1.78118 -2.75373
1.66938 1.31611 -0.880683 -1.06536 -1.01436 1.07778 1.03797 2.02553 0.0246717 -1.91146 1.05995 0.14324 1.32061 -2.58412 1.78118 -2.75373
1.66521 1.31611 -0.880683 -1.06536 -1.01436 1.07778 1.03797 2.02553 0.0246717 -1.91146 1.05995 0.14324 1.32061 -2.58412 1.78118 -2.75373
1.66106 1.31611 -0.880683 -1.06536 -1.01436 1.07778 1.03797 2.02553 0.0246717 -1.91146 1.05995 0.14324 1.32061 -2.58412 1.78118 -2.75373
1.657 1.31611 -0.880683 -1.06536 -1.01436 1.07778 1.03797 2.02553 0.0246717 -1.91146 1.05995 0.14324 1.32061 -2.58412 1.78118 -2.75373
1.65292 1.31611 -0.880683 -1.06536 -1.01436 1.07778 1.03797 2.02553 0.0246717 -1.91146 1.05995 0.14324 1.32061 -2.58412 1.78118 -2.75373
1.64881 1.31611 -0.880683 -1.06536 -1.01436 1.07778 1.03797 2.02553 0.0246717 -1.91146 1.05995 0.14324 1.32061 -2.58412 1.78118 -2.75373
1.64465 1.31611 -0.880683 -1.06536 -1.01436 1.07778 1.03797 2.02553 0.0246717 -1.91146 1.05995 0.14324 1.32061 -2.58412 1.78118 -2.75373
1.64049 1.31611 -0.880683 -1.06536 -1.01436 1.07778 1.03797 2.02553 0.0246717 -1.91146 1.05995 0.14324 1.32061 -2.58412 1.78118 -2.75373
1.63636 1.31611 -0.880683 -1.06536 -1.01436 1.07778 1.03797 2.02553 0.0246717 -1.91146 1.05995 0.14324 1.32061 -2.58412 1.78118 -2.75373
1.63198 1.31611 -0.880683 -1.06536 -1.01436 1.07778 1.03797 2.02553 0.0246717 -1.91146 1.05995 0.14324 1.32061 -2.58412 1.78118 -2.75373
1.62773 1.31611 -0.880683 -1.06536 -1.01436 1.07778 1.03797 2.02553 0.0246717 -1.91146 1.05995 0.14324 1.32061 -2.58412 1.78118 -2.75373
1.62341 1.31611 -0.880683 -1.06536 -1.01436 1.07778 1.03797 2.02553 0.0246717 -1.91146 1.05995 0.14324 1.32061 -2.58412 1.78118 -2.75373
1.61923 1.31611 -0.880683 -1.06536 -1.01436 1.07778 1.03797 2.02553 0.0246717 -1.91146 1.05995 0.14324 1.32061 -2.58412 1.78118 -2.75373
1.61501 1.31611 -0.880683 -1.06536 -1.01436 1.07778 1.03797 2.02553 0.0246717 -1.91146 1.05995 0.14324 1.32061 -2.58412 1.78118 -2.75373
1.61073 1.31611 -0.880683 -1.06536 -1.01436 1.07778 1.03797 2.02553 0.0246717 -1.91146 1.05995 0.14324 1.32061 -2.58412 1.78118 -2.75373
1.60644 1.31611 -0.880683 -1.06536 -1.01436 1.07778 1.03797 2.02553 0.0246717 -1.91146 1.05995 0.14324 1.32061 -2.58412 1.78118 -2.75373
1.60212 1.31611 -0.880683 -1.06536 -1.01436 1.07778 1.03797 2.02553 0.0246717 -1.91146 1.05995 0.14324 1.32061 -2.58412 1.78118 -2.75373
1.59783 1.31611 -0.880683 -1.06536 -1.01436 1.07778 1.03797 2.02553 0.0246717 -1.91146 1.05995 0.14324 1.32061 -2.58412 1.78118 -2.75373
1.5935 1.31611 -0.880683 -1.06536 -1.01436 1.07778 1.03797 2.02553 0.0246717 -1.91146 1.05995 0.14324 1.32061 -2.58412 1.78118 -2.75373
1.58898 1.31611 -0.880683 -1.06536 -1.01436 1.07778 1.03797 2.02553 0.0246717 -1.91146 1.05995 0.14324 1.32061 -2.58412 1.78118 -2.75373
1.58457 1.31611 -0.880683 -1.06536 -1.01436 1.07778 1.03797 2.02553 0.0246717 -1.91146 1.05995 0.14324 1.32061 -2.58412 1.78118 -2.75373
1.58011 1.31611 -0.880683 -1.06536 -1.01436 1.07778 1.03797 2.02553 0.0246717 -1.91146 1.05995 0.14324 1.32061 -2.58412 1.78118 -2.75373
1.57565 1.31611 -0.880683 -1.06536 -1.01436 1.07778 1.03797 2.02553 0.0246717 -1.91146 1.05995 0.14324 1.32061 -2.58412 1.78118 -2.75373
1.57112 1.31611 -0.880683 -1.06536 -1.01436 1.07778 1.03797 2.02553 0.0246717 -1.91146 1.05995 0.14324 1.32061 -2.58412 1.78118 -2.75373
1.56661 1.31611 -0.880683 -1.06536 -1.01436 1.07778 1.03797 2.02553 0.0246717 -1.91146 1.05995 0.14324 1.32061 -2.58412 1.78118 -2.75373
1.56207 1.31611 -0.880683 -1.06536 -1.01436 1.07778 1.03797 2.02553 0.0246717 -1.91146 1.05995 0.14324 1.32061 -2.58412 1.78118 -2.75373
1.55753 1.31611 -0.880683 -1.06536 -1.01436 1.07778 1.03797 2.02553 0.0246717 -1.91146 1.05995 0.14324 1.32061 -2.58412 1.78118 -2.75373
1.55301 1.31611 -0.880683 -1.06536 -1.01436 1.07778 1.03797 2.02553 0.0246717 -1.91146 1.05995 0.14324 1.32061 -2.58412 1.78118 -2.75373
1.54832 1.31611 -0.880683 -1.06536 -1.01436 1.07778 1.03797 2.02553 0.0246717 -1.91146 1.05995 0.14324 1.32061 -2.58412 1.78118 -2.75373
1.54375 1.31611 -0.880683 -1.06536 -1.01436 1.07778 1.03797 2.02553 0.0246717 -1.91146 1.05995 0.14324 1.32061 -2.58412 1.78118 -2.75373
1.53915 1.31611 -0.880683 -1.06536 -1.01436 1.07778 1.03797 2.02553 0.0246717 -1.91146 1.05995 0.14324 1.32061 -2.58412 1.78118 -2.75373
1.53463 1.31611 -0.880683 -1.06536 -1.01436 1.07778 1.03797 2.02553 0.0246717 -1.91146 1.05995 0.14324 1.32061 -2.58412 1.78118 -2.75373
1.52996 1.31611 -0.880683 -1.06536 -1.01436 1.07778 1.03797 2.02553 0.0246717 -1.91146 1.05995 0.14324 1.32061 -2.58412 1.78118 -2.75373
1.5253 1.31611 -0.880683 -1.06536 -1.01436 1.07778 1.03797 2.02553 0.0246717 -1.91146 1.05995 0.14324 1.32061 -2.58412 1.78118 -2.75373
1.52073 1.31611 -0.880683 -1.06536 -1.01436 1.07778 1.03797 2.02553 0.0246717 -1.91146 1.05995 0.14324 1.32061 -2.58412 1.78118 -2.75373
1.51609 1.31611 -0.880683 -1.06536 -1.01436 1.07778 1.03797 2.02553 0.0246717 -1.91146 1.05995 0.14324 1.32061 -2.58412 1.78118 -2.75373
1.51139 1.31611 -0.880683 -1.06536 -1.01436 1.07778 1.03797 2.02553 0.0246717 -1.91146 1.05995 0.14324 1.32061 -2.58412 1.78118 -2.75373
1.50661 1.31611 -0.880683 -1.06536 -1.01436 1.07778 1.03797 2.02553 0.0246717 -1.91146 1.05995 0.14324 1.32061 -2.58412 1.78118 -2.75373
1.50176 1.31611 -0.880683 -1.06536 -1.01436 1.07778 1.03797 2.02553 0.0246717 -1.91146 1.05995 0.14324 1.32061 -2.58412 1.78118 -2.75373
1.49702 1.31611 -0.880683 -1.06536 -1.01436 1.07778 1.03797 2.02553 0.0246717 -1.91146 1.05995 0.14324 1.32061 -2.58412 1.78118 -2.75373
1.49222 1.31611 -0.880683 -1.06536 -1.01436 1.07778 1.03797 2.02553 0.0246717 -1.91146 1.05995 0.14324 1.32061 -2.58412 1.78118 -2.75373
1.4874 1.31611 -0.880683 -1.06536 -1.01436 1.07778 1.03797 2.02553 0.0246717 -1.91146 1.05995 0.14324 1.32061 -2.58412 1.78118 -2.75373
1.48256 1.31611 -0.880683 -1.06536 -1.01436 1.07778 1.03797 2.02553 0.0246717 -1.91146 1.05995 0.14324 1.32061 -2.58412 1.78118 -2.75373
1.47776 1.31611 -0.880683 -1.06536 -1.01436 1.07778 1.03797 2.02553 0.0246717 -1.91146 1.05995 0.14324 1.32061 -2.58412 1.78118 -2.75373
1.47284 1.31611 -0.880683 -1.06536 -1.01436 1.07778 1.03797 2.02553 0.0246717 -1.91146 1.05995 0.14324 1.32061 -2.58412 1.78118 -2.75373
1.46795 1.31611 -0.880683 -1.06536 -1.01436 1.07778 1.03797 2.02553 0.0246717 -1.91146 1.05995 0.14324 1.32061 -2.58412 1.78118 -2.75373
1.46299 1.31611 -0.880683 -1.06536 -1.01436 1.07778 1.03797 2.02553 0.0246717 -1.91146 1.05995 0.14324 1.32061 -2.58412 1.78118 -2.75373
1.45797 1.31611 -0.880683 -1.06536 -1.01436 1.07778 1.03797 2.02553 0.0246717 -1.91146 1.05995 0.14324 1.32061 -2.58412 1.78118 -2.75373
1.45293 1.31611 -0.880683 -1.06536 -1.01436 1.07778 1.03797 2.02553 0.0246717 -1.91146 1.05995 0.14324 1.32061 -2.58412 1.78118 -2.75373
1.44789 1.31611 -0.880683 -1.06536 -1.01436 1.07778 1.03797 2.02553 0.0246717 -1.91146 1.05995 0.14324 1.32061 -2.58412 1.78118 -2.75373
1.44292 1.31611 -0.880683 -1.06536 -1.01436 1.07778 1.03797 2.02553 0.0246717 -1.91146 1.05995 0.14324 1.32061 -2.58412 1.78118 -2.75373
1.43794 1.31611 -0.880683 -1.06536 -1.01436 1.07778 1.03797 2.02553 0.0246717 -1.91146 1.05995 0.14324 1.32061 -2.58412 1.78118 -2.75373
1.4329 1.31611 -0.880683 -1.06536 -1.01436 1.07778 1.03797 2.02553 0.0246717 -1.91146 1.05995 0.14324 1.32061 -2.58412 1.78118 -2.75373
1.42785 1.31611 -0.880683 -1.06536 -1.01436 1.07778 1.03797 2.02553 0.0246717 -1.91146 1.05995 0.14324 1.32061 -2.58412 1.78118 -2.75373
1.4228 1.31611 -0.880683 -1.06536 -1.01436 1.07778 1.03797 2.02553 0.0246717 -1.91146 1.05995 0.14324 1.32061 -2.58412 1.78118 -2.75373
1.41769 1.31611 -0.880683 -1.06536 -1.01436 1.07778 1.03797 2.02553 0.0246717 -1.91146 1.05995 0.14324 1.32061 -2.58412 1.78118 -2.75373
1.41262 1.31611 -0.880683 -1.06536 -1.01436 1.07778 1.03797 2.02553 0.0246717 -1.91146 1.05995 0.14324 1.32061 -2.58412 1.78118 -2.75373
1.40743 1.31611 -0.880683 -1.06536 -1.01436 1.07778 1.03797 2.02553 0.0246717 -1.91146 1.05995 0.14324 1.32061 -2.58412 1.78118 -2.75373
1.40229 1.31611 -0.880683 -1.06536 -1.01436 1.07778 1.03797 2.02553 0.0246717 -1.91146 1.05995 0.14324 1.32061 -2.58412 1.78118 -2.75373
1.39714 1.31611 -0.880683 -1.06536 -1.01436 1.07778 1.03797 2.02553 0.0246717 -1.91146 1.05995 0.14324 1.32061 -2.58412 1.78118 -2.75373
1.39198 1.31611 -0.880683 -1.06536 -1.01436 1.07778 1.03797 2.02553 0.0246717 -1.91146 1.05995 0.14324 1.32061 -2.58412 1.78118 -2.75373
1.38685 1.31611 -0.880683 -1.06536 -1.01436 1.07778 1.03797 2.02553 0.0246717 -1.91146 1.05995 0.14324 1.32061 -2.58412 1.78118 -2.75373
1.38162 1.31611 -0.880683 -1.06536 -1.01436 1.07778 1.03797 2.02553 0.0246717 -1.91146 1.05995 0.14324 1.32061 -2.58412 1.78118 -2.75373
1.37645 1.31611 -0.880683 -1.06536 -1.01436 1.07778 1.03797 2.02553 0.0246717 -1.91146 1.05995 0.14324 1.32061 -2.58412 1.78118 -2.75373
1.37117 1.31611 -0.880683 -1.06536 -1.01436 1.07778 1.03797 2.02553 0.0246717 -1.91146 1.05995 0.14324 1.32061 -2.58412 1.78118 -2.75373
1.3658 1.31611 -0.880683 -1.06536 -1.01436 1.07778 1.03797 2.02553 0.0246717 -1.91146 1.05995 0.14324 1.32061 -2.58412 1.78118 -2.75373
