13.207
13.218
13.228
13.238
13.249
13.259
13.27
13.28
13.29
13.302
13.323
13.344
13.364
13.384
13.405
13.425
13.447
13.466
13.487
13.508
13.546
13.585
13.625
13.664
13.703
13.742
13.781
13.819
13.858
13.896
13.935
13.974
14.013
14.052
14.09
14.129
14.167
14.206
14.244
14.283
14.322
14.361
14.399
14.438
20.712
20.723
20.733
20.744
20.754
20.764
20.775
20.785
20.796
20.807
20.828
20.867
20.906
20.944
20.982
21.021
21.059
21.097
21.135
21.174
21.213
21.253
21.293
21.332
21.371
21.409
21.448
21.486
21.524
21.563
21.603
21.641
21.68
21.718
21.756
21.795
21.833
21.872
21.91
21.949
21.988
22.027
22.066
22.105
22.144
22.183
22.222
22.26
22.3
22.339
22.377
22.416
22.454
22.492
22.531
22.569
22.608
22.646
22.685
22.724
22.763
22.802
22.84
22.879
22.917
22.956
22.995
23.034
23.074
23.113
23.151
23.19
23.228
23.267
23.305
23.344
23.383
23.421
23.46
23.499
23.537
23.575
23.614
23.652
23.69
23.729
23.767
