1.61067 -1.18111 -0.517757 0.212273 -1.46573 -1.56492 -0.367117 1.72567 1.37633 -1.54686 -1.62335 0.104763 1.72911 -0.903071 1.08678 -0.261538
1.61067 -1.18111 -0.517757 0.212273 -1.46573 -1.56492 -0.367117 1.72567 1.37633 -1.54686 -1.62335 0.104763 1.72911 -0.903071 1.08678 -0.261538
1.61067 -1.18111 -0.517757 0.212273 -1.46573 -1.56492 -0.367117 1.72567 1.37633 -1.54686 -1.62335 0.104763 1.72911 -0.903071 1.08678 -0.261538
1.61067 -1.18111 -0.517757 0.212273 -1.46573 -1.56492 -0.367117 1.72567 1.37633 -1.54686 -1.62335 0.104763 1.72911 -0.903071 1.08678 -0.261538
1.61067 -1.18111 -0.517757 0.212273 -1.46573 -1.56492 -0.367117 1.72567 1.37633 -1.54686 -1.62335 0.104763 1.72911 -0.903071 1.08678 -0.261538
1.61067 -1.18111 -0.517757 0.212273 -1.46573 -1.56492 -0.367117 1.72567 1.37633 -1.54686 -1.62335 0.104763 1.72911 -0.903071 1.08678 -0.261538
1.61067 -1.18111 -0.517757 0.212273 -1.46573 -1.56492 -0.367117 1.72567 1.37633 -1.54686 -1.62335 0.104763 1.72911 -0.903071 1.08678 -0.261538
1.61105 -1.18111 -0.517757 0.212273 -1.46573 -1.56492 -0.367117 1.72567 1.37633 -1.54686 -1.62335 0.104763 1.72911 -0.903071 1.08678 -0.261538
1.61163 -1.18111 -0.517757 0.212273 -1.46573 -1.56492 -0.367117 1.72567 1.37633 -1.54686 -1.62335 0.104763 1.72911 -0.903071 1.08678 -0.261538
1.61226 -1.18111 -0.517757 0.212273 -1.46573 -1.56492 -0.367117 1.72567 1.37633 -1.54686 -1.62335 0.104763 1.72911 -0.903071 1.08678 -0.261538
1.61289 -1.18111 -0.517757 0.212273 -1.46573 -1.56492 -0.367117 1.72567 1.37633 -1.54686 -1.62335 0.104763 1.72911 -0.903071 1.08678 -0.261538
1.61351 -1.18111 -0.517757 0.212273 -1.46573 -1.56492 -0.367117 1.72567 1.37633 -1.54686 -1.62335 0.104763 1.72911 -0.903071 1.08678 -0.261538
1.61417 -1.18111 -0.517757 0.212273 -1.46573 -1.56492 -0.367117 1.72567 1.37633 -1.54686 -1.62335 0.104763 1.72911 -0.903071 1.08678 -0.261538
1.61488 -1.18111 -0.517757 0.212273 -1.46573 -1.56492 -0.367117 1.72567 1.37633 -1.54686 -1.62335 0.104763 1.72911 -0.903071 1.08678 -0.261538
1.61566 -1.18111 -0.517757 0.212273 -1.46573 -1.56492 -0.367117 1.72567 1.37633 -1.54686 -1.62335 0.104763 1.72911 -0.903071 1.08678 -0.261538
1.61656 -1.18111 -0.517757 0.212273 -1.46573 -1.56492 -0.367117 1.72567 1.37633 -1.54686 -1.62335 0.104763 1.72911 -0.903071 1.08678 -0.261538
1.61762 -1.18111 -0.517757 0.212273 -1.46573 -1.56492 -0.367117 1.72567 1.37633 -1.54686 -1.62335 0.104763 1.72911 -0.903071 1.08678 -0.261538
1.61885 -1.18111 -0.517757 0.212273 -1.46573 -1.56492 -0.367117 1.72567 1.37633 -1.54686 -1.62335 0.104763 1.72911 -0.903071 1.08678 -0.261538
1.62016 -1.18111 -0.517757 0.212273 -1.46573 -1.56492 -0.367117 1.72567 1.37633 -1.54686 -1.62335 0.104763 1.72911 -0.903071 1.08678 -0.261538
1.62283 -1.18111 -0.517757 0.212273 -1.46573 -1.56492 -0.367117 1.72567 1.37633 -1.54686 -1.62335 0.104763 1.72911 -0.903071 1.08678 -0.261538
1.62554 -1.18111 -0.517757 0.212273 -1.46573 -1.56492 -0.367117 1.72567 1.37633 -1.54686 -1.62335 0.104763 1.72911 -0.903071 1.08678 -0.261538
1.62816 -1.18111 -0.517757 0.212273 -1.46573 -1.56492 -0.367117 1.72567 1.37633 -1.54686 -1.62335 0.104763 1.72911 -0.903071 1.08678 -0.261538
1.6309 -1.18111 -0.517757 0.212273 -1.46573 -1.56492 -0.367117 1.72567 1.37633 -1.54686 -1.62335 0.104763 1.72911 -0.903071 1.08678 -0.261538
1.63377 -1.18111 -0.517757 0.212273 -1.46573 -1.56492 -0.367117 1.72567 1.37633 -1.54686 -1.62335 0.104763 1.72911 -0.903071 1.08678 -0.261538
1.63677 -1.18111 -0.517757 0.212273 -1.46573 -1.56492 -0.367117 1.72567 1.37633 -1.54686 -1.62335 0.104763 1.72911 -0.903071 1.08678 -0.261538
1.64002 -1.18111 -0.517757 0.212273 -1.46573 -1.56492 -0.367117 1.72567 1.37633 -1.54686 -1.62335 0.104763 1.72911 -0.903071 1.08678 -0.261538
1.64341 -1.18111 -0.517757 0.212273 -1.46573 -1.56492 -0.367117 1.72567 1.37633 -1.54686 -1.62335 0.104763 1.72911 -0.903071 1.08678 -0.261538
1.64678 -1.18111 -0.517757 0.212273 -1.46573 -1.56492 -0.367117 1.72567 1.37633 -1.54686 -1.62335 0.104763 1.72911 -0.903071 1.08678 -0.261538
1.6501 -1.18111 -0.517757 0.212273 -1.46573 -1.56492 -0.367117 1.72567 1.37633 -1.54686 -1.62335 0.104763 1.72911 -0.903071 1.08678 -0.261538
1.65355 -1.18111 -0.517757 0.212273 -1.46573 -1.56492 -0.367117 1.72567 1.37633 -1.54686 -1.62335 0.104763 1.72911 -0.903071 1.08678 -0.261538
1.65718 -1.18111 -0.517757 0.212273 -1.46573 -1.56492 -0.367117 1.72567 1.37633 -1.54686 -1.62335 0.104763 1.72911 -0.903071 1.08678 -0.261538
1.66096 -1.18111 -0.517757 0.212273 -1.46573 -1.56492 -0.367117 1.72567 1.37633 -1.54686 -1.62335 0.104763 1.72911 -0.903071 1.08678 -0.261538
1.66487 -1.18111 -0.517757 0.212273 -1.46573 -1.56492 -0.367117 1.72567 1.37633 -1.54686 -1.62335 0.104763 1.72911 -0.903071 1.08678 -0.261538
1.6687 -1.18111 -0.517757 0.212273 -1.46573 -1.56492 -0.367117 1.72567 1.37633 -1.54686 -1.62335 0.104763 1.72911 -0.903071 1.08678 -0.261538
1.67261 -1.18111 -0.517757 0.212273 -1.46573 -1.56492 -0.367117 1.72567 1.37633 -1.54686 -1.62335 0.104763 1.72911 -0.903071 1.08678 -0.261538
1.6766 -1.18111 -0.517757 0.212273 -1.46573 -1.56492 -0.367117 1.72567 1.37633 -1.54686 -1.62335 0.104763 1.72911 -0.903071 1.08678 -0.261538
1.68086 -1.18111 -0.517757 0.212273 -1.46573 -1.56492 -0.367117 1.72567 1.37633 -1.54686 -1.62335 0.104763 1.72911 -0.903071 1.08678 -0.261538
1.68526 -1.18111 -0.517757 0.212273 -1.46573 -1.56492 -0.367117 1.72567 1.37633 -1.54686 -1.62335 0.104763 1.72911 -0.903071 1.08678 -0.261538
1.6897 -1.18111 -0.517757 0.212273 -1.46573 -1.56492 -0.367117 1.72567 1.37633 -1.54686 -1.62335 0.104763 1.72911 -0.903071 1.08678 -0.261538
1.6943 -1.18111 -0.517757 0.212273 -1.46573 -1.56492 -0.367117 1.72567 1.37633 -1.54686 -1.62335 0.104763 1.72911 -0.903071 1.08678 -0.261538
1.69893 -1.18111 -0.517757 0.212273 -1.46573 -1.56492 -0.367117 1.72567 1.37633 -1.54686 -1.62335 0.104763 1.72911 -0.903071 1.08678 -0.261538
1.70375 -1.18111 -0.517757 0.212273 -1.46573 -1.56492 -0.367117 1.72567 1.37633 -1.54686 -1.62335 0.104763 1.72911 -0.903071 1.08678 -0.261538
1.70868 -1.18111 -0.517757 0.212273 -1.46573 -1.56492 -0.367117 1.72567 1.37633 -1.54686 -1.62335 0.104763 1.72911 -0.903071 1.08678 -0.261538
1.71364 -1.18111 -0.517757 0.212273 -1.46573 -1.56492 -0.367117 1.72567 1.37633 -1.54686 -1.62335 0.104763 1.72911 -0.903071 1.08678 -0.261538
1.71878 -1.18111 -0.517757 0.212273 -1.46573 -1.56492 -0.367117 1.72567 1.37633 -1.54686 -1.62335 0.104763 1.72911 -0.903071 1.08678 -0.261538
1.72411 -1.18111 -0.517757 0.212273 -1.46573 -1.56492 -0.367117 1.72567 1.37633 -1.54686 -1.62335 0.104763 1.72911 -0.903071 1.08678 -0.261538
1.72961 -1.18111 -0.517757 0.212273 -1.46573 -1.56492 -0.367117 1.72567 1.37633 -1.54686 -1.62335 0.104763 1.72911 -0.903071 1.08678 -0.261538
1.73513 -1.18111 -0.517757 0.212273 -1.46573 -1.56492 -0.367117 1.72567 1.37633 -1.54686 -1.62335 0.104763 1.72911 -0.903071 1.08678 -0.261538
1.74103 -1.18111 -0.517757 0.212273 -1.46573 -1.56492 -0.367117 1.72567 1.37633 -1.54686 -1.62335 0.104763 1.72911 -0.903071 1.08678 -0.261538
1.74705 -1.18111 -0.517757 0.212273 -1.46573 -1.56492 -0.367117 1.72567 1.37633 -1.54686 -1.62335 0.104763 1.72911 -0.903071 1.08678 -0.261538
1.75311 -1.18111 -0.517757 0.212273 -1.46573 -1.56492 -0.367117 1.72567 1.37633 -1.54686 -1.62335 0.104763 1.72911 -0.903071 1.08678 -0.261538
1.75931 -1.18111 -0.517757 0.212273 -1.46573 -1.56492 -0.367117 1.72567 1.37633 -1.54686 -1.62335 0.104763 1.72911 -0.903071 1.08678 -0.261538
1.8307 -1.18111 -0.517757 0.212273 -1.46573 -1.56492 -0.367117 1.72567 1.37633 -1.54686 -1.62335 0.104763 1.72911 -0.903071 1.08678 -0.261538
1.82936 -1.18111 -0.517757 0.212273 -1.46573 -1.56492 -0.367117 1.72567 1.37633 -1.54686 -1.62335 0.104763 1.72911 -0.903071 1.08678 -0.261538
1.8275 -1.18111 -0.517757 0.212273 -1.46573 -1.56492 -0.367117 1.72567 1.37633 -1.54686 -1.62335 0.104763 1.72911 -0.903071 1.08678 -0.261538
1.82535 -1.18111 -0.517757 0.212273 -1.46573 -1.56492 -0.367117 1.72567 1.37633 -1.54686 -1.62335 0.104763 1.72911 -0.903071 1.08678 -0.261538
1.82287 -1.18111 -0.517757 0.212273 -1.46573 -1.56492 -0.367117 1.72567 1.37633 -1.54686 -1.62335 0.104763 1.72911 -0.903071 1.08678 -0.261538
1.82038 -1.18111 -0.517757 0.212273 -1.46573 -1.56492 -0.367117 1.72567 1.37633 -1.54686 -1.62335 0.104763 1.72911 -0.903071 1.08678 -0.261538
1.81789 -1.18111 -0.517757 0.212273 -1.46573 -1.56492 -0.367117 1.72567 1.37633 -1.54686 -1.62335 0.104763 1.72911 -0.903071 1.08678 -0.261538
1.81544 -1.18111 -0.517757 0.212273 -1.46573 -1.56492 -0.367117 1.72567 1.37633 -1.54686 -1.62335 0.104763 1.72911 -0.903071 1.08678 -0.261538
1.813 -1.18111 -0.517757 0.212273 -1.46573 -1.56492 -0.367117 1.72567 1.37633 -1.54686 -1.62335 0.104763 1.72911 -0.903071 1.08678 -0.261538
1.81055 -1.18111 -0.517757 0.212273 -1.46573 -1.56492 -0.367117 1.72567 1.37633 -1.54686 -1.62335 0.104763 1.72911 -0.903071 1.08678 -0.261538
1.80812 -1.18111 -0.517757 0.212273 -1.46573 -1.56492 -0.367117 1.72567 1.37633 -1.54686 -1.62335 0.104763 1.72911 -0.903071 1.08678 -0.261538
1.80339 -1.18111 -0.517757 0.212273 -1.46573 -1.56492 -0.367117 1.72567 1.37633 -1.54686 -1.62335 0.104763 1.72911 -0.903071 1.08678 -0.261538
1.79886 -1.18111 -0.517757 0.212273 -1.46573 -1.56492 -0.367117 1.72567 1.37633 -1.54686 -1.62335 0.104763 1.72911 -0.903071 1.08678 -0.261538
1.79428 -1.18111 -0.517757 0.212273 -1.46573 -1.56492 -0.367117 1.72567 1.37633 -1.54686 -1.62335 0.104763 1.72911 -0.903071 1.08678 -0.261538
1.78966 -1.18111 -0.517757 0.212273 -1.46573 -1.56492 -0.367117 1.72567 1.37633 -1.54686 -1.62335 0.104763 1.72911 -0.903071 1.08678 -0.261538
1.785 -1.18111 -0.517757 0.212273 -1.46573 -1.56492 -0.367117 1.72567 1.37633 -1.54686 -1.62335 0.104763 1.72911 -0.903071 1.08678 -0.261538
1.78022 -1.18111 -0.517757 0.212273 -1.46573 -1.56492 -0.367117 1.72567 1.37633 -1.54686 -1.62335 0.104763 1.72911 -0.903071 1.08678 -0.261538
1.77553 -1.18111 -0.517757 0.212273 -1.46573 -1.56492 -0.367117 1.72567 1.37633 -1.54686 -1.62335 0.104763 1.72911 -0.903071 1.08678 -0.261538
1.77084 -1.18111 -0.517757 0.212273 -1.46573 -1.56492 -0.367117 1.72567 1.37633 -1.54686 -1.62335 0.104763 1.72911 -0.903071 1.08678 -0.261538
1.7662 -1.18111 -0.517757 0.212273 -1.46573 -1.56492 -0.367117 1.72567 1.37633 -1.54686 -1.62335 0.104763 1.72911 -0.903071 1.08678 -0.261538
1.76151 -1.18111 -0.517757 0.212273 -1.46573 -1.56492 -0.367117 1.72567 1.37633 -1.54686 -1.62335 0.104763 1.72911 -0.903071 1.08678 -0.261538
1.75671 -1.18111 -0.517757 0.212273 -1.46573 -1.56492 -0.367117 1.72567 1.37633 -1.54686 -1.62335 0.104763 1.72911 -0.903071 1.08678 -0.261538
1.75201 -1.18111 -0.517757 0.212273 -1.46573 -1.56492 -0.367117 1.72567 1.37633 -1.54686 -1.62335 0.104763 1.72911 -0.903071 1.08678 -0.261538
1.74722 -1.18111 -0.517757 0.212273 -1.46573 -1.56492 -0.367117 1.72567 1.37633 -1.54686 -1.62335 0.104763 1.72911 -0.903071 1.08678 -0.261538
1.74236 -1.18111 -0.517757 0.212273 -1.46573 -1.56492 -0.367117 1.72567 1.37633 -1.54686 -1.62335 0.104763 1.72911 -0.903071 1.08678 -0.261538
1.73751 -1.18111 -0.517757 0.212273 -1.46573 -1.56492 -0.367117 1.72567 1.37633 -1.54686 -1.62335 0.104763 1.72911 -0.903071 1.08678 -0.261538
1.73269 -1.18111 -0.517757 0.212273 -1.46573 -1.56492 -0.367117 1.72567 1.37633 -1.54686 -1.62335 0.104763 1.72911 -0.903071 1.08678 -0.261538
1.72782 -1.18111 -0.517757 0.212273 -1.46573 -1.56492 -0.367117 1.72567 1.37633 -1.54686 -1.62335 0.104763 1.72911 -0.903071 1.08678 -0.261538
1.72296 -1.18111 -0.517757 0.212273 -1.46573 -1.56492 -0.367117 1.72567 1.37633 -1.54686 -1.62335 0.104763 1.72911 -0.903071 1.08678 -0.261538
1.7181 -1.18111 -0.517757 0.212273 -1.46573 -1.56492 -0.367117 1.72567 1.37633 -1.54686 -1.62335 0.104763 1.72911 -0.903071 1.08678 -0.261538
1.71319 -1.18111 -0.517757 0.212273 -1.46573 -1.56492 -0.367117 1.72567 1.37633 -1.54686 -1.62335 0.104763 1.72911 -0.903071 1.08678 -0.261538
1.70814 -1.18111 -0.517757 0.212273 -1.46573 -1.56492 -0.367117 1.72567 1.37633 -1.54686 -1.62335 0.104763 1.72911 -0.903071 1.08678 -0.261538
1.70311 -1.18111 -0.517757 0.212273 -1.46573 -1.56492 -0.367117 1.72567 1.37633 -1.54686 -1.62335 0.104763 1.72911 -0.903071 1.08678 -0.261538
1.69813 -1.18111 -0.517757 0.212273 -1.46573 -1.56492 -0.367117 1.72567 1.37633 -1.54686 -1.62335 0.104763 1.72911 -0.903071 1.08678 -0.261538
1.69303 -1.18111 -0.517757 0.212273 -1.46573 -1.56492 -0.367117 1.72567 1.37633 -1.54686 -1.62335 0.104763 1.72911 -0.903071 1.08678 -0.261538
1.68792 -1.18111 -0.517757 0.212273 -1.46573 -1.56492 -0.367117 1.72567 1.37633 -1.54686 -1.62335 0.104763 1.72911 -0.903071 1.08678 -0.261538
1.68284 -1.18111 -0.517757 0.212273 -1.46573 -1.56492 -0.367117 1.72567 1.37633 -1.54686 -1.62335 0.104763 1.72911 -0.903071 1.08678 -0.261538
1.67778 -1.18111 -0.517757 0.212273 -1.46573 -1.56492 -0.367117 1.72567 1.37633 -1.54686 -1.62335 0.104763 1.72911 -0.903071 1.08678 -0.261538
1.67276 -1.18111 -0.517757 0.212273 -1.46573 -1.56492 -0.367117 1.72567 1.37633 -1.54686 -1.62335 0.104763 1.72911 -0.903071 1.08678 -0.261538
1.66773 -1.18111 -0.517757 0.212273 -1.46573 -1.56492 -0.367117 1.72567 1.37633 -1.54686 -1.62335 0.104763 1.72911 -0.903071 1.08678 -0.261538
1.66253 -1.18111 -0.517757 0.212273 -1.46573 -1.56492 -0.367117 1.72567 1.37633 -1.54686 -1.62335 0.104763 1.72911 -0.903071 1.08678 -0.261538
1.65745 -1.18111 -0.517757 0.212273 -1.46573 -1.56492 -0.367117 1.72567 1.37633 -1.54686 -1.62335 0.104763 1.72911 -0.903071 1.08678 -0.261538
1.65234 -1.18111 -0.517757 0.212273 -1.46573 -1.56492 -0.367117 1.72567 1.37633 -1.54686 -1.62335 0.104763 1.72911 -0.903071 1.08678 -0.261538
1.64728 -1.18111 -0.517757 0.212273 -1.46573 -1.56492 -0.367117 1.72567 1.37633 -1.54686 -1.62335 0.104763 1.72911 -0.903071 1.08678 -0.261538
1.64208 -1.18111 -0.517757 0.212273 -1.46573 -1.56492 -0.367117 1.72567 1.37633 -1.54686 -1.62335 0.104763 1.72911 -0.903071 1.08678 -0.261538
1.6369 -1.18111 -0.517757 0.212273 -1.46573 -1.56492 -0.367117 1.72567 1.37633 -1.54686 -1.62335 0.104763 1.72911 -0.903071 1.08678 -0.261538
1.6317 -1.18111 -0.517757 0.212273 -1.46573 -1.56492 -0.367117 1.72567 1.37633 -1.54686 -1.62335 0.104763 1.72911 -0.903071 1.08678 -0.261538
1.62651 -1.18111 -0.517757 0.212273 -1.46573 -1.56492 -0.367117 1.72567 1.37633 -1.54686 -1.62335 0.104763 1.72911 -0.903071 1.08678 -0.261538
1.62128 -1.18111 -0.517757 0.212273 -1.46573 -1.56492 -0.367117 1.72567 1.37633 -1.54686 -1.62335 0.104763 1.72911 -0.903071 1.08678 -0.261538
1.61608 -1.18111 -0.517757 0.212273 -1.46573 -1.56492 -0.367117 1.72567 1.37633 -1.54686 -1.62335 0.104763 1.72911 -0.903071 1.08678 -0.261538
1.61078 -1.18111 -0.517757 0.212273 -1.46573 -1.56492 -0.367117 1.72567 1.37633 -1.54686 -1.62335 0.104763 1.72911 -0.903071 1.08678 -0.261538
1.60548 -1.18111 -0.517757 0.212273 -1.46573 -1.56492 -0.367117 1.72567 1.37633 -1.54686 -1.62335 0.104763 1.72911 -0.903071 1.08678 -0.261538
1.6002 -1.18111 -0.517757 0.212273 -1.46573 -1.56492 -0.367117 1.72567 1.37633 -1.54686 -1.62335 0.104763 1.72911 -0.903071 1.08678 -0.261538
1.59488 -1.18111 -0.517757 0.212273 -1.46573 -1.56492 -0.367117 1.72567 1.37633 -1.54686 -1.62335 0.104763 1.72911 -0.903071 1.08678 -0.261538
1.58952 -1.18111 -0.517757 0.212273 -1.46573 -1.56492 -0.367117 1.72567 1.37633 -1.54686 -1.62335 0.104763 1.72911 -0.903071 1.08678 -0.261538
1.5841 -1.18111 -0.517757 0.212273 -1.46573 -1.56492 -0.367117 1.72567 1.37633 -1.54686 -1.62335 0.104763 1.72911 -0.903071 1.08678 -0.261538
1.57862 -1.18111 -0.517757 0.212273 -1.46573 -1.56492 -0.367117 1.72567 1.37633 -1.54686 -1.62335 0.104763 1.72911 -0.903071 1.08678 -0.261538
1.57303 -1.18111 -0.517757 0.212273 -1.46573 -1.56492 -0.367117 1.72567 1.37633 -1.54686 -1.62335 0.104763 1.72911 -0.903071 1.08678 -0.261538
1.5675 -1.18111 -0.517757 0.212273 -1.46573 -1.56492 -0.367117 1.72567 1.37633 -1.54686 -1.62335 0.104763 1.72911 -0.903071 1.08678 -0.261538
1.5619 -1.18111 -0.517757 0.212273 -1.46573 -1.56492 -0.367117 1.72567 1.37633 -1.54686 -1.62335 0.104763 1.72911 -0.903071 1.08678 -0.261538
1.55636 -1.18111 -0.517757 0.212273 -1.46573 -1.56492 -0.367117 1.72567 1.37633 -1.54686 -1.62335 0.104763 1.72911 -0.903071 1.08678 -0.261538
1.55088 -1.18111 -0.517757 0.212273 -1.46573 -1.56492 -0.367117 1.72567 1.37633 -1.54686 -1.62335 0.104763 1.72911 -0.903071 1.08678 -0.261538
1.5454 -1.18111 -0.517757 0.212273 -1.46573 -1.56492 -0.367117 1.72567 1.37633 -1.54686 -1.62335 0.104763 1.72911 -0.903071 1.08678 -0.261538
1.5399 -1.18111 -0.517757 0.212273 -1.46573 -1.56492 -0.367117 1.72567 1.37633 -1.54686 -1.62335 0.104763 1.72911 -0.903071 1.08678 -0.261538
1.53438 -1.18111 -0.517757 0.212273 -1.46573 -1.56492 -0.367117 1.72567 1.37633 -1.54686 -1.62335 0.104763 1.72911 -0.903071 1.08678 -0.261538
1.52886 -1.18111 -0.517757 0.212273 -1.46573 -1.56492 -0.367117 1.72567 1.37633 -1.54686 -1.62335 0.104763 1.72911 -0.903071 1.08678 -0.261538
1.52328 -1.18111 -0.517757 0.212273 -1.46573 -1.56492 -0.367117 1.72567 1.37633 -1.54686 -1.62335 0.104763 1.72911 -0.903071 1.08678 -0.261538
1.51772 -1.18111 -0.517757 0.212273 -1.46573 -1.56492 -0.367117 1.72567 1.37633 -1.54686 -1.62335 0.104763 1.72911 -0.903071 1.08678 -0.261538
1.51205 -1.18111 -0.517757 0.212273 -1.46573 -1.56492 -0.367117 1.72567 1.37633 -1.54686 -1.62335 0.104763 1.72911 -0.903071 1.08678 -0.261538
1.50643 -1.18111 -0.517757 0.212273 -1.46573 -1.56492 -0.367117 1.72567 1.37633 -1.54686 -1.62335 0.104763 1.72911 -0.903071 1.08678 -0.261538
1.50057 -1.18111 -0.517757 0.212273 -1.46573 -1.56492 -0.367117 1.72567 1.37633 -1.54686 -1.62335 0.104763 1.72911 -0.903071 1.08678 -0.261538
1.49488 -1.18111 -0.517757 0.212273 -1.46573 -1.56492 -0.367117 1.72567 1.37633 -1.54686 -1.62335 0.104763 1.72911 -0.903071 1.08678 -0.261538
1.48914 -1.18111 -0.517757 0.212273 -1.46573 -1.56492 -0.367117 1.72567 1.37633 -1.54686 -1.62335 0.104763 1.72911 -0.903071 1.08678 -0.261538
1.48337 -1.18111 -0.517757 0.212273 -1.46573 -1.56492 -0.367117 1.72567 1.37633 -1.54686 -1.62335 0.104763 1.72911 -0.903071 1.08678 -0.261538
1.47766 -1.18111 -0.517757 0.212273 -1.46573 -1.56492 -0.367117 1.72567 1.37633 -1.54686 -1.62335 0.104763 1.72911 -0.903071 1.08678 -0.261538
1.47188 -1.18111 -0.517757 0.212273 -1.46573 -1.56492 -0.367117 1.72567 1.37633 -1.54686 -1.62335 0.104763 1.72911 -0.903071 1.08678 -0.261538
1.46604 -1.18111 -0.517757 0.212273 -1.46573 -1.56492 -0.367117 1.72567 1.37633 -1.54686 -1.62335 0.104763 1.72911 -0.903071 1.08678 -0.261538
1.46016 -1.18111 -0.517757 0.212273 -1.46573 -1.56492 -0.367117 1.72567 1.37633 -1.54686 -1.62335 0.104763 1.72911 -0.903071 1.08678 -0.261538
1.45426 -1.18111 -0.517757 0.212273 -1.46573 -1.56492 -0.367117 1.72567 1.37633 -1.54686 -1.62335 0.104763 1.72911 -0.903071 1.08678 -0.261538
1.44822 -1.18111 -0.517757 0.212273 -1.46573 -1.56492 -0.367117 1.72567 1.37633 -1.54686 -1.62335 0.104763 1.72911 -0.903071 1.08678 -0.261538
1.442 -1.18111 -0.517757 0.212273 -1.46573 -1.56492 -0.367117 1.72567 1.37633 -1.54686 -1.62335 0.104763 1.72911 -0.903071 1.08678 -0.261538
1.43597 -1.18111 -0.517757 0.212273 -1.46573 -1.56492 -0.367117 1.72567 1.37633 -1.54686 -1.62335 0.104763 1.72911 -0.903071 1.08678 -0.261538
1.42998 -1.18111 -0.517757 0.212273 -1.46573 -1.56492 -0.367117 1.72567 1.37633 -1.54686 -1.62335 0.104763 1.72911 -0.903071 1.08678 -0.261538
1.42396 -1.18111 -0.517757 0.212273 -1.46573 -1.56492 -0.367117 1.72567 1.37633 -1.54686 -1.62335 0.104763 1.72911 -0.903071 1.08678 -0.261538
1.41791 -1.18111 -0.517757 0.212273 -1.46573 -1.56492 -0.367117 1.72567 1.37633 -1.54686 -1.62335 0.104763 1.72911 -0.903071 1.08678 -0.261538
1.41193 -1.18111 -0.517757 0.212273 -1.46573 -1.56492 -0.367117 1.72567 1.37633 -1.54686 -1.62335 0.104763 1.72911 -0.903071 1.08678 -0.261538
1.40585 -1.18111 -0.517757 0.212273 -1.46573 -1.56492 -0.367117 1.72567 1.37633 -1.54686 -1.62335 0.104763 1.72911 -0.903071 1.08678 -0.261538
1.39981 -1.18111 -0.517757 0.212273 -1.46573 -1.56492 -0.367117 1.72567 1.37633 -1.54686 -1.62335 0.104763 1.72911 -0.903071 1.08678 -0.261538
1.39373 -1.18111 -0.517757 0.212273 -1.46573 -1.56492 -0.367117 1.72567 1.37633 -1.54686 -1.62335 0.104763 1.72911 -0.903071 1.08678 -0.261538
1.38761 -1.18111 -0.517757 0.212273 -1.46573 -1.56492 -0.367117 1.72567 1.37633 -1.54686 -1.62335 0.104763 1.72911 -0.903071 1.08678 -0.261538
1.38121 -1.18111 -0.517757 0.212273 -1.46573 -1.56492 -0.367117 1.72567 1.37633 -1.54686 -1.62335 0.104763 1.72911 -0.903071 1.08678 -0.261538
1.37504 -1.18111 -0.517757 0.212273 -1.46573 -1.56492 -0.367117 1.72567 1.37633 -1.54686 -1.62335 0.104763 1.72911 -0.903071 1.08678 -0.261538
1.36889 -1.18111 -0.517757 0.212273 -1.46573 -1.56492 -0.367117 1.72567 1.37633 -1.54686 -1.62335 0.104763 1.72911 -0.903071 1.08678 -0.261538
1.36265 -1.18111 -0.517757 0.212273 -1.46573 -1.56492 -0.367117 1.72567 1.37633 -1.54686 -1.62335 0.104763 1.72911 -0.903071 1.08678 -0.261538
1.35644 -1.18111 -0.517757 0.212273 -1.46573 -1.56492 -0.367117 1.72567 1.37633 -1.54686 -1.62335 0.104763 1.72911 -0.903071 1.08678 -0.261538
1.35018 -1.18111 -0.517757 0.212273 -1.46573 -1.56492 -0.367117 1.72567 1.37633 -1.54686 -1.62335 0.104763 1.72911 -0.903071 1.08678 -0.261538
1.34379 -1.18111 -0.517757 0.212273 -1.46573 -1.56492 -0.367117 1.72567 1.37633 -1.54686 -1.62335 0.104763 1.72911 -0.903071 1.08678 -0.261538
1.33747 -1.18111 -0.517757 0.212273 -1.46573 -1.56492 -0.367117 1.72567 1.37633 -1.54686 -1.62335 0.104763 1.72911 -0.903071 1.08678 -0.261538
1.33109 -1.18111 -0.517757 0.212273 -1.46573 -1.56492 -0.367117 1.72567 1.37633 -1.54686 -1.62335 0.104763 1.72911 -0.903071 1.08678 -0.261538
1.32458 -1.18111 -0.517757 0.212273 -1.46573 -1.56492 -0.367117 1.72567 1.37633 -1.54686 -1.62335 0.104763 1.72911 -0.903071 1.08678 -0.261538
