13.495
13.506
13.516
13.527
13.537
13.547
13.558
13.568
13.579
13.598
13.618
13.639
13.659
13.68
13.701
13.721
13.742
13.762
13.783
13.822
13.861
13.899
13.937
13.976
14.015
14.054
14.093
14.133
14.173
14.211
14.25
14.288
14.327
14.365
14.404
14.442
14.48
14.519
14.559
14.597
14.636
14.674
14.712
14.751
14.789
14.828
14.866
14.905
14.945
14.984
15.023
15.062
18.833
18.844
18.854
18.865
18.875
18.886
18.896
18.906
18.917
18.928
18.95
18.989
19.028
19.067
19.105
19.143
19.182
19.221
19.259
19.297
19.335
19.375
19.413
19.452
19.49
19.529
19.568
19.606
19.644
19.683
19.721
19.761
19.8
19.84
19.879
19.918
19.957
19.995
20.034
20.072
20.112
20.15
20.188
20.227
20.265
20.304
20.342
20.381
20.419
20.457
20.496
20.535
20.573
20.612
20.65
20.689
20.729
20.768
20.808
20.847
20.886
20.924
20.962
21
21.038
21.077
21.115
21.153
21.191
21.23
21.269
21.308
21.346
21.384
21.423
21.461
21.499
21.538
21.577
21.618
21.657
21.696
21.734
21.772
21.811
21.849
21.888
21.926
21.964
22.003
22.042
22.08
22.119
22.157
22.195
22.233
22.271
22.31
22.348
22.387
