1.48014 1.44383 0.368806 0.93306 -1.08552 -1.92145 -1.05104 1.20533 0.7163 -0.167629 0.09818 -2.55218 -1.6978 -3.08717 -1.48422 2.16254
1.48014 1.44383 0.368806 0.93306 -1.08552 -1.92145 -1.05104 1.20533 0.7163 -0.167629 0.09818 -2.55218 -1.6978 -3.08717 -1.48422 2.16254
1.48014 1.44383 0.368806 0.93306 -1.08552 -1.92145 -1.05104 1.20533 0.7163 -0.167629 0.09818 -2.55218 -1.6978 -3.08717 -1.48422 2.16254
1.48014 1.44383 0.368806 0.93306 -1.08552 -1.92145 -1.05104 1.20533 0.7163 -0.167629 0.09818 -2.55218 -1.6978 -3.08717 -1.48422 2.16254
1.48014 1.44383 0.368806 0.93306 -1.08552 -1.92145 -1.05104 1.20533 0.7163 -0.167629 0.09818 -2.55218 -1.6978 -3.08717 -1.48422 2.16254
1.48014 1.44383 0.368806 0.93306 -1.08552 -1.92145 -1.05104 1.20533 0.7163 -0.167629 0.09818 -2.55218 -1.6978 -3.08717 -1.48422 2.16254
1.48014 1.44383 0.368806 0.93306 -1.08552 -1.92145 -1.05104 1.20533 0.7163 -0.167629 0.09818 -2.55218 -1.6978 -3.08717 -1.48422 2.16254
1.48014 1.44383 0.368806 0.93306 -1.08552 -1.92145 -1.05104 1.20533 0.7163 -0.167629 0.09818 -2.55218 -1.6978 -3.08717 -1.48422 2.16254
1.48049 1.44383 0.368806 0.93306 -1.08552 -1.92145 -1.05104 1.20533 0.7163 -0.167629 0.09818 -2.55218 -1.6978 -3.08717 -1.48422 2.16254
1.48102 1.44383 0.368806 0.93306 -1.08552 -1.92145 -1.05104 1.20533 0.7163 -0.167629 0.09818 -2.55218 -1.6978 -3.08717 -1.48422 2.16254
1.48154 1.44383 0.368806 0.93306 -1.08552 -1.92145 -1.05104 1.20533 0.7163 -0.167629 0.09818 -2.55218 -1.6978 -3.08717 -1.48422 2.16254
1.48202 1.44383 0.368806 0.93306 -1.08552 -1.92145 -1.05104 1.20533 0.7163 -0.167629 0.09818 -2.55218 -1.6978 -3.08717 -1.48422 2.16254
1.4825 1.44383 0.368806 0.93306 -1.08552 -1.92145 -1.05104 1.20533 0.7163 -0.167629 0.09818 -2.55218 -1.6978 -3.08717 -1.48422 2.16254
1.48304 1.44383 0.368806 0.93306 -1.08552 -1.92145 -1.05104 1.20533 0.7163 -0.167629 0.09818 -2.55218 -1.6978 -3.08717 -1.48422 2.16254
1.48363 1.44383 0.368806 0.93306 -1.08552 -1.92145 -1.05104 1.20533 0.7163 -0.167629 0.09818 -2.55218 -1.6978 -3.08717 -1.48422 2.16254
1.48428 1.44383 0.368806 0.93306 -1.08552 -1.92145 -1.05104 1.20533 0.7163 -0.167629 0.09818 -2.55218 -1.6978 -3.08717 -1.48422 2.16254
1.48498 1.44383 0.368806 0.93306 -1.08552 -1.92145 -1.05104 1.20533 0.7163 -0.167629 0.09818 -2.55218 -1.6978 -3.08717 -1.48422 2.16254
1.48575 1.44383 0.368806 0.93306 -1.08552 -1.92145 -1.05104 1.20533 0.7163 -0.167629 0.09818 -2.55218 -1.6978 -3.08717 -1.48422 2.16254
1.4866 1.44383 0.368806 0.93306 -1.08552 -1.92145 -1.05104 1.20533 0.7163 -0.167629 0.09818 -2.55218 -1.6978 -3.08717 -1.48422 2.16254
1.48753 1.44383 0.368806 0.93306 -1.08552 -1.92145 -1.05104 1.20533 0.7163 -0.167629 0.09818 -2.55218 -1.6978 -3.08717 -1.48422 2.16254
1.48933 1.44383 0.368806 0.93306 -1.08552 -1.92145 -1.05104 1.20533 0.7163 -0.167629 0.09818 -2.55218 -1.6978 -3.08717 -1.48422 2.16254
1.49125 1.44383 0.368806 0.93306 -1.08552 -1.92145 -1.05104 1.20533 0.7163 -0.167629 0.09818 -2.55218 -1.6978 -3.08717 -1.48422 2.16254
1.4934 1.44383 0.368806 0.93306 -1.08552 -1.92145 -1.05104 1.20533 0.7163 -0.167629 0.09818 -2.55218 -1.6978 -3.08717 -1.48422 2.16254
1.49561 1.44383 0.368806 0.93306 -1.08552 -1.92145 -1.05104 1.20533 0.7163 -0.167629 0.09818 -2.55218 -1.6978 -3.08717 -1.48422 2.16254
1.49785 1.44383 0.368806 0.93306 -1.08552 -1.92145 -1.05104 1.20533 0.7163 -0.167629 0.09818 -2.55218 -1.6978 -3.08717 -1.48422 2.16254
1.50006 1.44383 0.368806 0.93306 -1.08552 -1.92145 -1.05104 1.20533 0.7163 -0.167629 0.09818 -2.55218 -1.6978 -3.08717 -1.48422 2.16254
1.50237 1.44383 0.368806 0.93306 -1.08552 -1.92145 -1.05104 1.20533 0.7163 -0.167629 0.09818 -2.55218 -1.6978 -3.08717 -1.48422 2.16254
1.50485 1.44383 0.368806 0.93306 -1.08552 -1.92145 -1.05104 1.20533 0.7163 -0.167629 0.09818 -2.55218 -1.6978 -3.08717 -1.48422 2.16254
1.50746 1.44383 0.368806 0.93306 -1.08552 -1.92145 -1.05104 1.20533 0.7163 -0.167629 0.09818 -2.55218 -1.6978 -3.08717 -1.48422 2.16254
1.51004 1.44383 0.368806 0.93306 -1.08552 -1.92145 -1.05104 1.20533 0.7163 -0.167629 0.09818 -2.55218 -1.6978 -3.08717 -1.48422 2.16254
1.51269 1.44383 0.368806 0.93306 -1.08552 -1.92145 -1.05104 1.20533 0.7163 -0.167629 0.09818 -2.55218 -1.6978 -3.08717 -1.48422 2.16254
1.5154 1.44383 0.368806 0.93306 -1.08552 -1.92145 -1.05104 1.20533 0.7163 -0.167629 0.09818 -2.55218 -1.6978 -3.08717 -1.48422 2.16254
1.51823 1.44383 0.368806 0.93306 -1.08552 -1.92145 -1.05104 1.20533 0.7163 -0.167629 0.09818 -2.55218 -1.6978 -3.08717 -1.48422 2.16254
1.52113 1.44383 0.368806 0.93306 -1.08552 -1.92145 -1.05104 1.20533 0.7163 -0.167629 0.09818 -2.55218 -1.6978 -3.08717 -1.48422 2.16254
1.52405 1.44383 0.368806 0.93306 -1.08552 -1.92145 -1.05104 1.20533 0.7163 -0.167629 0.09818 -2.55218 -1.6978 -3.08717 -1.48422 2.16254
1.52706 1.44383 0.368806 0.93306 -1.08552 -1.92145 -1.05104 1.20533 0.7163 -0.167629 0.09818 -2.55218 -1.6978 -3.08717 -1.48422 2.16254
1.53008 1.44383 0.368806 0.93306 -1.08552 -1.92145 -1.05104 1.20533 0.7163 -0.167629 0.09818 -2.55218 -1.6978 -3.08717 -1.48422 2.16254
1.53315 1.44383 0.368806 0.93306 -1.08552 -1.92145 -1.05104 1.20533 0.7163 -0.167629 0.09818 -2.55218 -1.6978 -3.08717 -1.48422 2.16254
1.53633 1.44383 0.368806 0.93306 -1.08552 -1.92145 -1.05104 1.20533 0.7163 -0.167629 0.09818 -2.55218 -1.6978 -3.08717 -1.48422 2.16254
1.53993 1.44383 0.368806 0.93306 -1.08552 -1.92145 -1.05104 1.20533 0.7163 -0.167629 0.09818 -2.55218 -1.6978 -3.08717 -1.48422 2.16254
1.54355 1.44383 0.368806 0.93306 -1.08552 -1.92145 -1.05104 1.20533 0.7163 -0.167629 0.09818 -2.55218 -1.6978 -3.08717 -1.48422 2.16254
1.54722 1.44383 0.368806 0.93306 -1.08552 -1.92145 -1.05104 1.20533 0.7163 -0.167629 0.09818 -2.55218 -1.6978 -3.08717 -1.48422 2.16254
1.55076 1.44383 0.368806 0.93306 -1.08552 -1.92145 -1.05104 1.20533 0.7163 -0.167629 0.09818 -2.55218 -1.6978 -3.08717 -1.48422 2.16254
1.5543 1.44383 0.368806 0.93306 -1.08552 -1.92145 -1.05104 1.20533 0.7163 -0.167629 0.09818 -2.55218 -1.6978 -3.08717 -1.48422 2.16254
1.55811 1.44383 0.368806 0.93306 -1.08552 -1.92145 -1.05104 1.20533 0.7163 -0.167629 0.09818 -2.55218 -1.6978 -3.08717 -1.48422 2.16254
1.56207 1.44383 0.368806 0.93306 -1.08552 -1.92145 -1.05104 1.20533 0.7163 -0.167629 0.09818 -2.55218 -1.6978 -3.08717 -1.48422 2.16254
1.56615 1.44383 0.368806 0.93306 -1.08552 -1.92145 -1.05104 1.20533 0.7163 -0.167629 0.09818 -2.55218 -1.6978 -3.08717 -1.48422 2.16254
1.57023 1.44383 0.368806 0.93306 -1.08552 -1.92145 -1.05104 1.20533 0.7163 -0.167629 0.09818 -2.55218 -1.6978 -3.08717 -1.48422 2.16254
1.57437 1.44383 0.368806 0.93306 -1.08552 -1.92145 -1.05104 1.20533 0.7163 -0.167629 0.09818 -2.55218 -1.6978 -3.08717 -1.48422 2.16254
1.5787 1.44383 0.368806 0.93306 -1.08552 -1.92145 -1.05104 1.20533 0.7163 -0.167629 0.09818 -2.55218 -1.6978 -3.08717 -1.48422 2.16254
1.58319 1.44383 0.368806 0.93306 -1.08552 -1.92145 -1.05104 1.20533 0.7163 -0.167629 0.09818 -2.55218 -1.6978 -3.08717 -1.48422 2.16254
1.58773 1.44383 0.368806 0.93306 -1.08552 -1.92145 -1.05104 1.20533 0.7163 -0.167629 0.09818 -2.55218 -1.6978 -3.08717 -1.48422 2.16254
1.59236 1.44383 0.368806 0.93306 -1.08552 -1.92145 -1.05104 1.20533 0.7163 -0.167629 0.09818 -2.55218 -1.6978 -3.08717 -1.48422 2.16254
1.59709 1.44383 0.368806 0.93306 -1.08552 -1.92145 -1.05104 1.20533 0.7163 -0.167629 0.09818 -2.55218 -1.6978 -3.08717 -1.48422 2.16254
1.60203 1.44383 0.368806 0.93306 -1.08552 -1.92145 -1.05104 1.20533 0.7163 -0.167629 0.09818 -2.55218 -1.6978 -3.08717 -1.48422 2.16254
1.60713 1.44383 0.368806 0.93306 -1.08552 -1.92145 -1.05104 1.20533 0.7163 -0.167629 0.09818 -2.55218 -1.6978 -3.08717 -1.48422 2.16254
1.6123 1.44383 0.368806 0.93306 -1.08552 -1.92145 -1.05104 1.20533 0.7163 -0.167629 0.09818 -2.55218 -1.6978 -3.08717 -1.48422 2.16254
1.6175 1.44383 0.368806 0.93306 -1.08552 -1.92145 -1.05104 1.20533 0.7163 -0.167629 0.09818 -2.55218 -1.6978 -3.08717 -1.48422 2.16254
1.62311 1.44383 0.368806 0.93306 -1.08552 -1.92145 -1.05104 1.20533 0.7163 -0.167629 0.09818 -2.55218 -1.6978 -3.08717 -1.48422 2.16254
1.62888 1.44383 0.368806 0.93306 -1.08552 -1.92145 -1.05104 1.20533 0.7163 -0.167629 0.09818 -2.55218 -1.6978 -3.08717 -1.48422 2.16254
1.63462 1.44383 0.368806 0.93306 -1.08552 -1.92145 -1.05104 1.20533 0.7163 -0.167629 0.09818 -2.55218 -1.6978 -3.08717 -1.48422 2.16254
1.64062 1.44383 0.368806 0.93306 -1.08552 -1.92145 -1.05104 1.20533 0.7163 -0.167629 0.09818 -2.55218 -1.6978 -3.08717 -1.48422 2.16254
1.6468 1.44383 0.368806 0.93306 -1.08552 -1.92145 -1.05104 1.20533 0.7163 -0.167629 0.09818 -2.55218 -1.6978 -3.08717 -1.48422 2.16254
1.65299 1.44383 0.368806 0.93306 -1.08552 -1.92145 -1.05104 1.20533 0.7163 -0.167629 0.09818 -2.55218 -1.6978 -3.08717 -1.48422 2.16254
1.65944 1.44383 0.368806 0.93306 -1.08552 -1.92145 -1.05104 1.20533 0.7163 -0.167629 0.09818 -2.55218 -1.6978 -3.08717 -1.48422 2.16254
1.66603 1.44383 0.368806 0.93306 -1.08552 -1.92145 -1.05104 1.20533 0.7163 -0.167629 0.09818 -2.55218 -1.6978 -3.08717 -1.48422 2.16254
1.67269 1.44383 0.368806 0.93306 -1.08552 -1.92145 -1.05104 1.20533 0.7163 -0.167629 0.09818 -2.55218 -1.6978 -3.08717 -1.48422 2.16254
1.67969 1.44383 0.368806 0.93306 -1.08552 -1.92145 -1.05104 1.20533 0.7163 -0.167629 0.09818 -2.55218 -1.6978 -3.08717 -1.48422 2.16254
1.68702 1.44383 0.368806 0.93306 -1.08552 -1.92145 -1.05104 1.20533 0.7163 -0.167629 0.09818 -2.55218 -1.6978 -3.08717 -1.48422 2.16254
1.68387 1.44383 0.368806 0.93306 -1.08552 -1.92145 -1.05104 1.20533 0.7163 -0.167629 0.09818 -2.55218 -1.6978 -3.08717 -1.48422 2.16254
1.68205 1.44383 0.368806 0.93306 -1.08552 -1.92145 -1.05104 1.20533 0.7163 -0.167629 0.09818 -2.55218 -1.6978 -3.08717 -1.48422 2.16254
1.68018 1.44383 0.368806 0.93306 -1.08552 -1.92145 -1.05104 1.20533 0.7163 -0.167629 0.09818 -2.55218 -1.6978 -3.08717 -1.48422 2.16254
1.67781 1.44383 0.368806 0.93306 -1.08552 -1.92145 -1.05104 1.20533 0.7163 -0.167629 0.09818 -2.55218 -1.6978 -3.08717 -1.48422 2.16254
1.67538 1.44383 0.368806 0.93306 -1.08552 -1.92145 -1.05104 1.20533 0.7163 -0.167629 0.09818 -2.55218 -1.6978 -3.08717 -1.48422 2.16254
1.67294 1.44383 0.368806 0.93306 -1.08552 -1.92145 -1.05104 1.20533 0.7163 -0.167629 0.09818 -2.55218 -1.6978 -3.08717 -1.48422 2.16254
1.67052 1.44383 0.368806 0.93306 -1.08552 -1.92145 -1.05104 1.20533 0.7163 -0.167629 0.09818 -2.55218 -1.6978 -3.08717 -1.48422 2.16254
1.66812 1.44383 0.368806 0.93306 -1.08552 -1.92145 -1.05104 1.20533 0.7163 -0.167629 0.09818 -2.55218 -1.6978 -3.08717 -1.48422 2.16254
1.66565 1.44383 0.368806 0.93306 -1.08552 -1.92145 -1.05104 1.20533 0.7163 -0.167629 0.09818 -2.55218 -1.6978 -3.08717 -1.48422 2.16254
1.66319 1.44383 0.368806 0.93306 -1.08552 -1.92145 -1.05104 1.20533 0.7163 -0.167629 0.09818 -2.55218 -1.6978 -3.08717 -1.48422 2.16254
1.66073 1.44383 0.368806 0.93306 -1.08552 -1.92145 -1.05104 1.20533 0.7163 -0.167629 0.09818 -2.55218 -1.6978 -3.08717 -1.48422 2.16254
1.65604 1.44383 0.368806 0.93306 -1.08552 -1.92145 -1.05104 1.20533 0.7163 -0.167629 0.09818 -2.55218 -1.6978 -3.08717 -1.48422 2.16254
1.65133 1.44383 0.368806 0.93306 -1.08552 -1.92145 -1.05104 1.20533 0.7163 -0.167629 0.09818 -2.55218 -1.6978 -3.08717 -1.48422 2.16254
1.64659 1.44383 0.368806 0.93306 -1.08552 -1.92145 -1.05104 1.20533 0.7163 -0.167629 0.09818 -2.55218 -1.6978 -3.08717 -1.48422 2.16254
1.64187 1.44383 0.368806 0.93306 -1.08552 -1.92145 -1.05104 1.20533 0.7163 -0.167629 0.09818 -2.55218 -1.6978 -3.08717 -1.48422 2.16254
1.63714 1.44383 0.368806 0.93306 -1.08552 -1.92145 -1.05104 1.20533 0.7163 -0.167629 0.09818 -2.55218 -1.6978 -3.08717 -1.48422 2.16254
1.63238 1.44383 0.368806 0.93306 -1.08552 -1.92145 -1.05104 1.20533 0.7163 -0.167629 0.09818 -2.55218 -1.6978 -3.08717 -1.48422 2.16254
1.62759 1.44383 0.368806 0.93306 -1.08552 -1.92145 -1.05104 1.20533 0.7163 -0.167629 0.09818 -2.55218 -1.6978 -3.08717 -1.48422 2.16254
1.62279 1.44383 0.368806 0.93306 -1.08552 -1.92145 -1.05104 1.20533 0.7163 -0.167629 0.09818 -2.55218 -1.6978 -3.08717 -1.48422 2.16254
1.61797 1.44383 0.368806 0.93306 -1.08552 -1.92145 -1.05104 1.20533 0.7163 -0.167629 0.09818 -2.55218 -1.6978 -3.08717 -1.48422 2.16254
1.61306 1.44383 0.368806 0.93306 -1.08552 -1.92145 -1.05104 1.20533 0.7163 -0.167629 0.09818 -2.55218 -1.6978 -3.08717 -1.48422 2.16254
1.60818 1.44383 0.368806 0.93306 -1.08552 -1.92145 -1.05104 1.20533 0.7163 -0.167629 0.09818 -2.55218 -1.6978 -3.08717 -1.48422 2.16254
1.60333 1.44383 0.368806 0.93306 -1.08552 -1.92145 -1.05104 1.20533 0.7163 -0.167629 0.09818 -2.55218 -1.6978 -3.08717 -1.48422 2.16254
1.5984 1.44383 0.368806 0.93306 -1.08552 -1.92145 -1.05104 1.20533 0.7163 -0.167629 0.09818 -2.55218 -1.6978 -3.08717 -1.48422 2.16254
1.59343 1.44383 0.368806 0.93306 -1.08552 -1.92145 -1.05104 1.20533 0.7163 -0.167629 0.09818 -2.55218 -1.6978 -3.08717 -1.48422 2.16254
1.58833 1.44383 0.368806 0.93306 -1.08552 -1.92145 -1.05104 1.20533 0.7163 -0.167629 0.09818 -2.55218 -1.6978 -3.08717 -1.48422 2.16254
1.58328 1.44383 0.368806 0.93306 -1.08552 -1.92145 -1.05104 1.20533 0.7163 -0.167629 0.09818 -2.55218 -1.6978 -3.08717 -1.48422 2.16254
1.57824 1.44383 0.368806 0.93306 -1.08552 -1.92145 -1.05104 1.20533 0.7163 -0.167629 0.09818 -2.55218 -1.6978 -3.08717 -1.48422 2.16254
1.57322 1.44383 0.368806 0.93306 -1.08552 -1.92145 -1.05104 1.20533 0.7163 -0.167629 0.09818 -2.55218 -1.6978 -3.08717 -1.48422 2.16254
1.56804 1.44383 0.368806 0.93306 -1.08552 -1.92145 -1.05104 1.20533 0.7163 -0.167629 0.09818 -2.55218 -1.6978 -3.08717 -1.48422 2.16254
1.56305 1.44383 0.368806 0.93306 -1.08552 -1.92145 -1.05104 1.20533 0.7163 -0.167629 0.09818 -2.55218 -1.6978 -3.08717 -1.48422 2.16254
1.55797 1.44383 0.368806 0.93306 -1.08552 -1.92145 -1.05104 1.20533 0.7163 -0.167629 0.09818 -2.55218 -1.6978 -3.08717 -1.48422 2.16254
1.55293 1.44383 0.368806 0.93306 -1.08552 -1.92145 -1.05104 1.20533 0.7163 -0.167629 0.09818 -2.55218 -1.6978 -3.08717 -1.48422 2.16254
1.54787 1.44383 0.368806 0.93306 -1.08552 -1.92145 -1.05104 1.20533 0.7163 -0.167629 0.09818 -2.55218 -1.6978 -3.08717 -1.48422 2.16254
1.54277 1.44383 0.368806 0.93306 -1.08552 -1.92145 -1.05104 1.20533 0.7163 -0.167629 0.09818 -2.55218 -1.6978 -3.08717 -1.48422 2.16254
1.53772 1.44383 0.368806 0.93306 -1.08552 -1.92145 -1.05104 1.20533 0.7163 -0.167629 0.09818 -2.55218 -1.6978 -3.08717 -1.48422 2.16254
1.53256 1.44383 0.368806 0.93306 -1.08552 -1.92145 -1.05104 1.20533 0.7163 -0.167629 0.09818 -2.55218 -1.6978 -3.08717 -1.48422 2.16254
1.52744 1.44383 0.368806 0.93306 -1.08552 -1.92145 -1.05104 1.20533 0.7163 -0.167629 0.09818 -2.55218 -1.6978 -3.08717 -1.48422 2.16254
1.52231 1.44383 0.368806 0.93306 -1.08552 -1.92145 -1.05104 1.20533 0.7163 -0.167629 0.09818 -2.55218 -1.6978 -3.08717 -1.48422 2.16254
1.51707 1.44383 0.368806 0.93306 -1.08552 -1.92145 -1.05104 1.20533 0.7163 -0.167629 0.09818 -2.55218 -1.6978 -3.08717 -1.48422 2.16254
1.51178 1.44383 0.368806 0.93306 -1.08552 -1.92145 -1.05104 1.20533 0.7163 -0.167629 0.09818 -2.55218 -1.6978 -3.08717 -1.48422 2.16254
1.50655 1.44383 0.368806 0.93306 -1.08552 -1.92145 -1.05104 1.20533 0.7163 -0.167629 0.09818 -2.55218 -1.6978 -3.08717 -1.48422 2.16254
1.50128 1.44383 0.368806 0.93306 -1.08552 -1.92145 -1.05104 1.20533 0.7163 -0.167629 0.09818 -2.55218 -1.6978 -3.08717 -1.48422 2.16254
1.49591 1.44383 0.368806 0.93306 -1.08552 -1.92145 -1.05104 1.20533 0.7163 -0.167629 0.09818 -2.55218 -1.6978 -3.08717 -1.48422 2.16254
1.49056 1.44383 0.368806 0.93306 -1.08552 -1.92145 -1.05104 1.20533 0.7163 -0.167629 0.09818 -2.55218 -1.6978 -3.08717 -1.48422 2.16254
1.4851 1.44383 0.368806 0.93306 -1.08552 -1.92145 -1.05104 1.20533 0.7163 -0.167629 0.09818 -2.55218 -1.6978 -3.08717 -1.48422 2.16254
1.47966 1.44383 0.368806 0.93306 -1.08552 -1.92145 -1.05104 1.20533 0.7163 -0.167629 0.09818 -2.55218 -1.6978 -3.08717 -1.48422 2.16254
1.47426 1.44383 0.368806 0.93306 -1.08552 -1.92145 -1.05104 1.20533 0.7163 -0.167629 0.09818 -2.55218 -1.6978 -3.08717 -1.48422 2.16254
1.46878 1.44383 0.368806 0.93306 -1.08552 -1.92145 -1.05104 1.20533 0.7163 -0.167629 0.09818 -2.55218 -1.6978 -3.08717 -1.48422 2.16254
1.46324 1.44383 0.368806 0.93306 -1.08552 -1.92145 -1.05104 1.20533 0.7163 -0.167629 0.09818 -2.55218 -1.6978 -3.08717 -1.48422 2.16254
1.45783 1.44383 0.368806 0.93306 -1.08552 -1.92145 -1.05104 1.20533 0.7163 -0.167629 0.09818 -2.55218 -1.6978 -3.08717 -1.48422 2.16254
1.45237 1.44383 0.368806 0.93306 -1.08552 -1.92145 -1.05104 1.20533 0.7163 -0.167629 0.09818 -2.55218 -1.6978 -3.08717 -1.48422 2.16254
1.44691 1.44383 0.368806 0.93306 -1.08552 -1.92145 -1.05104 1.20533 0.7163 -0.167629 0.09818 -2.55218 -1.6978 -3.08717 -1.48422 2.16254
1.44133 1.44383 0.368806 0.93306 -1.08552 -1.92145 -1.05104 1.20533 0.7163 -0.167629 0.09818 -2.55218 -1.6978 -3.08717 -1.48422 2.16254
1.43588 1.44383 0.368806 0.93306 -1.08552 -1.92145 -1.05104 1.20533 0.7163 -0.167629 0.09818 -2.55218 -1.6978 -3.08717 -1.48422 2.16254
1.43034 1.44383 0.368806 0.93306 -1.08552 -1.92145 -1.05104 1.20533 0.7163 -0.167629 0.09818 -2.55218 -1.6978 -3.08717 -1.48422 2.16254
1.42477 1.44383 0.368806 0.93306 -1.08552 -1.92145 -1.05104 1.20533 0.7163 -0.167629 0.09818 -2.55218 -1.6978 -3.08717 -1.48422 2.16254
1.41919 1.44383 0.368806 0.93306 -1.08552 -1.92145 -1.05104 1.20533 0.7163 -0.167629 0.09818 -2.55218 -1.6978 -3.08717 -1.48422 2.16254
1.41352 1.44383 0.368806 0.93306 -1.08552 -1.92145 -1.05104 1.20533 0.7163 -0.167629 0.09818 -2.55218 -1.6978 -3.08717 -1.48422 2.16254
1.40789 1.44383 0.368806 0.93306 -1.08552 -1.92145 -1.05104 1.20533 0.7163 -0.167629 0.09818 -2.55218 -1.6978 -3.08717 -1.48422 2.16254
1.40228 1.44383 0.368806 0.93306 -1.08552 -1.92145 -1.05104 1.20533 0.7163 -0.167629 0.09818 -2.55218 -1.6978 -3.08717 -1.48422 2.16254
1.3966 1.44383 0.368806 0.93306 -1.08552 -1.92145 -1.05104 1.20533 0.7163 -0.167629 0.09818 -2.55218 -1.6978 -3.08717 -1.48422 2.16254
1.39093 1.44383 0.368806 0.93306 -1.08552 -1.92145 -1.05104 1.20533 0.7163 -0.167629 0.09818 -2.55218 -1.6978 -3.08717 -1.48422 2.16254
1.38522 1.44383 0.368806 0.93306 -1.08552 -1.92145 -1.05104 1.20533 0.7163 -0.167629 0.09818 -2.55218 -1.6978 -3.08717 -1.48422 2.16254
1.37944 1.44383 0.368806 0.93306 -1.08552 -1.92145 -1.05104 1.20533 0.7163 -0.167629 0.09818 -2.55218 -1.6978 -3.08717 -1.48422 2.16254
1.37368 1.44383 0.368806 0.93306 -1.08552 -1.92145 -1.05104 1.20533 0.7163 -0.167629 0.09818 -2.55218 -1.6978 -3.08717 -1.48422 2.16254
1.36781 1.44383 0.368806 0.93306 -1.08552 -1.92145 -1.05104 1.20533 0.7163 -0.167629 0.09818 -2.55218 -1.6978 -3.08717 -1.48422 2.16254
1.36195 1.44383 0.368806 0.93306 -1.08552 -1.92145 -1.05104 1.20533 0.7163 -0.167629 0.09818 -2.55218 -1.6978 -3.08717 -1.48422 2.16254
1.35583 1.44383 0.368806 0.93306 -1.08552 -1.92145 -1.05104 1.20533 0.7163 -0.167629 0.09818 -2.55218 -1.6978 -3.08717 -1.48422 2.16254
