8.428
8.438
8.449
8.459
8.469
8.48
8.49
8.5
8.511
8.523
8.544
8.564
8.584
8.605
8.626
8.646
8.667
8.688
8.708
8.729
8.768
8.806
8.845
8.884
8.922
8.96
8.999
9.037
9.076
9.115
9.154
9.192
9.231
9.269
9.308
9.346
9.385
9.424
9.464
9.504
9.543
9.582
9.621
9.659
9.698
9.736
9.775
9.813
9.852
9.891
9.929
9.967
10.006
10.045
10.083
10.122
10.16
10.198
10.238
10.277
10.316
10.355
10.394
10.432
10.471
10.509
10.547
10.586
10.625
12.023
12.034
12.044
12.054
12.065
12.075
12.086
12.096
12.106
12.118
12.139
12.177
12.216
12.254
12.292
12.331
12.369
12.408
12.446
12.485
12.524
12.562
12.601
12.64
12.679
12.719
12.758
12.797
12.835
12.875
12.914
12.952
12.991
13.029
13.067
13.105
13.144
13.182
13.22
13.26
13.298
13.336
13.375
13.414
13.453
13.493
13.532
13.571
13.61
13.649
13.687
13.726
13.764
13.803
13.842
13.88
13.918
13.957
13.996
14.034
14.073
14.111
14.15
14.188
14.227
14.265
14.304
14.344
14.384
