2.85658 -0.0105597 0.232914 0.625755 1.95434 -0.246788 1.86213 -2.05231 -2.0747 0.404422 -0.235825 -1.61958 1.69941 -0.396968 -1.43141 0.202413
2.8566 -0.0105597 0.232914 0.625755 1.95434 -0.246788 1.86213 -2.05231 -2.0747 0.404422 -0.235825 -1.61958 1.69941 -0.396968 -1.43141 0.202413
2.85659 -0.0105597 0.232914 0.625755 1.95434 -0.246788 1.86213 -2.05231 -2.0747 0.404422 -0.235825 -1.61958 1.69941 -0.396968 -1.43141 0.202413
2.85655 -0.0105597 0.232914 0.625755 1.95434 -0.246788 1.86213 -2.05231 -2.0747 0.404422 -0.235825 -1.61958 1.69941 -0.396968 -1.43141 0.202413
2.85641 -0.0105597 0.232914 0.625755 1.95434 -0.246788 1.86213 -2.05231 -2.0747 0.404422 -0.235825 -1.61958 1.69941 -0.396968 -1.43141 0.202413
2.85623 -0.0105597 0.232914 0.625755 1.95434 -0.246788 1.86213 -2.05231 -2.0747 0.404422 -0.235825 -1.61958 1.69941 -0.396968 -1.43141 0.202413
2.85568 -0.0105597 0.232914 0.625755 1.95434 -0.246788 1.86213 -2.05231 -2.0747 0.404422 -0.235825 -1.61958 1.69941 -0.396968 -1.43141 0.202413
2.85492 -0.0105597 0.232914 0.625755 1.95434 -0.246788 1.86213 -2.05231 -2.0747 0.404422 -0.235825 -1.61958 1.69941 -0.396968 -1.43141 0.202413
2.85385 -0.0105597 0.232914 0.625755 1.95434 -0.246788 1.86213 -2.05231 -2.0747 0.404422 -0.235825 -1.61958 1.69941 -0.396968 -1.43141 0.202413
2.85269 -0.0105597 0.232914 0.625755 1.95434 -0.246788 1.86213 -2.05231 -2.0747 0.404422 -0.235825 -1.61958 1.69941 -0.396968 -1.43141 0.202413
2.85116 -0.0105597 0.232914 0.625755 1.95434 -0.246788 1.86213 -2.05231 -2.0747 0.404422 -0.235825 -1.61958 1.69941 -0.396968 -1.43141 0.202413
2.84967 -0.0105597 0.232914 0.625755 1.95434 -0.246788 1.86213 -2.05231 -2.0747 0.404422 -0.235825 -1.61958 1.69941 -0.396968 -1.43141 0.202413
2.8482 -0.0105597 0.232914 0.625755 1.95434 -0.246788 1.86213 -2.05231 -2.0747 0.404422 -0.235825 -1.61958 1.69941 -0.396968 -1.43141 0.202413
2.84659 -0.0105597 0.232914 0.625755 1.95434 -0.246788 1.86213 -2.05231 -2.0747 0.404422 -0.235825 -1.61958 1.69941 -0.396968 -1.43141 0.202413
2.84498 -0.0105597 0.232914 0.625755 1.95434 -0.246788 1.86213 -2.05231 -2.0747 0.404422 -0.235825 -1.61958 1.69941 -0.396968 -1.43141 0.202413
2.8436 -0.0105597 0.232914 0.625755 1.95434 -0.246788 1.86213 -2.05231 -2.0747 0.404422 -0.235825 -1.61958 1.69941 -0.396968 -1.43141 0.202413
2.84215 -0.0105597 0.232914 0.625755 1.95434 -0.246788 1.86213 -2.05231 -2.0747 0.404422 -0.235825 -1.61958 1.69941 -0.396968 -1.43141 0.202413
2.84049 -0.0105597 0.232914 0.625755 1.95434 -0.246788 1.86213 -2.05231 -2.0747 0.404422 -0.235825 -1.61958 1.69941 -0.396968 -1.43141 0.202413
2.83877 -0.0105597 0.232914 0.625755 1.95434 -0.246788 1.86213 -2.05231 -2.0747 0.404422 -0.235825 -1.61958 1.69941 -0.396968 -1.43141 0.202413
2.83702 -0.0105597 0.232914 0.625755 1.95434 -0.246788 1.86213 -2.05231 -2.0747 0.404422 -0.235825 -1.61958 1.69941 -0.396968 -1.43141 0.202413
2.83365 -0.0105597 0.232914 0.625755 1.95434 -0.246788 1.86213 -2.05231 -2.0747 0.404422 -0.235825 -1.61958 1.69941 -0.396968 -1.43141 0.202413
2.83028 -0.0105597 0.232914 0.625755 1.95434 -0.246788 1.86213 -2.05231 -2.0747 0.404422 -0.235825 -1.61958 1.69941 -0.396968 -1.43141 0.202413
2.82695 -0.0105597 0.232914 0.625755 1.95434 -0.246788 1.86213 -2.05231 -2.0747 0.404422 -0.235825 -1.61958 1.69941 -0.396968 -1.43141 0.202413
2.8235 -0.0105597 0.232914 0.625755 1.95434 -0.246788 1.86213 -2.05231 -2.0747 0.404422 -0.235825 -1.61958 1.69941 -0.396968 -1.43141 0.202413
2.82011 -0.0105597 0.232914 0.625755 1.95434 -0.246788 1.86213 -2.05231 -2.0747 0.404422 -0.235825 -1.61958 1.69941 -0.396968 -1.43141 0.202413
2.81664 -0.0105597 0.232914 0.625755 1.95434 -0.246788 1.86213 -2.05231 -2.0747 0.404422 -0.235825 -1.61958 1.69941 -0.396968 -1.43141 0.202413
2.81329 -0.0105597 0.232914 0.625755 1.95434 -0.246788 1.86213 -2.05231 -2.0747 0.404422 -0.235825 -1.61958 1.69941 -0.396968 -1.43141 0.202413
2.80986 -0.0105597 0.232914 0.625755 1.95434 -0.246788 1.86213 -2.05231 -2.0747 0.404422 -0.235825 -1.61958 1.69941 -0.396968 -1.43141 0.202413
2.80645 -0.0105597 0.232914 0.625755 1.95434 -0.246788 1.86213 -2.05231 -2.0747 0.404422 -0.235825 -1.61958 1.69941 -0.396968 -1.43141 0.202413
2.80298 -0.0105597 0.232914 0.625755 1.95434 -0.246788 1.86213 -2.05231 -2.0747 0.404422 -0.235825 -1.61958 1.69941 -0.396968 -1.43141 0.202413
2.79945 -0.0105597 0.232914 0.625755 1.95434 -0.246788 1.86213 -2.05231 -2.0747 0.404422 -0.235825 -1.61958 1.69941 -0.396968 -1.43141 0.202413
2.79591 -0.0105597 0.232914 0.625755 1.95434 -0.246788 1.86213 -2.05231 -2.0747 0.404422 -0.235825 -1.61958 1.69941 -0.396968 -1.43141 0.202413
2.79236 -0.0105597 0.232914 0.625755 1.95434 -0.246788 1.86213 -2.05231 -2.0747 0.404422 -0.235825 -1.61958 1.69941 -0.396968 -1.43141 0.202413
2.78884 -0.0105597 0.232914 0.625755 1.95434 -0.246788 1.86213 -2.05231 -2.0747 0.404422 -0.235825 -1.61958 1.69941 -0.396968 -1.43141 0.202413
2.78524 -0.0105597 0.232914 0.625755 1.95434 -0.246788 1.86213 -2.05231 -2.0747 0.404422 -0.235825 -1.61958 1.69941 -0.396968 -1.43141 0.202413
2.78171 -0.0105597 0.232914 0.625755 1.95434 -0.246788 1.86213 -2.05231 -2.0747 0.404422 -0.235825 -1.61958 1.69941 -0.396968 -1.43141 0.202413
2.77821 -0.0105597 0.232914 0.625755 1.95434 -0.246788 1.86213 -2.05231 -2.0747 0.404422 -0.235825 -1.61958 1.69941 -0.396968 -1.43141 0.202413
2.77469 -0.0105597 0.232914 0.625755 1.95434 -0.246788 1.86213 -2.05231 -2.0747 0.404422 -0.235825 -1.61958 1.69941 -0.396968 -1.43141 0.202413
2.77115 -0.0105597 0.232914 0.625755 1.95434 -0.246788 1.86213 -2.05231 -2.0747 0.404422 -0.235825 -1.61958 1.69941 -0.396968 -1.43141 0.202413
2.76755 -0.0105597 0.232914 0.625755 1.95434 -0.246788 1.86213 -2.05231 -2.0747 0.404422 -0.235825 -1.61958 1.69941 -0.396968 -1.43141 0.202413
2.76397 -0.0105597 0.232914 0.625755 1.95434 -0.246788 1.86213 -2.05231 -2.0747 0.404422 -0.235825 -1.61958 1.69941 -0.396968 -1.43141 0.202413
2.76032 -0.0105597 0.232914 0.625755 1.95434 -0.246788 1.86213 -2.05231 -2.0747 0.404422 -0.235825 -1.61958 1.69941 -0.396968 -1.43141 0.202413
2.75668 -0.0105597 0.232914 0.625755 1.95434 -0.246788 1.86213 -2.05231 -2.0747 0.404422 -0.235825 -1.61958 1.69941 -0.396968 -1.43141 0.202413
2.75308 -0.0105597 0.232914 0.625755 1.95434 -0.246788 1.86213 -2.05231 -2.0747 0.404422 -0.235825 -1.61958 1.69941 -0.396968 -1.43141 0.202413
2.7494 -0.0105597 0.232914 0.625755 1.95434 -0.246788 1.86213 -2.05231 -2.0747 0.404422 -0.235825 -1.61958 1.69941 -0.396968 -1.43141 0.202413
2.74565 -0.0105597 0.232914 0.625755 1.95434 -0.246788 1.86213 -2.05231 -2.0747 0.404422 -0.235825 -1.61958 1.69941 -0.396968 -1.43141 0.202413
2.74192 -0.0105597 0.232914 0.625755 1.95434 -0.246788 1.86213 -2.05231 -2.0747 0.404422 -0.235825 -1.61958 1.69941 -0.396968 -1.43141 0.202413
2.73826 -0.0105597 0.232914 0.625755 1.95434 -0.246788 1.86213 -2.05231 -2.0747 0.404422 -0.235825 -1.61958 1.69941 -0.396968 -1.43141 0.202413
2.73462 -0.0105597 0.232914 0.625755 1.95434 -0.246788 1.86213 -2.05231 -2.0747 0.404422 -0.235825 -1.61958 1.69941 -0.396968 -1.43141 0.202413
2.73094 -0.0105597 0.232914 0.625755 1.95434 -0.246788 1.86213 -2.05231 -2.0747 0.404422 -0.235825 -1.61958 1.69941 -0.396968 -1.43141 0.202413
2.72715 -0.0105597 0.232914 0.625755 1.95434 -0.246788 1.86213 -2.05231 -2.0747 0.404422 -0.235825 -1.61958 1.69941 -0.396968 -1.43141 0.202413
2.72328 -0.0105597 0.232914 0.625755 1.95434 -0.246788 1.86213 -2.05231 -2.0747 0.404422 -0.235825 -1.61958 1.69941 -0.396968 -1.43141 0.202413
2.71945 -0.0105597 0.232914 0.625755 1.95434 -0.246788 1.86213 -2.05231 -2.0747 0.404422 -0.235825 -1.61958 1.69941 -0.396968 -1.43141 0.202413
2.71561 -0.0105597 0.232914 0.625755 1.95434 -0.246788 1.86213 -2.05231 -2.0747 0.404422 -0.235825 -1.61958 1.69941 -0.396968 -1.43141 0.202413
2.71166 -0.0105597 0.232914 0.625755 1.95434 -0.246788 1.86213 -2.05231 -2.0747 0.404422 -0.235825 -1.61958 1.69941 -0.396968 -1.43141 0.202413
2.70773 -0.0105597 0.232914 0.625755 1.95434 -0.246788 1.86213 -2.05231 -2.0747 0.404422 -0.235825 -1.61958 1.69941 -0.396968 -1.43141 0.202413
2.70381 -0.0105597 0.232914 0.625755 1.95434 -0.246788 1.86213 -2.05231 -2.0747 0.404422 -0.235825 -1.61958 1.69941 -0.396968 -1.43141 0.202413
2.70002 -0.0105597 0.232914 0.625755 1.95434 -0.246788 1.86213 -2.05231 -2.0747 0.404422 -0.235825 -1.61958 1.69941 -0.396968 -1.43141 0.202413
2.69614 -0.0105597 0.232914 0.625755 1.95434 -0.246788 1.86213 -2.05231 -2.0747 0.404422 -0.235825 -1.61958 1.69941 -0.396968 -1.43141 0.202413
2.69225 -0.0105597 0.232914 0.625755 1.95434 -0.246788 1.86213 -2.05231 -2.0747 0.404422 -0.235825 -1.61958 1.69941 -0.396968 -1.43141 0.202413
2.68834 -0.0105597 0.232914 0.625755 1.95434 -0.246788 1.86213 -2.05231 -2.0747 0.404422 -0.235825 -1.61958 1.69941 -0.396968 -1.43141 0.202413
2.6844 -0.0105597 0.232914 0.625755 1.95434 -0.246788 1.86213 -2.05231 -2.0747 0.404422 -0.235825 -1.61958 1.69941 -0.396968 -1.43141 0.202413
2.68049 -0.0105597 0.232914 0.625755 1.95434 -0.246788 1.86213 -2.05231 -2.0747 0.404422 -0.235825 -1.61958 1.69941 -0.396968 -1.43141 0.202413
2.67655 -0.0105597 0.232914 0.625755 1.95434 -0.246788 1.86213 -2.05231 -2.0747 0.404422 -0.235825 -1.61958 1.69941 -0.396968 -1.43141 0.202413
2.67249 -0.0105597 0.232914 0.625755 1.95434 -0.246788 1.86213 -2.05231 -2.0747 0.404422 -0.235825 -1.61958 1.69941 -0.396968 -1.43141 0.202413
2.66857 -0.0105597 0.232914 0.625755 1.95434 -0.246788 1.86213 -2.05231 -2.0747 0.404422 -0.235825 -1.61958 1.69941 -0.396968 -1.43141 0.202413
2.66449 -0.0105597 0.232914 0.625755 1.95434 -0.246788 1.86213 -2.05231 -2.0747 0.404422 -0.235825 -1.61958 1.69941 -0.396968 -1.43141 0.202413
2.66045 -0.0105597 0.232914 0.625755 1.95434 -0.246788 1.86213 -2.05231 -2.0747 0.404422 -0.235825 -1.61958 1.69941 -0.396968 -1.43141 0.202413
2.65649 -0.0105597 0.232914 0.625755 1.95434 -0.246788 1.86213 -2.05231 -2.0747 0.404422 -0.235825 -1.61958 1.69941 -0.396968 -1.43141 0.202413
2.65249 -0.0105597 0.232914 0.625755 1.95434 -0.246788 1.86213 -2.05231 -2.0747 0.404422 -0.235825 -1.61958 1.69941 -0.396968 -1.43141 0.202413
2.64842 -0.0105597 0.232914 0.625755 1.95434 -0.246788 1.86213 -2.05231 -2.0747 0.404422 -0.235825 -1.61958 1.69941 -0.396968 -1.43141 0.202413
2.64431 -0.0105597 0.232914 0.625755 1.95434 -0.246788 1.86213 -2.05231 -2.0747 0.404422 -0.235825 -1.61958 1.69941 -0.396968 -1.43141 0.202413
2.6402 -0.0105597 0.232914 0.625755 1.95434 -0.246788 1.86213 -2.05231 -2.0747 0.404422 -0.235825 -1.61958 1.69941 -0.396968 -1.43141 0.202413
2.63612 -0.0105597 0.232914 0.625755 1.95434 -0.246788 1.86213 -2.05231 -2.0747 0.404422 -0.235825 -1.61958 1.69941 -0.396968 -1.43141 0.202413
2.63181 -0.0105597 0.232914 0.625755 1.95434 -0.246788 1.86213 -2.05231 -2.0747 0.404422 -0.235825 -1.61958 1.69941 -0.396968 -1.43141 0.202413
2.62758 -0.0105597 0.232914 0.625755 1.95434 -0.246788 1.86213 -2.05231 -2.0747 0.404422 -0.235825 -1.61958 1.69941 -0.396968 -1.43141 0.202413
2.62292 -0.0105597 0.232914 0.625755 1.95434 -0.246788 1.86213 -2.05231 -2.0747 0.404422 -0.235825 -1.61958 1.69941 -0.396968 -1.43141 0.202413
2.61873 -0.0105597 0.232914 0.625755 1.95434 -0.246788 1.86213 -2.05231 -2.0747 0.404422 -0.235825 -1.61958 1.69941 -0.396968 -1.43141 0.202413
2.61458 -0.0105597 0.232914 0.625755 1.95434 -0.246788 1.86213 -2.05231 -2.0747 0.404422 -0.235825 -1.61958 1.69941 -0.396968 -1.43141 0.202413
2.61035 -0.0105597 0.232914 0.625755 1.95434 -0.246788 1.86213 -2.05231 -2.0747 0.404422 -0.235825 -1.61958 1.69941 -0.396968 -1.43141 0.202413
2.60614 -0.0105597 0.232914 0.625755 1.95434 -0.246788 1.86213 -2.05231 -2.0747 0.404422 -0.235825 -1.61958 1.69941 -0.396968 -1.43141 0.202413
2.60192 -0.0105597 0.232914 0.625755 1.95434 -0.246788 1.86213 -2.05231 -2.0747 0.404422 -0.235825 -1.61958 1.69941 -0.396968 -1.43141 0.202413
2.59764 -0.0105597 0.232914 0.625755 1.95434 -0.246788 1.86213 -2.05231 -2.0747 0.404422 -0.235825 -1.61958 1.69941 -0.396968 -1.43141 0.202413
2.59339 -0.0105597 0.232914 0.625755 1.95434 -0.246788 1.86213 -2.05231 -2.0747 0.404422 -0.235825 -1.61958 1.69941 -0.396968 -1.43141 0.202413
2.5891 -0.0105597 0.232914 0.625755 1.95434 -0.246788 1.86213 -2.05231 -2.0747 0.404422 -0.235825 -1.61958 1.69941 -0.396968 -1.43141 0.202413
2.5848 -0.0105597 0.232914 0.625755 1.95434 -0.246788 1.86213 -2.05231 -2.0747 0.404422 -0.235825 -1.61958 1.69941 -0.396968 -1.43141 0.202413
2.58046 -0.0105597 0.232914 0.625755 1.95434 -0.246788 1.86213 -2.05231 -2.0747 0.404422 -0.235825 -1.61958 1.69941 -0.396968 -1.43141 0.202413
2.57615 -0.0105597 0.232914 0.625755 1.95434 -0.246788 1.86213 -2.05231 -2.0747 0.404422 -0.235825 -1.61958 1.69941 -0.396968 -1.43141 0.202413
2.57181 -0.0105597 0.232914 0.625755 1.95434 -0.246788 1.86213 -2.05231 -2.0747 0.404422 -0.235825 -1.61958 1.69941 -0.396968 -1.43141 0.202413
2.5674 -0.0105597 0.232914 0.625755 1.95434 -0.246788 1.86213 -2.05231 -2.0747 0.404422 -0.235825 -1.61958 1.69941 -0.396968 -1.43141 0.202413
2.563 -0.0105597 0.232914 0.625755 1.95434 -0.246788 1.86213 -2.05231 -2.0747 0.404422 -0.235825 -1.61958 1.69941 -0.396968 -1.43141 0.202413
2.5586 -0.0105597 0.232914 0.625755 1.95434 -0.246788 1.86213 -2.05231 -2.0747 0.404422 -0.235825 -1.61958 1.69941 -0.396968 -1.43141 0.202413
2.5542 -0.0105597 0.232914 0.625755 1.95434 -0.246788 1.86213 -2.05231 -2.0747 0.404422 -0.235825 -1.61958 1.69941 -0.396968 -1.43141 0.202413
2.54956 -0.0105597 0.232914 0.625755 1.95434 -0.246788 1.86213 -2.05231 -2.0747 0.404422 -0.235825 -1.61958 1.69941 -0.396968 -1.43141 0.202413
2.54502 -0.0105597 0.232914 0.625755 1.95434 -0.246788 1.86213 -2.05231 -2.0747 0.404422 -0.235825 -1.61958 1.69941 -0.396968 -1.43141 0.202413
2.54051 -0.0105597 0.232914 0.625755 1.95434 -0.246788 1.86213 -2.05231 -2.0747 0.404422 -0.235825 -1.61958 1.69941 -0.396968 -1.43141 0.202413
2.53598 -0.0105597 0.232914 0.625755 1.95434 -0.246788 1.86213 -2.05231 -2.0747 0.404422 -0.235825 -1.61958 1.69941 -0.396968 -1.43141 0.202413
2.53146 -0.0105597 0.232914 0.625755 1.95434 -0.246788 1.86213 -2.05231 -2.0747 0.404422 -0.235825 -1.61958 1.69941 -0.396968 -1.43141 0.202413
2.52677 -0.0105597 0.232914 0.625755 1.95434 -0.246788 1.86213 -2.05231 -2.0747 0.404422 -0.235825 -1.61958 1.69941 -0.396968 -1.43141 0.202413
2.52222 -0.0105597 0.232914 0.625755 1.95434 -0.246788 1.86213 -2.05231 -2.0747 0.404422 -0.235825 -1.61958 1.69941 -0.396968 -1.43141 0.202413
2.51764 -0.0105597 0.232914 0.625755 1.95434 -0.246788 1.86213 -2.05231 -2.0747 0.404422 -0.235825 -1.61958 1.69941 -0.396968 -1.43141 0.202413
2.51308 -0.0105597 0.232914 0.625755 1.95434 -0.246788 1.86213 -2.05231 -2.0747 0.404422 -0.235825 -1.61958 1.69941 -0.396968 -1.43141 0.202413
2.5083 -0.0105597 0.232914 0.625755 1.95434 -0.246788 1.86213 -2.05231 -2.0747 0.404422 -0.235825 -1.61958 1.69941 -0.396968 -1.43141 0.202413
2.50369 -0.0105597 0.232914 0.625755 1.95434 -0.246788 1.86213 -2.05231 -2.0747 0.404422 -0.235825 -1.61958 1.69941 -0.396968 -1.43141 0.202413
2.49904 -0.0105597 0.232914 0.625755 1.95434 -0.246788 1.86213 -2.05231 -2.0747 0.404422 -0.235825 -1.61958 1.69941 -0.396968 -1.43141 0.202413
2.49436 -0.0105597 0.232914 0.625755 1.95434 -0.246788 1.86213 -2.05231 -2.0747 0.404422 -0.235825 -1.61958 1.69941 -0.396968 -1.43141 0.202413
2.48965 -0.0105597 0.232914 0.625755 1.95434 -0.246788 1.86213 -2.05231 -2.0747 0.404422 -0.235825 -1.61958 1.69941 -0.396968 -1.43141 0.202413
2.48491 -0.0105597 0.232914 0.625755 1.95434 -0.246788 1.86213 -2.05231 -2.0747 0.404422 -0.235825 -1.61958 1.69941 -0.396968 -1.43141 0.202413
2.48015 -0.0105597 0.232914 0.625755 1.95434 -0.246788 1.86213 -2.05231 -2.0747 0.404422 -0.235825 -1.61958 1.69941 -0.396968 -1.43141 0.202413
2.47538 -0.0105597 0.232914 0.625755 1.95434 -0.246788 1.86213 -2.05231 -2.0747 0.404422 -0.235825 -1.61958 1.69941 -0.396968 -1.43141 0.202413
2.47061 -0.0105597 0.232914 0.625755 1.95434 -0.246788 1.86213 -2.05231 -2.0747 0.404422 -0.235825 -1.61958 1.69941 -0.396968 -1.43141 0.202413
2.46579 -0.0105597 0.232914 0.625755 1.95434 -0.246788 1.86213 -2.05231 -2.0747 0.404422 -0.235825 -1.61958 1.69941 -0.396968 -1.43141 0.202413
2.46082 -0.0105597 0.232914 0.625755 1.95434 -0.246788 1.86213 -2.05231 -2.0747 0.404422 -0.235825 -1.61958 1.69941 -0.396968 -1.43141 0.202413
2.45601 -0.0105597 0.232914 0.625755 1.95434 -0.246788 1.86213 -2.05231 -2.0747 0.404422 -0.235825 -1.61958 1.69941 -0.396968 -1.43141 0.202413
2.45113 -0.0105597 0.232914 0.625755 1.95434 -0.246788 1.86213 -2.05231 -2.0747 0.404422 -0.235825 -1.61958 1.69941 -0.396968 -1.43141 0.202413
2.44621 -0.0105597 0.232914 0.625755 1.95434 -0.246788 1.86213 -2.05231 -2.0747 0.404422 -0.235825 -1.61958 1.69941 -0.396968 -1.43141 0.202413
2.44125 -0.0105597 0.232914 0.625755 1.95434 -0.246788 1.86213 -2.05231 -2.0747 0.404422 -0.235825 -1.61958 1.69941 -0.396968 -1.43141 0.202413
2.43628 -0.0105597 0.232914 0.625755 1.95434 -0.246788 1.86213 -2.05231 -2.0747 0.404422 -0.235825 -1.61958 1.69941 -0.396968 -1.43141 0.202413
2.43123 -0.0105597 0.232914 0.625755 1.95434 -0.246788 1.86213 -2.05231 -2.0747 0.404422 -0.235825 -1.61958 1.69941 -0.396968 -1.43141 0.202413
2.42618 -0.0105597 0.232914 0.625755 1.95434 -0.246788 1.86213 -2.05231 -2.0747 0.404422 -0.235825 -1.61958 1.69941 -0.396968 -1.43141 0.202413
2.42109 -0.0105597 0.232914 0.625755 1.95434 -0.246788 1.86213 -2.05231 -2.0747 0.404422 -0.235825 -1.61958 1.69941 -0.396968 -1.43141 0.202413
2.41601 -0.0105597 0.232914 0.625755 1.95434 -0.246788 1.86213 -2.05231 -2.0747 0.404422 -0.235825 -1.61958 1.69941 -0.396968 -1.43141 0.202413
2.41098 -0.0105597 0.232914 0.625755 1.95434 -0.246788 1.86213 -2.05231 -2.0747 0.404422 -0.235825 -1.61958 1.69941 -0.396968 -1.43141 0.202413
2.40595 -0.0105597 0.232914 0.625755 1.95434 -0.246788 1.86213 -2.05231 -2.0747 0.404422 -0.235825 -1.61958 1.69941 -0.396968 -1.43141 0.202413
2.40091 -0.0105597 0.232914 0.625755 1.95434 -0.246788 1.86213 -2.05231 -2.0747 0.404422 -0.235825 -1.61958 1.69941 -0.396968 -1.43141 0.202413
2.39586 -0.0105597 0.232914 0.625755 1.95434 -0.246788 1.86213 -2.05231 -2.0747 0.404422 -0.235825 -1.61958 1.69941 -0.396968 -1.43141 0.202413
2.39072 -0.0105597 0.232914 0.625755 1.95434 -0.246788 1.86213 -2.05231 -2.0747 0.404422 -0.235825 -1.61958 1.69941 -0.396968 -1.43141 0.202413
2.38559 -0.0105597 0.232914 0.625755 1.95434 -0.246788 1.86213 -2.05231 -2.0747 0.404422 -0.235825 -1.61958 1.69941 -0.396968 -1.43141 0.202413
2.38043 -0.0105597 0.232914 0.625755 1.95434 -0.246788 1.86213 -2.05231 -2.0747 0.404422 -0.235825 -1.61958 1.69941 -0.396968 -1.43141 0.202413
2.37525 -0.0105597 0.232914 0.625755 1.95434 -0.246788 1.86213 -2.05231 -2.0747 0.404422 -0.235825 -1.61958 1.69941 -0.396968 -1.43141 0.202413
2.37004 -0.0105597 0.232914 0.625755 1.95434 -0.246788 1.86213 -2.05231 -2.0747 0.404422 -0.235825 -1.61958 1.69941 -0.396968 -1.43141 0.202413
2.36471 -0.0105597 0.232914 0.625755 1.95434 -0.246788 1.86213 -2.05231 -2.0747 0.404422 -0.235825 -1.61958 1.69941 -0.396968 -1.43141 0.202413
2.35936 -0.0105597 0.232914 0.625755 1.95434 -0.246788 1.86213 -2.05231 -2.0747 0.404422 -0.235825 -1.61958 1.69941 -0.396968 -1.43141 0.202413
2.3364 -0.0105597 0.232914 0.625755 1.95434 -0.246788 1.86213 -2.05231 -2.0747 0.404422 -0.235825 -1.61958 1.69941 -0.396968 -1.43141 0.202413
2.33727 -0.0105597 0.232914 0.625755 1.95434 -0.246788 1.86213 -2.05231 -2.0747 0.404422 -0.235825 -1.61958 1.69941 -0.396968 -1.43141 0.202413
2.33821 -0.0105597 0.232914 0.625755 1.95434 -0.246788 1.86213 -2.05231 -2.0747 0.404422 -0.235825 -1.61958 1.69941 -0.396968 -1.43141 0.202413
2.33922 -0.0105597 0.232914 0.625755 1.95434 -0.246788 1.86213 -2.05231 -2.0747 0.404422 -0.235825 -1.61958 1.69941 -0.396968 -1.43141 0.202413
2.34023 -0.0105597 0.232914 0.625755 1.95434 -0.246788 1.86213 -2.05231 -2.0747 0.404422 -0.235825 -1.61958 1.69941 -0.396968 -1.43141 0.202413
2.34115 -0.0105597 0.232914 0.625755 1.95434 -0.246788 1.86213 -2.05231 -2.0747 0.404422 -0.235825 -1.61958 1.69941 -0.396968 -1.43141 0.202413
2.34206 -0.0105597 0.232914 0.625755 1.95434 -0.246788 1.86213 -2.05231 -2.0747 0.404422 -0.235825 -1.61958 1.69941 -0.396968 -1.43141 0.202413
2.3429 -0.0105597 0.232914 0.625755 1.95434 -0.246788 1.86213 -2.05231 -2.0747 0.404422 -0.235825 -1.61958 1.69941 -0.396968 -1.43141 0.202413
2.34381 -0.0105597 0.232914 0.625755 1.95434 -0.246788 1.86213 -2.05231 -2.0747 0.404422 -0.235825 -1.61958 1.69941 -0.396968 -1.43141 0.202413
2.34477 -0.0105597 0.232914 0.625755 1.95434 -0.246788 1.86213 -2.05231 -2.0747 0.404422 -0.235825 -1.61958 1.69941 -0.396968 -1.43141 0.202413
2.34663 -0.0105597 0.232914 0.625755 1.95434 -0.246788 1.86213 -2.05231 -2.0747 0.404422 -0.235825 -1.61958 1.69941 -0.396968 -1.43141 0.202413
2.34877 -0.0105597 0.232914 0.625755 1.95434 -0.246788 1.86213 -2.05231 -2.0747 0.404422 -0.235825 -1.61958 1.69941 -0.396968 -1.43141 0.202413
2.35111 -0.0105597 0.232914 0.625755 1.95434 -0.246788 1.86213 -2.05231 -2.0747 0.404422 -0.235825 -1.61958 1.69941 -0.396968 -1.43141 0.202413
2.35341 -0.0105597 0.232914 0.625755 1.95434 -0.246788 1.86213 -2.05231 -2.0747 0.404422 -0.235825 -1.61958 1.69941 -0.396968 -1.43141 0.202413
2.35566 -0.0105597 0.232914 0.625755 1.95434 -0.246788 1.86213 -2.05231 -2.0747 0.404422 -0.235825 -1.61958 1.69941 -0.396968 -1.43141 0.202413
2.35794 -0.0105597 0.232914 0.625755 1.95434 -0.246788 1.86213 -2.05231 -2.0747 0.404422 -0.235825 -1.61958 1.69941 -0.396968 -1.43141 0.202413
2.36031 -0.0105597 0.232914 0.625755 1.95434 -0.246788 1.86213 -2.05231 -2.0747 0.404422 -0.235825 -1.61958 1.69941 -0.396968 -1.43141 0.202413
2.36264 -0.0105597 0.232914 0.625755 1.95434 -0.246788 1.86213 -2.05231 -2.0747 0.404422 -0.235825 -1.61958 1.69941 -0.396968 -1.43141 0.202413
2.36509 -0.0105597 0.232914 0.625755 1.95434 -0.246788 1.86213 -2.05231 -2.0747 0.404422 -0.235825 -1.61958 1.69941 -0.396968 -1.43141 0.202413
2.36761 -0.0105597 0.232914 0.625755 1.95434 -0.246788 1.86213 -2.05231 -2.0747 0.404422 -0.235825 -1.61958 1.69941 -0.396968 -1.43141 0.202413
2.3702 -0.0105597 0.232914 0.625755 1.95434 -0.246788 1.86213 -2.05231 -2.0747 0.404422 -0.235825 -1.61958 1.69941 -0.396968 -1.43141 0.202413
2.37293 -0.0105597 0.232914 0.625755 1.95434 -0.246788 1.86213 -2.05231 -2.0747 0.404422 -0.235825 -1.61958 1.69941 -0.396968 -1.43141 0.202413
2.37567 -0.0105597 0.232914 0.625755 1.95434 -0.246788 1.86213 -2.05231 -2.0747 0.404422 -0.235825 -1.61958 1.69941 -0.396968 -1.43141 0.202413
2.37854 -0.0105597 0.232914 0.625755 1.95434 -0.246788 1.86213 -2.05231 -2.0747 0.404422 -0.235825 -1.61958 1.69941 -0.396968 -1.43141 0.202413
2.3815 -0.0105597 0.232914 0.625755 1.95434 -0.246788 1.86213 -2.05231 -2.0747 0.404422 -0.235825 -1.61958 1.69941 -0.396968 -1.43141 0.202413
2.38454 -0.0105597 0.232914 0.625755 1.95434 -0.246788 1.86213 -2.05231 -2.0747 0.404422 -0.235825 -1.61958 1.69941 -0.396968 -1.43141 0.202413
2.3875 -0.0105597 0.232914 0.625755 1.95434 -0.246788 1.86213 -2.05231 -2.0747 0.404422 -0.235825 -1.61958 1.69941 -0.396968 -1.43141 0.202413
2.39063 -0.0105597 0.232914 0.625755 1.95434 -0.246788 1.86213 -2.05231 -2.0747 0.404422 -0.235825 -1.61958 1.69941 -0.396968 -1.43141 0.202413
2.39382 -0.0105597 0.232914 0.625755 1.95434 -0.246788 1.86213 -2.05231 -2.0747 0.404422 -0.235825 -1.61958 1.69941 -0.396968 -1.43141 0.202413
2.39712 -0.0105597 0.232914 0.625755 1.95434 -0.246788 1.86213 -2.05231 -2.0747 0.404422 -0.235825 -1.61958 1.69941 -0.396968 -1.43141 0.202413
2.40063 -0.0105597 0.232914 0.625755 1.95434 -0.246788 1.86213 -2.05231 -2.0747 0.404422 -0.235825 -1.61958 1.69941 -0.396968 -1.43141 0.202413
2.40422 -0.0105597 0.232914 0.625755 1.95434 -0.246788 1.86213 -2.05231 -2.0747 0.404422 -0.235825 -1.61958 1.69941 -0.396968 -1.43141 0.202413
2.40789 -0.0105597 0.232914 0.625755 1.95434 -0.246788 1.86213 -2.05231 -2.0747 0.404422 -0.235825 -1.61958 1.69941 -0.396968 -1.43141 0.202413
2.41174 -0.0105597 0.232914 0.625755 1.95434 -0.246788 1.86213 -2.05231 -2.0747 0.404422 -0.235825 -1.61958 1.69941 -0.396968 -1.43141 0.202413
2.41565 -0.0105597 0.232914 0.625755 1.95434 -0.246788 1.86213 -2.05231 -2.0747 0.404422 -0.235825 -1.61958 1.69941 -0.396968 -1.43141 0.202413
2.41957 -0.0105597 0.232914 0.625755 1.95434 -0.246788 1.86213 -2.05231 -2.0747 0.404422 -0.235825 -1.61958 1.69941 -0.396968 -1.43141 0.202413
2.42369 -0.0105597 0.232914 0.625755 1.95434 -0.246788 1.86213 -2.05231 -2.0747 0.404422 -0.235825 -1.61958 1.69941 -0.396968 -1.43141 0.202413
2.42787 -0.0105597 0.232914 0.625755 1.95434 -0.246788 1.86213 -2.05231 -2.0747 0.404422 -0.235825 -1.61958 1.69941 -0.396968 -1.43141 0.202413
2.43227 -0.0105597 0.232914 0.625755 1.95434 -0.246788 1.86213 -2.05231 -2.0747 0.404422 -0.235825 -1.61958 1.69941 -0.396968 -1.43141 0.202413
2.43667 -0.0105597 0.232914 0.625755 1.95434 -0.246788 1.86213 -2.05231 -2.0747 0.404422 -0.235825 -1.61958 1.69941 -0.396968 -1.43141 0.202413
2.44135 -0.0105597 0.232914 0.625755 1.95434 -0.246788 1.86213 -2.05231 -2.0747 0.404422 -0.235825 -1.61958 1.69941 -0.396968 -1.43141 0.202413
2.44608 -0.0105597 0.232914 0.625755 1.95434 -0.246788 1.86213 -2.05231 -2.0747 0.404422 -0.235825 -1.61958 1.69941 -0.396968 -1.43141 0.202413
2.4509 -0.0105597 0.232914 0.625755 1.95434 -0.246788 1.86213 -2.05231 -2.0747 0.404422 -0.235825 -1.61958 1.69941 -0.396968 -1.43141 0.202413
2.4559 -0.0105597 0.232914 0.625755 1.95434 -0.246788 1.86213 -2.05231 -2.0747 0.404422 -0.235825 -1.61958 1.69941 -0.396968 -1.43141 0.202413
2.46111 -0.0105597 0.232914 0.625755 1.95434 -0.246788 1.86213 -2.05231 -2.0747 0.404422 -0.235825 -1.61958 1.69941 -0.396968 -1.43141 0.202413
2.46649 -0.0105597 0.232914 0.625755 1.95434 -0.246788 1.86213 -2.05231 -2.0747 0.404422 -0.235825 -1.61958 1.69941 -0.396968 -1.43141 0.202413
2.47195 -0.0105597 0.232914 0.625755 1.95434 -0.246788 1.86213 -2.05231 -2.0747 0.404422 -0.235825 -1.61958 1.69941 -0.396968 -1.43141 0.202413
2.47758 -0.0105597 0.232914 0.625755 1.95434 -0.246788 1.86213 -2.05231 -2.0747 0.404422 -0.235825 -1.61958 1.69941 -0.396968 -1.43141 0.202413
2.48339 -0.0105597 0.232914 0.625755 1.95434 -0.246788 1.86213 -2.05231 -2.0747 0.404422 -0.235825 -1.61958 1.69941 -0.396968 -1.43141 0.202413
2.48948 -0.0105597 0.232914 0.625755 1.95434 -0.246788 1.86213 -2.05231 -2.0747 0.404422 -0.235825 -1.61958 1.69941 -0.396968 -1.43141 0.202413
2.49566 -0.0105597 0.232914 0.625755 1.95434 -0.246788 1.86213 -2.05231 -2.0747 0.404422 -0.235825 -1.61958 1.69941 -0.396968 -1.43141 0.202413
2.50209 -0.0105597 0.232914 0.625755 1.95434 -0.246788 1.86213 -2.05231 -2.0747 0.404422 -0.235825 -1.61958 1.69941 -0.396968 -1.43141 0.202413
2.50866 -0.0105597 0.232914 0.625755 1.95434 -0.246788 1.86213 -2.05231 -2.0747 0.404422 -0.235825 -1.61958 1.69941 -0.396968 -1.43141 0.202413
2.51542 -0.0105597 0.232914 0.625755 1.95434 -0.246788 1.86213 -2.05231 -2.0747 0.404422 -0.235825 -1.61958 1.69941 -0.396968 -1.43141 0.202413
2.52247 -0.0105597 0.232914 0.625755 1.95434 -0.246788 1.86213 -2.05231 -2.0747 0.404422 -0.235825 -1.61958 1.69941 -0.396968 -1.43141 0.202413
2.52995 -0.0105597 0.232914 0.625755 1.95434 -0.246788 1.86213 -2.05231 -2.0747 0.404422 -0.235825 -1.61958 1.69941 -0.396968 -1.43141 0.202413
2.53746 -0.0105597 0.232914 0.625755 1.95434 -0.246788 1.86213 -2.05231 -2.0747 0.404422 -0.235825 -1.61958 1.69941 -0.396968 -1.43141 0.202413
2.54525 -0.0105597 0.232914 0.625755 1.95434 -0.246788 1.86213 -2.05231 -2.0747 0.404422 -0.235825 -1.61958 1.69941 -0.396968 -1.43141 0.202413
2.55329 -0.0105597 0.232914 0.625755 1.95434 -0.246788 1.86213 -2.05231 -2.0747 0.404422 -0.235825 -1.61958 1.69941 -0.396968 -1.43141 0.202413
2.56166 -0.0105597 0.232914 0.625755 1.95434 -0.246788 1.86213 -2.05231 -2.0747 0.404422 -0.235825 -1.61958 1.69941 -0.396968 -1.43141 0.202413
2.57026 -0.0105597 0.232914 0.625755 1.95434 -0.246788 1.86213 -2.05231 -2.0747 0.404422 -0.235825 -1.61958 1.69941 -0.396968 -1.43141 0.202413
2.57904 -0.0105597 0.232914 0.625755 1.95434 -0.246788 1.86213 -2.05231 -2.0747 0.404422 -0.235825 -1.61958 1.69941 -0.396968 -1.43141 0.202413
2.58813 -0.0105597 0.232914 0.625755 1.95434 -0.246788 1.86213 -2.05231 -2.0747 0.404422 -0.235825 -1.61958 1.69941 -0.396968 -1.43141 0.202413
2.59747 -0.0105597 0.232914 0.625755 1.95434 -0.246788 1.86213 -2.05231 -2.0747 0.404422 -0.235825 -1.61958 1.69941 -0.396968 -1.43141 0.202413
2.60719 -0.0105597 0.232914 0.625755 1.95434 -0.246788 1.86213 -2.05231 -2.0747 0.404422 -0.235825 -1.61958 1.69941 -0.396968 -1.43141 0.202413
2.61725 -0.0105597 0.232914 0.625755 1.95434 -0.246788 1.86213 -2.05231 -2.0747 0.404422 -0.235825 -1.61958 1.69941 -0.396968 -1.43141 0.202413
2.62766 -0.0105597 0.232914 0.625755 1.95434 -0.246788 1.86213 -2.05231 -2.0747 0.404422 -0.235825 -1.61958 1.69941 -0.396968 -1.43141 0.202413
2.6383 -0.0105597 0.232914 0.625755 1.95434 -0.246788 1.86213 -2.05231 -2.0747 0.404422 -0.235825 -1.61958 1.69941 -0.396968 -1.43141 0.202413
2.64966 -0.0105597 0.232914 0.625755 1.95434 -0.246788 1.86213 -2.05231 -2.0747 0.404422 -0.235825 -1.61958 1.69941 -0.396968 -1.43141 0.202413
2.66126 -0.0105597 0.232914 0.625755 1.95434 -0.246788 1.86213 -2.05231 -2.0747 0.404422 -0.235825 -1.61958 1.69941 -0.396968 -1.43141 0.202413
2.67306 -0.0105597 0.232914 0.625755 1.95434 -0.246788 1.86213 -2.05231 -2.0747 0.404422 -0.235825 -1.61958 1.69941 -0.396968 -1.43141 0.202413
2.68545 -0.0105597 0.232914 0.625755 1.95434 -0.246788 1.86213 -2.05231 -2.0747 0.404422 -0.235825 -1.61958 1.69941 -0.396968 -1.43141 0.202413
2.69827 -0.0105597 0.232914 0.625755 1.95434 -0.246788 1.86213 -2.05231 -2.0747 0.404422 -0.235825 -1.61958 1.69941 -0.396968 -1.43141 0.202413
