2.179
2.19
2.2
2.21
2.221
2.231
2.241
2.252
2.262
2.274
2.294
2.315
2.336
2.357
2.376
2.397
2.418
2.438
2.459
2.48
2.518
2.556
2.595
2.634
2.673
2.712
2.75
2.789
2.827
2.866
2.905
2.944
2.983
3.022
3.061
3.1
3.138
3.177
3.215
3.253
3.292
3.33
3.368
3.407
3.446
3.485
3.524
3.562
3.6
3.638
3.677
3.716
3.756
3.795
3.835
3.874
3.912
3.951
3.989
4.028
4.066
4.104
4.142
4.182
4.22
4.259
4.297
4.336
4.374
4.412
4.451
4.489
4.528
4.567
4.607
4.65
4.689
4.728
4.766
4.804
4.842
4.881
4.92
4.958
4.996
5.035
5.073
5.112
5.15
5.188
5.227
5.265
5.305
5.344
5.383
5.422
5.461
5.5
5.539
5.577
5.616
5.654
5.693
5.732
5.77
5.808
5.847
5.886
5.924
5.963
6.001
6.04
6.079
6.117
6.156
6.194
6.233
6.272
6.312
6.351
6.39
6.429
6.467
6.505
6.543
6.582
6.62
6.659
6.697
6.736
6.774
6.814
6.852
7.834
7.845
7.856
7.866
7.877
7.888
7.899
7.91
7.92
7.934
7.973
8.012
8.05
8.089
8.128
8.166
8.204
8.243
8.281
8.319
8.359
8.397
8.436
8.474
8.513
8.552
8.59
8.628
8.667
8.705
8.745
8.784
8.824
8.863
8.901
8.94
8.978
9.017
9.056
9.095
9.134
9.172
9.211
9.249
9.288
9.327
9.365
9.404
9.442
9.481
9.52
9.558
9.597
9.636
9.675
9.715
9.753
9.792
9.831
9.87
9.909
9.948
9.986
10.025
10.063
10.102
10.14
10.179
10.218
10.257
10.295
10.334
10.372
