1.47312 1.00997 2.25199 1.12813 0.743432 -1.62538 -1.29563 -1.77274 -0.612815 -2.15805 0.183489 2.31623 -1.00156 1.5307 1.34756 -3.10385
1.47312 1.00997 2.25199 1.12813 0.743432 -1.62538 -1.29563 -1.77274 -0.612815 -2.15805 0.183489 2.31623 -1.00156 1.5307 1.34756 -3.10385
1.47312 1.00997 2.25199 1.12813 0.743432 -1.62538 -1.29563 -1.77274 -0.612815 -2.15805 0.183489 2.31623 -1.00156 1.5307 1.34756 -3.10385
1.47312 1.00997 2.25199 1.12813 0.743432 -1.62538 -1.29563 -1.77274 -0.612815 -2.15805 0.183489 2.31623 -1.00156 1.5307 1.34756 -3.10385
1.47312 1.00997 2.25199 1.12813 0.743432 -1.62538 -1.29563 -1.77274 -0.612815 -2.15805 0.183489 2.31623 -1.00156 1.5307 1.34756 -3.10385
1.47312 1.00997 2.25199 1.12813 0.743432 -1.62538 -1.29563 -1.77274 -0.612815 -2.15805 0.183489 2.31623 -1.00156 1.5307 1.34756 -3.10385
1.47312 1.00997 2.25199 1.12813 0.743432 -1.62538 -1.29563 -1.77274 -0.612815 -2.15805 0.183489 2.31623 -1.00156 1.5307 1.34756 -3.10385
1.47338 1.00997 2.25199 1.12813 0.743432 -1.62538 -1.29563 -1.77274 -0.612815 -2.15805 0.183489 2.31623 -1.00156 1.5307 1.34756 -3.10385
1.47366 1.00997 2.25199 1.12813 0.743432 -1.62538 -1.29563 -1.77274 -0.612815 -2.15805 0.183489 2.31623 -1.00156 1.5307 1.34756 -3.10385
1.47391 1.00997 2.25199 1.12813 0.743432 -1.62538 -1.29563 -1.77274 -0.612815 -2.15805 0.183489 2.31623 -1.00156 1.5307 1.34756 -3.10385
1.47414 1.00997 2.25199 1.12813 0.743432 -1.62538 -1.29563 -1.77274 -0.612815 -2.15805 0.183489 2.31623 -1.00156 1.5307 1.34756 -3.10385
1.47435 1.00997 2.25199 1.12813 0.743432 -1.62538 -1.29563 -1.77274 -0.612815 -2.15805 0.183489 2.31623 -1.00156 1.5307 1.34756 -3.10385
1.47456 1.00997 2.25199 1.12813 0.743432 -1.62538 -1.29563 -1.77274 -0.612815 -2.15805 0.183489 2.31623 -1.00156 1.5307 1.34756 -3.10385
1.47479 1.00997 2.25199 1.12813 0.743432 -1.62538 -1.29563 -1.77274 -0.612815 -2.15805 0.183489 2.31623 -1.00156 1.5307 1.34756 -3.10385
1.47506 1.00997 2.25199 1.12813 0.743432 -1.62538 -1.29563 -1.77274 -0.612815 -2.15805 0.183489 2.31623 -1.00156 1.5307 1.34756 -3.10385
1.47534 1.00997 2.25199 1.12813 0.743432 -1.62538 -1.29563 -1.77274 -0.612815 -2.15805 0.183489 2.31623 -1.00156 1.5307 1.34756 -3.10385
1.47566 1.00997 2.25199 1.12813 0.743432 -1.62538 -1.29563 -1.77274 -0.612815 -2.15805 0.183489 2.31623 -1.00156 1.5307 1.34756 -3.10385
1.47601 1.00997 2.25199 1.12813 0.743432 -1.62538 -1.29563 -1.77274 -0.612815 -2.15805 0.183489 2.31623 -1.00156 1.5307 1.34756 -3.10385
1.47641 1.00997 2.25199 1.12813 0.743432 -1.62538 -1.29563 -1.77274 -0.612815 -2.15805 0.183489 2.31623 -1.00156 1.5307 1.34756 -3.10385
1.47685 1.00997 2.25199 1.12813 0.743432 -1.62538 -1.29563 -1.77274 -0.612815 -2.15805 0.183489 2.31623 -1.00156 1.5307 1.34756 -3.10385
1.47776 1.00997 2.25199 1.12813 0.743432 -1.62538 -1.29563 -1.77274 -0.612815 -2.15805 0.183489 2.31623 -1.00156 1.5307 1.34756 -3.10385
1.47866 1.00997 2.25199 1.12813 0.743432 -1.62538 -1.29563 -1.77274 -0.612815 -2.15805 0.183489 2.31623 -1.00156 1.5307 1.34756 -3.10385
1.47957 1.00997 2.25199 1.12813 0.743432 -1.62538 -1.29563 -1.77274 -0.612815 -2.15805 0.183489 2.31623 -1.00156 1.5307 1.34756 -3.10385
1.48054 1.00997 2.25199 1.12813 0.743432 -1.62538 -1.29563 -1.77274 -0.612815 -2.15805 0.183489 2.31623 -1.00156 1.5307 1.34756 -3.10385
1.48157 1.00997 2.25199 1.12813 0.743432 -1.62538 -1.29563 -1.77274 -0.612815 -2.15805 0.183489 2.31623 -1.00156 1.5307 1.34756 -3.10385
1.48267 1.00997 2.25199 1.12813 0.743432 -1.62538 -1.29563 -1.77274 -0.612815 -2.15805 0.183489 2.31623 -1.00156 1.5307 1.34756 -3.10385
1.48389 1.00997 2.25199 1.12813 0.743432 -1.62538 -1.29563 -1.77274 -0.612815 -2.15805 0.183489 2.31623 -1.00156 1.5307 1.34756 -3.10385
1.48511 1.00997 2.25199 1.12813 0.743432 -1.62538 -1.29563 -1.77274 -0.612815 -2.15805 0.183489 2.31623 -1.00156 1.5307 1.34756 -3.10385
1.48637 1.00997 2.25199 1.12813 0.743432 -1.62538 -1.29563 -1.77274 -0.612815 -2.15805 0.183489 2.31623 -1.00156 1.5307 1.34756 -3.10385
1.48767 1.00997 2.25199 1.12813 0.743432 -1.62538 -1.29563 -1.77274 -0.612815 -2.15805 0.183489 2.31623 -1.00156 1.5307 1.34756 -3.10385
1.48893 1.00997 2.25199 1.12813 0.743432 -1.62538 -1.29563 -1.77274 -0.612815 -2.15805 0.183489 2.31623 -1.00156 1.5307 1.34756 -3.10385
1.49024 1.00997 2.25199 1.12813 0.743432 -1.62538 -1.29563 -1.77274 -0.612815 -2.15805 0.183489 2.31623 -1.00156 1.5307 1.34756 -3.10385
1.49168 1.00997 2.25199 1.12813 0.743432 -1.62538 -1.29563 -1.77274 -0.612815 -2.15805 0.183489 2.31623 -1.00156 1.5307 1.34756 -3.10385
1.49326 1.00997 2.25199 1.12813 0.743432 -1.62538 -1.29563 -1.77274 -0.612815 -2.15805 0.183489 2.31623 -1.00156 1.5307 1.34756 -3.10385
1.49477 1.00997 2.25199 1.12813 0.743432 -1.62538 -1.29563 -1.77274 -0.612815 -2.15805 0.183489 2.31623 -1.00156 1.5307 1.34756 -3.10385
1.49624 1.00997 2.25199 1.12813 0.743432 -1.62538 -1.29563 -1.77274 -0.612815 -2.15805 0.183489 2.31623 -1.00156 1.5307 1.34756 -3.10385
1.49774 1.00997 2.25199 1.12813 0.743432 -1.62538 -1.29563 -1.77274 -0.612815 -2.15805 0.183489 2.31623 -1.00156 1.5307 1.34756 -3.10385
1.49933 1.00997 2.25199 1.12813 0.743432 -1.62538 -1.29563 -1.77274 -0.612815 -2.15805 0.183489 2.31623 -1.00156 1.5307 1.34756 -3.10385
1.50103 1.00997 2.25199 1.12813 0.743432 -1.62538 -1.29563 -1.77274 -0.612815 -2.15805 0.183489 2.31623 -1.00156 1.5307 1.34756 -3.10385
1.5028 1.00997 2.25199 1.12813 0.743432 -1.62538 -1.29563 -1.77274 -0.612815 -2.15805 0.183489 2.31623 -1.00156 1.5307 1.34756 -3.10385
1.50476 1.00997 2.25199 1.12813 0.743432 -1.62538 -1.29563 -1.77274 -0.612815 -2.15805 0.183489 2.31623 -1.00156 1.5307 1.34756 -3.10385
1.50684 1.00997 2.25199 1.12813 0.743432 -1.62538 -1.29563 -1.77274 -0.612815 -2.15805 0.183489 2.31623 -1.00156 1.5307 1.34756 -3.10385
1.50876 1.00997 2.25199 1.12813 0.743432 -1.62538 -1.29563 -1.77274 -0.612815 -2.15805 0.183489 2.31623 -1.00156 1.5307 1.34756 -3.10385
1.51067 1.00997 2.25199 1.12813 0.743432 -1.62538 -1.29563 -1.77274 -0.612815 -2.15805 0.183489 2.31623 -1.00156 1.5307 1.34756 -3.10385
1.51269 1.00997 2.25199 1.12813 0.743432 -1.62538 -1.29563 -1.77274 -0.612815 -2.15805 0.183489 2.31623 -1.00156 1.5307 1.34756 -3.10385
1.51484 1.00997 2.25199 1.12813 0.743432 -1.62538 -1.29563 -1.77274 -0.612815 -2.15805 0.183489 2.31623 -1.00156 1.5307 1.34756 -3.10385
1.51703 1.00997 2.25199 1.12813 0.743432 -1.62538 -1.29563 -1.77274 -0.612815 -2.15805 0.183489 2.31623 -1.00156 1.5307 1.34756 -3.10385
1.51922 1.00997 2.25199 1.12813 0.743432 -1.62538 -1.29563 -1.77274 -0.612815 -2.15805 0.183489 2.31623 -1.00156 1.5307 1.34756 -3.10385
1.52142 1.00997 2.25199 1.12813 0.743432 -1.62538 -1.29563 -1.77274 -0.612815 -2.15805 0.183489 2.31623 -1.00156 1.5307 1.34756 -3.10385
1.52376 1.00997 2.25199 1.12813 0.743432 -1.62538 -1.29563 -1.77274 -0.612815 -2.15805 0.183489 2.31623 -1.00156 1.5307 1.34756 -3.10385
1.52623 1.00997 2.25199 1.12813 0.743432 -1.62538 -1.29563 -1.77274 -0.612815 -2.15805 0.183489 2.31623 -1.00156 1.5307 1.34756 -3.10385
1.52862 1.00997 2.25199 1.12813 0.743432 -1.62538 -1.29563 -1.77274 -0.612815 -2.15805 0.183489 2.31623 -1.00156 1.5307 1.34756 -3.10385
1.53098 1.00997 2.25199 1.12813 0.743432 -1.62538 -1.29563 -1.77274 -0.612815 -2.15805 0.183489 2.31623 -1.00156 1.5307 1.34756 -3.10385
1.53349 1.00997 2.25199 1.12813 0.743432 -1.62538 -1.29563 -1.77274 -0.612815 -2.15805 0.183489 2.31623 -1.00156 1.5307 1.34756 -3.10385
1.53609 1.00997 2.25199 1.12813 0.743432 -1.62538 -1.29563 -1.77274 -0.612815 -2.15805 0.183489 2.31623 -1.00156 1.5307 1.34756 -3.10385
1.53889 1.00997 2.25199 1.12813 0.743432 -1.62538 -1.29563 -1.77274 -0.612815 -2.15805 0.183489 2.31623 -1.00156 1.5307 1.34756 -3.10385
1.54177 1.00997 2.25199 1.12813 0.743432 -1.62538 -1.29563 -1.77274 -0.612815 -2.15805 0.183489 2.31623 -1.00156 1.5307 1.34756 -3.10385
1.54469 1.00997 2.25199 1.12813 0.743432 -1.62538 -1.29563 -1.77274 -0.612815 -2.15805 0.183489 2.31623 -1.00156 1.5307 1.34756 -3.10385
1.54758 1.00997 2.25199 1.12813 0.743432 -1.62538 -1.29563 -1.77274 -0.612815 -2.15805 0.183489 2.31623 -1.00156 1.5307 1.34756 -3.10385
1.5504 1.00997 2.25199 1.12813 0.743432 -1.62538 -1.29563 -1.77274 -0.612815 -2.15805 0.183489 2.31623 -1.00156 1.5307 1.34756 -3.10385
1.55344 1.00997 2.25199 1.12813 0.743432 -1.62538 -1.29563 -1.77274 -0.612815 -2.15805 0.183489 2.31623 -1.00156 1.5307 1.34756 -3.10385
1.55659 1.00997 2.25199 1.12813 0.743432 -1.62538 -1.29563 -1.77274 -0.612815 -2.15805 0.183489 2.31623 -1.00156 1.5307 1.34756 -3.10385
1.55996 1.00997 2.25199 1.12813 0.743432 -1.62538 -1.29563 -1.77274 -0.612815 -2.15805 0.183489 2.31623 -1.00156 1.5307 1.34756 -3.10385
1.56336 1.00997 2.25199 1.12813 0.743432 -1.62538 -1.29563 -1.77274 -0.612815 -2.15805 0.183489 2.31623 -1.00156 1.5307 1.34756 -3.10385
1.56675 1.00997 2.25199 1.12813 0.743432 -1.62538 -1.29563 -1.77274 -0.612815 -2.15805 0.183489 2.31623 -1.00156 1.5307 1.34756 -3.10385
1.57007 1.00997 2.25199 1.12813 0.743432 -1.62538 -1.29563 -1.77274 -0.612815 -2.15805 0.183489 2.31623 -1.00156 1.5307 1.34756 -3.10385
1.57351 1.00997 2.25199 1.12813 0.743432 -1.62538 -1.29563 -1.77274 -0.612815 -2.15805 0.183489 2.31623 -1.00156 1.5307 1.34756 -3.10385
1.57715 1.00997 2.25199 1.12813 0.743432 -1.62538 -1.29563 -1.77274 -0.612815 -2.15805 0.183489 2.31623 -1.00156 1.5307 1.34756 -3.10385
1.58107 1.00997 2.25199 1.12813 0.743432 -1.62538 -1.29563 -1.77274 -0.612815 -2.15805 0.183489 2.31623 -1.00156 1.5307 1.34756 -3.10385
1.5851 1.00997 2.25199 1.12813 0.743432 -1.62538 -1.29563 -1.77274 -0.612815 -2.15805 0.183489 2.31623 -1.00156 1.5307 1.34756 -3.10385
1.58917 1.00997 2.25199 1.12813 0.743432 -1.62538 -1.29563 -1.77274 -0.612815 -2.15805 0.183489 2.31623 -1.00156 1.5307 1.34756 -3.10385
1.59325 1.00997 2.25199 1.12813 0.743432 -1.62538 -1.29563 -1.77274 -0.612815 -2.15805 0.183489 2.31623 -1.00156 1.5307 1.34756 -3.10385
1.59741 1.00997 2.25199 1.12813 0.743432 -1.62538 -1.29563 -1.77274 -0.612815 -2.15805 0.183489 2.31623 -1.00156 1.5307 1.34756 -3.10385
1.60177 1.00997 2.25199 1.12813 0.743432 -1.62538 -1.29563 -1.77274 -0.612815 -2.15805 0.183489 2.31623 -1.00156 1.5307 1.34756 -3.10385
1.60633 1.00997 2.25199 1.12813 0.743432 -1.62538 -1.29563 -1.77274 -0.612815 -2.15805 0.183489 2.31623 -1.00156 1.5307 1.34756 -3.10385
1.6109 1.00997 2.25199 1.12813 0.743432 -1.62538 -1.29563 -1.77274 -0.612815 -2.15805 0.183489 2.31623 -1.00156 1.5307 1.34756 -3.10385
1.61552 1.00997 2.25199 1.12813 0.743432 -1.62538 -1.29563 -1.77274 -0.612815 -2.15805 0.183489 2.31623 -1.00156 1.5307 1.34756 -3.10385
1.62028 1.00997 2.25199 1.12813 0.743432 -1.62538 -1.29563 -1.77274 -0.612815 -2.15805 0.183489 2.31623 -1.00156 1.5307 1.34756 -3.10385
1.62538 1.00997 2.25199 1.12813 0.743432 -1.62538 -1.29563 -1.77274 -0.612815 -2.15805 0.183489 2.31623 -1.00156 1.5307 1.34756 -3.10385
1.63064 1.00997 2.25199 1.12813 0.743432 -1.62538 -1.29563 -1.77274 -0.612815 -2.15805 0.183489 2.31623 -1.00156 1.5307 1.34756 -3.10385
1.63575 1.00997 2.25199 1.12813 0.743432 -1.62538 -1.29563 -1.77274 -0.612815 -2.15805 0.183489 2.31623 -1.00156 1.5307 1.34756 -3.10385
1.64113 1.00997 2.25199 1.12813 0.743432 -1.62538 -1.29563 -1.77274 -0.612815 -2.15805 0.183489 2.31623 -1.00156 1.5307 1.34756 -3.10385
1.64668 1.00997 2.25199 1.12813 0.743432 -1.62538 -1.29563 -1.77274 -0.612815 -2.15805 0.183489 2.31623 -1.00156 1.5307 1.34756 -3.10385
1.65223 1.00997 2.25199 1.12813 0.743432 -1.62538 -1.29563 -1.77274 -0.612815 -2.15805 0.183489 2.31623 -1.00156 1.5307 1.34756 -3.10385
1.65804 1.00997 2.25199 1.12813 0.743432 -1.62538 -1.29563 -1.77274 -0.612815 -2.15805 0.183489 2.31623 -1.00156 1.5307 1.34756 -3.10385
1.66418 1.00997 2.25199 1.12813 0.743432 -1.62538 -1.29563 -1.77274 -0.612815 -2.15805 0.183489 2.31623 -1.00156 1.5307 1.34756 -3.10385
1.67034 1.00997 2.25199 1.12813 0.743432 -1.62538 -1.29563 -1.77274 -0.612815 -2.15805 0.183489 2.31623 -1.00156 1.5307 1.34756 -3.10385
1.67669 1.00997 2.25199 1.12813 0.743432 -1.62538 -1.29563 -1.77274 -0.612815 -2.15805 0.183489 2.31623 -1.00156 1.5307 1.34756 -3.10385
1.68319 1.00997 2.25199 1.12813 0.743432 -1.62538 -1.29563 -1.77274 -0.612815 -2.15805 0.183489 2.31623 -1.00156 1.5307 1.34756 -3.10385
1.69014 1.00997 2.25199 1.12813 0.743432 -1.62538 -1.29563 -1.77274 -0.612815 -2.15805 0.183489 2.31623 -1.00156 1.5307 1.34756 -3.10385
1.69705 1.00997 2.25199 1.12813 0.743432 -1.62538 -1.29563 -1.77274 -0.612815 -2.15805 0.183489 2.31623 -1.00156 1.5307 1.34756 -3.10385
1.70427 1.00997 2.25199 1.12813 0.743432 -1.62538 -1.29563 -1.77274 -0.612815 -2.15805 0.183489 2.31623 -1.00156 1.5307 1.34756 -3.10385
1.71178 1.00997 2.25199 1.12813 0.743432 -1.62538 -1.29563 -1.77274 -0.612815 -2.15805 0.183489 2.31623 -1.00156 1.5307 1.34756 -3.10385
1.71371 1.00997 2.25199 1.12813 0.743432 -1.62538 -1.29563 -1.77274 -0.612815 -2.15805 0.183489 2.31623 -1.00156 1.5307 1.34756 -3.10385
1.71247 1.00997 2.25199 1.12813 0.743432 -1.62538 -1.29563 -1.77274 -0.612815 -2.15805 0.183489 2.31623 -1.00156 1.5307 1.34756 -3.10385
1.71119 1.00997 2.25199 1.12813 0.743432 -1.62538 -1.29563 -1.77274 -0.612815 -2.15805 0.183489 2.31623 -1.00156 1.5307 1.34756 -3.10385
1.70989 1.00997 2.25199 1.12813 0.743432 -1.62538 -1.29563 -1.77274 -0.612815 -2.15805 0.183489 2.31623 -1.00156 1.5307 1.34756 -3.10385
1.70829 1.00997 2.25199 1.12813 0.743432 -1.62538 -1.29563 -1.77274 -0.612815 -2.15805 0.183489 2.31623 -1.00156 1.5307 1.34756 -3.10385
1.70663 1.00997 2.25199 1.12813 0.743432 -1.62538 -1.29563 -1.77274 -0.612815 -2.15805 0.183489 2.31623 -1.00156 1.5307 1.34756 -3.10385
1.70439 1.00997 2.25199 1.12813 0.743432 -1.62538 -1.29563 -1.77274 -0.612815 -2.15805 0.183489 2.31623 -1.00156 1.5307 1.34756 -3.10385
1.70193 1.00997 2.25199 1.12813 0.743432 -1.62538 -1.29563 -1.77274 -0.612815 -2.15805 0.183489 2.31623 -1.00156 1.5307 1.34756 -3.10385
1.69965 1.00997 2.25199 1.12813 0.743432 -1.62538 -1.29563 -1.77274 -0.612815 -2.15805 0.183489 2.31623 -1.00156 1.5307 1.34756 -3.10385
1.69729 1.00997 2.25199 1.12813 0.743432 -1.62538 -1.29563 -1.77274 -0.612815 -2.15805 0.183489 2.31623 -1.00156 1.5307 1.34756 -3.10385
1.69489 1.00997 2.25199 1.12813 0.743432 -1.62538 -1.29563 -1.77274 -0.612815 -2.15805 0.183489 2.31623 -1.00156 1.5307 1.34756 -3.10385
1.69251 1.00997 2.25199 1.12813 0.743432 -1.62538 -1.29563 -1.77274 -0.612815 -2.15805 0.183489 2.31623 -1.00156 1.5307 1.34756 -3.10385
1.69012 1.00997 2.25199 1.12813 0.743432 -1.62538 -1.29563 -1.77274 -0.612815 -2.15805 0.183489 2.31623 -1.00156 1.5307 1.34756 -3.10385
1.68551 1.00997 2.25199 1.12813 0.743432 -1.62538 -1.29563 -1.77274 -0.612815 -2.15805 0.183489 2.31623 -1.00156 1.5307 1.34756 -3.10385
1.68069 1.00997 2.25199 1.12813 0.743432 -1.62538 -1.29563 -1.77274 -0.612815 -2.15805 0.183489 2.31623 -1.00156 1.5307 1.34756 -3.10385
1.676 1.00997 2.25199 1.12813 0.743432 -1.62538 -1.29563 -1.77274 -0.612815 -2.15805 0.183489 2.31623 -1.00156 1.5307 1.34756 -3.10385
1.67132 1.00997 2.25199 1.12813 0.743432 -1.62538 -1.29563 -1.77274 -0.612815 -2.15805 0.183489 2.31623 -1.00156 1.5307 1.34756 -3.10385
1.66664 1.00997 2.25199 1.12813 0.743432 -1.62538 -1.29563 -1.77274 -0.612815 -2.15805 0.183489 2.31623 -1.00156 1.5307 1.34756 -3.10385
1.66193 1.00997 2.25199 1.12813 0.743432 -1.62538 -1.29563 -1.77274 -0.612815 -2.15805 0.183489 2.31623 -1.00156 1.5307 1.34756 -3.10385
1.65717 1.00997 2.25199 1.12813 0.743432 -1.62538 -1.29563 -1.77274 -0.612815 -2.15805 0.183489 2.31623 -1.00156 1.5307 1.34756 -3.10385
1.65243 1.00997 2.25199 1.12813 0.743432 -1.62538 -1.29563 -1.77274 -0.612815 -2.15805 0.183489 2.31623 -1.00156 1.5307 1.34756 -3.10385
1.64764 1.00997 2.25199 1.12813 0.743432 -1.62538 -1.29563 -1.77274 -0.612815 -2.15805 0.183489 2.31623 -1.00156 1.5307 1.34756 -3.10385
1.64272 1.00997 2.25199 1.12813 0.743432 -1.62538 -1.29563 -1.77274 -0.612815 -2.15805 0.183489 2.31623 -1.00156 1.5307 1.34756 -3.10385
1.63785 1.00997 2.25199 1.12813 0.743432 -1.62538 -1.29563 -1.77274 -0.612815 -2.15805 0.183489 2.31623 -1.00156 1.5307 1.34756 -3.10385
1.633 1.00997 2.25199 1.12813 0.743432 -1.62538 -1.29563 -1.77274 -0.612815 -2.15805 0.183489 2.31623 -1.00156 1.5307 1.34756 -3.10385
1.62817 1.00997 2.25199 1.12813 0.743432 -1.62538 -1.29563 -1.77274 -0.612815 -2.15805 0.183489 2.31623 -1.00156 1.5307 1.34756 -3.10385
1.62335 1.00997 2.25199 1.12813 0.743432 -1.62538 -1.29563 -1.77274 -0.612815 -2.15805 0.183489 2.31623 -1.00156 1.5307 1.34756 -3.10385
1.61854 1.00997 2.25199 1.12813 0.743432 -1.62538 -1.29563 -1.77274 -0.612815 -2.15805 0.183489 2.31623 -1.00156 1.5307 1.34756 -3.10385
1.61368 1.00997 2.25199 1.12813 0.743432 -1.62538 -1.29563 -1.77274 -0.612815 -2.15805 0.183489 2.31623 -1.00156 1.5307 1.34756 -3.10385
1.60878 1.00997 2.25199 1.12813 0.743432 -1.62538 -1.29563 -1.77274 -0.612815 -2.15805 0.183489 2.31623 -1.00156 1.5307 1.34756 -3.10385
1.60391 1.00997 2.25199 1.12813 0.743432 -1.62538 -1.29563 -1.77274 -0.612815 -2.15805 0.183489 2.31623 -1.00156 1.5307 1.34756 -3.10385
1.599 1.00997 2.25199 1.12813 0.743432 -1.62538 -1.29563 -1.77274 -0.612815 -2.15805 0.183489 2.31623 -1.00156 1.5307 1.34756 -3.10385
1.59401 1.00997 2.25199 1.12813 0.743432 -1.62538 -1.29563 -1.77274 -0.612815 -2.15805 0.183489 2.31623 -1.00156 1.5307 1.34756 -3.10385
1.58904 1.00997 2.25199 1.12813 0.743432 -1.62538 -1.29563 -1.77274 -0.612815 -2.15805 0.183489 2.31623 -1.00156 1.5307 1.34756 -3.10385
1.58406 1.00997 2.25199 1.12813 0.743432 -1.62538 -1.29563 -1.77274 -0.612815 -2.15805 0.183489 2.31623 -1.00156 1.5307 1.34756 -3.10385
1.57905 1.00997 2.25199 1.12813 0.743432 -1.62538 -1.29563 -1.77274 -0.612815 -2.15805 0.183489 2.31623 -1.00156 1.5307 1.34756 -3.10385
1.57399 1.00997 2.25199 1.12813 0.743432 -1.62538 -1.29563 -1.77274 -0.612815 -2.15805 0.183489 2.31623 -1.00156 1.5307 1.34756 -3.10385
1.56894 1.00997 2.25199 1.12813 0.743432 -1.62538 -1.29563 -1.77274 -0.612815 -2.15805 0.183489 2.31623 -1.00156 1.5307 1.34756 -3.10385
1.56383 1.00997 2.25199 1.12813 0.743432 -1.62538 -1.29563 -1.77274 -0.612815 -2.15805 0.183489 2.31623 -1.00156 1.5307 1.34756 -3.10385
1.55873 1.00997 2.25199 1.12813 0.743432 -1.62538 -1.29563 -1.77274 -0.612815 -2.15805 0.183489 2.31623 -1.00156 1.5307 1.34756 -3.10385
1.55364 1.00997 2.25199 1.12813 0.743432 -1.62538 -1.29563 -1.77274 -0.612815 -2.15805 0.183489 2.31623 -1.00156 1.5307 1.34756 -3.10385
1.54854 1.00997 2.25199 1.12813 0.743432 -1.62538 -1.29563 -1.77274 -0.612815 -2.15805 0.183489 2.31623 -1.00156 1.5307 1.34756 -3.10385
1.54316 1.00997 2.25199 1.12813 0.743432 -1.62538 -1.29563 -1.77274 -0.612815 -2.15805 0.183489 2.31623 -1.00156 1.5307 1.34756 -3.10385
1.53797 1.00997 2.25199 1.12813 0.743432 -1.62538 -1.29563 -1.77274 -0.612815 -2.15805 0.183489 2.31623 -1.00156 1.5307 1.34756 -3.10385
1.53277 1.00997 2.25199 1.12813 0.743432 -1.62538 -1.29563 -1.77274 -0.612815 -2.15805 0.183489 2.31623 -1.00156 1.5307 1.34756 -3.10385
1.52742 1.00997 2.25199 1.12813 0.743432 -1.62538 -1.29563 -1.77274 -0.612815 -2.15805 0.183489 2.31623 -1.00156 1.5307 1.34756 -3.10385
1.52217 1.00997 2.25199 1.12813 0.743432 -1.62538 -1.29563 -1.77274 -0.612815 -2.15805 0.183489 2.31623 -1.00156 1.5307 1.34756 -3.10385
1.51687 1.00997 2.25199 1.12813 0.743432 -1.62538 -1.29563 -1.77274 -0.612815 -2.15805 0.183489 2.31623 -1.00156 1.5307 1.34756 -3.10385
1.51156 1.00997 2.25199 1.12813 0.743432 -1.62538 -1.29563 -1.77274 -0.612815 -2.15805 0.183489 2.31623 -1.00156 1.5307 1.34756 -3.10385
1.5063 1.00997 2.25199 1.12813 0.743432 -1.62538 -1.29563 -1.77274 -0.612815 -2.15805 0.183489 2.31623 -1.00156 1.5307 1.34756 -3.10385
1.501 1.00997 2.25199 1.12813 0.743432 -1.62538 -1.29563 -1.77274 -0.612815 -2.15805 0.183489 2.31623 -1.00156 1.5307 1.34756 -3.10385
1.49549 1.00997 2.25199 1.12813 0.743432 -1.62538 -1.29563 -1.77274 -0.612815 -2.15805 0.183489 2.31623 -1.00156 1.5307 1.34756 -3.10385
1.49013 1.00997 2.25199 1.12813 0.743432 -1.62538 -1.29563 -1.77274 -0.612815 -2.15805 0.183489 2.31623 -1.00156 1.5307 1.34756 -3.10385
1.48476 1.00997 2.25199 1.12813 0.743432 -1.62538 -1.29563 -1.77274 -0.612815 -2.15805 0.183489 2.31623 -1.00156 1.5307 1.34756 -3.10385
1.47937 1.00997 2.25199 1.12813 0.743432 -1.62538 -1.29563 -1.77274 -0.612815 -2.15805 0.183489 2.31623 -1.00156 1.5307 1.34756 -3.10385
1.47401 1.00997 2.25199 1.12813 0.743432 -1.62538 -1.29563 -1.77274 -0.612815 -2.15805 0.183489 2.31623 -1.00156 1.5307 1.34756 -3.10385
1.46856 1.00997 2.25199 1.12813 0.743432 -1.62538 -1.29563 -1.77274 -0.612815 -2.15805 0.183489 2.31623 -1.00156 1.5307 1.34756 -3.10385
1.46311 1.00997 2.25199 1.12813 0.743432 -1.62538 -1.29563 -1.77274 -0.612815 -2.15805 0.183489 2.31623 -1.00156 1.5307 1.34756 -3.10385
1.45765 1.00997 2.25199 1.12813 0.743432 -1.62538 -1.29563 -1.77274 -0.612815 -2.15805 0.183489 2.31623 -1.00156 1.5307 1.34756 -3.10385
1.45215 1.00997 2.25199 1.12813 0.743432 -1.62538 -1.29563 -1.77274 -0.612815 -2.15805 0.183489 2.31623 -1.00156 1.5307 1.34756 -3.10385
1.44662 1.00997 2.25199 1.12813 0.743432 -1.62538 -1.29563 -1.77274 -0.612815 -2.15805 0.183489 2.31623 -1.00156 1.5307 1.34756 -3.10385
1.44089 1.00997 2.25199 1.12813 0.743432 -1.62538 -1.29563 -1.77274 -0.612815 -2.15805 0.183489 2.31623 -1.00156 1.5307 1.34756 -3.10385
1.43537 1.00997 2.25199 1.12813 0.743432 -1.62538 -1.29563 -1.77274 -0.612815 -2.15805 0.183489 2.31623 -1.00156 1.5307 1.34756 -3.10385
