152.373
152.383
152.394
152.404
152.415
152.425
152.435
152.446
152.456
152.468
152.488
152.509
152.529
152.55
152.57
152.591
152.612
152.632
152.652
152.673
152.712
152.751
152.79
152.829
152.869
152.909
152.948
152.986
153.025
153.063
153.101
153.14
153.179
153.218
153.256
153.294
153.333
153.371
153.41
153.448
153.488
153.527
153.565
153.604
153.642
153.681
153.721
153.76
153.799
153.838
153.877
153.916
153.955
153.993
154.032
154.07
154.108
154.147
154.186
154.225
154.264
154.302
154.341
154.379
154.418
154.456
154.495
154.533
154.572
154.612
154.651
154.69
154.729
154.767
154.806
154.845
154.883
154.922
154.961
155
155.039
155.077
155.116
155.154
155.193
155.232
155.27
155.309
155.349
155.388
155.427
155.466
155.506
156.841
156.851
156.862
156.872
156.882
156.893
156.903
156.913
156.924
156.936
156.957
156.978
156.998
157.037
157.077
157.115
157.154
157.192
157.231
157.27
157.31
157.349
157.389
157.428
157.467
157.505
157.544
157.582
157.621
157.659
157.698
157.736
157.775
157.814
157.852
157.891
157.93
157.968
158.007
158.045
158.084
158.123
158.162
158.201
158.241
158.28
158.319
158.357
158.396
158.434
158.473
158.513
158.551
158.59
158.628
158.667
158.705
158.744
158.782
158.821
158.86
158.899
158.937
