0
0
0
0
-0.0315844
-0.0421125
-0.0526406
-0.0631688
-0.0736969
-0.084225
-0.0631688
-0.084225
-0.0736969
-0.0631688
-0.084225
-0.084225
-0.084225
-0.0947531
-0.084225
-0.084225
-0.0947531
-0.0947531
-0.084225
-0.0947531
-0.0947531
-0.084225
-0.084225
-0.0947531
-0.084225
-0.0947531
-0.0947531
-0.0947531
-0.0947531
-0.0947531
-0.0947531
-0.0947531
-0.0947531
-0.0947531
-0.0947531
-0.0947531
-0.0947531
-0.0947531
-0.105281
-0.0947531
-0.0947531
-0.0947531
-0.105281
-0.105281
-0.105281
-0.105281
-0.105281
-0.115809
-0.105281
-0.105281
-0.105281
-0.105281
-0.105281
-0.0947531
-0.105281
-0.0947531
-0.105281
-0.115809
-0.105281
-0.105281
-0.105281
-0.105281
-0.105281
-0.115809
-0.105281
-0.105281
-0.115809
-0.115809
-0.105281
-0.115809
-0.105281
-0.115809
-0.115809
-0.115809
-0.115809
-0.115809
-0.126338
-0.115809
-0.115809
-0.115809
-0.115809
-0.126338
-0.115809
-0.115809
-0.115809
-0.126338
-0.126338
-0.115809
-0.126338
-0.126338
-0.126338
-0.115809
-0.126338
-0.126338
-0.126338
-0.136866
-0.126338
-0.126338
-0.126338
-0.126338
-0.136866
-0.126338
-0.126338
-0.126338
-0.126338
-0.136866
-0.126338
-0.126338
-0.136866
0.084225
0.084225
0.0947531
0.084225
0.084225
0.084225
0.084225
0.084225
0.0947531
0.0947531
0.105281
0.105281
0.0947531
0.105281
0.115809
0.115809
0.115809
0.105281
0.126338
0.147394
0.136866
0.126338
0.147394
0.16845
0.157922
0.147394
0.16845
0.178978
0.157922
0.200034
0.200034
0.16845
0.231619
0.210563
0.210563
0.242147
0.221091
0.252675
0.242147
0.273731
0.263203
0.294788
0.284259
0.305316
0.315844
0.315844
0.347428
0.347428
0.357956
0.379013
0.400069
