2.7032 0.498144 -1.83699 0.790152 -0.110453 -1.77169 1.45937 1.87378 -0.30009 -1.99182 -0.00469028 -2.91301 -1.45399 0.469662 0.417234 -2.33349
2.70316 0.498144 -1.83699 0.790152 -0.110453 -1.77169 1.45937 1.87378 -0.30009 -1.99182 -0.00469028 -2.91301 -1.45399 0.469662 0.417234 -2.33349
2.70308 0.498144 -1.83699 0.790152 -0.110453 -1.77169 1.45937 1.87378 -0.30009 -1.99182 -0.00469028 -2.91301 -1.45399 0.469662 0.417234 -2.33349
2.70287 0.498144 -1.83699 0.790152 -0.110453 -1.77169 1.45937 1.87378 -0.30009 -1.99182 -0.00469028 -2.91301 -1.45399 0.469662 0.417234 -2.33349
2.70247 0.498144 -1.83699 0.790152 -0.110453 -1.77169 1.45937 1.87378 -0.30009 -1.99182 -0.00469028 -2.91301 -1.45399 0.469662 0.417234 -2.33349
2.70171 0.498144 -1.83699 0.790152 -0.110453 -1.77169 1.45937 1.87378 -0.30009 -1.99182 -0.00469028 -2.91301 -1.45399 0.469662 0.417234 -2.33349
2.70066 0.498144 -1.83699 0.790152 -0.110453 -1.77169 1.45937 1.87378 -0.30009 -1.99182 -0.00469028 -2.91301 -1.45399 0.469662 0.417234 -2.33349
2.69937 0.498144 -1.83699 0.790152 -0.110453 -1.77169 1.45937 1.87378 -0.30009 -1.99182 -0.00469028 -2.91301 -1.45399 0.469662 0.417234 -2.33349
2.69792 0.498144 -1.83699 0.790152 -0.110453 -1.77169 1.45937 1.87378 -0.30009 -1.99182 -0.00469028 -2.91301 -1.45399 0.469662 0.417234 -2.33349
2.69634 0.498144 -1.83699 0.790152 -0.110453 -1.77169 1.45937 1.87378 -0.30009 -1.99182 -0.00469028 -2.91301 -1.45399 0.469662 0.417234 -2.33349
2.69488 0.498144 -1.83699 0.790152 -0.110453 -1.77169 1.45937 1.87378 -0.30009 -1.99182 -0.00469028 -2.91301 -1.45399 0.469662 0.417234 -2.33349
2.69335 0.498144 -1.83699 0.790152 -0.110453 -1.77169 1.45937 1.87378 -0.30009 -1.99182 -0.00469028 -2.91301 -1.45399 0.469662 0.417234 -2.33349
2.69184 0.498144 -1.83699 0.790152 -0.110453 -1.77169 1.45937 1.87378 -0.30009 -1.99182 -0.00469028 -2.91301 -1.45399 0.469662 0.417234 -2.33349
2.69039 0.498144 -1.83699 0.790152 -0.110453 -1.77169 1.45937 1.87378 -0.30009 -1.99182 -0.00469028 -2.91301 -1.45399 0.469662 0.417234 -2.33349
2.68879 0.498144 -1.83699 0.790152 -0.110453 -1.77169 1.45937 1.87378 -0.30009 -1.99182 -0.00469028 -2.91301 -1.45399 0.469662 0.417234 -2.33349
2.68706 0.498144 -1.83699 0.790152 -0.110453 -1.77169 1.45937 1.87378 -0.30009 -1.99182 -0.00469028 -2.91301 -1.45399 0.469662 0.417234 -2.33349
2.68533 0.498144 -1.83699 0.790152 -0.110453 -1.77169 1.45937 1.87378 -0.30009 -1.99182 -0.00469028 -2.91301 -1.45399 0.469662 0.417234 -2.33349
2.68357 0.498144 -1.83699 0.790152 -0.110453 -1.77169 1.45937 1.87378 -0.30009 -1.99182 -0.00469028 -2.91301 -1.45399 0.469662 0.417234 -2.33349
2.68181 0.498144 -1.83699 0.790152 -0.110453 -1.77169 1.45937 1.87378 -0.30009 -1.99182 -0.00469028 -2.91301 -1.45399 0.469662 0.417234 -2.33349
2.68001 0.498144 -1.83699 0.790152 -0.110453 -1.77169 1.45937 1.87378 -0.30009 -1.99182 -0.00469028 -2.91301 -1.45399 0.469662 0.417234 -2.33349
2.67648 0.498144 -1.83699 0.790152 -0.110453 -1.77169 1.45937 1.87378 -0.30009 -1.99182 -0.00469028 -2.91301 -1.45399 0.469662 0.417234 -2.33349
2.67293 0.498144 -1.83699 0.790152 -0.110453 -1.77169 1.45937 1.87378 -0.30009 -1.99182 -0.00469028 -2.91301 -1.45399 0.469662 0.417234 -2.33349
2.66941 0.498144 -1.83699 0.790152 -0.110453 -1.77169 1.45937 1.87378 -0.30009 -1.99182 -0.00469028 -2.91301 -1.45399 0.469662 0.417234 -2.33349
2.66584 0.498144 -1.83699 0.790152 -0.110453 -1.77169 1.45937 1.87378 -0.30009 -1.99182 -0.00469028 -2.91301 -1.45399 0.469662 0.417234 -2.33349
2.66233 0.498144 -1.83699 0.790152 -0.110453 -1.77169 1.45937 1.87378 -0.30009 -1.99182 -0.00469028 -2.91301 -1.45399 0.469662 0.417234 -2.33349
2.65891 0.498144 -1.83699 0.790152 -0.110453 -1.77169 1.45937 1.87378 -0.30009 -1.99182 -0.00469028 -2.91301 -1.45399 0.469662 0.417234 -2.33349
2.65537 0.498144 -1.83699 0.790152 -0.110453 -1.77169 1.45937 1.87378 -0.30009 -1.99182 -0.00469028 -2.91301 -1.45399 0.469662 0.417234 -2.33349
2.65182 0.498144 -1.83699 0.790152 -0.110453 -1.77169 1.45937 1.87378 -0.30009 -1.99182 -0.00469028 -2.91301 -1.45399 0.469662 0.417234 -2.33349
2.64832 0.498144 -1.83699 0.790152 -0.110453 -1.77169 1.45937 1.87378 -0.30009 -1.99182 -0.00469028 -2.91301 -1.45399 0.469662 0.417234 -2.33349
2.6447 0.498144 -1.83699 0.790152 -0.110453 -1.77169 1.45937 1.87378 -0.30009 -1.99182 -0.00469028 -2.91301 -1.45399 0.469662 0.417234 -2.33349
2.64113 0.498144 -1.83699 0.790152 -0.110453 -1.77169 1.45937 1.87378 -0.30009 -1.99182 -0.00469028 -2.91301 -1.45399 0.469662 0.417234 -2.33349
2.63758 0.498144 -1.83699 0.790152 -0.110453 -1.77169 1.45937 1.87378 -0.30009 -1.99182 -0.00469028 -2.91301 -1.45399 0.469662 0.417234 -2.33349
2.63402 0.498144 -1.83699 0.790152 -0.110453 -1.77169 1.45937 1.87378 -0.30009 -1.99182 -0.00469028 -2.91301 -1.45399 0.469662 0.417234 -2.33349
2.63038 0.498144 -1.83699 0.790152 -0.110453 -1.77169 1.45937 1.87378 -0.30009 -1.99182 -0.00469028 -2.91301 -1.45399 0.469662 0.417234 -2.33349
2.62668 0.498144 -1.83699 0.790152 -0.110453 -1.77169 1.45937 1.87378 -0.30009 -1.99182 -0.00469028 -2.91301 -1.45399 0.469662 0.417234 -2.33349
2.62298 0.498144 -1.83699 0.790152 -0.110453 -1.77169 1.45937 1.87378 -0.30009 -1.99182 -0.00469028 -2.91301 -1.45399 0.469662 0.417234 -2.33349
2.61935 0.498144 -1.83699 0.790152 -0.110453 -1.77169 1.45937 1.87378 -0.30009 -1.99182 -0.00469028 -2.91301 -1.45399 0.469662 0.417234 -2.33349
2.61577 0.498144 -1.83699 0.790152 -0.110453 -1.77169 1.45937 1.87378 -0.30009 -1.99182 -0.00469028 -2.91301 -1.45399 0.469662 0.417234 -2.33349
2.61209 0.498144 -1.83699 0.790152 -0.110453 -1.77169 1.45937 1.87378 -0.30009 -1.99182 -0.00469028 -2.91301 -1.45399 0.469662 0.417234 -2.33349
2.60831 0.498144 -1.83699 0.790152 -0.110453 -1.77169 1.45937 1.87378 -0.30009 -1.99182 -0.00469028 -2.91301 -1.45399 0.469662 0.417234 -2.33349
2.60449 0.498144 -1.83699 0.790152 -0.110453 -1.77169 1.45937 1.87378 -0.30009 -1.99182 -0.00469028 -2.91301 -1.45399 0.469662 0.417234 -2.33349
2.60074 0.498144 -1.83699 0.790152 -0.110453 -1.77169 1.45937 1.87378 -0.30009 -1.99182 -0.00469028 -2.91301 -1.45399 0.469662 0.417234 -2.33349
2.59695 0.498144 -1.83699 0.790152 -0.110453 -1.77169 1.45937 1.87378 -0.30009 -1.99182 -0.00469028 -2.91301 -1.45399 0.469662 0.417234 -2.33349
2.59312 0.498144 -1.83699 0.790152 -0.110453 -1.77169 1.45937 1.87378 -0.30009 -1.99182 -0.00469028 -2.91301 -1.45399 0.469662 0.417234 -2.33349
2.58919 0.498144 -1.83699 0.790152 -0.110453 -1.77169 1.45937 1.87378 -0.30009 -1.99182 -0.00469028 -2.91301 -1.45399 0.469662 0.417234 -2.33349
2.58533 0.498144 -1.83699 0.790152 -0.110453 -1.77169 1.45937 1.87378 -0.30009 -1.99182 -0.00469028 -2.91301 -1.45399 0.469662 0.417234 -2.33349
2.58154 0.498144 -1.83699 0.790152 -0.110453 -1.77169 1.45937 1.87378 -0.30009 -1.99182 -0.00469028 -2.91301 -1.45399 0.469662 0.417234 -2.33349
2.5777 0.498144 -1.83699 0.790152 -0.110453 -1.77169 1.45937 1.87378 -0.30009 -1.99182 -0.00469028 -2.91301 -1.45399 0.469662 0.417234 -2.33349
2.57384 0.498144 -1.83699 0.790152 -0.110453 -1.77169 1.45937 1.87378 -0.30009 -1.99182 -0.00469028 -2.91301 -1.45399 0.469662 0.417234 -2.33349
2.56995 0.498144 -1.83699 0.790152 -0.110453 -1.77169 1.45937 1.87378 -0.30009 -1.99182 -0.00469028 -2.91301 -1.45399 0.469662 0.417234 -2.33349
2.56605 0.498144 -1.83699 0.790152 -0.110453 -1.77169 1.45937 1.87378 -0.30009 -1.99182 -0.00469028 -2.91301 -1.45399 0.469662 0.417234 -2.33349
2.56214 0.498144 -1.83699 0.790152 -0.110453 -1.77169 1.45937 1.87378 -0.30009 -1.99182 -0.00469028 -2.91301 -1.45399 0.469662 0.417234 -2.33349
2.55822 0.498144 -1.83699 0.790152 -0.110453 -1.77169 1.45937 1.87378 -0.30009 -1.99182 -0.00469028 -2.91301 -1.45399 0.469662 0.417234 -2.33349
2.55431 0.498144 -1.83699 0.790152 -0.110453 -1.77169 1.45937 1.87378 -0.30009 -1.99182 -0.00469028 -2.91301 -1.45399 0.469662 0.417234 -2.33349
2.5499 0.498144 -1.83699 0.790152 -0.110453 -1.77169 1.45937 1.87378 -0.30009 -1.99182 -0.00469028 -2.91301 -1.45399 0.469662 0.417234 -2.33349
2.54588 0.498144 -1.83699 0.790152 -0.110453 -1.77169 1.45937 1.87378 -0.30009 -1.99182 -0.00469028 -2.91301 -1.45399 0.469662 0.417234 -2.33349
2.54191 0.498144 -1.83699 0.790152 -0.110453 -1.77169 1.45937 1.87378 -0.30009 -1.99182 -0.00469028 -2.91301 -1.45399 0.469662 0.417234 -2.33349
2.5379 0.498144 -1.83699 0.790152 -0.110453 -1.77169 1.45937 1.87378 -0.30009 -1.99182 -0.00469028 -2.91301 -1.45399 0.469662 0.417234 -2.33349
2.53388 0.498144 -1.83699 0.790152 -0.110453 -1.77169 1.45937 1.87378 -0.30009 -1.99182 -0.00469028 -2.91301 -1.45399 0.469662 0.417234 -2.33349
2.52975 0.498144 -1.83699 0.790152 -0.110453 -1.77169 1.45937 1.87378 -0.30009 -1.99182 -0.00469028 -2.91301 -1.45399 0.469662 0.417234 -2.33349
2.52564 0.498144 -1.83699 0.790152 -0.110453 -1.77169 1.45937 1.87378 -0.30009 -1.99182 -0.00469028 -2.91301 -1.45399 0.469662 0.417234 -2.33349
2.52153 0.498144 -1.83699 0.790152 -0.110453 -1.77169 1.45937 1.87378 -0.30009 -1.99182 -0.00469028 -2.91301 -1.45399 0.469662 0.417234 -2.33349
2.51739 0.498144 -1.83699 0.790152 -0.110453 -1.77169 1.45937 1.87378 -0.30009 -1.99182 -0.00469028 -2.91301 -1.45399 0.469662 0.417234 -2.33349
2.5132 0.498144 -1.83699 0.790152 -0.110453 -1.77169 1.45937 1.87378 -0.30009 -1.99182 -0.00469028 -2.91301 -1.45399 0.469662 0.417234 -2.33349
2.50889 0.498144 -1.83699 0.790152 -0.110453 -1.77169 1.45937 1.87378 -0.30009 -1.99182 -0.00469028 -2.91301 -1.45399 0.469662 0.417234 -2.33349
2.50466 0.498144 -1.83699 0.790152 -0.110453 -1.77169 1.45937 1.87378 -0.30009 -1.99182 -0.00469028 -2.91301 -1.45399 0.469662 0.417234 -2.33349
2.50046 0.498144 -1.83699 0.790152 -0.110453 -1.77169 1.45937 1.87378 -0.30009 -1.99182 -0.00469028 -2.91301 -1.45399 0.469662 0.417234 -2.33349
2.49626 0.498144 -1.83699 0.790152 -0.110453 -1.77169 1.45937 1.87378 -0.30009 -1.99182 -0.00469028 -2.91301 -1.45399 0.469662 0.417234 -2.33349
2.49206 0.498144 -1.83699 0.790152 -0.110453 -1.77169 1.45937 1.87378 -0.30009 -1.99182 -0.00469028 -2.91301 -1.45399 0.469662 0.417234 -2.33349
2.4878 0.498144 -1.83699 0.790152 -0.110453 -1.77169 1.45937 1.87378 -0.30009 -1.99182 -0.00469028 -2.91301 -1.45399 0.469662 0.417234 -2.33349
2.48354 0.498144 -1.83699 0.790152 -0.110453 -1.77169 1.45937 1.87378 -0.30009 -1.99182 -0.00469028 -2.91301 -1.45399 0.469662 0.417234 -2.33349
2.47932 0.498144 -1.83699 0.790152 -0.110453 -1.77169 1.45937 1.87378 -0.30009 -1.99182 -0.00469028 -2.91301 -1.45399 0.469662 0.417234 -2.33349
2.47508 0.498144 -1.83699 0.790152 -0.110453 -1.77169 1.45937 1.87378 -0.30009 -1.99182 -0.00469028 -2.91301 -1.45399 0.469662 0.417234 -2.33349
2.47073 0.498144 -1.83699 0.790152 -0.110453 -1.77169 1.45937 1.87378 -0.30009 -1.99182 -0.00469028 -2.91301 -1.45399 0.469662 0.417234 -2.33349
2.46637 0.498144 -1.83699 0.790152 -0.110453 -1.77169 1.45937 1.87378 -0.30009 -1.99182 -0.00469028 -2.91301 -1.45399 0.469662 0.417234 -2.33349
2.46207 0.498144 -1.83699 0.790152 -0.110453 -1.77169 1.45937 1.87378 -0.30009 -1.99182 -0.00469028 -2.91301 -1.45399 0.469662 0.417234 -2.33349
2.45774 0.498144 -1.83699 0.790152 -0.110453 -1.77169 1.45937 1.87378 -0.30009 -1.99182 -0.00469028 -2.91301 -1.45399 0.469662 0.417234 -2.33349
2.4534 0.498144 -1.83699 0.790152 -0.110453 -1.77169 1.45937 1.87378 -0.30009 -1.99182 -0.00469028 -2.91301 -1.45399 0.469662 0.417234 -2.33349
2.44898 0.498144 -1.83699 0.790152 -0.110453 -1.77169 1.45937 1.87378 -0.30009 -1.99182 -0.00469028 -2.91301 -1.45399 0.469662 0.417234 -2.33349
2.44456 0.498144 -1.83699 0.790152 -0.110453 -1.77169 1.45937 1.87378 -0.30009 -1.99182 -0.00469028 -2.91301 -1.45399 0.469662 0.417234 -2.33349
2.44009 0.498144 -1.83699 0.790152 -0.110453 -1.77169 1.45937 1.87378 -0.30009 -1.99182 -0.00469028 -2.91301 -1.45399 0.469662 0.417234 -2.33349
2.43553 0.498144 -1.83699 0.790152 -0.110453 -1.77169 1.45937 1.87378 -0.30009 -1.99182 -0.00469028 -2.91301 -1.45399 0.469662 0.417234 -2.33349
2.43094 0.498144 -1.83699 0.790152 -0.110453 -1.77169 1.45937 1.87378 -0.30009 -1.99182 -0.00469028 -2.91301 -1.45399 0.469662 0.417234 -2.33349
2.42628 0.498144 -1.83699 0.790152 -0.110453 -1.77169 1.45937 1.87378 -0.30009 -1.99182 -0.00469028 -2.91301 -1.45399 0.469662 0.417234 -2.33349
2.42178 0.498144 -1.83699 0.790152 -0.110453 -1.77169 1.45937 1.87378 -0.30009 -1.99182 -0.00469028 -2.91301 -1.45399 0.469662 0.417234 -2.33349
2.41726 0.498144 -1.83699 0.790152 -0.110453 -1.77169 1.45937 1.87378 -0.30009 -1.99182 -0.00469028 -2.91301 -1.45399 0.469662 0.417234 -2.33349
2.41273 0.498144 -1.83699 0.790152 -0.110453 -1.77169 1.45937 1.87378 -0.30009 -1.99182 -0.00469028 -2.91301 -1.45399 0.469662 0.417234 -2.33349
2.40813 0.498144 -1.83699 0.790152 -0.110453 -1.77169 1.45937 1.87378 -0.30009 -1.99182 -0.00469028 -2.91301 -1.45399 0.469662 0.417234 -2.33349
2.40357 0.498144 -1.83699 0.790152 -0.110453 -1.77169 1.45937 1.87378 -0.30009 -1.99182 -0.00469028 -2.91301 -1.45399 0.469662 0.417234 -2.33349
2.399 0.498144 -1.83699 0.790152 -0.110453 -1.77169 1.45937 1.87378 -0.30009 -1.99182 -0.00469028 -2.91301 -1.45399 0.469662 0.417234 -2.33349
2.39438 0.498144 -1.83699 0.790152 -0.110453 -1.77169 1.45937 1.87378 -0.30009 -1.99182 -0.00469028 -2.91301 -1.45399 0.469662 0.417234 -2.33349
2.38974 0.498144 -1.83699 0.790152 -0.110453 -1.77169 1.45937 1.87378 -0.30009 -1.99182 -0.00469028 -2.91301 -1.45399 0.469662 0.417234 -2.33349
2.38501 0.498144 -1.83699 0.790152 -0.110453 -1.77169 1.45937 1.87378 -0.30009 -1.99182 -0.00469028 -2.91301 -1.45399 0.469662 0.417234 -2.33349
2.3802 0.498144 -1.83699 0.790152 -0.110453 -1.77169 1.45937 1.87378 -0.30009 -1.99182 -0.00469028 -2.91301 -1.45399 0.469662 0.417234 -2.33349
2.37552 0.498144 -1.83699 0.790152 -0.110453 -1.77169 1.45937 1.87378 -0.30009 -1.99182 -0.00469028 -2.91301 -1.45399 0.469662 0.417234 -2.33349
2.37077 0.498144 -1.83699 0.790152 -0.110453 -1.77169 1.45937 1.87378 -0.30009 -1.99182 -0.00469028 -2.91301 -1.45399 0.469662 0.417234 -2.33349
2.36599 0.498144 -1.83699 0.790152 -0.110453 -1.77169 1.45937 1.87378 -0.30009 -1.99182 -0.00469028 -2.91301 -1.45399 0.469662 0.417234 -2.33349
2.36123 0.498144 -1.83699 0.790152 -0.110453 -1.77169 1.45937 1.87378 -0.30009 -1.99182 -0.00469028 -2.91301 -1.45399 0.469662 0.417234 -2.33349
2.35644 0.498144 -1.83699 0.790152 -0.110453 -1.77169 1.45937 1.87378 -0.30009 -1.99182 -0.00469028 -2.91301 -1.45399 0.469662 0.417234 -2.33349
2.35157 0.498144 -1.83699 0.790152 -0.110453 -1.77169 1.45937 1.87378 -0.30009 -1.99182 -0.00469028 -2.91301 -1.45399 0.469662 0.417234 -2.33349
2.34667 0.498144 -1.83699 0.790152 -0.110453 -1.77169 1.45937 1.87378 -0.30009 -1.99182 -0.00469028 -2.91301 -1.45399 0.469662 0.417234 -2.33349
2.34176 0.498144 -1.83699 0.790152 -0.110453 -1.77169 1.45937 1.87378 -0.30009 -1.99182 -0.00469028 -2.91301 -1.45399 0.469662 0.417234 -2.33349
2.33685 0.498144 -1.83699 0.790152 -0.110453 -1.77169 1.45937 1.87378 -0.30009 -1.99182 -0.00469028 -2.91301 -1.45399 0.469662 0.417234 -2.33349
2.33159 0.498144 -1.83699 0.790152 -0.110453 -1.77169 1.45937 1.87378 -0.30009 -1.99182 -0.00469028 -2.91301 -1.45399 0.469662 0.417234 -2.33349
2.32658 0.498144 -1.83699 0.790152 -0.110453 -1.77169 1.45937 1.87378 -0.30009 -1.99182 -0.00469028 -2.91301 -1.45399 0.469662 0.417234 -2.33349
2.3216 0.498144 -1.83699 0.790152 -0.110453 -1.77169 1.45937 1.87378 -0.30009 -1.99182 -0.00469028 -2.91301 -1.45399 0.469662 0.417234 -2.33349
2.31664 0.498144 -1.83699 0.790152 -0.110453 -1.77169 1.45937 1.87378 -0.30009 -1.99182 -0.00469028 -2.91301 -1.45399 0.469662 0.417234 -2.33349
2.31161 0.498144 -1.83699 0.790152 -0.110453 -1.77169 1.45937 1.87378 -0.30009 -1.99182 -0.00469028 -2.91301 -1.45399 0.469662 0.417234 -2.33349
2.30653 0.498144 -1.83699 0.790152 -0.110453 -1.77169 1.45937 1.87378 -0.30009 -1.99182 -0.00469028 -2.91301 -1.45399 0.469662 0.417234 -2.33349
2.3015 0.498144 -1.83699 0.790152 -0.110453 -1.77169 1.45937 1.87378 -0.30009 -1.99182 -0.00469028 -2.91301 -1.45399 0.469662 0.417234 -2.33349
2.29644 0.498144 -1.83699 0.790152 -0.110453 -1.77169 1.45937 1.87378 -0.30009 -1.99182 -0.00469028 -2.91301 -1.45399 0.469662 0.417234 -2.33349
2.29134 0.498144 -1.83699 0.790152 -0.110453 -1.77169 1.45937 1.87378 -0.30009 -1.99182 -0.00469028 -2.91301 -1.45399 0.469662 0.417234 -2.33349
2.28622 0.498144 -1.83699 0.790152 -0.110453 -1.77169 1.45937 1.87378 -0.30009 -1.99182 -0.00469028 -2.91301 -1.45399 0.469662 0.417234 -2.33349
2.28907 0.498144 -1.83699 0.790152 -0.110453 -1.77169 1.45937 1.87378 -0.30009 -1.99182 -0.00469028 -2.91301 -1.45399 0.469662 0.417234 -2.33349
2.29075 0.498144 -1.83699 0.790152 -0.110453 -1.77169 1.45937 1.87378 -0.30009 -1.99182 -0.00469028 -2.91301 -1.45399 0.469662 0.417234 -2.33349
2.29248 0.498144 -1.83699 0.790152 -0.110453 -1.77169 1.45937 1.87378 -0.30009 -1.99182 -0.00469028 -2.91301 -1.45399 0.469662 0.417234 -2.33349
2.29429 0.498144 -1.83699 0.790152 -0.110453 -1.77169 1.45937 1.87378 -0.30009 -1.99182 -0.00469028 -2.91301 -1.45399 0.469662 0.417234 -2.33349
2.29611 0.498144 -1.83699 0.790152 -0.110453 -1.77169 1.45937 1.87378 -0.30009 -1.99182 -0.00469028 -2.91301 -1.45399 0.469662 0.417234 -2.33349
2.29798 0.498144 -1.83699 0.790152 -0.110453 -1.77169 1.45937 1.87378 -0.30009 -1.99182 -0.00469028 -2.91301 -1.45399 0.469662 0.417234 -2.33349
2.29995 0.498144 -1.83699 0.790152 -0.110453 -1.77169 1.45937 1.87378 -0.30009 -1.99182 -0.00469028 -2.91301 -1.45399 0.469662 0.417234 -2.33349
2.3019 0.498144 -1.83699 0.790152 -0.110453 -1.77169 1.45937 1.87378 -0.30009 -1.99182 -0.00469028 -2.91301 -1.45399 0.469662 0.417234 -2.33349
2.30388 0.498144 -1.83699 0.790152 -0.110453 -1.77169 1.45937 1.87378 -0.30009 -1.99182 -0.00469028 -2.91301 -1.45399 0.469662 0.417234 -2.33349
2.30591 0.498144 -1.83699 0.790152 -0.110453 -1.77169 1.45937 1.87378 -0.30009 -1.99182 -0.00469028 -2.91301 -1.45399 0.469662 0.417234 -2.33349
2.30954 0.498144 -1.83699 0.790152 -0.110453 -1.77169 1.45937 1.87378 -0.30009 -1.99182 -0.00469028 -2.91301 -1.45399 0.469662 0.417234 -2.33349
2.31339 0.498144 -1.83699 0.790152 -0.110453 -1.77169 1.45937 1.87378 -0.30009 -1.99182 -0.00469028 -2.91301 -1.45399 0.469662 0.417234 -2.33349
2.31728 0.498144 -1.83699 0.790152 -0.110453 -1.77169 1.45937 1.87378 -0.30009 -1.99182 -0.00469028 -2.91301 -1.45399 0.469662 0.417234 -2.33349
2.32123 0.498144 -1.83699 0.790152 -0.110453 -1.77169 1.45937 1.87378 -0.30009 -1.99182 -0.00469028 -2.91301 -1.45399 0.469662 0.417234 -2.33349
2.32536 0.498144 -1.83699 0.790152 -0.110453 -1.77169 1.45937 1.87378 -0.30009 -1.99182 -0.00469028 -2.91301 -1.45399 0.469662 0.417234 -2.33349
2.32964 0.498144 -1.83699 0.790152 -0.110453 -1.77169 1.45937 1.87378 -0.30009 -1.99182 -0.00469028 -2.91301 -1.45399 0.469662 0.417234 -2.33349
2.33415 0.498144 -1.83699 0.790152 -0.110453 -1.77169 1.45937 1.87378 -0.30009 -1.99182 -0.00469028 -2.91301 -1.45399 0.469662 0.417234 -2.33349
2.3387 0.498144 -1.83699 0.790152 -0.110453 -1.77169 1.45937 1.87378 -0.30009 -1.99182 -0.00469028 -2.91301 -1.45399 0.469662 0.417234 -2.33349
2.34343 0.498144 -1.83699 0.790152 -0.110453 -1.77169 1.45937 1.87378 -0.30009 -1.99182 -0.00469028 -2.91301 -1.45399 0.469662 0.417234 -2.33349
2.34844 0.498144 -1.83699 0.790152 -0.110453 -1.77169 1.45937 1.87378 -0.30009 -1.99182 -0.00469028 -2.91301 -1.45399 0.469662 0.417234 -2.33349
2.35357 0.498144 -1.83699 0.790152 -0.110453 -1.77169 1.45937 1.87378 -0.30009 -1.99182 -0.00469028 -2.91301 -1.45399 0.469662 0.417234 -2.33349
2.35888 0.498144 -1.83699 0.790152 -0.110453 -1.77169 1.45937 1.87378 -0.30009 -1.99182 -0.00469028 -2.91301 -1.45399 0.469662 0.417234 -2.33349
2.36444 0.498144 -1.83699 0.790152 -0.110453 -1.77169 1.45937 1.87378 -0.30009 -1.99182 -0.00469028 -2.91301 -1.45399 0.469662 0.417234 -2.33349
2.37017 0.498144 -1.83699 0.790152 -0.110453 -1.77169 1.45937 1.87378 -0.30009 -1.99182 -0.00469028 -2.91301 -1.45399 0.469662 0.417234 -2.33349
2.37617 0.498144 -1.83699 0.790152 -0.110453 -1.77169 1.45937 1.87378 -0.30009 -1.99182 -0.00469028 -2.91301 -1.45399 0.469662 0.417234 -2.33349
2.3823 0.498144 -1.83699 0.790152 -0.110453 -1.77169 1.45937 1.87378 -0.30009 -1.99182 -0.00469028 -2.91301 -1.45399 0.469662 0.417234 -2.33349
2.38851 0.498144 -1.83699 0.790152 -0.110453 -1.77169 1.45937 1.87378 -0.30009 -1.99182 -0.00469028 -2.91301 -1.45399 0.469662 0.417234 -2.33349
2.39497 0.498144 -1.83699 0.790152 -0.110453 -1.77169 1.45937 1.87378 -0.30009 -1.99182 -0.00469028 -2.91301 -1.45399 0.469662 0.417234 -2.33349
2.40163 0.498144 -1.83699 0.790152 -0.110453 -1.77169 1.45937 1.87378 -0.30009 -1.99182 -0.00469028 -2.91301 -1.45399 0.469662 0.417234 -2.33349
2.40869 0.498144 -1.83699 0.790152 -0.110453 -1.77169 1.45937 1.87378 -0.30009 -1.99182 -0.00469028 -2.91301 -1.45399 0.469662 0.417234 -2.33349
2.41594 0.498144 -1.83699 0.790152 -0.110453 -1.77169 1.45937 1.87378 -0.30009 -1.99182 -0.00469028 -2.91301 -1.45399 0.469662 0.417234 -2.33349
2.42329 0.498144 -1.83699 0.790152 -0.110453 -1.77169 1.45937 1.87378 -0.30009 -1.99182 -0.00469028 -2.91301 -1.45399 0.469662 0.417234 -2.33349
2.431 0.498144 -1.83699 0.790152 -0.110453 -1.77169 1.45937 1.87378 -0.30009 -1.99182 -0.00469028 -2.91301 -1.45399 0.469662 0.417234 -2.33349
2.43891 0.498144 -1.83699 0.790152 -0.110453 -1.77169 1.45937 1.87378 -0.30009 -1.99182 -0.00469028 -2.91301 -1.45399 0.469662 0.417234 -2.33349
2.447 0.498144 -1.83699 0.790152 -0.110453 -1.77169 1.45937 1.87378 -0.30009 -1.99182 -0.00469028 -2.91301 -1.45399 0.469662 0.417234 -2.33349
2.45568 0.498144 -1.83699 0.790152 -0.110453 -1.77169 1.45937 1.87378 -0.30009 -1.99182 -0.00469028 -2.91301 -1.45399 0.469662 0.417234 -2.33349
2.46459 0.498144 -1.83699 0.790152 -0.110453 -1.77169 1.45937 1.87378 -0.30009 -1.99182 -0.00469028 -2.91301 -1.45399 0.469662 0.417234 -2.33349
2.4737 0.498144 -1.83699 0.790152 -0.110453 -1.77169 1.45937 1.87378 -0.30009 -1.99182 -0.00469028 -2.91301 -1.45399 0.469662 0.417234 -2.33349
2.48345 0.498144 -1.83699 0.790152 -0.110453 -1.77169 1.45937 1.87378 -0.30009 -1.99182 -0.00469028 -2.91301 -1.45399 0.469662 0.417234 -2.33349
2.49329 0.498144 -1.83699 0.790152 -0.110453 -1.77169 1.45937 1.87378 -0.30009 -1.99182 -0.00469028 -2.91301 -1.45399 0.469662 0.417234 -2.33349
2.50353 0.498144 -1.83699 0.790152 -0.110453 -1.77169 1.45937 1.87378 -0.30009 -1.99182 -0.00469028 -2.91301 -1.45399 0.469662 0.417234 -2.33349
2.51409 0.498144 -1.83699 0.790152 -0.110453 -1.77169 1.45937 1.87378 -0.30009 -1.99182 -0.00469028 -2.91301 -1.45399 0.469662 0.417234 -2.33349
2.52498 0.498144 -1.83699 0.790152 -0.110453 -1.77169 1.45937 1.87378 -0.30009 -1.99182 -0.00469028 -2.91301 -1.45399 0.469662 0.417234 -2.33349
2.53642 0.498144 -1.83699 0.790152 -0.110453 -1.77169 1.45937 1.87378 -0.30009 -1.99182 -0.00469028 -2.91301 -1.45399 0.469662 0.417234 -2.33349
2.54835 0.498144 -1.83699 0.790152 -0.110453 -1.77169 1.45937 1.87378 -0.30009 -1.99182 -0.00469028 -2.91301 -1.45399 0.469662 0.417234 -2.33349
2.56083 0.498144 -1.83699 0.790152 -0.110453 -1.77169 1.45937 1.87378 -0.30009 -1.99182 -0.00469028 -2.91301 -1.45399 0.469662 0.417234 -2.33349
2.57385 0.498144 -1.83699 0.790152 -0.110453 -1.77169 1.45937 1.87378 -0.30009 -1.99182 -0.00469028 -2.91301 -1.45399 0.469662 0.417234 -2.33349
2.58755 0.498144 -1.83699 0.790152 -0.110453 -1.77169 1.45937 1.87378 -0.30009 -1.99182 -0.00469028 -2.91301 -1.45399 0.469662 0.417234 -2.33349
2.6014 0.498144 -1.83699 0.790152 -0.110453 -1.77169 1.45937 1.87378 -0.30009 -1.99182 -0.00469028 -2.91301 -1.45399 0.469662 0.417234 -2.33349
2.61575 0.498144 -1.83699 0.790152 -0.110453 -1.77169 1.45937 1.87378 -0.30009 -1.99182 -0.00469028 -2.91301 -1.45399 0.469662 0.417234 -2.33349
2.63058 0.498144 -1.83699 0.790152 -0.110453 -1.77169 1.45937 1.87378 -0.30009 -1.99182 -0.00469028 -2.91301 -1.45399 0.469662 0.417234 -2.33349
