3.02
3.03
3.04
3.051
3.061
3.071
3.082
3.092
3.103
3.115
3.135
3.156
3.176
3.197
3.217
3.239
3.258
3.279
3.299
3.321
3.359
3.398
3.437
3.475
3.514
3.552
3.592
3.631
3.669
3.708
3.747
3.785
3.823
3.862
3.9
3.94
3.978
4.017
4.055
4.094
4.133
4.173
4.212
4.251
4.29
4.329
4.367
4.406
4.444
4.482
4.521
4.559
4.598
4.639
4.679
4.717
4.756
4.794
4.833
4.871
4.91
4.949
4.988
5.027
5.067
5.106
5.144
5.182
5.221
5.259
5.298
5.336
5.374
5.414
5.452
5.49
5.529
5.567
5.606
5.644
5.684
5.723
5.763
5.802
5.84
5.879
5.917
5.955
5.993
6.031
6.07
6.108
6.147
6.186
6.224
6.262
6.301
6.339
6.377
6.416
6.454
6.493
6.533
6.573
6.612
6.65
6.689
6.727
6.766
6.804
6.842
6.881
6.92
8.017
8.028
8.039
8.05
8.061
8.071
8.082
8.093
8.104
8.117
8.156
8.194
8.232
8.271
8.31
8.348
8.386
8.425
8.463
8.502
8.541
8.58
8.619
8.658
8.697
8.736
8.775
8.813
8.853
8.891
8.93
8.969
9.007
9.046
9.084
9.123
9.162
9.2
9.239
9.278
9.316
9.355
9.393
9.432
9.471
9.511
9.55
9.59
9.629
9.667
9.706
