1.29609 -0.744796 -0.222312 -1.79459 -2.65366 0.116213 1.66801 -1.8525 -2.53611 3.04177 0.189075 -0.125769 -1.51585 2.04316 -0.39707 -1.64335
1.2961 -0.744796 -0.222312 -1.79459 -2.65366 0.116213 1.66801 -1.8525 -2.53611 3.04177 0.189075 -0.125769 -1.51585 2.04316 -0.39707 -1.64335
1.2961 -0.744796 -0.222312 -1.79459 -2.65366 0.116213 1.66801 -1.8525 -2.53611 3.04177 0.189075 -0.125769 -1.51585 2.04316 -0.39707 -1.64335
1.2961 -0.744796 -0.222312 -1.79459 -2.65366 0.116213 1.66801 -1.8525 -2.53611 3.04177 0.189075 -0.125769 -1.51585 2.04316 -0.39707 -1.64335
1.2961 -0.744796 -0.222312 -1.79459 -2.65366 0.116213 1.66801 -1.8525 -2.53611 3.04177 0.189075 -0.125769 -1.51585 2.04316 -0.39707 -1.64335
1.2961 -0.744796 -0.222312 -1.79459 -2.65366 0.116213 1.66801 -1.8525 -2.53611 3.04177 0.189075 -0.125769 -1.51585 2.04316 -0.39707 -1.64335
1.2961 -0.744796 -0.222312 -1.79459 -2.65366 0.116213 1.66801 -1.8525 -2.53611 3.04177 0.189075 -0.125769 -1.51585 2.04316 -0.39707 -1.64335
1.2961 -0.744796 -0.222312 -1.79459 -2.65366 0.116213 1.66801 -1.8525 -2.53611 3.04177 0.189075 -0.125769 -1.51585 2.04316 -0.39707 -1.64335
1.2961 -0.744796 -0.222312 -1.79459 -2.65366 0.116213 1.66801 -1.8525 -2.53611 3.04177 0.189075 -0.125769 -1.51585 2.04316 -0.39707 -1.64335
1.29626 -0.744796 -0.222312 -1.79459 -2.65366 0.116213 1.66801 -1.8525 -2.53611 3.04177 0.189075 -0.125769 -1.51585 2.04316 -0.39707 -1.64335
1.2971 -0.744796 -0.222312 -1.79459 -2.65366 0.116213 1.66801 -1.8525 -2.53611 3.04177 0.189075 -0.125769 -1.51585 2.04316 -0.39707 -1.64335
1.29826 -0.744796 -0.222312 -1.79459 -2.65366 0.116213 1.66801 -1.8525 -2.53611 3.04177 0.189075 -0.125769 -1.51585 2.04316 -0.39707 -1.64335
1.2996 -0.744796 -0.222312 -1.79459 -2.65366 0.116213 1.66801 -1.8525 -2.53611 3.04177 0.189075 -0.125769 -1.51585 2.04316 -0.39707 -1.64335
1.30103 -0.744796 -0.222312 -1.79459 -2.65366 0.116213 1.66801 -1.8525 -2.53611 3.04177 0.189075 -0.125769 -1.51585 2.04316 -0.39707 -1.64335
1.30253 -0.744796 -0.222312 -1.79459 -2.65366 0.116213 1.66801 -1.8525 -2.53611 3.04177 0.189075 -0.125769 -1.51585 2.04316 -0.39707 -1.64335
1.30421 -0.744796 -0.222312 -1.79459 -2.65366 0.116213 1.66801 -1.8525 -2.53611 3.04177 0.189075 -0.125769 -1.51585 2.04316 -0.39707 -1.64335
1.30599 -0.744796 -0.222312 -1.79459 -2.65366 0.116213 1.66801 -1.8525 -2.53611 3.04177 0.189075 -0.125769 -1.51585 2.04316 -0.39707 -1.64335
1.30792 -0.744796 -0.222312 -1.79459 -2.65366 0.116213 1.66801 -1.8525 -2.53611 3.04177 0.189075 -0.125769 -1.51585 2.04316 -0.39707 -1.64335
1.30997 -0.744796 -0.222312 -1.79459 -2.65366 0.116213 1.66801 -1.8525 -2.53611 3.04177 0.189075 -0.125769 -1.51585 2.04316 -0.39707 -1.64335
1.31215 -0.744796 -0.222312 -1.79459 -2.65366 0.116213 1.66801 -1.8525 -2.53611 3.04177 0.189075 -0.125769 -1.51585 2.04316 -0.39707 -1.64335
1.31668 -0.744796 -0.222312 -1.79459 -2.65366 0.116213 1.66801 -1.8525 -2.53611 3.04177 0.189075 -0.125769 -1.51585 2.04316 -0.39707 -1.64335
1.32155 -0.744796 -0.222312 -1.79459 -2.65366 0.116213 1.66801 -1.8525 -2.53611 3.04177 0.189075 -0.125769 -1.51585 2.04316 -0.39707 -1.64335
1.32663 -0.744796 -0.222312 -1.79459 -2.65366 0.116213 1.66801 -1.8525 -2.53611 3.04177 0.189075 -0.125769 -1.51585 2.04316 -0.39707 -1.64335
1.33206 -0.744796 -0.222312 -1.79459 -2.65366 0.116213 1.66801 -1.8525 -2.53611 3.04177 0.189075 -0.125769 -1.51585 2.04316 -0.39707 -1.64335
1.33749 -0.744796 -0.222312 -1.79459 -2.65366 0.116213 1.66801 -1.8525 -2.53611 3.04177 0.189075 -0.125769 -1.51585 2.04316 -0.39707 -1.64335
1.34328 -0.744796 -0.222312 -1.79459 -2.65366 0.116213 1.66801 -1.8525 -2.53611 3.04177 0.189075 -0.125769 -1.51585 2.04316 -0.39707 -1.64335
1.34951 -0.744796 -0.222312 -1.79459 -2.65366 0.116213 1.66801 -1.8525 -2.53611 3.04177 0.189075 -0.125769 -1.51585 2.04316 -0.39707 -1.64335
1.35575 -0.744796 -0.222312 -1.79459 -2.65366 0.116213 1.66801 -1.8525 -2.53611 3.04177 0.189075 -0.125769 -1.51585 2.04316 -0.39707 -1.64335
1.36213 -0.744796 -0.222312 -1.79459 -2.65366 0.116213 1.66801 -1.8525 -2.53611 3.04177 0.189075 -0.125769 -1.51585 2.04316 -0.39707 -1.64335
1.36868 -0.744796 -0.222312 -1.79459 -2.65366 0.116213 1.66801 -1.8525 -2.53611 3.04177 0.189075 -0.125769 -1.51585 2.04316 -0.39707 -1.64335
1.37551 -0.744796 -0.222312 -1.79459 -2.65366 0.116213 1.66801 -1.8525 -2.53611 3.04177 0.189075 -0.125769 -1.51585 2.04316 -0.39707 -1.64335
1.38222 -0.744796 -0.222312 -1.79459 -2.65366 0.116213 1.66801 -1.8525 -2.53611 3.04177 0.189075 -0.125769 -1.51585 2.04316 -0.39707 -1.64335
1.38922 -0.744796 -0.222312 -1.79459 -2.65366 0.116213 1.66801 -1.8525 -2.53611 3.04177 0.189075 -0.125769 -1.51585 2.04316 -0.39707 -1.64335
1.39635 -0.744796 -0.222312 -1.79459 -2.65366 0.116213 1.66801 -1.8525 -2.53611 3.04177 0.189075 -0.125769 -1.51585 2.04316 -0.39707 -1.64335
1.40372 -0.744796 -0.222312 -1.79459 -2.65366 0.116213 1.66801 -1.8525 -2.53611 3.04177 0.189075 -0.125769 -1.51585 2.04316 -0.39707 -1.64335
1.41142 -0.744796 -0.222312 -1.79459 -2.65366 0.116213 1.66801 -1.8525 -2.53611 3.04177 0.189075 -0.125769 -1.51585 2.04316 -0.39707 -1.64335
1.41927 -0.744796 -0.222312 -1.79459 -2.65366 0.116213 1.66801 -1.8525 -2.53611 3.04177 0.189075 -0.125769 -1.51585 2.04316 -0.39707 -1.64335
1.42741 -0.744796 -0.222312 -1.79459 -2.65366 0.116213 1.66801 -1.8525 -2.53611 3.04177 0.189075 -0.125769 -1.51585 2.04316 -0.39707 -1.64335
1.4359 -0.744796 -0.222312 -1.79459 -2.65366 0.116213 1.66801 -1.8525 -2.53611 3.04177 0.189075 -0.125769 -1.51585 2.04316 -0.39707 -1.64335
1.44452 -0.744796 -0.222312 -1.79459 -2.65366 0.116213 1.66801 -1.8525 -2.53611 3.04177 0.189075 -0.125769 -1.51585 2.04316 -0.39707 -1.64335
1.45355 -0.744796 -0.222312 -1.79459 -2.65366 0.116213 1.66801 -1.8525 -2.53611 3.04177 0.189075 -0.125769 -1.51585 2.04316 -0.39707 -1.64335
1.46283 -0.744796 -0.222312 -1.79459 -2.65366 0.116213 1.66801 -1.8525 -2.53611 3.04177 0.189075 -0.125769 -1.51585 2.04316 -0.39707 -1.64335
1.47252 -0.744796 -0.222312 -1.79459 -2.65366 0.116213 1.66801 -1.8525 -2.53611 3.04177 0.189075 -0.125769 -1.51585 2.04316 -0.39707 -1.64335
1.48224 -0.744796 -0.222312 -1.79459 -2.65366 0.116213 1.66801 -1.8525 -2.53611 3.04177 0.189075 -0.125769 -1.51585 2.04316 -0.39707 -1.64335
1.49236 -0.744796 -0.222312 -1.79459 -2.65366 0.116213 1.66801 -1.8525 -2.53611 3.04177 0.189075 -0.125769 -1.51585 2.04316 -0.39707 -1.64335
1.50281 -0.744796 -0.222312 -1.79459 -2.65366 0.116213 1.66801 -1.8525 -2.53611 3.04177 0.189075 -0.125769 -1.51585 2.04316 -0.39707 -1.64335
1.51383 -0.744796 -0.222312 -1.79459 -2.65366 0.116213 1.66801 -1.8525 -2.53611 3.04177 0.189075 -0.125769 -1.51585 2.04316 -0.39707 -1.64335
1.52496 -0.744796 -0.222312 -1.79459 -2.65366 0.116213 1.66801 -1.8525 -2.53611 3.04177 0.189075 -0.125769 -1.51585 2.04316 -0.39707 -1.64335
1.53663 -0.744796 -0.222312 -1.79459 -2.65366 0.116213 1.66801 -1.8525 -2.53611 3.04177 0.189075 -0.125769 -1.51585 2.04316 -0.39707 -1.64335
1.54862 -0.744796 -0.222312 -1.79459 -2.65366 0.116213 1.66801 -1.8525 -2.53611 3.04177 0.189075 -0.125769 -1.51585 2.04316 -0.39707 -1.64335
1.5613 -0.744796 -0.222312 -1.79459 -2.65366 0.116213 1.66801 -1.8525 -2.53611 3.04177 0.189075 -0.125769 -1.51585 2.04316 -0.39707 -1.64335
1.57394 -0.744796 -0.222312 -1.79459 -2.65366 0.116213 1.66801 -1.8525 -2.53611 3.04177 0.189075 -0.125769 -1.51585 2.04316 -0.39707 -1.64335
1.58715 -0.744796 -0.222312 -1.79459 -2.65366 0.116213 1.66801 -1.8525 -2.53611 3.04177 0.189075 -0.125769 -1.51585 2.04316 -0.39707 -1.64335
1.60052 -0.744796 -0.222312 -1.79459 -2.65366 0.116213 1.66801 -1.8525 -2.53611 3.04177 0.189075 -0.125769 -1.51585 2.04316 -0.39707 -1.64335
1.70576 -0.744796 -0.222312 -1.79459 -2.65366 0.116213 1.66801 -1.8525 -2.53611 3.04177 0.189075 -0.125769 -1.51585 2.04316 -0.39707 -1.64335
1.70432 -0.744796 -0.222312 -1.79459 -2.65366 0.116213 1.66801 -1.8525 -2.53611 3.04177 0.189075 -0.125769 -1.51585 2.04316 -0.39707 -1.64335
1.70285 -0.744796 -0.222312 -1.79459 -2.65366 0.116213 1.66801 -1.8525 -2.53611 3.04177 0.189075 -0.125769 -1.51585 2.04316 -0.39707 -1.64335
1.70145 -0.744796 -0.222312 -1.79459 -2.65366 0.116213 1.66801 -1.8525 -2.53611 3.04177 0.189075 -0.125769 -1.51585 2.04316 -0.39707 -1.64335
1.69977 -0.744796 -0.222312 -1.79459 -2.65366 0.116213 1.66801 -1.8525 -2.53611 3.04177 0.189075 -0.125769 -1.51585 2.04316 -0.39707 -1.64335
1.69793 -0.744796 -0.222312 -1.79459 -2.65366 0.116213 1.66801 -1.8525 -2.53611 3.04177 0.189075 -0.125769 -1.51585 2.04316 -0.39707 -1.64335
1.69603 -0.744796 -0.222312 -1.79459 -2.65366 0.116213 1.66801 -1.8525 -2.53611 3.04177 0.189075 -0.125769 -1.51585 2.04316 -0.39707 -1.64335
1.69409 -0.744796 -0.222312 -1.79459 -2.65366 0.116213 1.66801 -1.8525 -2.53611 3.04177 0.189075 -0.125769 -1.51585 2.04316 -0.39707 -1.64335
1.69214 -0.744796 -0.222312 -1.79459 -2.65366 0.116213 1.66801 -1.8525 -2.53611 3.04177 0.189075 -0.125769 -1.51585 2.04316 -0.39707 -1.64335
1.69017 -0.744796 -0.222312 -1.79459 -2.65366 0.116213 1.66801 -1.8525 -2.53611 3.04177 0.189075 -0.125769 -1.51585 2.04316 -0.39707 -1.64335
1.68821 -0.744796 -0.222312 -1.79459 -2.65366 0.116213 1.66801 -1.8525 -2.53611 3.04177 0.189075 -0.125769 -1.51585 2.04316 -0.39707 -1.64335
1.68627 -0.744796 -0.222312 -1.79459 -2.65366 0.116213 1.66801 -1.8525 -2.53611 3.04177 0.189075 -0.125769 -1.51585 2.04316 -0.39707 -1.64335
1.68433 -0.744796 -0.222312 -1.79459 -2.65366 0.116213 1.66801 -1.8525 -2.53611 3.04177 0.189075 -0.125769 -1.51585 2.04316 -0.39707 -1.64335
1.68239 -0.744796 -0.222312 -1.79459 -2.65366 0.116213 1.66801 -1.8525 -2.53611 3.04177 0.189075 -0.125769 -1.51585 2.04316 -0.39707 -1.64335
1.68046 -0.744796 -0.222312 -1.79459 -2.65366 0.116213 1.66801 -1.8525 -2.53611 3.04177 0.189075 -0.125769 -1.51585 2.04316 -0.39707 -1.64335
1.67853 -0.744796 -0.222312 -1.79459 -2.65366 0.116213 1.66801 -1.8525 -2.53611 3.04177 0.189075 -0.125769 -1.51585 2.04316 -0.39707 -1.64335
1.67484 -0.744796 -0.222312 -1.79459 -2.65366 0.116213 1.66801 -1.8525 -2.53611 3.04177 0.189075 -0.125769 -1.51585 2.04316 -0.39707 -1.64335
1.67109 -0.744796 -0.222312 -1.79459 -2.65366 0.116213 1.66801 -1.8525 -2.53611 3.04177 0.189075 -0.125769 -1.51585 2.04316 -0.39707 -1.64335
1.66739 -0.744796 -0.222312 -1.79459 -2.65366 0.116213 1.66801 -1.8525 -2.53611 3.04177 0.189075 -0.125769 -1.51585 2.04316 -0.39707 -1.64335
1.66363 -0.744796 -0.222312 -1.79459 -2.65366 0.116213 1.66801 -1.8525 -2.53611 3.04177 0.189075 -0.125769 -1.51585 2.04316 -0.39707 -1.64335
1.6599 -0.744796 -0.222312 -1.79459 -2.65366 0.116213 1.66801 -1.8525 -2.53611 3.04177 0.189075 -0.125769 -1.51585 2.04316 -0.39707 -1.64335
1.65612 -0.744796 -0.222312 -1.79459 -2.65366 0.116213 1.66801 -1.8525 -2.53611 3.04177 0.189075 -0.125769 -1.51585 2.04316 -0.39707 -1.64335
1.65235 -0.744796 -0.222312 -1.79459 -2.65366 0.116213 1.66801 -1.8525 -2.53611 3.04177 0.189075 -0.125769 -1.51585 2.04316 -0.39707 -1.64335
1.64855 -0.744796 -0.222312 -1.79459 -2.65366 0.116213 1.66801 -1.8525 -2.53611 3.04177 0.189075 -0.125769 -1.51585 2.04316 -0.39707 -1.64335
1.64471 -0.744796 -0.222312 -1.79459 -2.65366 0.116213 1.66801 -1.8525 -2.53611 3.04177 0.189075 -0.125769 -1.51585 2.04316 -0.39707 -1.64335
1.64088 -0.744796 -0.222312 -1.79459 -2.65366 0.116213 1.66801 -1.8525 -2.53611 3.04177 0.189075 -0.125769 -1.51585 2.04316 -0.39707 -1.64335
1.63699 -0.744796 -0.222312 -1.79459 -2.65366 0.116213 1.66801 -1.8525 -2.53611 3.04177 0.189075 -0.125769 -1.51585 2.04316 -0.39707 -1.64335
1.63319 -0.744796 -0.222312 -1.79459 -2.65366 0.116213 1.66801 -1.8525 -2.53611 3.04177 0.189075 -0.125769 -1.51585 2.04316 -0.39707 -1.64335
1.62926 -0.744796 -0.222312 -1.79459 -2.65366 0.116213 1.66801 -1.8525 -2.53611 3.04177 0.189075 -0.125769 -1.51585 2.04316 -0.39707 -1.64335
1.62539 -0.744796 -0.222312 -1.79459 -2.65366 0.116213 1.66801 -1.8525 -2.53611 3.04177 0.189075 -0.125769 -1.51585 2.04316 -0.39707 -1.64335
1.62157 -0.744796 -0.222312 -1.79459 -2.65366 0.116213 1.66801 -1.8525 -2.53611 3.04177 0.189075 -0.125769 -1.51585 2.04316 -0.39707 -1.64335
1.61779 -0.744796 -0.222312 -1.79459 -2.65366 0.116213 1.66801 -1.8525 -2.53611 3.04177 0.189075 -0.125769 -1.51585 2.04316 -0.39707 -1.64335
1.61395 -0.744796 -0.222312 -1.79459 -2.65366 0.116213 1.66801 -1.8525 -2.53611 3.04177 0.189075 -0.125769 -1.51585 2.04316 -0.39707 -1.64335
1.61002 -0.744796 -0.222312 -1.79459 -2.65366 0.116213 1.66801 -1.8525 -2.53611 3.04177 0.189075 -0.125769 -1.51585 2.04316 -0.39707 -1.64335
1.60607 -0.744796 -0.222312 -1.79459 -2.65366 0.116213 1.66801 -1.8525 -2.53611 3.04177 0.189075 -0.125769 -1.51585 2.04316 -0.39707 -1.64335
1.60206 -0.744796 -0.222312 -1.79459 -2.65366 0.116213 1.66801 -1.8525 -2.53611 3.04177 0.189075 -0.125769 -1.51585 2.04316 -0.39707 -1.64335
1.59808 -0.744796 -0.222312 -1.79459 -2.65366 0.116213 1.66801 -1.8525 -2.53611 3.04177 0.189075 -0.125769 -1.51585 2.04316 -0.39707 -1.64335
1.59414 -0.744796 -0.222312 -1.79459 -2.65366 0.116213 1.66801 -1.8525 -2.53611 3.04177 0.189075 -0.125769 -1.51585 2.04316 -0.39707 -1.64335
1.59014 -0.744796 -0.222312 -1.79459 -2.65366 0.116213 1.66801 -1.8525 -2.53611 3.04177 0.189075 -0.125769 -1.51585 2.04316 -0.39707 -1.64335
1.58614 -0.744796 -0.222312 -1.79459 -2.65366 0.116213 1.66801 -1.8525 -2.53611 3.04177 0.189075 -0.125769 -1.51585 2.04316 -0.39707 -1.64335
1.58213 -0.744796 -0.222312 -1.79459 -2.65366 0.116213 1.66801 -1.8525 -2.53611 3.04177 0.189075 -0.125769 -1.51585 2.04316 -0.39707 -1.64335
1.57813 -0.744796 -0.222312 -1.79459 -2.65366 0.116213 1.66801 -1.8525 -2.53611 3.04177 0.189075 -0.125769 -1.51585 2.04316 -0.39707 -1.64335
1.57412 -0.744796 -0.222312 -1.79459 -2.65366 0.116213 1.66801 -1.8525 -2.53611 3.04177 0.189075 -0.125769 -1.51585 2.04316 -0.39707 -1.64335
1.57004 -0.744796 -0.222312 -1.79459 -2.65366 0.116213 1.66801 -1.8525 -2.53611 3.04177 0.189075 -0.125769 -1.51585 2.04316 -0.39707 -1.64335
1.566 -0.744796 -0.222312 -1.79459 -2.65366 0.116213 1.66801 -1.8525 -2.53611 3.04177 0.189075 -0.125769 -1.51585 2.04316 -0.39707 -1.64335
1.56179 -0.744796 -0.222312 -1.79459 -2.65366 0.116213 1.66801 -1.8525 -2.53611 3.04177 0.189075 -0.125769 -1.51585 2.04316 -0.39707 -1.64335
1.55769 -0.744796 -0.222312 -1.79459 -2.65366 0.116213 1.66801 -1.8525 -2.53611 3.04177 0.189075 -0.125769 -1.51585 2.04316 -0.39707 -1.64335
1.55352 -0.744796 -0.222312 -1.79459 -2.65366 0.116213 1.66801 -1.8525 -2.53611 3.04177 0.189075 -0.125769 -1.51585 2.04316 -0.39707 -1.64335
1.54935 -0.744796 -0.222312 -1.79459 -2.65366 0.116213 1.66801 -1.8525 -2.53611 3.04177 0.189075 -0.125769 -1.51585 2.04316 -0.39707 -1.64335
1.54519 -0.744796 -0.222312 -1.79459 -2.65366 0.116213 1.66801 -1.8525 -2.53611 3.04177 0.189075 -0.125769 -1.51585 2.04316 -0.39707 -1.64335
1.54107 -0.744796 -0.222312 -1.79459 -2.65366 0.116213 1.66801 -1.8525 -2.53611 3.04177 0.189075 -0.125769 -1.51585 2.04316 -0.39707 -1.64335
1.53698 -0.744796 -0.222312 -1.79459 -2.65366 0.116213 1.66801 -1.8525 -2.53611 3.04177 0.189075 -0.125769 -1.51585 2.04316 -0.39707 -1.64335
1.53284 -0.744796 -0.222312 -1.79459 -2.65366 0.116213 1.66801 -1.8525 -2.53611 3.04177 0.189075 -0.125769 -1.51585 2.04316 -0.39707 -1.64335
1.52863 -0.744796 -0.222312 -1.79459 -2.65366 0.116213 1.66801 -1.8525 -2.53611 3.04177 0.189075 -0.125769 -1.51585 2.04316 -0.39707 -1.64335
1.52439 -0.744796 -0.222312 -1.79459 -2.65366 0.116213 1.66801 -1.8525 -2.53611 3.04177 0.189075 -0.125769 -1.51585 2.04316 -0.39707 -1.64335
1.5202 -0.744796 -0.222312 -1.79459 -2.65366 0.116213 1.66801 -1.8525 -2.53611 3.04177 0.189075 -0.125769 -1.51585 2.04316 -0.39707 -1.64335
1.51595 -0.744796 -0.222312 -1.79459 -2.65366 0.116213 1.66801 -1.8525 -2.53611 3.04177 0.189075 -0.125769 -1.51585 2.04316 -0.39707 -1.64335
1.51168 -0.744796 -0.222312 -1.79459 -2.65366 0.116213 1.66801 -1.8525 -2.53611 3.04177 0.189075 -0.125769 -1.51585 2.04316 -0.39707 -1.64335
1.50741 -0.744796 -0.222312 -1.79459 -2.65366 0.116213 1.66801 -1.8525 -2.53611 3.04177 0.189075 -0.125769 -1.51585 2.04316 -0.39707 -1.64335
1.50321 -0.744796 -0.222312 -1.79459 -2.65366 0.116213 1.66801 -1.8525 -2.53611 3.04177 0.189075 -0.125769 -1.51585 2.04316 -0.39707 -1.64335
1.49897 -0.744796 -0.222312 -1.79459 -2.65366 0.116213 1.66801 -1.8525 -2.53611 3.04177 0.189075 -0.125769 -1.51585 2.04316 -0.39707 -1.64335
1.49467 -0.744796 -0.222312 -1.79459 -2.65366 0.116213 1.66801 -1.8525 -2.53611 3.04177 0.189075 -0.125769 -1.51585 2.04316 -0.39707 -1.64335
1.49039 -0.744796 -0.222312 -1.79459 -2.65366 0.116213 1.66801 -1.8525 -2.53611 3.04177 0.189075 -0.125769 -1.51585 2.04316 -0.39707 -1.64335
1.4861 -0.744796 -0.222312 -1.79459 -2.65366 0.116213 1.66801 -1.8525 -2.53611 3.04177 0.189075 -0.125769 -1.51585 2.04316 -0.39707 -1.64335
1.48177 -0.744796 -0.222312 -1.79459 -2.65366 0.116213 1.66801 -1.8525 -2.53611 3.04177 0.189075 -0.125769 -1.51585 2.04316 -0.39707 -1.64335
1.47751 -0.744796 -0.222312 -1.79459 -2.65366 0.116213 1.66801 -1.8525 -2.53611 3.04177 0.189075 -0.125769 -1.51585 2.04316 -0.39707 -1.64335
1.47315 -0.744796 -0.222312 -1.79459 -2.65366 0.116213 1.66801 -1.8525 -2.53611 3.04177 0.189075 -0.125769 -1.51585 2.04316 -0.39707 -1.64335
1.46875 -0.744796 -0.222312 -1.79459 -2.65366 0.116213 1.66801 -1.8525 -2.53611 3.04177 0.189075 -0.125769 -1.51585 2.04316 -0.39707 -1.64335
1.46432 -0.744796 -0.222312 -1.79459 -2.65366 0.116213 1.66801 -1.8525 -2.53611 3.04177 0.189075 -0.125769 -1.51585 2.04316 -0.39707 -1.64335
1.45991 -0.744796 -0.222312 -1.79459 -2.65366 0.116213 1.66801 -1.8525 -2.53611 3.04177 0.189075 -0.125769 -1.51585 2.04316 -0.39707 -1.64335
1.45547 -0.744796 -0.222312 -1.79459 -2.65366 0.116213 1.66801 -1.8525 -2.53611 3.04177 0.189075 -0.125769 -1.51585 2.04316 -0.39707 -1.64335
1.45098 -0.744796 -0.222312 -1.79459 -2.65366 0.116213 1.66801 -1.8525 -2.53611 3.04177 0.189075 -0.125769 -1.51585 2.04316 -0.39707 -1.64335
1.44646 -0.744796 -0.222312 -1.79459 -2.65366 0.116213 1.66801 -1.8525 -2.53611 3.04177 0.189075 -0.125769 -1.51585 2.04316 -0.39707 -1.64335
1.44198 -0.744796 -0.222312 -1.79459 -2.65366 0.116213 1.66801 -1.8525 -2.53611 3.04177 0.189075 -0.125769 -1.51585 2.04316 -0.39707 -1.64335
1.43749 -0.744796 -0.222312 -1.79459 -2.65366 0.116213 1.66801 -1.8525 -2.53611 3.04177 0.189075 -0.125769 -1.51585 2.04316 -0.39707 -1.64335
1.433 -0.744796 -0.222312 -1.79459 -2.65366 0.116213 1.66801 -1.8525 -2.53611 3.04177 0.189075 -0.125769 -1.51585 2.04316 -0.39707 -1.64335
1.42846 -0.744796 -0.222312 -1.79459 -2.65366 0.116213 1.66801 -1.8525 -2.53611 3.04177 0.189075 -0.125769 -1.51585 2.04316 -0.39707 -1.64335
1.42392 -0.744796 -0.222312 -1.79459 -2.65366 0.116213 1.66801 -1.8525 -2.53611 3.04177 0.189075 -0.125769 -1.51585 2.04316 -0.39707 -1.64335
1.4194 -0.744796 -0.222312 -1.79459 -2.65366 0.116213 1.66801 -1.8525 -2.53611 3.04177 0.189075 -0.125769 -1.51585 2.04316 -0.39707 -1.64335
1.41486 -0.744796 -0.222312 -1.79459 -2.65366 0.116213 1.66801 -1.8525 -2.53611 3.04177 0.189075 -0.125769 -1.51585 2.04316 -0.39707 -1.64335
1.41028 -0.744796 -0.222312 -1.79459 -2.65366 0.116213 1.66801 -1.8525 -2.53611 3.04177 0.189075 -0.125769 -1.51585 2.04316 -0.39707 -1.64335
1.40573 -0.744796 -0.222312 -1.79459 -2.65366 0.116213 1.66801 -1.8525 -2.53611 3.04177 0.189075 -0.125769 -1.51585 2.04316 -0.39707 -1.64335
1.40115 -0.744796 -0.222312 -1.79459 -2.65366 0.116213 1.66801 -1.8525 -2.53611 3.04177 0.189075 -0.125769 -1.51585 2.04316 -0.39707 -1.64335
1.39648 -0.744796 -0.222312 -1.79459 -2.65366 0.116213 1.66801 -1.8525 -2.53611 3.04177 0.189075 -0.125769 -1.51585 2.04316 -0.39707 -1.64335
1.39184 -0.744796 -0.222312 -1.79459 -2.65366 0.116213 1.66801 -1.8525 -2.53611 3.04177 0.189075 -0.125769 -1.51585 2.04316 -0.39707 -1.64335
1.38715 -0.744796 -0.222312 -1.79459 -2.65366 0.116213 1.66801 -1.8525 -2.53611 3.04177 0.189075 -0.125769 -1.51585 2.04316 -0.39707 -1.64335
1.38252 -0.744796 -0.222312 -1.79459 -2.65366 0.116213 1.66801 -1.8525 -2.53611 3.04177 0.189075 -0.125769 -1.51585 2.04316 -0.39707 -1.64335
1.37782 -0.744796 -0.222312 -1.79459 -2.65366 0.116213 1.66801 -1.8525 -2.53611 3.04177 0.189075 -0.125769 -1.51585 2.04316 -0.39707 -1.64335
1.37314 -0.744796 -0.222312 -1.79459 -2.65366 0.116213 1.66801 -1.8525 -2.53611 3.04177 0.189075 -0.125769 -1.51585 2.04316 -0.39707 -1.64335
1.36834 -0.744796 -0.222312 -1.79459 -2.65366 0.116213 1.66801 -1.8525 -2.53611 3.04177 0.189075 -0.125769 -1.51585 2.04316 -0.39707 -1.64335
1.36358 -0.744796 -0.222312 -1.79459 -2.65366 0.116213 1.66801 -1.8525 -2.53611 3.04177 0.189075 -0.125769 -1.51585 2.04316 -0.39707 -1.64335
1.3588 -0.744796 -0.222312 -1.79459 -2.65366 0.116213 1.66801 -1.8525 -2.53611 3.04177 0.189075 -0.125769 -1.51585 2.04316 -0.39707 -1.64335
1.35394 -0.744796 -0.222312 -1.79459 -2.65366 0.116213 1.66801 -1.8525 -2.53611 3.04177 0.189075 -0.125769 -1.51585 2.04316 -0.39707 -1.64335
1.34895 -0.744796 -0.222312 -1.79459 -2.65366 0.116213 1.66801 -1.8525 -2.53611 3.04177 0.189075 -0.125769 -1.51585 2.04316 -0.39707 -1.64335
1.34411 -0.744796 -0.222312 -1.79459 -2.65366 0.116213 1.66801 -1.8525 -2.53611 3.04177 0.189075 -0.125769 -1.51585 2.04316 -0.39707 -1.64335
