7.542
7.552
7.563
7.573
7.583
7.594
7.604
7.615
7.625
7.637
7.658
7.678
7.699
7.719
7.74
7.76
7.781
7.801
7.822
7.843
7.882
7.921
7.959
7.998
8.036
8.076
8.115
8.154
8.193
8.232
8.272
8.31
8.348
8.386
8.425
8.463
8.501
8.539
8.578
8.616
8.656
8.694
8.733
8.771
8.81
8.849
8.888
8.927
8.966
9.006
9.045
9.084
9.122
9.161
18.202
18.212
18.222
18.233
18.243
18.254
18.264
18.274
18.285
18.297
18.318
18.338
18.359
18.379
18.4
18.42
18.459
18.498
18.536
18.575
18.614
18.652
18.691
18.73
18.769
18.809
18.849
18.887
18.926
18.964
19.002
19.041
19.079
19.118
19.157
19.196
19.235
19.273
19.312
19.351
19.389
19.428
19.466
19.505
19.544
19.584
19.623
19.662
19.701
19.74
19.778
19.817
19.855
19.894
19.933
19.972
20.011
20.05
20.089
20.127
20.166
20.204
20.243
20.281
20.32
20.359
20.397
20.436
20.475
20.514
20.554
20.592
20.631
20.67
20.709
20.748
20.786
20.825
20.863
20.902
20.94
20.978
21.017
21.056
21.095
21.133
21.172
21.21
21.249
21.288
21.327
21.366
21.406
21.446
21.485
