1.4682 0.810487 1.15797 1.74698 -1.72491 0.829655 -0.196128 -1.59842 -2.29938 -1.69527 1.16511 2.0481 0.982099 -0.475553 -1.91905 1.59376
1.4682 0.810487 1.15797 1.74698 -1.72491 0.829655 -0.196128 -1.59842 -2.29938 -1.69527 1.16511 2.0481 0.982099 -0.475553 -1.91905 1.59376
1.4682 0.810487 1.15797 1.74698 -1.72491 0.829655 -0.196128 -1.59842 -2.29938 -1.69527 1.16511 2.0481 0.982099 -0.475553 -1.91905 1.59376
1.4682 0.810487 1.15797 1.74698 -1.72491 0.829655 -0.196128 -1.59842 -2.29938 -1.69527 1.16511 2.0481 0.982099 -0.475553 -1.91905 1.59376
1.4682 0.810487 1.15797 1.74698 -1.72491 0.829655 -0.196128 -1.59842 -2.29938 -1.69527 1.16511 2.0481 0.982099 -0.475553 -1.91905 1.59376
1.4682 0.810487 1.15797 1.74698 -1.72491 0.829655 -0.196128 -1.59842 -2.29938 -1.69527 1.16511 2.0481 0.982099 -0.475553 -1.91905 1.59376
1.4682 0.810487 1.15797 1.74698 -1.72491 0.829655 -0.196128 -1.59842 -2.29938 -1.69527 1.16511 2.0481 0.982099 -0.475553 -1.91905 1.59376
1.4682 0.810487 1.15797 1.74698 -1.72491 0.829655 -0.196128 -1.59842 -2.29938 -1.69527 1.16511 2.0481 0.982099 -0.475553 -1.91905 1.59376
1.4682 0.810487 1.15797 1.74698 -1.72491 0.829655 -0.196128 -1.59842 -2.29938 -1.69527 1.16511 2.0481 0.982099 -0.475553 -1.91905 1.59376
1.4682 0.810487 1.15797 1.74698 -1.72491 0.829655 -0.196128 -1.59842 -2.29938 -1.69527 1.16511 2.0481 0.982099 -0.475553 -1.91905 1.59376
1.4682 0.810487 1.15797 1.74698 -1.72491 0.829655 -0.196128 -1.59842 -2.29938 -1.69527 1.16511 2.0481 0.982099 -0.475553 -1.91905 1.59376
1.46816 0.810487 1.15797 1.74698 -1.72491 0.829655 -0.196128 -1.59842 -2.29938 -1.69527 1.16511 2.0481 0.982099 -0.475553 -1.91905 1.59376
1.46808 0.810487 1.15797 1.74698 -1.72491 0.829655 -0.196128 -1.59842 -2.29938 -1.69527 1.16511 2.0481 0.982099 -0.475553 -1.91905 1.59376
1.46805 0.810487 1.15797 1.74698 -1.72491 0.829655 -0.196128 -1.59842 -2.29938 -1.69527 1.16511 2.0481 0.982099 -0.475553 -1.91905 1.59376
1.46805 0.810487 1.15797 1.74698 -1.72491 0.829655 -0.196128 -1.59842 -2.29938 -1.69527 1.16511 2.0481 0.982099 -0.475553 -1.91905 1.59376
1.46805 0.810487 1.15797 1.74698 -1.72491 0.829655 -0.196128 -1.59842 -2.29938 -1.69527 1.16511 2.0481 0.982099 -0.475553 -1.91905 1.59376
1.46805 0.810487 1.15797 1.74698 -1.72491 0.829655 -0.196128 -1.59842 -2.29938 -1.69527 1.16511 2.0481 0.982099 -0.475553 -1.91905 1.59376
1.46805 0.810487 1.15797 1.74698 -1.72491 0.829655 -0.196128 -1.59842 -2.29938 -1.69527 1.16511 2.0481 0.982099 -0.475553 -1.91905 1.59376
1.46805 0.810487 1.15797 1.74698 -1.72491 0.829655 -0.196128 -1.59842 -2.29938 -1.69527 1.16511 2.0481 0.982099 -0.475553 -1.91905 1.59376
1.46805 0.810487 1.15797 1.74698 -1.72491 0.829655 -0.196128 -1.59842 -2.29938 -1.69527 1.16511 2.0481 0.982099 -0.475553 -1.91905 1.59376
1.46838 0.810487 1.15797 1.74698 -1.72491 0.829655 -0.196128 -1.59842 -2.29938 -1.69527 1.16511 2.0481 0.982099 -0.475553 -1.91905 1.59376
1.46844 0.810487 1.15797 1.74698 -1.72491 0.829655 -0.196128 -1.59842 -2.29938 -1.69527 1.16511 2.0481 0.982099 -0.475553 -1.91905 1.59376
1.46847 0.810487 1.15797 1.74698 -1.72491 0.829655 -0.196128 -1.59842 -2.29938 -1.69527 1.16511 2.0481 0.982099 -0.475553 -1.91905 1.59376
1.46848 0.810487 1.15797 1.74698 -1.72491 0.829655 -0.196128 -1.59842 -2.29938 -1.69527 1.16511 2.0481 0.982099 -0.475553 -1.91905 1.59376
1.46849 0.810487 1.15797 1.74698 -1.72491 0.829655 -0.196128 -1.59842 -2.29938 -1.69527 1.16511 2.0481 0.982099 -0.475553 -1.91905 1.59376
1.46849 0.810487 1.15797 1.74698 -1.72491 0.829655 -0.196128 -1.59842 -2.29938 -1.69527 1.16511 2.0481 0.982099 -0.475553 -1.91905 1.59376
1.4685 0.810487 1.15797 1.74698 -1.72491 0.829655 -0.196128 -1.59842 -2.29938 -1.69527 1.16511 2.0481 0.982099 -0.475553 -1.91905 1.59376
1.4685 0.810487 1.15797 1.74698 -1.72491 0.829655 -0.196128 -1.59842 -2.29938 -1.69527 1.16511 2.0481 0.982099 -0.475553 -1.91905 1.59376
1.4685 0.810487 1.15797 1.74698 -1.72491 0.829655 -0.196128 -1.59842 -2.29938 -1.69527 1.16511 2.0481 0.982099 -0.475553 -1.91905 1.59376
1.4685 0.810487 1.15797 1.74698 -1.72491 0.829655 -0.196128 -1.59842 -2.29938 -1.69527 1.16511 2.0481 0.982099 -0.475553 -1.91905 1.59376
1.4685 0.810487 1.15797 1.74698 -1.72491 0.829655 -0.196128 -1.59842 -2.29938 -1.69527 1.16511 2.0481 0.982099 -0.475553 -1.91905 1.59376
1.4685 0.810487 1.15797 1.74698 -1.72491 0.829655 -0.196128 -1.59842 -2.29938 -1.69527 1.16511 2.0481 0.982099 -0.475553 -1.91905 1.59376
1.4685 0.810487 1.15797 1.74698 -1.72491 0.829655 -0.196128 -1.59842 -2.29938 -1.69527 1.16511 2.0481 0.982099 -0.475553 -1.91905 1.59376
1.46851 0.810487 1.15797 1.74698 -1.72491 0.829655 -0.196128 -1.59842 -2.29938 -1.69527 1.16511 2.0481 0.982099 -0.475553 -1.91905 1.59376
1.46851 0.810487 1.15797 1.74698 -1.72491 0.829655 -0.196128 -1.59842 -2.29938 -1.69527 1.16511 2.0481 0.982099 -0.475553 -1.91905 1.59376
1.46851 0.810487 1.15797 1.74698 -1.72491 0.829655 -0.196128 -1.59842 -2.29938 -1.69527 1.16511 2.0481 0.982099 -0.475553 -1.91905 1.59376
1.46851 0.810487 1.15797 1.74698 -1.72491 0.829655 -0.196128 -1.59842 -2.29938 -1.69527 1.16511 2.0481 0.982099 -0.475553 -1.91905 1.59376
1.46851 0.810487 1.15797 1.74698 -1.72491 0.829655 -0.196128 -1.59842 -2.29938 -1.69527 1.16511 2.0481 0.982099 -0.475553 -1.91905 1.59376
1.46851 0.810487 1.15797 1.74698 -1.72491 0.829655 -0.196128 -1.59842 -2.29938 -1.69527 1.16511 2.0481 0.982099 -0.475553 -1.91905 1.59376
1.46851 0.810487 1.15797 1.74698 -1.72491 0.829655 -0.196128 -1.59842 -2.29938 -1.69527 1.16511 2.0481 0.982099 -0.475553 -1.91905 1.59376
1.46851 0.810487 1.15797 1.74698 -1.72491 0.829655 -0.196128 -1.59842 -2.29938 -1.69527 1.16511 2.0481 0.982099 -0.475553 -1.91905 1.59376
1.46851 0.810487 1.15797 1.74698 -1.72491 0.829655 -0.196128 -1.59842 -2.29938 -1.69527 1.16511 2.0481 0.982099 -0.475553 -1.91905 1.59376
1.46851 0.810487 1.15797 1.74698 -1.72491 0.829655 -0.196128 -1.59842 -2.29938 -1.69527 1.16511 2.0481 0.982099 -0.475553 -1.91905 1.59376
1.46851 0.810487 1.15797 1.74698 -1.72491 0.829655 -0.196128 -1.59842 -2.29938 -1.69527 1.16511 2.0481 0.982099 -0.475553 -1.91905 1.59376
1.46852 0.810487 1.15797 1.74698 -1.72491 0.829655 -0.196128 -1.59842 -2.29938 -1.69527 1.16511 2.0481 0.982099 -0.475553 -1.91905 1.59376
1.46852 0.810487 1.15797 1.74698 -1.72491 0.829655 -0.196128 -1.59842 -2.29938 -1.69527 1.16511 2.0481 0.982099 -0.475553 -1.91905 1.59376
1.46852 0.810487 1.15797 1.74698 -1.72491 0.829655 -0.196128 -1.59842 -2.29938 -1.69527 1.16511 2.0481 0.982099 -0.475553 -1.91905 1.59376
1.46852 0.810487 1.15797 1.74698 -1.72491 0.829655 -0.196128 -1.59842 -2.29938 -1.69527 1.16511 2.0481 0.982099 -0.475553 -1.91905 1.59376
1.46852 0.810487 1.15797 1.74698 -1.72491 0.829655 -0.196128 -1.59842 -2.29938 -1.69527 1.16511 2.0481 0.982099 -0.475553 -1.91905 1.59376
1.46852 0.810487 1.15797 1.74698 -1.72491 0.829655 -0.196128 -1.59842 -2.29938 -1.69527 1.16511 2.0481 0.982099 -0.475553 -1.91905 1.59376
1.46852 0.810487 1.15797 1.74698 -1.72491 0.829655 -0.196128 -1.59842 -2.29938 -1.69527 1.16511 2.0481 0.982099 -0.475553 -1.91905 1.59376
1.46852 0.810487 1.15797 1.74698 -1.72491 0.829655 -0.196128 -1.59842 -2.29938 -1.69527 1.16511 2.0481 0.982099 -0.475553 -1.91905 1.59376
1.46852 0.810487 1.15797 1.74698 -1.72491 0.829655 -0.196128 -1.59842 -2.29938 -1.69527 1.16511 2.0481 0.982099 -0.475553 -1.91905 1.59376
1.46852 0.810487 1.15797 1.74698 -1.72491 0.829655 -0.196128 -1.59842 -2.29938 -1.69527 1.16511 2.0481 0.982099 -0.475553 -1.91905 1.59376
1.46852 0.810487 1.15797 1.74698 -1.72491 0.829655 -0.196128 -1.59842 -2.29938 -1.69527 1.16511 2.0481 0.982099 -0.475553 -1.91905 1.59376
1.46852 0.810487 1.15797 1.74698 -1.72491 0.829655 -0.196128 -1.59842 -2.29938 -1.69527 1.16511 2.0481 0.982099 -0.475553 -1.91905 1.59376
1.46852 0.810487 1.15797 1.74698 -1.72491 0.829655 -0.196128 -1.59842 -2.29938 -1.69527 1.16511 2.0481 0.982099 -0.475553 -1.91905 1.59376
1.46852 0.810487 1.15797 1.74698 -1.72491 0.829655 -0.196128 -1.59842 -2.29938 -1.69527 1.16511 2.0481 0.982099 -0.475553 -1.91905 1.59376
1.46852 0.810487 1.15797 1.74698 -1.72491 0.829655 -0.196128 -1.59842 -2.29938 -1.69527 1.16511 2.0481 0.982099 -0.475553 -1.91905 1.59376
1.46852 0.810487 1.15797 1.74698 -1.72491 0.829655 -0.196128 -1.59842 -2.29938 -1.69527 1.16511 2.0481 0.982099 -0.475553 -1.91905 1.59376
1.46852 0.810487 1.15797 1.74698 -1.72491 0.829655 -0.196128 -1.59842 -2.29938 -1.69527 1.16511 2.0481 0.982099 -0.475553 -1.91905 1.59376
1.46852 0.810487 1.15797 1.74698 -1.72491 0.829655 -0.196128 -1.59842 -2.29938 -1.69527 1.16511 2.0481 0.982099 -0.475553 -1.91905 1.59376
1.46852 0.810487 1.15797 1.74698 -1.72491 0.829655 -0.196128 -1.59842 -2.29938 -1.69527 1.16511 2.0481 0.982099 -0.475553 -1.91905 1.59376
1.46852 0.810487 1.15797 1.74698 -1.72491 0.829655 -0.196128 -1.59842 -2.29938 -1.69527 1.16511 2.0481 0.982099 -0.475553 -1.91905 1.59376
1.46852 0.810487 1.15797 1.74698 -1.72491 0.829655 -0.196128 -1.59842 -2.29938 -1.69527 1.16511 2.0481 0.982099 -0.475553 -1.91905 1.59376
1.46852 0.810487 1.15797 1.74698 -1.72491 0.829655 -0.196128 -1.59842 -2.29938 -1.69527 1.16511 2.0481 0.982099 -0.475553 -1.91905 1.59376
1.46852 0.810487 1.15797 1.74698 -1.72491 0.829655 -0.196128 -1.59842 -2.29938 -1.69527 1.16511 2.0481 0.982099 -0.475553 -1.91905 1.59376
1.46852 0.810487 1.15797 1.74698 -1.72491 0.829655 -0.196128 -1.59842 -2.29938 -1.69527 1.16511 2.0481 0.982099 -0.475553 -1.91905 1.59376
1.46852 0.810487 1.15797 1.74698 -1.72491 0.829655 -0.196128 -1.59842 -2.29938 -1.69527 1.16511 2.0481 0.982099 -0.475553 -1.91905 1.59376
1.46852 0.810487 1.15797 1.74698 -1.72491 0.829655 -0.196128 -1.59842 -2.29938 -1.69527 1.16511 2.0481 0.982099 -0.475553 -1.91905 1.59376
1.53335 0.810487 1.15797 1.74698 -1.72491 0.829655 -0.196128 -1.59842 -2.29938 -1.69527 1.16511 2.0481 0.982099 -0.475553 -1.91905 1.59376
1.53375 0.810487 1.15797 1.74698 -1.72491 0.829655 -0.196128 -1.59842 -2.29938 -1.69527 1.16511 2.0481 0.982099 -0.475553 -1.91905 1.59376
1.53416 0.810487 1.15797 1.74698 -1.72491 0.829655 -0.196128 -1.59842 -2.29938 -1.69527 1.16511 2.0481 0.982099 -0.475553 -1.91905 1.59376
1.53451 0.810487 1.15797 1.74698 -1.72491 0.829655 -0.196128 -1.59842 -2.29938 -1.69527 1.16511 2.0481 0.982099 -0.475553 -1.91905 1.59376
1.53482 0.810487 1.15797 1.74698 -1.72491 0.829655 -0.196128 -1.59842 -2.29938 -1.69527 1.16511 2.0481 0.982099 -0.475553 -1.91905 1.59376
1.53511 0.810487 1.15797 1.74698 -1.72491 0.829655 -0.196128 -1.59842 -2.29938 -1.69527 1.16511 2.0481 0.982099 -0.475553 -1.91905 1.59376
1.53542 0.810487 1.15797 1.74698 -1.72491 0.829655 -0.196128 -1.59842 -2.29938 -1.69527 1.16511 2.0481 0.982099 -0.475553 -1.91905 1.59376
1.53576 0.810487 1.15797 1.74698 -1.72491 0.829655 -0.196128 -1.59842 -2.29938 -1.69527 1.16511 2.0481 0.982099 -0.475553 -1.91905 1.59376
1.53617 0.810487 1.15797 1.74698 -1.72491 0.829655 -0.196128 -1.59842 -2.29938 -1.69527 1.16511 2.0481 0.982099 -0.475553 -1.91905 1.59376
1.53664 0.810487 1.15797 1.74698 -1.72491 0.829655 -0.196128 -1.59842 -2.29938 -1.69527 1.16511 2.0481 0.982099 -0.475553 -1.91905 1.59376
1.53723 0.810487 1.15797 1.74698 -1.72491 0.829655 -0.196128 -1.59842 -2.29938 -1.69527 1.16511 2.0481 0.982099 -0.475553 -1.91905 1.59376
1.53789 0.810487 1.15797 1.74698 -1.72491 0.829655 -0.196128 -1.59842 -2.29938 -1.69527 1.16511 2.0481 0.982099 -0.475553 -1.91905 1.59376
1.53858 0.810487 1.15797 1.74698 -1.72491 0.829655 -0.196128 -1.59842 -2.29938 -1.69527 1.16511 2.0481 0.982099 -0.475553 -1.91905 1.59376
1.53929 0.810487 1.15797 1.74698 -1.72491 0.829655 -0.196128 -1.59842 -2.29938 -1.69527 1.16511 2.0481 0.982099 -0.475553 -1.91905 1.59376
1.54004 0.810487 1.15797 1.74698 -1.72491 0.829655 -0.196128 -1.59842 -2.29938 -1.69527 1.16511 2.0481 0.982099 -0.475553 -1.91905 1.59376
1.5408 0.810487 1.15797 1.74698 -1.72491 0.829655 -0.196128 -1.59842 -2.29938 -1.69527 1.16511 2.0481 0.982099 -0.475553 -1.91905 1.59376
1.54155 0.810487 1.15797 1.74698 -1.72491 0.829655 -0.196128 -1.59842 -2.29938 -1.69527 1.16511 2.0481 0.982099 -0.475553 -1.91905 1.59376
1.54233 0.810487 1.15797 1.74698 -1.72491 0.829655 -0.196128 -1.59842 -2.29938 -1.69527 1.16511 2.0481 0.982099 -0.475553 -1.91905 1.59376
1.54382 0.810487 1.15797 1.74698 -1.72491 0.829655 -0.196128 -1.59842 -2.29938 -1.69527 1.16511 2.0481 0.982099 -0.475553 -1.91905 1.59376
1.54543 0.810487 1.15797 1.74698 -1.72491 0.829655 -0.196128 -1.59842 -2.29938 -1.69527 1.16511 2.0481 0.982099 -0.475553 -1.91905 1.59376
1.54717 0.810487 1.15797 1.74698 -1.72491 0.829655 -0.196128 -1.59842 -2.29938 -1.69527 1.16511 2.0481 0.982099 -0.475553 -1.91905 1.59376
1.54891 0.810487 1.15797 1.74698 -1.72491 0.829655 -0.196128 -1.59842 -2.29938 -1.69527 1.16511 2.0481 0.982099 -0.475553 -1.91905 1.59376
1.55068 0.810487 1.15797 1.74698 -1.72491 0.829655 -0.196128 -1.59842 -2.29938 -1.69527 1.16511 2.0481 0.982099 -0.475553 -1.91905 1.59376
1.55249 0.810487 1.15797 1.74698 -1.72491 0.829655 -0.196128 -1.59842 -2.29938 -1.69527 1.16511 2.0481 0.982099 -0.475553 -1.91905 1.59376
1.55435 0.810487 1.15797 1.74698 -1.72491 0.829655 -0.196128 -1.59842 -2.29938 -1.69527 1.16511 2.0481 0.982099 -0.475553 -1.91905 1.59376
1.55633 0.810487 1.15797 1.74698 -1.72491 0.829655 -0.196128 -1.59842 -2.29938 -1.69527 1.16511 2.0481 0.982099 -0.475553 -1.91905 1.59376
1.55832 0.810487 1.15797 1.74698 -1.72491 0.829655 -0.196128 -1.59842 -2.29938 -1.69527 1.16511 2.0481 0.982099 -0.475553 -1.91905 1.59376
1.56028 0.810487 1.15797 1.74698 -1.72491 0.829655 -0.196128 -1.59842 -2.29938 -1.69527 1.16511 2.0481 0.982099 -0.475553 -1.91905 1.59376
1.56226 0.810487 1.15797 1.74698 -1.72491 0.829655 -0.196128 -1.59842 -2.29938 -1.69527 1.16511 2.0481 0.982099 -0.475553 -1.91905 1.59376
1.56457 0.810487 1.15797 1.74698 -1.72491 0.829655 -0.196128 -1.59842 -2.29938 -1.69527 1.16511 2.0481 0.982099 -0.475553 -1.91905 1.59376
1.56687 0.810487 1.15797 1.74698 -1.72491 0.829655 -0.196128 -1.59842 -2.29938 -1.69527 1.16511 2.0481 0.982099 -0.475553 -1.91905 1.59376
1.56905 0.810487 1.15797 1.74698 -1.72491 0.829655 -0.196128 -1.59842 -2.29938 -1.69527 1.16511 2.0481 0.982099 -0.475553 -1.91905 1.59376
1.57132 0.810487 1.15797 1.74698 -1.72491 0.829655 -0.196128 -1.59842 -2.29938 -1.69527 1.16511 2.0481 0.982099 -0.475553 -1.91905 1.59376
1.57375 0.810487 1.15797 1.74698 -1.72491 0.829655 -0.196128 -1.59842 -2.29938 -1.69527 1.16511 2.0481 0.982099 -0.475553 -1.91905 1.59376
1.5763 0.810487 1.15797 1.74698 -1.72491 0.829655 -0.196128 -1.59842 -2.29938 -1.69527 1.16511 2.0481 0.982099 -0.475553 -1.91905 1.59376
1.57892 0.810487 1.15797 1.74698 -1.72491 0.829655 -0.196128 -1.59842 -2.29938 -1.69527 1.16511 2.0481 0.982099 -0.475553 -1.91905 1.59376
1.58163 0.810487 1.15797 1.74698 -1.72491 0.829655 -0.196128 -1.59842 -2.29938 -1.69527 1.16511 2.0481 0.982099 -0.475553 -1.91905 1.59376
1.58432 0.810487 1.15797 1.74698 -1.72491 0.829655 -0.196128 -1.59842 -2.29938 -1.69527 1.16511 2.0481 0.982099 -0.475553 -1.91905 1.59376
1.58696 0.810487 1.15797 1.74698 -1.72491 0.829655 -0.196128 -1.59842 -2.29938 -1.69527 1.16511 2.0481 0.982099 -0.475553 -1.91905 1.59376
1.58977 0.810487 1.15797 1.74698 -1.72491 0.829655 -0.196128 -1.59842 -2.29938 -1.69527 1.16511 2.0481 0.982099 -0.475553 -1.91905 1.59376
1.59274 0.810487 1.15797 1.74698 -1.72491 0.829655 -0.196128 -1.59842 -2.29938 -1.69527 1.16511 2.0481 0.982099 -0.475553 -1.91905 1.59376
1.59573 0.810487 1.15797 1.74698 -1.72491 0.829655 -0.196128 -1.59842 -2.29938 -1.69527 1.16511 2.0481 0.982099 -0.475553 -1.91905 1.59376
1.59879 0.810487 1.15797 1.74698 -1.72491 0.829655 -0.196128 -1.59842 -2.29938 -1.69527 1.16511 2.0481 0.982099 -0.475553 -1.91905 1.59376
1.60201 0.810487 1.15797 1.74698 -1.72491 0.829655 -0.196128 -1.59842 -2.29938 -1.69527 1.16511 2.0481 0.982099 -0.475553 -1.91905 1.59376
1.60518 0.810487 1.15797 1.74698 -1.72491 0.829655 -0.196128 -1.59842 -2.29938 -1.69527 1.16511 2.0481 0.982099 -0.475553 -1.91905 1.59376
1.60834 0.810487 1.15797 1.74698 -1.72491 0.829655 -0.196128 -1.59842 -2.29938 -1.69527 1.16511 2.0481 0.982099 -0.475553 -1.91905 1.59376
1.61161 0.810487 1.15797 1.74698 -1.72491 0.829655 -0.196128 -1.59842 -2.29938 -1.69527 1.16511 2.0481 0.982099 -0.475553 -1.91905 1.59376
1.61506 0.810487 1.15797 1.74698 -1.72491 0.829655 -0.196128 -1.59842 -2.29938 -1.69527 1.16511 2.0481 0.982099 -0.475553 -1.91905 1.59376
1.61862 0.810487 1.15797 1.74698 -1.72491 0.829655 -0.196128 -1.59842 -2.29938 -1.69527 1.16511 2.0481 0.982099 -0.475553 -1.91905 1.59376
1.62238 0.810487 1.15797 1.74698 -1.72491 0.829655 -0.196128 -1.59842 -2.29938 -1.69527 1.16511 2.0481 0.982099 -0.475553 -1.91905 1.59376
1.62626 0.810487 1.15797 1.74698 -1.72491 0.829655 -0.196128 -1.59842 -2.29938 -1.69527 1.16511 2.0481 0.982099 -0.475553 -1.91905 1.59376
1.63005 0.810487 1.15797 1.74698 -1.72491 0.829655 -0.196128 -1.59842 -2.29938 -1.69527 1.16511 2.0481 0.982099 -0.475553 -1.91905 1.59376
1.63397 0.810487 1.15797 1.74698 -1.72491 0.829655 -0.196128 -1.59842 -2.29938 -1.69527 1.16511 2.0481 0.982099 -0.475553 -1.91905 1.59376
1.63815 0.810487 1.15797 1.74698 -1.72491 0.829655 -0.196128 -1.59842 -2.29938 -1.69527 1.16511 2.0481 0.982099 -0.475553 -1.91905 1.59376
1.64255 0.810487 1.15797 1.74698 -1.72491 0.829655 -0.196128 -1.59842 -2.29938 -1.69527 1.16511 2.0481 0.982099 -0.475553 -1.91905 1.59376
1.64741 0.810487 1.15797 1.74698 -1.72491 0.829655 -0.196128 -1.59842 -2.29938 -1.69527 1.16511 2.0481 0.982099 -0.475553 -1.91905 1.59376
1.65196 0.810487 1.15797 1.74698 -1.72491 0.829655 -0.196128 -1.59842 -2.29938 -1.69527 1.16511 2.0481 0.982099 -0.475553 -1.91905 1.59376
1.65668 0.810487 1.15797 1.74698 -1.72491 0.829655 -0.196128 -1.59842 -2.29938 -1.69527 1.16511 2.0481 0.982099 -0.475553 -1.91905 1.59376
1.66157 0.810487 1.15797 1.74698 -1.72491 0.829655 -0.196128 -1.59842 -2.29938 -1.69527 1.16511 2.0481 0.982099 -0.475553 -1.91905 1.59376
1.66657 0.810487 1.15797 1.74698 -1.72491 0.829655 -0.196128 -1.59842 -2.29938 -1.69527 1.16511 2.0481 0.982099 -0.475553 -1.91905 1.59376
1.67153 0.810487 1.15797 1.74698 -1.72491 0.829655 -0.196128 -1.59842 -2.29938 -1.69527 1.16511 2.0481 0.982099 -0.475553 -1.91905 1.59376
1.67673 0.810487 1.15797 1.74698 -1.72491 0.829655 -0.196128 -1.59842 -2.29938 -1.69527 1.16511 2.0481 0.982099 -0.475553 -1.91905 1.59376
1.68235 0.810487 1.15797 1.74698 -1.72491 0.829655 -0.196128 -1.59842 -2.29938 -1.69527 1.16511 2.0481 0.982099 -0.475553 -1.91905 1.59376
1.68788 0.810487 1.15797 1.74698 -1.72491 0.829655 -0.196128 -1.59842 -2.29938 -1.69527 1.16511 2.0481 0.982099 -0.475553 -1.91905 1.59376
1.69351 0.810487 1.15797 1.74698 -1.72491 0.829655 -0.196128 -1.59842 -2.29938 -1.69527 1.16511 2.0481 0.982099 -0.475553 -1.91905 1.59376
1.69939 0.810487 1.15797 1.74698 -1.72491 0.829655 -0.196128 -1.59842 -2.29938 -1.69527 1.16511 2.0481 0.982099 -0.475553 -1.91905 1.59376
1.70552 0.810487 1.15797 1.74698 -1.72491 0.829655 -0.196128 -1.59842 -2.29938 -1.69527 1.16511 2.0481 0.982099 -0.475553 -1.91905 1.59376
1.71178 0.810487 1.15797 1.74698 -1.72491 0.829655 -0.196128 -1.59842 -2.29938 -1.69527 1.16511 2.0481 0.982099 -0.475553 -1.91905 1.59376
1.71819 0.810487 1.15797 1.74698 -1.72491 0.829655 -0.196128 -1.59842 -2.29938 -1.69527 1.16511 2.0481 0.982099 -0.475553 -1.91905 1.59376
1.8761 0.810487 1.15797 1.74698 -1.72491 0.829655 -0.196128 -1.59842 -2.29938 -1.69527 1.16511 2.0481 0.982099 -0.475553 -1.91905 1.59376
1.8761 0.810487 1.15797 1.74698 -1.72491 0.829655 -0.196128 -1.59842 -2.29938 -1.69527 1.16511 2.0481 0.982099 -0.475553 -1.91905 1.59376
1.8761 0.810487 1.15797 1.74698 -1.72491 0.829655 -0.196128 -1.59842 -2.29938 -1.69527 1.16511 2.0481 0.982099 -0.475553 -1.91905 1.59376
1.8761 0.810487 1.15797 1.74698 -1.72491 0.829655 -0.196128 -1.59842 -2.29938 -1.69527 1.16511 2.0481 0.982099 -0.475553 -1.91905 1.59376
1.8761 0.810487 1.15797 1.74698 -1.72491 0.829655 -0.196128 -1.59842 -2.29938 -1.69527 1.16511 2.0481 0.982099 -0.475553 -1.91905 1.59376
1.8761 0.810487 1.15797 1.74698 -1.72491 0.829655 -0.196128 -1.59842 -2.29938 -1.69527 1.16511 2.0481 0.982099 -0.475553 -1.91905 1.59376
1.8761 0.810487 1.15797 1.74698 -1.72491 0.829655 -0.196128 -1.59842 -2.29938 -1.69527 1.16511 2.0481 0.982099 -0.475553 -1.91905 1.59376
1.87609 0.810487 1.15797 1.74698 -1.72491 0.829655 -0.196128 -1.59842 -2.29938 -1.69527 1.16511 2.0481 0.982099 -0.475553 -1.91905 1.59376
1.87599 0.810487 1.15797 1.74698 -1.72491 0.829655 -0.196128 -1.59842 -2.29938 -1.69527 1.16511 2.0481 0.982099 -0.475553 -1.91905 1.59376
1.87579 0.810487 1.15797 1.74698 -1.72491 0.829655 -0.196128 -1.59842 -2.29938 -1.69527 1.16511 2.0481 0.982099 -0.475553 -1.91905 1.59376
1.87536 0.810487 1.15797 1.74698 -1.72491 0.829655 -0.196128 -1.59842 -2.29938 -1.69527 1.16511 2.0481 0.982099 -0.475553 -1.91905 1.59376
1.87476 0.810487 1.15797 1.74698 -1.72491 0.829655 -0.196128 -1.59842 -2.29938 -1.69527 1.16511 2.0481 0.982099 -0.475553 -1.91905 1.59376
1.87389 0.810487 1.15797 1.74698 -1.72491 0.829655 -0.196128 -1.59842 -2.29938 -1.69527 1.16511 2.0481 0.982099 -0.475553 -1.91905 1.59376
1.87276 0.810487 1.15797 1.74698 -1.72491 0.829655 -0.196128 -1.59842 -2.29938 -1.69527 1.16511 2.0481 0.982099 -0.475553 -1.91905 1.59376
1.87153 0.810487 1.15797 1.74698 -1.72491 0.829655 -0.196128 -1.59842 -2.29938 -1.69527 1.16511 2.0481 0.982099 -0.475553 -1.91905 1.59376
1.87027 0.810487 1.15797 1.74698 -1.72491 0.829655 -0.196128 -1.59842 -2.29938 -1.69527 1.16511 2.0481 0.982099 -0.475553 -1.91905 1.59376
1.86894 0.810487 1.15797 1.74698 -1.72491 0.829655 -0.196128 -1.59842 -2.29938 -1.69527 1.16511 2.0481 0.982099 -0.475553 -1.91905 1.59376
1.86753 0.810487 1.15797 1.74698 -1.72491 0.829655 -0.196128 -1.59842 -2.29938 -1.69527 1.16511 2.0481 0.982099 -0.475553 -1.91905 1.59376
1.86611 0.810487 1.15797 1.74698 -1.72491 0.829655 -0.196128 -1.59842 -2.29938 -1.69527 1.16511 2.0481 0.982099 -0.475553 -1.91905 1.59376
1.86469 0.810487 1.15797 1.74698 -1.72491 0.829655 -0.196128 -1.59842 -2.29938 -1.69527 1.16511 2.0481 0.982099 -0.475553 -1.91905 1.59376
1.86184 0.810487 1.15797 1.74698 -1.72491 0.829655 -0.196128 -1.59842 -2.29938 -1.69527 1.16511 2.0481 0.982099 -0.475553 -1.91905 1.59376
1.85854 0.810487 1.15797 1.74698 -1.72491 0.829655 -0.196128 -1.59842 -2.29938 -1.69527 1.16511 2.0481 0.982099 -0.475553 -1.91905 1.59376
1.85447 0.810487 1.15797 1.74698 -1.72491 0.829655 -0.196128 -1.59842 -2.29938 -1.69527 1.16511 2.0481 0.982099 -0.475553 -1.91905 1.59376
1.85048 0.810487 1.15797 1.74698 -1.72491 0.829655 -0.196128 -1.59842 -2.29938 -1.69527 1.16511 2.0481 0.982099 -0.475553 -1.91905 1.59376
1.84653 0.810487 1.15797 1.74698 -1.72491 0.829655 -0.196128 -1.59842 -2.29938 -1.69527 1.16511 2.0481 0.982099 -0.475553 -1.91905 1.59376
1.8426 0.810487 1.15797 1.74698 -1.72491 0.829655 -0.196128 -1.59842 -2.29938 -1.69527 1.16511 2.0481 0.982099 -0.475553 -1.91905 1.59376
1.83859 0.810487 1.15797 1.74698 -1.72491 0.829655 -0.196128 -1.59842 -2.29938 -1.69527 1.16511 2.0481 0.982099 -0.475553 -1.91905 1.59376
1.83452 0.810487 1.15797 1.74698 -1.72491 0.829655 -0.196128 -1.59842 -2.29938 -1.69527 1.16511 2.0481 0.982099 -0.475553 -1.91905 1.59376
1.83039 0.810487 1.15797 1.74698 -1.72491 0.829655 -0.196128 -1.59842 -2.29938 -1.69527 1.16511 2.0481 0.982099 -0.475553 -1.91905 1.59376
1.82611 0.810487 1.15797 1.74698 -1.72491 0.829655 -0.196128 -1.59842 -2.29938 -1.69527 1.16511 2.0481 0.982099 -0.475553 -1.91905 1.59376
1.82184 0.810487 1.15797 1.74698 -1.72491 0.829655 -0.196128 -1.59842 -2.29938 -1.69527 1.16511 2.0481 0.982099 -0.475553 -1.91905 1.59376
1.81746 0.810487 1.15797 1.74698 -1.72491 0.829655 -0.196128 -1.59842 -2.29938 -1.69527 1.16511 2.0481 0.982099 -0.475553 -1.91905 1.59376
1.81325 0.810487 1.15797 1.74698 -1.72491 0.829655 -0.196128 -1.59842 -2.29938 -1.69527 1.16511 2.0481 0.982099 -0.475553 -1.91905 1.59376
1.80912 0.810487 1.15797 1.74698 -1.72491 0.829655 -0.196128 -1.59842 -2.29938 -1.69527 1.16511 2.0481 0.982099 -0.475553 -1.91905 1.59376
1.805 0.810487 1.15797 1.74698 -1.72491 0.829655 -0.196128 -1.59842 -2.29938 -1.69527 1.16511 2.0481 0.982099 -0.475553 -1.91905 1.59376
1.80081 0.810487 1.15797 1.74698 -1.72491 0.829655 -0.196128 -1.59842 -2.29938 -1.69527 1.16511 2.0481 0.982099 -0.475553 -1.91905 1.59376
1.79664 0.810487 1.15797 1.74698 -1.72491 0.829655 -0.196128 -1.59842 -2.29938 -1.69527 1.16511 2.0481 0.982099 -0.475553 -1.91905 1.59376
1.79241 0.810487 1.15797 1.74698 -1.72491 0.829655 -0.196128 -1.59842 -2.29938 -1.69527 1.16511 2.0481 0.982099 -0.475553 -1.91905 1.59376
1.78814 0.810487 1.15797 1.74698 -1.72491 0.829655 -0.196128 -1.59842 -2.29938 -1.69527 1.16511 2.0481 0.982099 -0.475553 -1.91905 1.59376
1.78389 0.810487 1.15797 1.74698 -1.72491 0.829655 -0.196128 -1.59842 -2.29938 -1.69527 1.16511 2.0481 0.982099 -0.475553 -1.91905 1.59376
1.77959 0.810487 1.15797 1.74698 -1.72491 0.829655 -0.196128 -1.59842 -2.29938 -1.69527 1.16511 2.0481 0.982099 -0.475553 -1.91905 1.59376
1.77523 0.810487 1.15797 1.74698 -1.72491 0.829655 -0.196128 -1.59842 -2.29938 -1.69527 1.16511 2.0481 0.982099 -0.475553 -1.91905 1.59376
1.7709 0.810487 1.15797 1.74698 -1.72491 0.829655 -0.196128 -1.59842 -2.29938 -1.69527 1.16511 2.0481 0.982099 -0.475553 -1.91905 1.59376
1.76656 0.810487 1.15797 1.74698 -1.72491 0.829655 -0.196128 -1.59842 -2.29938 -1.69527 1.16511 2.0481 0.982099 -0.475553 -1.91905 1.59376
1.76226 0.810487 1.15797 1.74698 -1.72491 0.829655 -0.196128 -1.59842 -2.29938 -1.69527 1.16511 2.0481 0.982099 -0.475553 -1.91905 1.59376
1.75789 0.810487 1.15797 1.74698 -1.72491 0.829655 -0.196128 -1.59842 -2.29938 -1.69527 1.16511 2.0481 0.982099 -0.475553 -1.91905 1.59376
1.75358 0.810487 1.15797 1.74698 -1.72491 0.829655 -0.196128 -1.59842 -2.29938 -1.69527 1.16511 2.0481 0.982099 -0.475553 -1.91905 1.59376
1.74912 0.810487 1.15797 1.74698 -1.72491 0.829655 -0.196128 -1.59842 -2.29938 -1.69527 1.16511 2.0481 0.982099 -0.475553 -1.91905 1.59376
1.74465 0.810487 1.15797 1.74698 -1.72491 0.829655 -0.196128 -1.59842 -2.29938 -1.69527 1.16511 2.0481 0.982099 -0.475553 -1.91905 1.59376
1.74012 0.810487 1.15797 1.74698 -1.72491 0.829655 -0.196128 -1.59842 -2.29938 -1.69527 1.16511 2.0481 0.982099 -0.475553 -1.91905 1.59376
1.7356 0.810487 1.15797 1.74698 -1.72491 0.829655 -0.196128 -1.59842 -2.29938 -1.69527 1.16511 2.0481 0.982099 -0.475553 -1.91905 1.59376
1.73091 0.810487 1.15797 1.74698 -1.72491 0.829655 -0.196128 -1.59842 -2.29938 -1.69527 1.16511 2.0481 0.982099 -0.475553 -1.91905 1.59376
1.72632 0.810487 1.15797 1.74698 -1.72491 0.829655 -0.196128 -1.59842 -2.29938 -1.69527 1.16511 2.0481 0.982099 -0.475553 -1.91905 1.59376
1.72173 0.810487 1.15797 1.74698 -1.72491 0.829655 -0.196128 -1.59842 -2.29938 -1.69527 1.16511 2.0481 0.982099 -0.475553 -1.91905 1.59376
1.71722 0.810487 1.15797 1.74698 -1.72491 0.829655 -0.196128 -1.59842 -2.29938 -1.69527 1.16511 2.0481 0.982099 -0.475553 -1.91905 1.59376
1.71267 0.810487 1.15797 1.74698 -1.72491 0.829655 -0.196128 -1.59842 -2.29938 -1.69527 1.16511 2.0481 0.982099 -0.475553 -1.91905 1.59376
1.7081 0.810487 1.15797 1.74698 -1.72491 0.829655 -0.196128 -1.59842 -2.29938 -1.69527 1.16511 2.0481 0.982099 -0.475553 -1.91905 1.59376
1.70347 0.810487 1.15797 1.74698 -1.72491 0.829655 -0.196128 -1.59842 -2.29938 -1.69527 1.16511 2.0481 0.982099 -0.475553 -1.91905 1.59376
1.69886 0.810487 1.15797 1.74698 -1.72491 0.829655 -0.196128 -1.59842 -2.29938 -1.69527 1.16511 2.0481 0.982099 -0.475553 -1.91905 1.59376
1.69427 0.810487 1.15797 1.74698 -1.72491 0.829655 -0.196128 -1.59842 -2.29938 -1.69527 1.16511 2.0481 0.982099 -0.475553 -1.91905 1.59376
1.68965 0.810487 1.15797 1.74698 -1.72491 0.829655 -0.196128 -1.59842 -2.29938 -1.69527 1.16511 2.0481 0.982099 -0.475553 -1.91905 1.59376
1.68484 0.810487 1.15797 1.74698 -1.72491 0.829655 -0.196128 -1.59842 -2.29938 -1.69527 1.16511 2.0481 0.982099 -0.475553 -1.91905 1.59376
1.68019 0.810487 1.15797 1.74698 -1.72491 0.829655 -0.196128 -1.59842 -2.29938 -1.69527 1.16511 2.0481 0.982099 -0.475553 -1.91905 1.59376
1.67547 0.810487 1.15797 1.74698 -1.72491 0.829655 -0.196128 -1.59842 -2.29938 -1.69527 1.16511 2.0481 0.982099 -0.475553 -1.91905 1.59376
1.67079 0.810487 1.15797 1.74698 -1.72491 0.829655 -0.196128 -1.59842 -2.29938 -1.69527 1.16511 2.0481 0.982099 -0.475553 -1.91905 1.59376
1.66598 0.810487 1.15797 1.74698 -1.72491 0.829655 -0.196128 -1.59842 -2.29938 -1.69527 1.16511 2.0481 0.982099 -0.475553 -1.91905 1.59376
1.66113 0.810487 1.15797 1.74698 -1.72491 0.829655 -0.196128 -1.59842 -2.29938 -1.69527 1.16511 2.0481 0.982099 -0.475553 -1.91905 1.59376
1.65634 0.810487 1.15797 1.74698 -1.72491 0.829655 -0.196128 -1.59842 -2.29938 -1.69527 1.16511 2.0481 0.982099 -0.475553 -1.91905 1.59376
1.65149 0.810487 1.15797 1.74698 -1.72491 0.829655 -0.196128 -1.59842 -2.29938 -1.69527 1.16511 2.0481 0.982099 -0.475553 -1.91905 1.59376
1.64658 0.810487 1.15797 1.74698 -1.72491 0.829655 -0.196128 -1.59842 -2.29938 -1.69527 1.16511 2.0481 0.982099 -0.475553 -1.91905 1.59376
1.64152 0.810487 1.15797 1.74698 -1.72491 0.829655 -0.196128 -1.59842 -2.29938 -1.69527 1.16511 2.0481 0.982099 -0.475553 -1.91905 1.59376
1.63654 0.810487 1.15797 1.74698 -1.72491 0.829655 -0.196128 -1.59842 -2.29938 -1.69527 1.16511 2.0481 0.982099 -0.475553 -1.91905 1.59376
1.63154 0.810487 1.15797 1.74698 -1.72491 0.829655 -0.196128 -1.59842 -2.29938 -1.69527 1.16511 2.0481 0.982099 -0.475553 -1.91905 1.59376
1.62655 0.810487 1.15797 1.74698 -1.72491 0.829655 -0.196128 -1.59842 -2.29938 -1.69527 1.16511 2.0481 0.982099 -0.475553 -1.91905 1.59376
1.62158 0.810487 1.15797 1.74698 -1.72491 0.829655 -0.196128 -1.59842 -2.29938 -1.69527 1.16511 2.0481 0.982099 -0.475553 -1.91905 1.59376
1.61658 0.810487 1.15797 1.74698 -1.72491 0.829655 -0.196128 -1.59842 -2.29938 -1.69527 1.16511 2.0481 0.982099 -0.475553 -1.91905 1.59376
1.61162 0.810487 1.15797 1.74698 -1.72491 0.829655 -0.196128 -1.59842 -2.29938 -1.69527 1.16511 2.0481 0.982099 -0.475553 -1.91905 1.59376
1.60656 0.810487 1.15797 1.74698 -1.72491 0.829655 -0.196128 -1.59842 -2.29938 -1.69527 1.16511 2.0481 0.982099 -0.475553 -1.91905 1.59376
1.6015 0.810487 1.15797 1.74698 -1.72491 0.829655 -0.196128 -1.59842 -2.29938 -1.69527 1.16511 2.0481 0.982099 -0.475553 -1.91905 1.59376
1.59649 0.810487 1.15797 1.74698 -1.72491 0.829655 -0.196128 -1.59842 -2.29938 -1.69527 1.16511 2.0481 0.982099 -0.475553 -1.91905 1.59376
1.59138 0.810487 1.15797 1.74698 -1.72491 0.829655 -0.196128 -1.59842 -2.29938 -1.69527 1.16511 2.0481 0.982099 -0.475553 -1.91905 1.59376
1.58633 0.810487 1.15797 1.74698 -1.72491 0.829655 -0.196128 -1.59842 -2.29938 -1.69527 1.16511 2.0481 0.982099 -0.475553 -1.91905 1.59376
1.58123 0.810487 1.15797 1.74698 -1.72491 0.829655 -0.196128 -1.59842 -2.29938 -1.69527 1.16511 2.0481 0.982099 -0.475553 -1.91905 1.59376
1.57611 0.810487 1.15797 1.74698 -1.72491 0.829655 -0.196128 -1.59842 -2.29938 -1.69527 1.16511 2.0481 0.982099 -0.475553 -1.91905 1.59376
1.57099 0.810487 1.15797 1.74698 -1.72491 0.829655 -0.196128 -1.59842 -2.29938 -1.69527 1.16511 2.0481 0.982099 -0.475553 -1.91905 1.59376
1.56582 0.810487 1.15797 1.74698 -1.72491 0.829655 -0.196128 -1.59842 -2.29938 -1.69527 1.16511 2.0481 0.982099 -0.475553 -1.91905 1.59376
1.56051 0.810487 1.15797 1.74698 -1.72491 0.829655 -0.196128 -1.59842 -2.29938 -1.69527 1.16511 2.0481 0.982099 -0.475553 -1.91905 1.59376
1.55525 0.810487 1.15797 1.74698 -1.72491 0.829655 -0.196128 -1.59842 -2.29938 -1.69527 1.16511 2.0481 0.982099 -0.475553 -1.91905 1.59376
1.54988 0.810487 1.15797 1.74698 -1.72491 0.829655 -0.196128 -1.59842 -2.29938 -1.69527 1.16511 2.0481 0.982099 -0.475553 -1.91905 1.59376
1.5445 0.810487 1.15797 1.74698 -1.72491 0.829655 -0.196128 -1.59842 -2.29938 -1.69527 1.16511 2.0481 0.982099 -0.475553 -1.91905 1.59376
1.53908 0.810487 1.15797 1.74698 -1.72491 0.829655 -0.196128 -1.59842 -2.29938 -1.69527 1.16511 2.0481 0.982099 -0.475553 -1.91905 1.59376
1.53374 0.810487 1.15797 1.74698 -1.72491 0.829655 -0.196128 -1.59842 -2.29938 -1.69527 1.16511 2.0481 0.982099 -0.475553 -1.91905 1.59376
1.52844 0.810487 1.15797 1.74698 -1.72491 0.829655 -0.196128 -1.59842 -2.29938 -1.69527 1.16511 2.0481 0.982099 -0.475553 -1.91905 1.59376
1.52306 0.810487 1.15797 1.74698 -1.72491 0.829655 -0.196128 -1.59842 -2.29938 -1.69527 1.16511 2.0481 0.982099 -0.475553 -1.91905 1.59376
1.51776 0.810487 1.15797 1.74698 -1.72491 0.829655 -0.196128 -1.59842 -2.29938 -1.69527 1.16511 2.0481 0.982099 -0.475553 -1.91905 1.59376
1.51235 0.810487 1.15797 1.74698 -1.72491 0.829655 -0.196128 -1.59842 -2.29938 -1.69527 1.16511 2.0481 0.982099 -0.475553 -1.91905 1.59376
1.50699 0.810487 1.15797 1.74698 -1.72491 0.829655 -0.196128 -1.59842 -2.29938 -1.69527 1.16511 2.0481 0.982099 -0.475553 -1.91905 1.59376
1.50145 0.810487 1.15797 1.74698 -1.72491 0.829655 -0.196128 -1.59842 -2.29938 -1.69527 1.16511 2.0481 0.982099 -0.475553 -1.91905 1.59376
1.49595 0.810487 1.15797 1.74698 -1.72491 0.829655 -0.196128 -1.59842 -2.29938 -1.69527 1.16511 2.0481 0.982099 -0.475553 -1.91905 1.59376
1.4904 0.810487 1.15797 1.74698 -1.72491 0.829655 -0.196128 -1.59842 -2.29938 -1.69527 1.16511 2.0481 0.982099 -0.475553 -1.91905 1.59376
1.4849 0.810487 1.15797 1.74698 -1.72491 0.829655 -0.196128 -1.59842 -2.29938 -1.69527 1.16511 2.0481 0.982099 -0.475553 -1.91905 1.59376
1.47936 0.810487 1.15797 1.74698 -1.72491 0.829655 -0.196128 -1.59842 -2.29938 -1.69527 1.16511 2.0481 0.982099 -0.475553 -1.91905 1.59376
