28.221
28.231
28.242
28.252
28.263
28.273
28.283
28.294
28.304
28.317
28.336
28.357
28.377
28.398
28.418
28.44
28.459
28.481
28.501
28.522
28.561
28.601
28.639
28.677
28.715
28.754
28.792
28.83
28.869
28.907
28.945
28.984
29.023
29.061
29.1
29.142
29.181
29.219
29.258
29.297
29.337
29.377
29.415
29.454
29.492
29.531
29.569
29.607
29.646
29.685
29.724
29.763
29.801
29.84
29.878
29.916
29.955
29.993
30.031
30.07
30.109
30.148
30.188
30.227
30.266
30.305
30.343
30.381
30.42
30.46
35.762
35.773
35.783
35.793
35.804
35.814
35.824
35.835
35.845
35.857
35.878
35.899
35.919
35.94
35.96
35.981
36.001
36.022
36.061
36.099
36.138
36.177
36.215
36.254
36.293
36.332
36.37
36.409
36.45
36.489
36.528
36.566
36.604
36.643
36.683
36.722
36.761
36.8
36.839
36.878
36.917
36.955
36.994
37.033
37.071
37.109
37.148
37.186
37.224
37.262
37.301
37.339
37.377
37.417
37.456
37.498
37.538
37.577
37.615
37.653
37.691
37.73
37.769
37.807
37.845
37.883
37.922
37.96
37.998
57.915
57.925
57.935
57.946
57.956
57.967
57.977
57.987
57.998
58.01
58.031
58.051
58.072
58.092
58.113
58.133
58.154
58.174
58.195
58.215
58.254
58.293
58.332
58.371
58.409
58.448
58.486
58.525
58.564
58.604
58.643
58.683
58.721
58.759
58.797
58.836
58.874
58.913
58.951
58.989
59.028
59.066
59.105
59.143
59.182
59.22
59.258
59.297
59.336
59.375
59.415
59.455
59.493
59.532
59.571
59.609
59.648
59.686
59.724
59.762
59.801
59.84
59.878
59.917
59.955
59.994
60.032
60.071
60.11
60.15
60.19
60.229
60.268
60.307
60.346
60.384
60.422
60.461
60.5
60.538
60.577
60.615
60.653
60.692
60.73
60.769
60.808
60.847
60.886
60.926
60.966
61.004
61.042
61.08
61.119
61.157
61.196
61.235
61.273
61.312
61.351
61.389
