2.79184 -0.466159 0.264546 0.983332 -0.0975471 -1.0514 -2.44107 0.956171 -2.53232 -1.71673 1.19102 1.20045 -1.20089 -0.272818 1.48278 1.29596
2.79176 -0.466159 0.264546 0.983332 -0.0975471 -1.0514 -2.44107 0.956171 -2.53232 -1.71673 1.19102 1.20045 -1.20089 -0.272818 1.48278 1.29596
2.79152 -0.466159 0.264546 0.983332 -0.0975471 -1.0514 -2.44107 0.956171 -2.53232 -1.71673 1.19102 1.20045 -1.20089 -0.272818 1.48278 1.29596
2.79131 -0.466159 0.264546 0.983332 -0.0975471 -1.0514 -2.44107 0.956171 -2.53232 -1.71673 1.19102 1.20045 -1.20089 -0.272818 1.48278 1.29596
2.79079 -0.466159 0.264546 0.983332 -0.0975471 -1.0514 -2.44107 0.956171 -2.53232 -1.71673 1.19102 1.20045 -1.20089 -0.272818 1.48278 1.29596
2.79 -0.466159 0.264546 0.983332 -0.0975471 -1.0514 -2.44107 0.956171 -2.53232 -1.71673 1.19102 1.20045 -1.20089 -0.272818 1.48278 1.29596
2.7889 -0.466159 0.264546 0.983332 -0.0975471 -1.0514 -2.44107 0.956171 -2.53232 -1.71673 1.19102 1.20045 -1.20089 -0.272818 1.48278 1.29596
2.78768 -0.466159 0.264546 0.983332 -0.0975471 -1.0514 -2.44107 0.956171 -2.53232 -1.71673 1.19102 1.20045 -1.20089 -0.272818 1.48278 1.29596
2.78627 -0.466159 0.264546 0.983332 -0.0975471 -1.0514 -2.44107 0.956171 -2.53232 -1.71673 1.19102 1.20045 -1.20089 -0.272818 1.48278 1.29596
2.7847 -0.466159 0.264546 0.983332 -0.0975471 -1.0514 -2.44107 0.956171 -2.53232 -1.71673 1.19102 1.20045 -1.20089 -0.272818 1.48278 1.29596
2.78305 -0.466159 0.264546 0.983332 -0.0975471 -1.0514 -2.44107 0.956171 -2.53232 -1.71673 1.19102 1.20045 -1.20089 -0.272818 1.48278 1.29596
2.78174 -0.466159 0.264546 0.983332 -0.0975471 -1.0514 -2.44107 0.956171 -2.53232 -1.71673 1.19102 1.20045 -1.20089 -0.272818 1.48278 1.29596
2.78046 -0.466159 0.264546 0.983332 -0.0975471 -1.0514 -2.44107 0.956171 -2.53232 -1.71673 1.19102 1.20045 -1.20089 -0.272818 1.48278 1.29596
2.77887 -0.466159 0.264546 0.983332 -0.0975471 -1.0514 -2.44107 0.956171 -2.53232 -1.71673 1.19102 1.20045 -1.20089 -0.272818 1.48278 1.29596
2.77721 -0.466159 0.264546 0.983332 -0.0975471 -1.0514 -2.44107 0.956171 -2.53232 -1.71673 1.19102 1.20045 -1.20089 -0.272818 1.48278 1.29596
2.77545 -0.466159 0.264546 0.983332 -0.0975471 -1.0514 -2.44107 0.956171 -2.53232 -1.71673 1.19102 1.20045 -1.20089 -0.272818 1.48278 1.29596
2.77375 -0.466159 0.264546 0.983332 -0.0975471 -1.0514 -2.44107 0.956171 -2.53232 -1.71673 1.19102 1.20045 -1.20089 -0.272818 1.48278 1.29596
2.77207 -0.466159 0.264546 0.983332 -0.0975471 -1.0514 -2.44107 0.956171 -2.53232 -1.71673 1.19102 1.20045 -1.20089 -0.272818 1.48278 1.29596
2.77032 -0.466159 0.264546 0.983332 -0.0975471 -1.0514 -2.44107 0.956171 -2.53232 -1.71673 1.19102 1.20045 -1.20089 -0.272818 1.48278 1.29596
2.76853 -0.466159 0.264546 0.983332 -0.0975471 -1.0514 -2.44107 0.956171 -2.53232 -1.71673 1.19102 1.20045 -1.20089 -0.272818 1.48278 1.29596
2.76504 -0.466159 0.264546 0.983332 -0.0975471 -1.0514 -2.44107 0.956171 -2.53232 -1.71673 1.19102 1.20045 -1.20089 -0.272818 1.48278 1.29596
2.76149 -0.466159 0.264546 0.983332 -0.0975471 -1.0514 -2.44107 0.956171 -2.53232 -1.71673 1.19102 1.20045 -1.20089 -0.272818 1.48278 1.29596
2.75784 -0.466159 0.264546 0.983332 -0.0975471 -1.0514 -2.44107 0.956171 -2.53232 -1.71673 1.19102 1.20045 -1.20089 -0.272818 1.48278 1.29596
2.75417 -0.466159 0.264546 0.983332 -0.0975471 -1.0514 -2.44107 0.956171 -2.53232 -1.71673 1.19102 1.20045 -1.20089 -0.272818 1.48278 1.29596
2.75076 -0.466159 0.264546 0.983332 -0.0975471 -1.0514 -2.44107 0.956171 -2.53232 -1.71673 1.19102 1.20045 -1.20089 -0.272818 1.48278 1.29596
2.74731 -0.466159 0.264546 0.983332 -0.0975471 -1.0514 -2.44107 0.956171 -2.53232 -1.71673 1.19102 1.20045 -1.20089 -0.272818 1.48278 1.29596
2.74377 -0.466159 0.264546 0.983332 -0.0975471 -1.0514 -2.44107 0.956171 -2.53232 -1.71673 1.19102 1.20045 -1.20089 -0.272818 1.48278 1.29596
2.74028 -0.466159 0.264546 0.983332 -0.0975471 -1.0514 -2.44107 0.956171 -2.53232 -1.71673 1.19102 1.20045 -1.20089 -0.272818 1.48278 1.29596
2.7369 -0.466159 0.264546 0.983332 -0.0975471 -1.0514 -2.44107 0.956171 -2.53232 -1.71673 1.19102 1.20045 -1.20089 -0.272818 1.48278 1.29596
2.73344 -0.466159 0.264546 0.983332 -0.0975471 -1.0514 -2.44107 0.956171 -2.53232 -1.71673 1.19102 1.20045 -1.20089 -0.272818 1.48278 1.29596
2.72985 -0.466159 0.264546 0.983332 -0.0975471 -1.0514 -2.44107 0.956171 -2.53232 -1.71673 1.19102 1.20045 -1.20089 -0.272818 1.48278 1.29596
2.72623 -0.466159 0.264546 0.983332 -0.0975471 -1.0514 -2.44107 0.956171 -2.53232 -1.71673 1.19102 1.20045 -1.20089 -0.272818 1.48278 1.29596
2.72267 -0.466159 0.264546 0.983332 -0.0975471 -1.0514 -2.44107 0.956171 -2.53232 -1.71673 1.19102 1.20045 -1.20089 -0.272818 1.48278 1.29596
2.71908 -0.466159 0.264546 0.983332 -0.0975471 -1.0514 -2.44107 0.956171 -2.53232 -1.71673 1.19102 1.20045 -1.20089 -0.272818 1.48278 1.29596
2.71549 -0.466159 0.264546 0.983332 -0.0975471 -1.0514 -2.44107 0.956171 -2.53232 -1.71673 1.19102 1.20045 -1.20089 -0.272818 1.48278 1.29596
2.71189 -0.466159 0.264546 0.983332 -0.0975471 -1.0514 -2.44107 0.956171 -2.53232 -1.71673 1.19102 1.20045 -1.20089 -0.272818 1.48278 1.29596
2.70823 -0.466159 0.264546 0.983332 -0.0975471 -1.0514 -2.44107 0.956171 -2.53232 -1.71673 1.19102 1.20045 -1.20089 -0.272818 1.48278 1.29596
2.70456 -0.466159 0.264546 0.983332 -0.0975471 -1.0514 -2.44107 0.956171 -2.53232 -1.71673 1.19102 1.20045 -1.20089 -0.272818 1.48278 1.29596
2.7009 -0.466159 0.264546 0.983332 -0.0975471 -1.0514 -2.44107 0.956171 -2.53232 -1.71673 1.19102 1.20045 -1.20089 -0.272818 1.48278 1.29596
2.69715 -0.466159 0.264546 0.983332 -0.0975471 -1.0514 -2.44107 0.956171 -2.53232 -1.71673 1.19102 1.20045 -1.20089 -0.272818 1.48278 1.29596
2.69325 -0.466159 0.264546 0.983332 -0.0975471 -1.0514 -2.44107 0.956171 -2.53232 -1.71673 1.19102 1.20045 -1.20089 -0.272818 1.48278 1.29596
2.68955 -0.466159 0.264546 0.983332 -0.0975471 -1.0514 -2.44107 0.956171 -2.53232 -1.71673 1.19102 1.20045 -1.20089 -0.272818 1.48278 1.29596
2.68578 -0.466159 0.264546 0.983332 -0.0975471 -1.0514 -2.44107 0.956171 -2.53232 -1.71673 1.19102 1.20045 -1.20089 -0.272818 1.48278 1.29596
2.68203 -0.466159 0.264546 0.983332 -0.0975471 -1.0514 -2.44107 0.956171 -2.53232 -1.71673 1.19102 1.20045 -1.20089 -0.272818 1.48278 1.29596
2.67822 -0.466159 0.264546 0.983332 -0.0975471 -1.0514 -2.44107 0.956171 -2.53232 -1.71673 1.19102 1.20045 -1.20089 -0.272818 1.48278 1.29596
2.67429 -0.466159 0.264546 0.983332 -0.0975471 -1.0514 -2.44107 0.956171 -2.53232 -1.71673 1.19102 1.20045 -1.20089 -0.272818 1.48278 1.29596
2.67034 -0.466159 0.264546 0.983332 -0.0975471 -1.0514 -2.44107 0.956171 -2.53232 -1.71673 1.19102 1.20045 -1.20089 -0.272818 1.48278 1.29596
2.66652 -0.466159 0.264546 0.983332 -0.0975471 -1.0514 -2.44107 0.956171 -2.53232 -1.71673 1.19102 1.20045 -1.20089 -0.272818 1.48278 1.29596
2.6626 -0.466159 0.264546 0.983332 -0.0975471 -1.0514 -2.44107 0.956171 -2.53232 -1.71673 1.19102 1.20045 -1.20089 -0.272818 1.48278 1.29596
2.65872 -0.466159 0.264546 0.983332 -0.0975471 -1.0514 -2.44107 0.956171 -2.53232 -1.71673 1.19102 1.20045 -1.20089 -0.272818 1.48278 1.29596
2.65485 -0.466159 0.264546 0.983332 -0.0975471 -1.0514 -2.44107 0.956171 -2.53232 -1.71673 1.19102 1.20045 -1.20089 -0.272818 1.48278 1.29596
2.65101 -0.466159 0.264546 0.983332 -0.0975471 -1.0514 -2.44107 0.956171 -2.53232 -1.71673 1.19102 1.20045 -1.20089 -0.272818 1.48278 1.29596
2.64713 -0.466159 0.264546 0.983332 -0.0975471 -1.0514 -2.44107 0.956171 -2.53232 -1.71673 1.19102 1.20045 -1.20089 -0.272818 1.48278 1.29596
2.64316 -0.466159 0.264546 0.983332 -0.0975471 -1.0514 -2.44107 0.956171 -2.53232 -1.71673 1.19102 1.20045 -1.20089 -0.272818 1.48278 1.29596
2.63925 -0.466159 0.264546 0.983332 -0.0975471 -1.0514 -2.44107 0.956171 -2.53232 -1.71673 1.19102 1.20045 -1.20089 -0.272818 1.48278 1.29596
2.63536 -0.466159 0.264546 0.983332 -0.0975471 -1.0514 -2.44107 0.956171 -2.53232 -1.71673 1.19102 1.20045 -1.20089 -0.272818 1.48278 1.29596
2.6314 -0.466159 0.264546 0.983332 -0.0975471 -1.0514 -2.44107 0.956171 -2.53232 -1.71673 1.19102 1.20045 -1.20089 -0.272818 1.48278 1.29596
2.62739 -0.466159 0.264546 0.983332 -0.0975471 -1.0514 -2.44107 0.956171 -2.53232 -1.71673 1.19102 1.20045 -1.20089 -0.272818 1.48278 1.29596
2.62331 -0.466159 0.264546 0.983332 -0.0975471 -1.0514 -2.44107 0.956171 -2.53232 -1.71673 1.19102 1.20045 -1.20089 -0.272818 1.48278 1.29596
2.61927 -0.466159 0.264546 0.983332 -0.0975471 -1.0514 -2.44107 0.956171 -2.53232 -1.71673 1.19102 1.20045 -1.20089 -0.272818 1.48278 1.29596
2.61528 -0.466159 0.264546 0.983332 -0.0975471 -1.0514 -2.44107 0.956171 -2.53232 -1.71673 1.19102 1.20045 -1.20089 -0.272818 1.48278 1.29596
2.61114 -0.466159 0.264546 0.983332 -0.0975471 -1.0514 -2.44107 0.956171 -2.53232 -1.71673 1.19102 1.20045 -1.20089 -0.272818 1.48278 1.29596
2.60699 -0.466159 0.264546 0.983332 -0.0975471 -1.0514 -2.44107 0.956171 -2.53232 -1.71673 1.19102 1.20045 -1.20089 -0.272818 1.48278 1.29596
2.60285 -0.466159 0.264546 0.983332 -0.0975471 -1.0514 -2.44107 0.956171 -2.53232 -1.71673 1.19102 1.20045 -1.20089 -0.272818 1.48278 1.29596
2.59868 -0.466159 0.264546 0.983332 -0.0975471 -1.0514 -2.44107 0.956171 -2.53232 -1.71673 1.19102 1.20045 -1.20089 -0.272818 1.48278 1.29596
2.59449 -0.466159 0.264546 0.983332 -0.0975471 -1.0514 -2.44107 0.956171 -2.53232 -1.71673 1.19102 1.20045 -1.20089 -0.272818 1.48278 1.29596
2.59032 -0.466159 0.264546 0.983332 -0.0975471 -1.0514 -2.44107 0.956171 -2.53232 -1.71673 1.19102 1.20045 -1.20089 -0.272818 1.48278 1.29596
2.58604 -0.466159 0.264546 0.983332 -0.0975471 -1.0514 -2.44107 0.956171 -2.53232 -1.71673 1.19102 1.20045 -1.20089 -0.272818 1.48278 1.29596
2.58179 -0.466159 0.264546 0.983332 -0.0975471 -1.0514 -2.44107 0.956171 -2.53232 -1.71673 1.19102 1.20045 -1.20089 -0.272818 1.48278 1.29596
2.57755 -0.466159 0.264546 0.983332 -0.0975471 -1.0514 -2.44107 0.956171 -2.53232 -1.71673 1.19102 1.20045 -1.20089 -0.272818 1.48278 1.29596
2.57333 -0.466159 0.264546 0.983332 -0.0975471 -1.0514 -2.44107 0.956171 -2.53232 -1.71673 1.19102 1.20045 -1.20089 -0.272818 1.48278 1.29596
2.56894 -0.466159 0.264546 0.983332 -0.0975471 -1.0514 -2.44107 0.956171 -2.53232 -1.71673 1.19102 1.20045 -1.20089 -0.272818 1.48278 1.29596
2.56466 -0.466159 0.264546 0.983332 -0.0975471 -1.0514 -2.44107 0.956171 -2.53232 -1.71673 1.19102 1.20045 -1.20089 -0.272818 1.48278 1.29596
2.56032 -0.466159 0.264546 0.983332 -0.0975471 -1.0514 -2.44107 0.956171 -2.53232 -1.71673 1.19102 1.20045 -1.20089 -0.272818 1.48278 1.29596
2.55605 -0.466159 0.264546 0.983332 -0.0975471 -1.0514 -2.44107 0.956171 -2.53232 -1.71673 1.19102 1.20045 -1.20089 -0.272818 1.48278 1.29596
2.55179 -0.466159 0.264546 0.983332 -0.0975471 -1.0514 -2.44107 0.956171 -2.53232 -1.71673 1.19102 1.20045 -1.20089 -0.272818 1.48278 1.29596
2.54742 -0.466159 0.264546 0.983332 -0.0975471 -1.0514 -2.44107 0.956171 -2.53232 -1.71673 1.19102 1.20045 -1.20089 -0.272818 1.48278 1.29596
2.54292 -0.466159 0.264546 0.983332 -0.0975471 -1.0514 -2.44107 0.956171 -2.53232 -1.71673 1.19102 1.20045 -1.20089 -0.272818 1.48278 1.29596
2.53857 -0.466159 0.264546 0.983332 -0.0975471 -1.0514 -2.44107 0.956171 -2.53232 -1.71673 1.19102 1.20045 -1.20089 -0.272818 1.48278 1.29596
2.53422 -0.466159 0.264546 0.983332 -0.0975471 -1.0514 -2.44107 0.956171 -2.53232 -1.71673 1.19102 1.20045 -1.20089 -0.272818 1.48278 1.29596
2.5298 -0.466159 0.264546 0.983332 -0.0975471 -1.0514 -2.44107 0.956171 -2.53232 -1.71673 1.19102 1.20045 -1.20089 -0.272818 1.48278 1.29596
2.5253 -0.466159 0.264546 0.983332 -0.0975471 -1.0514 -2.44107 0.956171 -2.53232 -1.71673 1.19102 1.20045 -1.20089 -0.272818 1.48278 1.29596
2.52083 -0.466159 0.264546 0.983332 -0.0975471 -1.0514 -2.44107 0.956171 -2.53232 -1.71673 1.19102 1.20045 -1.20089 -0.272818 1.48278 1.29596
2.51633 -0.466159 0.264546 0.983332 -0.0975471 -1.0514 -2.44107 0.956171 -2.53232 -1.71673 1.19102 1.20045 -1.20089 -0.272818 1.48278 1.29596
2.51176 -0.466159 0.264546 0.983332 -0.0975471 -1.0514 -2.44107 0.956171 -2.53232 -1.71673 1.19102 1.20045 -1.20089 -0.272818 1.48278 1.29596
2.50714 -0.466159 0.264546 0.983332 -0.0975471 -1.0514 -2.44107 0.956171 -2.53232 -1.71673 1.19102 1.20045 -1.20089 -0.272818 1.48278 1.29596
2.50245 -0.466159 0.264546 0.983332 -0.0975471 -1.0514 -2.44107 0.956171 -2.53232 -1.71673 1.19102 1.20045 -1.20089 -0.272818 1.48278 1.29596
2.49776 -0.466159 0.264546 0.983332 -0.0975471 -1.0514 -2.44107 0.956171 -2.53232 -1.71673 1.19102 1.20045 -1.20089 -0.272818 1.48278 1.29596
2.49314 -0.466159 0.264546 0.983332 -0.0975471 -1.0514 -2.44107 0.956171 -2.53232 -1.71673 1.19102 1.20045 -1.20089 -0.272818 1.48278 1.29596
2.48852 -0.466159 0.264546 0.983332 -0.0975471 -1.0514 -2.44107 0.956171 -2.53232 -1.71673 1.19102 1.20045 -1.20089 -0.272818 1.48278 1.29596
2.48391 -0.466159 0.264546 0.983332 -0.0975471 -1.0514 -2.44107 0.956171 -2.53232 -1.71673 1.19102 1.20045 -1.20089 -0.272818 1.48278 1.29596
2.47925 -0.466159 0.264546 0.983332 -0.0975471 -1.0514 -2.44107 0.956171 -2.53232 -1.71673 1.19102 1.20045 -1.20089 -0.272818 1.48278 1.29596
2.47455 -0.466159 0.264546 0.983332 -0.0975471 -1.0514 -2.44107 0.956171 -2.53232 -1.71673 1.19102 1.20045 -1.20089 -0.272818 1.48278 1.29596
2.46987 -0.466159 0.264546 0.983332 -0.0975471 -1.0514 -2.44107 0.956171 -2.53232 -1.71673 1.19102 1.20045 -1.20089 -0.272818 1.48278 1.29596
2.46516 -0.466159 0.264546 0.983332 -0.0975471 -1.0514 -2.44107 0.956171 -2.53232 -1.71673 1.19102 1.20045 -1.20089 -0.272818 1.48278 1.29596
2.46038 -0.466159 0.264546 0.983332 -0.0975471 -1.0514 -2.44107 0.956171 -2.53232 -1.71673 1.19102 1.20045 -1.20089 -0.272818 1.48278 1.29596
2.45544 -0.466159 0.264546 0.983332 -0.0975471 -1.0514 -2.44107 0.956171 -2.53232 -1.71673 1.19102 1.20045 -1.20089 -0.272818 1.48278 1.29596
2.45061 -0.466159 0.264546 0.983332 -0.0975471 -1.0514 -2.44107 0.956171 -2.53232 -1.71673 1.19102 1.20045 -1.20089 -0.272818 1.48278 1.29596
2.44575 -0.466159 0.264546 0.983332 -0.0975471 -1.0514 -2.44107 0.956171 -2.53232 -1.71673 1.19102 1.20045 -1.20089 -0.272818 1.48278 1.29596
2.44065 -0.466159 0.264546 0.983332 -0.0975471 -1.0514 -2.44107 0.956171 -2.53232 -1.71673 1.19102 1.20045 -1.20089 -0.272818 1.48278 1.29596
2.43588 -0.466159 0.264546 0.983332 -0.0975471 -1.0514 -2.44107 0.956171 -2.53232 -1.71673 1.19102 1.20045 -1.20089 -0.272818 1.48278 1.29596
2.43098 -0.466159 0.264546 0.983332 -0.0975471 -1.0514 -2.44107 0.956171 -2.53232 -1.71673 1.19102 1.20045 -1.20089 -0.272818 1.48278 1.29596
2.42605 -0.466159 0.264546 0.983332 -0.0975471 -1.0514 -2.44107 0.956171 -2.53232 -1.71673 1.19102 1.20045 -1.20089 -0.272818 1.48278 1.29596
2.42114 -0.466159 0.264546 0.983332 -0.0975471 -1.0514 -2.44107 0.956171 -2.53232 -1.71673 1.19102 1.20045 -1.20089 -0.272818 1.48278 1.29596
2.41619 -0.466159 0.264546 0.983332 -0.0975471 -1.0514 -2.44107 0.956171 -2.53232 -1.71673 1.19102 1.20045 -1.20089 -0.272818 1.48278 1.29596
2.4111 -0.466159 0.264546 0.983332 -0.0975471 -1.0514 -2.44107 0.956171 -2.53232 -1.71673 1.19102 1.20045 -1.20089 -0.272818 1.48278 1.29596
2.40609 -0.466159 0.264546 0.983332 -0.0975471 -1.0514 -2.44107 0.956171 -2.53232 -1.71673 1.19102 1.20045 -1.20089 -0.272818 1.48278 1.29596
2.40107 -0.466159 0.264546 0.983332 -0.0975471 -1.0514 -2.44107 0.956171 -2.53232 -1.71673 1.19102 1.20045 -1.20089 -0.272818 1.48278 1.29596
2.396 -0.466159 0.264546 0.983332 -0.0975471 -1.0514 -2.44107 0.956171 -2.53232 -1.71673 1.19102 1.20045 -1.20089 -0.272818 1.48278 1.29596
2.38366 -0.466159 0.264546 0.983332 -0.0975471 -1.0514 -2.44107 0.956171 -2.53232 -1.71673 1.19102 1.20045 -1.20089 -0.272818 1.48278 1.29596
2.38366 -0.466159 0.264546 0.983332 -0.0975471 -1.0514 -2.44107 0.956171 -2.53232 -1.71673 1.19102 1.20045 -1.20089 -0.272818 1.48278 1.29596
2.38366 -0.466159 0.264546 0.983332 -0.0975471 -1.0514 -2.44107 0.956171 -2.53232 -1.71673 1.19102 1.20045 -1.20089 -0.272818 1.48278 1.29596
2.38366 -0.466159 0.264546 0.983332 -0.0975471 -1.0514 -2.44107 0.956171 -2.53232 -1.71673 1.19102 1.20045 -1.20089 -0.272818 1.48278 1.29596
2.38366 -0.466159 0.264546 0.983332 -0.0975471 -1.0514 -2.44107 0.956171 -2.53232 -1.71673 1.19102 1.20045 -1.20089 -0.272818 1.48278 1.29596
2.38366 -0.466159 0.264546 0.983332 -0.0975471 -1.0514 -2.44107 0.956171 -2.53232 -1.71673 1.19102 1.20045 -1.20089 -0.272818 1.48278 1.29596
2.38362 -0.466159 0.264546 0.983332 -0.0975471 -1.0514 -2.44107 0.956171 -2.53232 -1.71673 1.19102 1.20045 -1.20089 -0.272818 1.48278 1.29596
2.3836 -0.466159 0.264546 0.983332 -0.0975471 -1.0514 -2.44107 0.956171 -2.53232 -1.71673 1.19102 1.20045 -1.20089 -0.272818 1.48278 1.29596
2.3836 -0.466159 0.264546 0.983332 -0.0975471 -1.0514 -2.44107 0.956171 -2.53232 -1.71673 1.19102 1.20045 -1.20089 -0.272818 1.48278 1.29596
2.38361 -0.466159 0.264546 0.983332 -0.0975471 -1.0514 -2.44107 0.956171 -2.53232 -1.71673 1.19102 1.20045 -1.20089 -0.272818 1.48278 1.29596
2.38361 -0.466159 0.264546 0.983332 -0.0975471 -1.0514 -2.44107 0.956171 -2.53232 -1.71673 1.19102 1.20045 -1.20089 -0.272818 1.48278 1.29596
2.38361 -0.466159 0.264546 0.983332 -0.0975471 -1.0514 -2.44107 0.956171 -2.53232 -1.71673 1.19102 1.20045 -1.20089 -0.272818 1.48278 1.29596
2.38361 -0.466159 0.264546 0.983332 -0.0975471 -1.0514 -2.44107 0.956171 -2.53232 -1.71673 1.19102 1.20045 -1.20089 -0.272818 1.48278 1.29596
2.38361 -0.466159 0.264546 0.983332 -0.0975471 -1.0514 -2.44107 0.956171 -2.53232 -1.71673 1.19102 1.20045 -1.20089 -0.272818 1.48278 1.29596
2.38502 -0.466159 0.264546 0.983332 -0.0975471 -1.0514 -2.44107 0.956171 -2.53232 -1.71673 1.19102 1.20045 -1.20089 -0.272818 1.48278 1.29596
2.38705 -0.466159 0.264546 0.983332 -0.0975471 -1.0514 -2.44107 0.956171 -2.53232 -1.71673 1.19102 1.20045 -1.20089 -0.272818 1.48278 1.29596
2.38889 -0.466159 0.264546 0.983332 -0.0975471 -1.0514 -2.44107 0.956171 -2.53232 -1.71673 1.19102 1.20045 -1.20089 -0.272818 1.48278 1.29596
2.39062 -0.466159 0.264546 0.983332 -0.0975471 -1.0514 -2.44107 0.956171 -2.53232 -1.71673 1.19102 1.20045 -1.20089 -0.272818 1.48278 1.29596
2.39224 -0.466159 0.264546 0.983332 -0.0975471 -1.0514 -2.44107 0.956171 -2.53232 -1.71673 1.19102 1.20045 -1.20089 -0.272818 1.48278 1.29596
2.39376 -0.466159 0.264546 0.983332 -0.0975471 -1.0514 -2.44107 0.956171 -2.53232 -1.71673 1.19102 1.20045 -1.20089 -0.272818 1.48278 1.29596
2.39538 -0.466159 0.264546 0.983332 -0.0975471 -1.0514 -2.44107 0.956171 -2.53232 -1.71673 1.19102 1.20045 -1.20089 -0.272818 1.48278 1.29596
2.3974 -0.466159 0.264546 0.983332 -0.0975471 -1.0514 -2.44107 0.956171 -2.53232 -1.71673 1.19102 1.20045 -1.20089 -0.272818 1.48278 1.29596
2.39955 -0.466159 0.264546 0.983332 -0.0975471 -1.0514 -2.44107 0.956171 -2.53232 -1.71673 1.19102 1.20045 -1.20089 -0.272818 1.48278 1.29596
2.40162 -0.466159 0.264546 0.983332 -0.0975471 -1.0514 -2.44107 0.956171 -2.53232 -1.71673 1.19102 1.20045 -1.20089 -0.272818 1.48278 1.29596
2.40389 -0.466159 0.264546 0.983332 -0.0975471 -1.0514 -2.44107 0.956171 -2.53232 -1.71673 1.19102 1.20045 -1.20089 -0.272818 1.48278 1.29596
2.40648 -0.466159 0.264546 0.983332 -0.0975471 -1.0514 -2.44107 0.956171 -2.53232 -1.71673 1.19102 1.20045 -1.20089 -0.272818 1.48278 1.29596
2.40932 -0.466159 0.264546 0.983332 -0.0975471 -1.0514 -2.44107 0.956171 -2.53232 -1.71673 1.19102 1.20045 -1.20089 -0.272818 1.48278 1.29596
2.41224 -0.466159 0.264546 0.983332 -0.0975471 -1.0514 -2.44107 0.956171 -2.53232 -1.71673 1.19102 1.20045 -1.20089 -0.272818 1.48278 1.29596
2.41506 -0.466159 0.264546 0.983332 -0.0975471 -1.0514 -2.44107 0.956171 -2.53232 -1.71673 1.19102 1.20045 -1.20089 -0.272818 1.48278 1.29596
2.41774 -0.466159 0.264546 0.983332 -0.0975471 -1.0514 -2.44107 0.956171 -2.53232 -1.71673 1.19102 1.20045 -1.20089 -0.272818 1.48278 1.29596
2.42037 -0.466159 0.264546 0.983332 -0.0975471 -1.0514 -2.44107 0.956171 -2.53232 -1.71673 1.19102 1.20045 -1.20089 -0.272818 1.48278 1.29596
2.42306 -0.466159 0.264546 0.983332 -0.0975471 -1.0514 -2.44107 0.956171 -2.53232 -1.71673 1.19102 1.20045 -1.20089 -0.272818 1.48278 1.29596
2.4258 -0.466159 0.264546 0.983332 -0.0975471 -1.0514 -2.44107 0.956171 -2.53232 -1.71673 1.19102 1.20045 -1.20089 -0.272818 1.48278 1.29596
2.42858 -0.466159 0.264546 0.983332 -0.0975471 -1.0514 -2.44107 0.956171 -2.53232 -1.71673 1.19102 1.20045 -1.20089 -0.272818 1.48278 1.29596
2.4316 -0.466159 0.264546 0.983332 -0.0975471 -1.0514 -2.44107 0.956171 -2.53232 -1.71673 1.19102 1.20045 -1.20089 -0.272818 1.48278 1.29596
2.43462 -0.466159 0.264546 0.983332 -0.0975471 -1.0514 -2.44107 0.956171 -2.53232 -1.71673 1.19102 1.20045 -1.20089 -0.272818 1.48278 1.29596
2.43766 -0.466159 0.264546 0.983332 -0.0975471 -1.0514 -2.44107 0.956171 -2.53232 -1.71673 1.19102 1.20045 -1.20089 -0.272818 1.48278 1.29596
2.44094 -0.466159 0.264546 0.983332 -0.0975471 -1.0514 -2.44107 0.956171 -2.53232 -1.71673 1.19102 1.20045 -1.20089 -0.272818 1.48278 1.29596
2.44438 -0.466159 0.264546 0.983332 -0.0975471 -1.0514 -2.44107 0.956171 -2.53232 -1.71673 1.19102 1.20045 -1.20089 -0.272818 1.48278 1.29596
2.44819 -0.466159 0.264546 0.983332 -0.0975471 -1.0514 -2.44107 0.956171 -2.53232 -1.71673 1.19102 1.20045 -1.20089 -0.272818 1.48278 1.29596
2.45179 -0.466159 0.264546 0.983332 -0.0975471 -1.0514 -2.44107 0.956171 -2.53232 -1.71673 1.19102 1.20045 -1.20089 -0.272818 1.48278 1.29596
2.4554 -0.466159 0.264546 0.983332 -0.0975471 -1.0514 -2.44107 0.956171 -2.53232 -1.71673 1.19102 1.20045 -1.20089 -0.272818 1.48278 1.29596
2.45916 -0.466159 0.264546 0.983332 -0.0975471 -1.0514 -2.44107 0.956171 -2.53232 -1.71673 1.19102 1.20045 -1.20089 -0.272818 1.48278 1.29596
2.46287 -0.466159 0.264546 0.983332 -0.0975471 -1.0514 -2.44107 0.956171 -2.53232 -1.71673 1.19102 1.20045 -1.20089 -0.272818 1.48278 1.29596
2.46662 -0.466159 0.264546 0.983332 -0.0975471 -1.0514 -2.44107 0.956171 -2.53232 -1.71673 1.19102 1.20045 -1.20089 -0.272818 1.48278 1.29596
2.47046 -0.466159 0.264546 0.983332 -0.0975471 -1.0514 -2.44107 0.956171 -2.53232 -1.71673 1.19102 1.20045 -1.20089 -0.272818 1.48278 1.29596
2.47441 -0.466159 0.264546 0.983332 -0.0975471 -1.0514 -2.44107 0.956171 -2.53232 -1.71673 1.19102 1.20045 -1.20089 -0.272818 1.48278 1.29596
2.47849 -0.466159 0.264546 0.983332 -0.0975471 -1.0514 -2.44107 0.956171 -2.53232 -1.71673 1.19102 1.20045 -1.20089 -0.272818 1.48278 1.29596
2.48271 -0.466159 0.264546 0.983332 -0.0975471 -1.0514 -2.44107 0.956171 -2.53232 -1.71673 1.19102 1.20045 -1.20089 -0.272818 1.48278 1.29596
2.48701 -0.466159 0.264546 0.983332 -0.0975471 -1.0514 -2.44107 0.956171 -2.53232 -1.71673 1.19102 1.20045 -1.20089 -0.272818 1.48278 1.29596
2.49143 -0.466159 0.264546 0.983332 -0.0975471 -1.0514 -2.44107 0.956171 -2.53232 -1.71673 1.19102 1.20045 -1.20089 -0.272818 1.48278 1.29596
2.49613 -0.466159 0.264546 0.983332 -0.0975471 -1.0514 -2.44107 0.956171 -2.53232 -1.71673 1.19102 1.20045 -1.20089 -0.272818 1.48278 1.29596
2.50073 -0.466159 0.264546 0.983332 -0.0975471 -1.0514 -2.44107 0.956171 -2.53232 -1.71673 1.19102 1.20045 -1.20089 -0.272818 1.48278 1.29596
2.50535 -0.466159 0.264546 0.983332 -0.0975471 -1.0514 -2.44107 0.956171 -2.53232 -1.71673 1.19102 1.20045 -1.20089 -0.272818 1.48278 1.29596
2.51012 -0.466159 0.264546 0.983332 -0.0975471 -1.0514 -2.44107 0.956171 -2.53232 -1.71673 1.19102 1.20045 -1.20089 -0.272818 1.48278 1.29596
2.51505 -0.466159 0.264546 0.983332 -0.0975471 -1.0514 -2.44107 0.956171 -2.53232 -1.71673 1.19102 1.20045 -1.20089 -0.272818 1.48278 1.29596
2.52015 -0.466159 0.264546 0.983332 -0.0975471 -1.0514 -2.44107 0.956171 -2.53232 -1.71673 1.19102 1.20045 -1.20089 -0.272818 1.48278 1.29596
2.52529 -0.466159 0.264546 0.983332 -0.0975471 -1.0514 -2.44107 0.956171 -2.53232 -1.71673 1.19102 1.20045 -1.20089 -0.272818 1.48278 1.29596
2.53059 -0.466159 0.264546 0.983332 -0.0975471 -1.0514 -2.44107 0.956171 -2.53232 -1.71673 1.19102 1.20045 -1.20089 -0.272818 1.48278 1.29596
2.53603 -0.466159 0.264546 0.983332 -0.0975471 -1.0514 -2.44107 0.956171 -2.53232 -1.71673 1.19102 1.20045 -1.20089 -0.272818 1.48278 1.29596
2.54172 -0.466159 0.264546 0.983332 -0.0975471 -1.0514 -2.44107 0.956171 -2.53232 -1.71673 1.19102 1.20045 -1.20089 -0.272818 1.48278 1.29596
2.54758 -0.466159 0.264546 0.983332 -0.0975471 -1.0514 -2.44107 0.956171 -2.53232 -1.71673 1.19102 1.20045 -1.20089 -0.272818 1.48278 1.29596
2.55331 -0.466159 0.264546 0.983332 -0.0975471 -1.0514 -2.44107 0.956171 -2.53232 -1.71673 1.19102 1.20045 -1.20089 -0.272818 1.48278 1.29596
2.5594 -0.466159 0.264546 0.983332 -0.0975471 -1.0514 -2.44107 0.956171 -2.53232 -1.71673 1.19102 1.20045 -1.20089 -0.272818 1.48278 1.29596
2.56569 -0.466159 0.264546 0.983332 -0.0975471 -1.0514 -2.44107 0.956171 -2.53232 -1.71673 1.19102 1.20045 -1.20089 -0.272818 1.48278 1.29596
2.57203 -0.466159 0.264546 0.983332 -0.0975471 -1.0514 -2.44107 0.956171 -2.53232 -1.71673 1.19102 1.20045 -1.20089 -0.272818 1.48278 1.29596
2.57862 -0.466159 0.264546 0.983332 -0.0975471 -1.0514 -2.44107 0.956171 -2.53232 -1.71673 1.19102 1.20045 -1.20089 -0.272818 1.48278 1.29596
2.58545 -0.466159 0.264546 0.983332 -0.0975471 -1.0514 -2.44107 0.956171 -2.53232 -1.71673 1.19102 1.20045 -1.20089 -0.272818 1.48278 1.29596
2.5922 -0.466159 0.264546 0.983332 -0.0975471 -1.0514 -2.44107 0.956171 -2.53232 -1.71673 1.19102 1.20045 -1.20089 -0.272818 1.48278 1.29596
2.59929 -0.466159 0.264546 0.983332 -0.0975471 -1.0514 -2.44107 0.956171 -2.53232 -1.71673 1.19102 1.20045 -1.20089 -0.272818 1.48278 1.29596
2.60651 -0.466159 0.264546 0.983332 -0.0975471 -1.0514 -2.44107 0.956171 -2.53232 -1.71673 1.19102 1.20045 -1.20089 -0.272818 1.48278 1.29596
2.61392 -0.466159 0.264546 0.983332 -0.0975471 -1.0514 -2.44107 0.956171 -2.53232 -1.71673 1.19102 1.20045 -1.20089 -0.272818 1.48278 1.29596
2.62147 -0.466159 0.264546 0.983332 -0.0975471 -1.0514 -2.44107 0.956171 -2.53232 -1.71673 1.19102 1.20045 -1.20089 -0.272818 1.48278 1.29596
2.62923 -0.466159 0.264546 0.983332 -0.0975471 -1.0514 -2.44107 0.956171 -2.53232 -1.71673 1.19102 1.20045 -1.20089 -0.272818 1.48278 1.29596
2.63703 -0.466159 0.264546 0.983332 -0.0975471 -1.0514 -2.44107 0.956171 -2.53232 -1.71673 1.19102 1.20045 -1.20089 -0.272818 1.48278 1.29596
2.64523 -0.466159 0.264546 0.983332 -0.0975471 -1.0514 -2.44107 0.956171 -2.53232 -1.71673 1.19102 1.20045 -1.20089 -0.272818 1.48278 1.29596
