2.756
2.767
2.777
2.787
2.798
2.808
2.819
2.829
2.839
2.851
2.872
2.893
2.913
2.934
2.955
2.975
2.996
3.016
3.037
3.058
3.097
3.136
3.177
3.216
3.255
3.294
3.332
3.371
3.41
3.449
3.488
3.527
3.565
3.604
3.643
3.681
3.72
3.758
3.798
3.837
3.878
3.916
3.955
3.994
4.033
4.074
4.113
4.151
4.191
4.229
4.268
4.306
4.345
4.383
4.422
4.46
4.498
4.537
4.576
4.615
4.653
4.692
4.731
4.77
4.809
4.848
4.887
4.926
4.965
5.004
5.044
5.082
5.121
5.16
5.198
5.236
5.275
5.314
5.353
5.391
5.43
5.469
5.507
5.546
5.585
5.624
5.664
5.704
5.742
5.78
5.819
5.857
5.896
5.934
5.973
6.013
6.052
6.091
6.132
6.171
6.209
6.248
6.286
6.325
6.364
6.403
6.442
6.481
6.519
6.801
6.812
6.823
6.833
6.844
6.855
6.865
6.876
6.887
6.9
6.938
6.977
7.016
7.058
7.098
7.14
7.179
7.217
7.255
7.294
7.333
7.372
7.411
7.45
7.489
7.528
7.567
7.606
7.644
7.683
7.721
7.76
7.798
7.837
7.877
7.916
7.956
7.995
8.035
8.076
8.118
8.158
8.197
8.236
8.274
8.313
8.352
8.39
8.429
8.468
8.507
8.546
8.585
8.624
8.662
8.702
8.74
8.778
8.817
8.856
8.895
8.935
8.974
9.013
9.052
9.091
9.132
9.17
9.209
9.249
9.288
9.327
9.366
9.404
9.443
9.482
