2.35213 -1.48808 1.99406 0.0663377 0.368911 -1.84641 1.62565 0.460397 1.77633 -1.25669 1.25599 -1.11201 0.76493 2.40859 0.277206 1.16671
2.35213 -1.48808 1.99406 0.0663377 0.368911 -1.84641 1.62565 0.460397 1.77633 -1.25669 1.25599 -1.11201 0.76493 2.40859 0.277206 1.16671
2.35213 -1.48808 1.99406 0.0663377 0.368911 -1.84641 1.62565 0.460397 1.77633 -1.25669 1.25599 -1.11201 0.76493 2.40859 0.277206 1.16671
2.35213 -1.48808 1.99406 0.0663377 0.368911 -1.84641 1.62565 0.460397 1.77633 -1.25669 1.25599 -1.11201 0.76493 2.40859 0.277206 1.16671
2.35213 -1.48808 1.99406 0.0663377 0.368911 -1.84641 1.62565 0.460397 1.77633 -1.25669 1.25599 -1.11201 0.76493 2.40859 0.277206 1.16671
2.35213 -1.48808 1.99406 0.0663377 0.368911 -1.84641 1.62565 0.460397 1.77633 -1.25669 1.25599 -1.11201 0.76493 2.40859 0.277206 1.16671
2.35213 -1.48808 1.99406 0.0663377 0.368911 -1.84641 1.62565 0.460397 1.77633 -1.25669 1.25599 -1.11201 0.76493 2.40859 0.277206 1.16671
2.35214 -1.48808 1.99406 0.0663377 0.368911 -1.84641 1.62565 0.460397 1.77633 -1.25669 1.25599 -1.11201 0.76493 2.40859 0.277206 1.16671
2.35214 -1.48808 1.99406 0.0663377 0.368911 -1.84641 1.62565 0.460397 1.77633 -1.25669 1.25599 -1.11201 0.76493 2.40859 0.277206 1.16671
2.35264 -1.48808 1.99406 0.0663377 0.368911 -1.84641 1.62565 0.460397 1.77633 -1.25669 1.25599 -1.11201 0.76493 2.40859 0.277206 1.16671
2.3535 -1.48808 1.99406 0.0663377 0.368911 -1.84641 1.62565 0.460397 1.77633 -1.25669 1.25599 -1.11201 0.76493 2.40859 0.277206 1.16671
2.35452 -1.48808 1.99406 0.0663377 0.368911 -1.84641 1.62565 0.460397 1.77633 -1.25669 1.25599 -1.11201 0.76493 2.40859 0.277206 1.16671
2.35563 -1.48808 1.99406 0.0663377 0.368911 -1.84641 1.62565 0.460397 1.77633 -1.25669 1.25599 -1.11201 0.76493 2.40859 0.277206 1.16671
2.35685 -1.48808 1.99406 0.0663377 0.368911 -1.84641 1.62565 0.460397 1.77633 -1.25669 1.25599 -1.11201 0.76493 2.40859 0.277206 1.16671
2.3582 -1.48808 1.99406 0.0663377 0.368911 -1.84641 1.62565 0.460397 1.77633 -1.25669 1.25599 -1.11201 0.76493 2.40859 0.277206 1.16671
2.35964 -1.48808 1.99406 0.0663377 0.368911 -1.84641 1.62565 0.460397 1.77633 -1.25669 1.25599 -1.11201 0.76493 2.40859 0.277206 1.16671
2.36117 -1.48808 1.99406 0.0663377 0.368911 -1.84641 1.62565 0.460397 1.77633 -1.25669 1.25599 -1.11201 0.76493 2.40859 0.277206 1.16671
2.36276 -1.48808 1.99406 0.0663377 0.368911 -1.84641 1.62565 0.460397 1.77633 -1.25669 1.25599 -1.11201 0.76493 2.40859 0.277206 1.16671
2.36436 -1.48808 1.99406 0.0663377 0.368911 -1.84641 1.62565 0.460397 1.77633 -1.25669 1.25599 -1.11201 0.76493 2.40859 0.277206 1.16671
2.36604 -1.48808 1.99406 0.0663377 0.368911 -1.84641 1.62565 0.460397 1.77633 -1.25669 1.25599 -1.11201 0.76493 2.40859 0.277206 1.16671
2.3694 -1.48808 1.99406 0.0663377 0.368911 -1.84641 1.62565 0.460397 1.77633 -1.25669 1.25599 -1.11201 0.76493 2.40859 0.277206 1.16671
2.37297 -1.48808 1.99406 0.0663377 0.368911 -1.84641 1.62565 0.460397 1.77633 -1.25669 1.25599 -1.11201 0.76493 2.40859 0.277206 1.16671
2.37692 -1.48808 1.99406 0.0663377 0.368911 -1.84641 1.62565 0.460397 1.77633 -1.25669 1.25599 -1.11201 0.76493 2.40859 0.277206 1.16671
2.38117 -1.48808 1.99406 0.0663377 0.368911 -1.84641 1.62565 0.460397 1.77633 -1.25669 1.25599 -1.11201 0.76493 2.40859 0.277206 1.16671
2.3855 -1.48808 1.99406 0.0663377 0.368911 -1.84641 1.62565 0.460397 1.77633 -1.25669 1.25599 -1.11201 0.76493 2.40859 0.277206 1.16671
2.38998 -1.48808 1.99406 0.0663377 0.368911 -1.84641 1.62565 0.460397 1.77633 -1.25669 1.25599 -1.11201 0.76493 2.40859 0.277206 1.16671
2.39473 -1.48808 1.99406 0.0663377 0.368911 -1.84641 1.62565 0.460397 1.77633 -1.25669 1.25599 -1.11201 0.76493 2.40859 0.277206 1.16671
2.39965 -1.48808 1.99406 0.0663377 0.368911 -1.84641 1.62565 0.460397 1.77633 -1.25669 1.25599 -1.11201 0.76493 2.40859 0.277206 1.16671
2.40441 -1.48808 1.99406 0.0663377 0.368911 -1.84641 1.62565 0.460397 1.77633 -1.25669 1.25599 -1.11201 0.76493 2.40859 0.277206 1.16671
2.40951 -1.48808 1.99406 0.0663377 0.368911 -1.84641 1.62565 0.460397 1.77633 -1.25669 1.25599 -1.11201 0.76493 2.40859 0.277206 1.16671
2.4145 -1.48808 1.99406 0.0663377 0.368911 -1.84641 1.62565 0.460397 1.77633 -1.25669 1.25599 -1.11201 0.76493 2.40859 0.277206 1.16671
2.41959 -1.48808 1.99406 0.0663377 0.368911 -1.84641 1.62565 0.460397 1.77633 -1.25669 1.25599 -1.11201 0.76493 2.40859 0.277206 1.16671
2.42484 -1.48808 1.99406 0.0663377 0.368911 -1.84641 1.62565 0.460397 1.77633 -1.25669 1.25599 -1.11201 0.76493 2.40859 0.277206 1.16671
2.43023 -1.48808 1.99406 0.0663377 0.368911 -1.84641 1.62565 0.460397 1.77633 -1.25669 1.25599 -1.11201 0.76493 2.40859 0.277206 1.16671
2.43597 -1.48808 1.99406 0.0663377 0.368911 -1.84641 1.62565 0.460397 1.77633 -1.25669 1.25599 -1.11201 0.76493 2.40859 0.277206 1.16671
2.44168 -1.48808 1.99406 0.0663377 0.368911 -1.84641 1.62565 0.460397 1.77633 -1.25669 1.25599 -1.11201 0.76493 2.40859 0.277206 1.16671
2.44771 -1.48808 1.99406 0.0663377 0.368911 -1.84641 1.62565 0.460397 1.77633 -1.25669 1.25599 -1.11201 0.76493 2.40859 0.277206 1.16671
2.4539 -1.48808 1.99406 0.0663377 0.368911 -1.84641 1.62565 0.460397 1.77633 -1.25669 1.25599 -1.11201 0.76493 2.40859 0.277206 1.16671
2.46018 -1.48808 1.99406 0.0663377 0.368911 -1.84641 1.62565 0.460397 1.77633 -1.25669 1.25599 -1.11201 0.76493 2.40859 0.277206 1.16671
2.46669 -1.48808 1.99406 0.0663377 0.368911 -1.84641 1.62565 0.460397 1.77633 -1.25669 1.25599 -1.11201 0.76493 2.40859 0.277206 1.16671
2.47325 -1.48808 1.99406 0.0663377 0.368911 -1.84641 1.62565 0.460397 1.77633 -1.25669 1.25599 -1.11201 0.76493 2.40859 0.277206 1.16671
2.47994 -1.48808 1.99406 0.0663377 0.368911 -1.84641 1.62565 0.460397 1.77633 -1.25669 1.25599 -1.11201 0.76493 2.40859 0.277206 1.16671
2.48685 -1.48808 1.99406 0.0663377 0.368911 -1.84641 1.62565 0.460397 1.77633 -1.25669 1.25599 -1.11201 0.76493 2.40859 0.277206 1.16671
2.49383 -1.48808 1.99406 0.0663377 0.368911 -1.84641 1.62565 0.460397 1.77633 -1.25669 1.25599 -1.11201 0.76493 2.40859 0.277206 1.16671
2.50148 -1.48808 1.99406 0.0663377 0.368911 -1.84641 1.62565 0.460397 1.77633 -1.25669 1.25599 -1.11201 0.76493 2.40859 0.277206 1.16671
2.50906 -1.48808 1.99406 0.0663377 0.368911 -1.84641 1.62565 0.460397 1.77633 -1.25669 1.25599 -1.11201 0.76493 2.40859 0.277206 1.16671
2.51665 -1.48808 1.99406 0.0663377 0.368911 -1.84641 1.62565 0.460397 1.77633 -1.25669 1.25599 -1.11201 0.76493 2.40859 0.277206 1.16671
2.52466 -1.48808 1.99406 0.0663377 0.368911 -1.84641 1.62565 0.460397 1.77633 -1.25669 1.25599 -1.11201 0.76493 2.40859 0.277206 1.16671
2.53298 -1.48808 1.99406 0.0663377 0.368911 -1.84641 1.62565 0.460397 1.77633 -1.25669 1.25599 -1.11201 0.76493 2.40859 0.277206 1.16671
2.54143 -1.48808 1.99406 0.0663377 0.368911 -1.84641 1.62565 0.460397 1.77633 -1.25669 1.25599 -1.11201 0.76493 2.40859 0.277206 1.16671
2.5504 -1.48808 1.99406 0.0663377 0.368911 -1.84641 1.62565 0.460397 1.77633 -1.25669 1.25599 -1.11201 0.76493 2.40859 0.277206 1.16671
2.56015 -1.48808 1.99406 0.0663377 0.368911 -1.84641 1.62565 0.460397 1.77633 -1.25669 1.25599 -1.11201 0.76493 2.40859 0.277206 1.16671
2.55938 -1.48808 1.99406 0.0663377 0.368911 -1.84641 1.62565 0.460397 1.77633 -1.25669 1.25599 -1.11201 0.76493 2.40859 0.277206 1.16671
2.55836 -1.48808 1.99406 0.0663377 0.368911 -1.84641 1.62565 0.460397 1.77633 -1.25669 1.25599 -1.11201 0.76493 2.40859 0.277206 1.16671
2.55709 -1.48808 1.99406 0.0663377 0.368911 -1.84641 1.62565 0.460397 1.77633 -1.25669 1.25599 -1.11201 0.76493 2.40859 0.277206 1.16671
2.55557 -1.48808 1.99406 0.0663377 0.368911 -1.84641 1.62565 0.460397 1.77633 -1.25669 1.25599 -1.11201 0.76493 2.40859 0.277206 1.16671
2.55415 -1.48808 1.99406 0.0663377 0.368911 -1.84641 1.62565 0.460397 1.77633 -1.25669 1.25599 -1.11201 0.76493 2.40859 0.277206 1.16671
2.55289 -1.48808 1.99406 0.0663377 0.368911 -1.84641 1.62565 0.460397 1.77633 -1.25669 1.25599 -1.11201 0.76493 2.40859 0.277206 1.16671
2.55149 -1.48808 1.99406 0.0663377 0.368911 -1.84641 1.62565 0.460397 1.77633 -1.25669 1.25599 -1.11201 0.76493 2.40859 0.277206 1.16671
2.55 -1.48808 1.99406 0.0663377 0.368911 -1.84641 1.62565 0.460397 1.77633 -1.25669 1.25599 -1.11201 0.76493 2.40859 0.277206 1.16671
2.54873 -1.48808 1.99406 0.0663377 0.368911 -1.84641 1.62565 0.460397 1.77633 -1.25669 1.25599 -1.11201 0.76493 2.40859 0.277206 1.16671
2.54623 -1.48808 1.99406 0.0663377 0.368911 -1.84641 1.62565 0.460397 1.77633 -1.25669 1.25599 -1.11201 0.76493 2.40859 0.277206 1.16671
2.54348 -1.48808 1.99406 0.0663377 0.368911 -1.84641 1.62565 0.460397 1.77633 -1.25669 1.25599 -1.11201 0.76493 2.40859 0.277206 1.16671
2.54012 -1.48808 1.99406 0.0663377 0.368911 -1.84641 1.62565 0.460397 1.77633 -1.25669 1.25599 -1.11201 0.76493 2.40859 0.277206 1.16671
2.53657 -1.48808 1.99406 0.0663377 0.368911 -1.84641 1.62565 0.460397 1.77633 -1.25669 1.25599 -1.11201 0.76493 2.40859 0.277206 1.16671
2.53285 -1.48808 1.99406 0.0663377 0.368911 -1.84641 1.62565 0.460397 1.77633 -1.25669 1.25599 -1.11201 0.76493 2.40859 0.277206 1.16671
2.52882 -1.48808 1.99406 0.0663377 0.368911 -1.84641 1.62565 0.460397 1.77633 -1.25669 1.25599 -1.11201 0.76493 2.40859 0.277206 1.16671
2.52488 -1.48808 1.99406 0.0663377 0.368911 -1.84641 1.62565 0.460397 1.77633 -1.25669 1.25599 -1.11201 0.76493 2.40859 0.277206 1.16671
2.52096 -1.48808 1.99406 0.0663377 0.368911 -1.84641 1.62565 0.460397 1.77633 -1.25669 1.25599 -1.11201 0.76493 2.40859 0.277206 1.16671
2.51707 -1.48808 1.99406 0.0663377 0.368911 -1.84641 1.62565 0.460397 1.77633 -1.25669 1.25599 -1.11201 0.76493 2.40859 0.277206 1.16671
2.51308 -1.48808 1.99406 0.0663377 0.368911 -1.84641 1.62565 0.460397 1.77633 -1.25669 1.25599 -1.11201 0.76493 2.40859 0.277206 1.16671
2.50898 -1.48808 1.99406 0.0663377 0.368911 -1.84641 1.62565 0.460397 1.77633 -1.25669 1.25599 -1.11201 0.76493 2.40859 0.277206 1.16671
2.50494 -1.48808 1.99406 0.0663377 0.368911 -1.84641 1.62565 0.460397 1.77633 -1.25669 1.25599 -1.11201 0.76493 2.40859 0.277206 1.16671
2.50089 -1.48808 1.99406 0.0663377 0.368911 -1.84641 1.62565 0.460397 1.77633 -1.25669 1.25599 -1.11201 0.76493 2.40859 0.277206 1.16671
2.49686 -1.48808 1.99406 0.0663377 0.368911 -1.84641 1.62565 0.460397 1.77633 -1.25669 1.25599 -1.11201 0.76493 2.40859 0.277206 1.16671
2.49281 -1.48808 1.99406 0.0663377 0.368911 -1.84641 1.62565 0.460397 1.77633 -1.25669 1.25599 -1.11201 0.76493 2.40859 0.277206 1.16671
2.48868 -1.48808 1.99406 0.0663377 0.368911 -1.84641 1.62565 0.460397 1.77633 -1.25669 1.25599 -1.11201 0.76493 2.40859 0.277206 1.16671
2.4845 -1.48808 1.99406 0.0663377 0.368911 -1.84641 1.62565 0.460397 1.77633 -1.25669 1.25599 -1.11201 0.76493 2.40859 0.277206 1.16671
2.48028 -1.48808 1.99406 0.0663377 0.368911 -1.84641 1.62565 0.460397 1.77633 -1.25669 1.25599 -1.11201 0.76493 2.40859 0.277206 1.16671
2.47607 -1.48808 1.99406 0.0663377 0.368911 -1.84641 1.62565 0.460397 1.77633 -1.25669 1.25599 -1.11201 0.76493 2.40859 0.277206 1.16671
2.47161 -1.48808 1.99406 0.0663377 0.368911 -1.84641 1.62565 0.460397 1.77633 -1.25669 1.25599 -1.11201 0.76493 2.40859 0.277206 1.16671
2.46733 -1.48808 1.99406 0.0663377 0.368911 -1.84641 1.62565 0.460397 1.77633 -1.25669 1.25599 -1.11201 0.76493 2.40859 0.277206 1.16671
2.46311 -1.48808 1.99406 0.0663377 0.368911 -1.84641 1.62565 0.460397 1.77633 -1.25669 1.25599 -1.11201 0.76493 2.40859 0.277206 1.16671
2.4589 -1.48808 1.99406 0.0663377 0.368911 -1.84641 1.62565 0.460397 1.77633 -1.25669 1.25599 -1.11201 0.76493 2.40859 0.277206 1.16671
2.4546 -1.48808 1.99406 0.0663377 0.368911 -1.84641 1.62565 0.460397 1.77633 -1.25669 1.25599 -1.11201 0.76493 2.40859 0.277206 1.16671
2.45034 -1.48808 1.99406 0.0663377 0.368911 -1.84641 1.62565 0.460397 1.77633 -1.25669 1.25599 -1.11201 0.76493 2.40859 0.277206 1.16671
2.44601 -1.48808 1.99406 0.0663377 0.368911 -1.84641 1.62565 0.460397 1.77633 -1.25669 1.25599 -1.11201 0.76493 2.40859 0.277206 1.16671
2.44179 -1.48808 1.99406 0.0663377 0.368911 -1.84641 1.62565 0.460397 1.77633 -1.25669 1.25599 -1.11201 0.76493 2.40859 0.277206 1.16671
2.43754 -1.48808 1.99406 0.0663377 0.368911 -1.84641 1.62565 0.460397 1.77633 -1.25669 1.25599 -1.11201 0.76493 2.40859 0.277206 1.16671
2.43325 -1.48808 1.99406 0.0663377 0.368911 -1.84641 1.62565 0.460397 1.77633 -1.25669 1.25599 -1.11201 0.76493 2.40859 0.277206 1.16671
2.42891 -1.48808 1.99406 0.0663377 0.368911 -1.84641 1.62565 0.460397 1.77633 -1.25669 1.25599 -1.11201 0.76493 2.40859 0.277206 1.16671
2.42455 -1.48808 1.99406 0.0663377 0.368911 -1.84641 1.62565 0.460397 1.77633 -1.25669 1.25599 -1.11201 0.76493 2.40859 0.277206 1.16671
2.42015 -1.48808 1.99406 0.0663377 0.368911 -1.84641 1.62565 0.460397 1.77633 -1.25669 1.25599 -1.11201 0.76493 2.40859 0.277206 1.16671
2.4157 -1.48808 1.99406 0.0663377 0.368911 -1.84641 1.62565 0.460397 1.77633 -1.25669 1.25599 -1.11201 0.76493 2.40859 0.277206 1.16671
2.41113 -1.48808 1.99406 0.0663377 0.368911 -1.84641 1.62565 0.460397 1.77633 -1.25669 1.25599 -1.11201 0.76493 2.40859 0.277206 1.16671
2.40664 -1.48808 1.99406 0.0663377 0.368911 -1.84641 1.62565 0.460397 1.77633 -1.25669 1.25599 -1.11201 0.76493 2.40859 0.277206 1.16671
2.4021 -1.48808 1.99406 0.0663377 0.368911 -1.84641 1.62565 0.460397 1.77633 -1.25669 1.25599 -1.11201 0.76493 2.40859 0.277206 1.16671
2.39759 -1.48808 1.99406 0.0663377 0.368911 -1.84641 1.62565 0.460397 1.77633 -1.25669 1.25599 -1.11201 0.76493 2.40859 0.277206 1.16671
2.393 -1.48808 1.99406 0.0663377 0.368911 -1.84641 1.62565 0.460397 1.77633 -1.25669 1.25599 -1.11201 0.76493 2.40859 0.277206 1.16671
2.38834 -1.48808 1.99406 0.0663377 0.368911 -1.84641 1.62565 0.460397 1.77633 -1.25669 1.25599 -1.11201 0.76493 2.40859 0.277206 1.16671
2.38369 -1.48808 1.99406 0.0663377 0.368911 -1.84641 1.62565 0.460397 1.77633 -1.25669 1.25599 -1.11201 0.76493 2.40859 0.277206 1.16671
2.37899 -1.48808 1.99406 0.0663377 0.368911 -1.84641 1.62565 0.460397 1.77633 -1.25669 1.25599 -1.11201 0.76493 2.40859 0.277206 1.16671
2.37432 -1.48808 1.99406 0.0663377 0.368911 -1.84641 1.62565 0.460397 1.77633 -1.25669 1.25599 -1.11201 0.76493 2.40859 0.277206 1.16671
2.36947 -1.48808 1.99406 0.0663377 0.368911 -1.84641 1.62565 0.460397 1.77633 -1.25669 1.25599 -1.11201 0.76493 2.40859 0.277206 1.16671
2.3647 -1.48808 1.99406 0.0663377 0.368911 -1.84641 1.62565 0.460397 1.77633 -1.25669 1.25599 -1.11201 0.76493 2.40859 0.277206 1.16671
2.35993 -1.48808 1.99406 0.0663377 0.368911 -1.84641 1.62565 0.460397 1.77633 -1.25669 1.25599 -1.11201 0.76493 2.40859 0.277206 1.16671
2.3553 -1.48808 1.99406 0.0663377 0.368911 -1.84641 1.62565 0.460397 1.77633 -1.25669 1.25599 -1.11201 0.76493 2.40859 0.277206 1.16671
2.35056 -1.48808 1.99406 0.0663377 0.368911 -1.84641 1.62565 0.460397 1.77633 -1.25669 1.25599 -1.11201 0.76493 2.40859 0.277206 1.16671
2.34577 -1.48808 1.99406 0.0663377 0.368911 -1.84641 1.62565 0.460397 1.77633 -1.25669 1.25599 -1.11201 0.76493 2.40859 0.277206 1.16671
2.341 -1.48808 1.99406 0.0663377 0.368911 -1.84641 1.62565 0.460397 1.77633 -1.25669 1.25599 -1.11201 0.76493 2.40859 0.277206 1.16671
2.33621 -1.48808 1.99406 0.0663377 0.368911 -1.84641 1.62565 0.460397 1.77633 -1.25669 1.25599 -1.11201 0.76493 2.40859 0.277206 1.16671
2.3313 -1.48808 1.99406 0.0663377 0.368911 -1.84641 1.62565 0.460397 1.77633 -1.25669 1.25599 -1.11201 0.76493 2.40859 0.277206 1.16671
2.32631 -1.48808 1.99406 0.0663377 0.368911 -1.84641 1.62565 0.460397 1.77633 -1.25669 1.25599 -1.11201 0.76493 2.40859 0.277206 1.16671
2.32141 -1.48808 1.99406 0.0663377 0.368911 -1.84641 1.62565 0.460397 1.77633 -1.25669 1.25599 -1.11201 0.76493 2.40859 0.277206 1.16671
2.3165 -1.48808 1.99406 0.0663377 0.368911 -1.84641 1.62565 0.460397 1.77633 -1.25669 1.25599 -1.11201 0.76493 2.40859 0.277206 1.16671
2.31148 -1.48808 1.99406 0.0663377 0.368911 -1.84641 1.62565 0.460397 1.77633 -1.25669 1.25599 -1.11201 0.76493 2.40859 0.277206 1.16671
2.30651 -1.48808 1.99406 0.0663377 0.368911 -1.84641 1.62565 0.460397 1.77633 -1.25669 1.25599 -1.11201 0.76493 2.40859 0.277206 1.16671
2.30155 -1.48808 1.99406 0.0663377 0.368911 -1.84641 1.62565 0.460397 1.77633 -1.25669 1.25599 -1.11201 0.76493 2.40859 0.277206 1.16671
2.29649 -1.48808 1.99406 0.0663377 0.368911 -1.84641 1.62565 0.460397 1.77633 -1.25669 1.25599 -1.11201 0.76493 2.40859 0.277206 1.16671
