11.479
11.489
11.5
11.51
11.521
11.531
11.542
11.552
11.562
11.574
11.594
11.615
11.636
11.656
11.677
11.698
11.718
11.739
11.76
11.78
11.819
11.857
11.898
11.936
11.976
12.015
12.053
12.091
12.132
12.171
12.209
12.248
12.286
12.325
12.365
12.404
12.443
12.482
12.521
12.559
12.598
12.636
12.674
12.713
12.753
12.791
12.83
12.868
12.908
12.947
12.986
14.178
14.188
14.199
14.21
14.221
14.231
14.242
14.253
14.264
14.277
14.315
14.354
14.392
14.43
14.469
14.508
14.547
14.585
14.623
14.662
14.7
14.738
14.777
14.816
14.855
14.894
14.934
14.975
15.017
15.056
15.095
15.133
15.172
15.21
15.249
15.288
15.326
15.364
15.402
15.441
15.48
15.518
15.558
15.597
15.636
15.674
15.713
15.752
15.792
15.831
15.87
15.91
15.949
15.99
16.028
16.066
16.105
16.144
16.182
16.221
16.26
16.3
16.338
16.377
16.416
16.455
16.493
16.532
