1.50531 -0.678538 2.23238 1.79642 1.07092 1.22168 1.60883 0.32347 -1.96541 2.89465 1.74032 -1.4572 1.93393 -1.76011 0.95402 2.31508
1.50531 -0.678538 2.23238 1.79642 1.07092 1.22168 1.60883 0.32347 -1.96541 2.89465 1.74032 -1.4572 1.93393 -1.76011 0.95402 2.31508
1.50531 -0.678538 2.23238 1.79642 1.07092 1.22168 1.60883 0.32347 -1.96541 2.89465 1.74032 -1.4572 1.93393 -1.76011 0.95402 2.31508
1.50531 -0.678538 2.23238 1.79642 1.07092 1.22168 1.60883 0.32347 -1.96541 2.89465 1.74032 -1.4572 1.93393 -1.76011 0.95402 2.31508
1.50531 -0.678538 2.23238 1.79642 1.07092 1.22168 1.60883 0.32347 -1.96541 2.89465 1.74032 -1.4572 1.93393 -1.76011 0.95402 2.31508
1.50531 -0.678538 2.23238 1.79642 1.07092 1.22168 1.60883 0.32347 -1.96541 2.89465 1.74032 -1.4572 1.93393 -1.76011 0.95402 2.31508
1.50531 -0.678538 2.23238 1.79642 1.07092 1.22168 1.60883 0.32347 -1.96541 2.89465 1.74032 -1.4572 1.93393 -1.76011 0.95402 2.31508
1.50531 -0.678538 2.23238 1.79642 1.07092 1.22168 1.60883 0.32347 -1.96541 2.89465 1.74032 -1.4572 1.93393 -1.76011 0.95402 2.31508
1.50531 -0.678538 2.23238 1.79642 1.07092 1.22168 1.60883 0.32347 -1.96541 2.89465 1.74032 -1.4572 1.93393 -1.76011 0.95402 2.31508
1.50531 -0.678538 2.23238 1.79642 1.07092 1.22168 1.60883 0.32347 -1.96541 2.89465 1.74032 -1.4572 1.93393 -1.76011 0.95402 2.31508
1.50531 -0.678538 2.23238 1.79642 1.07092 1.22168 1.60883 0.32347 -1.96541 2.89465 1.74032 -1.4572 1.93393 -1.76011 0.95402 2.31508
1.5053 -0.678538 2.23238 1.79642 1.07092 1.22168 1.60883 0.32347 -1.96541 2.89465 1.74032 -1.4572 1.93393 -1.76011 0.95402 2.31508
1.50514 -0.678538 2.23238 1.79642 1.07092 1.22168 1.60883 0.32347 -1.96541 2.89465 1.74032 -1.4572 1.93393 -1.76011 0.95402 2.31508
1.50479 -0.678538 2.23238 1.79642 1.07092 1.22168 1.60883 0.32347 -1.96541 2.89465 1.74032 -1.4572 1.93393 -1.76011 0.95402 2.31508
1.5042 -0.678538 2.23238 1.79642 1.07092 1.22168 1.60883 0.32347 -1.96541 2.89465 1.74032 -1.4572 1.93393 -1.76011 0.95402 2.31508
1.5034 -0.678538 2.23238 1.79642 1.07092 1.22168 1.60883 0.32347 -1.96541 2.89465 1.74032 -1.4572 1.93393 -1.76011 0.95402 2.31508
1.50222 -0.678538 2.23238 1.79642 1.07092 1.22168 1.60883 0.32347 -1.96541 2.89465 1.74032 -1.4572 1.93393 -1.76011 0.95402 2.31508
1.50082 -0.678538 2.23238 1.79642 1.07092 1.22168 1.60883 0.32347 -1.96541 2.89465 1.74032 -1.4572 1.93393 -1.76011 0.95402 2.31508
1.49924 -0.678538 2.23238 1.79642 1.07092 1.22168 1.60883 0.32347 -1.96541 2.89465 1.74032 -1.4572 1.93393 -1.76011 0.95402 2.31508
1.49767 -0.678538 2.23238 1.79642 1.07092 1.22168 1.60883 0.32347 -1.96541 2.89465 1.74032 -1.4572 1.93393 -1.76011 0.95402 2.31508
1.49481 -0.678538 2.23238 1.79642 1.07092 1.22168 1.60883 0.32347 -1.96541 2.89465 1.74032 -1.4572 1.93393 -1.76011 0.95402 2.31508
1.49156 -0.678538 2.23238 1.79642 1.07092 1.22168 1.60883 0.32347 -1.96541 2.89465 1.74032 -1.4572 1.93393 -1.76011 0.95402 2.31508
1.48721 -0.678538 2.23238 1.79642 1.07092 1.22168 1.60883 0.32347 -1.96541 2.89465 1.74032 -1.4572 1.93393 -1.76011 0.95402 2.31508
1.48263 -0.678538 2.23238 1.79642 1.07092 1.22168 1.60883 0.32347 -1.96541 2.89465 1.74032 -1.4572 1.93393 -1.76011 0.95402 2.31508
1.47795 -0.678538 2.23238 1.79642 1.07092 1.22168 1.60883 0.32347 -1.96541 2.89465 1.74032 -1.4572 1.93393 -1.76011 0.95402 2.31508
1.4734 -0.678538 2.23238 1.79642 1.07092 1.22168 1.60883 0.32347 -1.96541 2.89465 1.74032 -1.4572 1.93393 -1.76011 0.95402 2.31508
1.46882 -0.678538 2.23238 1.79642 1.07092 1.22168 1.60883 0.32347 -1.96541 2.89465 1.74032 -1.4572 1.93393 -1.76011 0.95402 2.31508
1.46421 -0.678538 2.23238 1.79642 1.07092 1.22168 1.60883 0.32347 -1.96541 2.89465 1.74032 -1.4572 1.93393 -1.76011 0.95402 2.31508
1.45945 -0.678538 2.23238 1.79642 1.07092 1.22168 1.60883 0.32347 -1.96541 2.89465 1.74032 -1.4572 1.93393 -1.76011 0.95402 2.31508
1.45473 -0.678538 2.23238 1.79642 1.07092 1.22168 1.60883 0.32347 -1.96541 2.89465 1.74032 -1.4572 1.93393 -1.76011 0.95402 2.31508
1.45008 -0.678538 2.23238 1.79642 1.07092 1.22168 1.60883 0.32347 -1.96541 2.89465 1.74032 -1.4572 1.93393 -1.76011 0.95402 2.31508
1.44537 -0.678538 2.23238 1.79642 1.07092 1.22168 1.60883 0.32347 -1.96541 2.89465 1.74032 -1.4572 1.93393 -1.76011 0.95402 2.31508
1.4407 -0.678538 2.23238 1.79642 1.07092 1.22168 1.60883 0.32347 -1.96541 2.89465 1.74032 -1.4572 1.93393 -1.76011 0.95402 2.31508
1.43602 -0.678538 2.23238 1.79642 1.07092 1.22168 1.60883 0.32347 -1.96541 2.89465 1.74032 -1.4572 1.93393 -1.76011 0.95402 2.31508
1.43114 -0.678538 2.23238 1.79642 1.07092 1.22168 1.60883 0.32347 -1.96541 2.89465 1.74032 -1.4572 1.93393 -1.76011 0.95402 2.31508
1.42638 -0.678538 2.23238 1.79642 1.07092 1.22168 1.60883 0.32347 -1.96541 2.89465 1.74032 -1.4572 1.93393 -1.76011 0.95402 2.31508
1.42166 -0.678538 2.23238 1.79642 1.07092 1.22168 1.60883 0.32347 -1.96541 2.89465 1.74032 -1.4572 1.93393 -1.76011 0.95402 2.31508
1.41677 -0.678538 2.23238 1.79642 1.07092 1.22168 1.60883 0.32347 -1.96541 2.89465 1.74032 -1.4572 1.93393 -1.76011 0.95402 2.31508
1.41195 -0.678538 2.23238 1.79642 1.07092 1.22168 1.60883 0.32347 -1.96541 2.89465 1.74032 -1.4572 1.93393 -1.76011 0.95402 2.31508
1.40712 -0.678538 2.23238 1.79642 1.07092 1.22168 1.60883 0.32347 -1.96541 2.89465 1.74032 -1.4572 1.93393 -1.76011 0.95402 2.31508
1.40236 -0.678538 2.23238 1.79642 1.07092 1.22168 1.60883 0.32347 -1.96541 2.89465 1.74032 -1.4572 1.93393 -1.76011 0.95402 2.31508
1.39755 -0.678538 2.23238 1.79642 1.07092 1.22168 1.60883 0.32347 -1.96541 2.89465 1.74032 -1.4572 1.93393 -1.76011 0.95402 2.31508
1.39272 -0.678538 2.23238 1.79642 1.07092 1.22168 1.60883 0.32347 -1.96541 2.89465 1.74032 -1.4572 1.93393 -1.76011 0.95402 2.31508
1.38789 -0.678538 2.23238 1.79642 1.07092 1.22168 1.60883 0.32347 -1.96541 2.89465 1.74032 -1.4572 1.93393 -1.76011 0.95402 2.31508
1.38295 -0.678538 2.23238 1.79642 1.07092 1.22168 1.60883 0.32347 -1.96541 2.89465 1.74032 -1.4572 1.93393 -1.76011 0.95402 2.31508
1.37806 -0.678538 2.23238 1.79642 1.07092 1.22168 1.60883 0.32347 -1.96541 2.89465 1.74032 -1.4572 1.93393 -1.76011 0.95402 2.31508
1.37301 -0.678538 2.23238 1.79642 1.07092 1.22168 1.60883 0.32347 -1.96541 2.89465 1.74032 -1.4572 1.93393 -1.76011 0.95402 2.31508
1.36795 -0.678538 2.23238 1.79642 1.07092 1.22168 1.60883 0.32347 -1.96541 2.89465 1.74032 -1.4572 1.93393 -1.76011 0.95402 2.31508
1.36286 -0.678538 2.23238 1.79642 1.07092 1.22168 1.60883 0.32347 -1.96541 2.89465 1.74032 -1.4572 1.93393 -1.76011 0.95402 2.31508
1.35775 -0.678538 2.23238 1.79642 1.07092 1.22168 1.60883 0.32347 -1.96541 2.89465 1.74032 -1.4572 1.93393 -1.76011 0.95402 2.31508
1.35276 -0.678538 2.23238 1.79642 1.07092 1.22168 1.60883 0.32347 -1.96541 2.89465 1.74032 -1.4572 1.93393 -1.76011 0.95402 2.31508
1.34767 -0.678538 2.23238 1.79642 1.07092 1.22168 1.60883 0.32347 -1.96541 2.89465 1.74032 -1.4572 1.93393 -1.76011 0.95402 2.31508
1.34266 -0.678538 2.23238 1.79642 1.07092 1.22168 1.60883 0.32347 -1.96541 2.89465 1.74032 -1.4572 1.93393 -1.76011 0.95402 2.31508
1.33765 -0.678538 2.23238 1.79642 1.07092 1.22168 1.60883 0.32347 -1.96541 2.89465 1.74032 -1.4572 1.93393 -1.76011 0.95402 2.31508
1.3326 -0.678538 2.23238 1.79642 1.07092 1.22168 1.60883 0.32347 -1.96541 2.89465 1.74032 -1.4572 1.93393 -1.76011 0.95402 2.31508
1.32745 -0.678538 2.23238 1.79642 1.07092 1.22168 1.60883 0.32347 -1.96541 2.89465 1.74032 -1.4572 1.93393 -1.76011 0.95402 2.31508
1.32232 -0.678538 2.23238 1.79642 1.07092 1.22168 1.60883 0.32347 -1.96541 2.89465 1.74032 -1.4572 1.93393 -1.76011 0.95402 2.31508
1.31721 -0.678538 2.23238 1.79642 1.07092 1.22168 1.60883 0.32347 -1.96541 2.89465 1.74032 -1.4572 1.93393 -1.76011 0.95402 2.31508
1.31216 -0.678538 2.23238 1.79642 1.07092 1.22168 1.60883 0.32347 -1.96541 2.89465 1.74032 -1.4572 1.93393 -1.76011 0.95402 2.31508
1.30687 -0.678538 2.23238 1.79642 1.07092 1.22168 1.60883 0.32347 -1.96541 2.89465 1.74032 -1.4572 1.93393 -1.76011 0.95402 2.31508
1.30176 -0.678538 2.23238 1.79642 1.07092 1.22168 1.60883 0.32347 -1.96541 2.89465 1.74032 -1.4572 1.93393 -1.76011 0.95402 2.31508
1.29658 -0.678538 2.23238 1.79642 1.07092 1.22168 1.60883 0.32347 -1.96541 2.89465 1.74032 -1.4572 1.93393 -1.76011 0.95402 2.31508
1.29141 -0.678538 2.23238 1.79642 1.07092 1.22168 1.60883 0.32347 -1.96541 2.89465 1.74032 -1.4572 1.93393 -1.76011 0.95402 2.31508
1.28619 -0.678538 2.23238 1.79642 1.07092 1.22168 1.60883 0.32347 -1.96541 2.89465 1.74032 -1.4572 1.93393 -1.76011 0.95402 2.31508
1.28094 -0.678538 2.23238 1.79642 1.07092 1.22168 1.60883 0.32347 -1.96541 2.89465 1.74032 -1.4572 1.93393 -1.76011 0.95402 2.31508
1.27561 -0.678538 2.23238 1.79642 1.07092 1.22168 1.60883 0.32347 -1.96541 2.89465 1.74032 -1.4572 1.93393 -1.76011 0.95402 2.31508
1.27035 -0.678538 2.23238 1.79642 1.07092 1.22168 1.60883 0.32347 -1.96541 2.89465 1.74032 -1.4572 1.93393 -1.76011 0.95402 2.31508
1.26505 -0.678538 2.23238 1.79642 1.07092 1.22168 1.60883 0.32347 -1.96541 2.89465 1.74032 -1.4572 1.93393 -1.76011 0.95402 2.31508
1.25976 -0.678538 2.23238 1.79642 1.07092 1.22168 1.60883 0.32347 -1.96541 2.89465 1.74032 -1.4572 1.93393 -1.76011 0.95402 2.31508
1.25444 -0.678538 2.23238 1.79642 1.07092 1.22168 1.60883 0.32347 -1.96541 2.89465 1.74032 -1.4572 1.93393 -1.76011 0.95402 2.31508
1.24904 -0.678538 2.23238 1.79642 1.07092 1.22168 1.60883 0.32347 -1.96541 2.89465 1.74032 -1.4572 1.93393 -1.76011 0.95402 2.31508
1.24368 -0.678538 2.23238 1.79642 1.07092 1.22168 1.60883 0.32347 -1.96541 2.89465 1.74032 -1.4572 1.93393 -1.76011 0.95402 2.31508
1.2383 -0.678538 2.23238 1.79642 1.07092 1.22168 1.60883 0.32347 -1.96541 2.89465 1.74032 -1.4572 1.93393 -1.76011 0.95402 2.31508
1.23287 -0.678538 2.23238 1.79642 1.07092 1.22168 1.60883 0.32347 -1.96541 2.89465 1.74032 -1.4572 1.93393 -1.76011 0.95402 2.31508
1.22729 -0.678538 2.23238 1.79642 1.07092 1.22168 1.60883 0.32347 -1.96541 2.89465 1.74032 -1.4572 1.93393 -1.76011 0.95402 2.31508
1.22182 -0.678538 2.23238 1.79642 1.07092 1.22168 1.60883 0.32347 -1.96541 2.89465 1.74032 -1.4572 1.93393 -1.76011 0.95402 2.31508
1.21636 -0.678538 2.23238 1.79642 1.07092 1.22168 1.60883 0.32347 -1.96541 2.89465 1.74032 -1.4572 1.93393 -1.76011 0.95402 2.31508
1.21085 -0.678538 2.23238 1.79642 1.07092 1.22168 1.60883 0.32347 -1.96541 2.89465 1.74032 -1.4572 1.93393 -1.76011 0.95402 2.31508
1.19718 -0.678538 2.23238 1.79642 1.07092 1.22168 1.60883 0.32347 -1.96541 2.89465 1.74032 -1.4572 1.93393 -1.76011 0.95402 2.31508
1.19718 -0.678538 2.23238 1.79642 1.07092 1.22168 1.60883 0.32347 -1.96541 2.89465 1.74032 -1.4572 1.93393 -1.76011 0.95402 2.31508
1.19718 -0.678538 2.23238 1.79642 1.07092 1.22168 1.60883 0.32347 -1.96541 2.89465 1.74032 -1.4572 1.93393 -1.76011 0.95402 2.31508
1.19718 -0.678538 2.23238 1.79642 1.07092 1.22168 1.60883 0.32347 -1.96541 2.89465 1.74032 -1.4572 1.93393 -1.76011 0.95402 2.31508
1.19718 -0.678538 2.23238 1.79642 1.07092 1.22168 1.60883 0.32347 -1.96541 2.89465 1.74032 -1.4572 1.93393 -1.76011 0.95402 2.31508
1.19718 -0.678538 2.23238 1.79642 1.07092 1.22168 1.60883 0.32347 -1.96541 2.89465 1.74032 -1.4572 1.93393 -1.76011 0.95402 2.31508
1.19718 -0.678538 2.23238 1.79642 1.07092 1.22168 1.60883 0.32347 -1.96541 2.89465 1.74032 -1.4572 1.93393 -1.76011 0.95402 2.31508
1.19718 -0.678538 2.23238 1.79642 1.07092 1.22168 1.60883 0.32347 -1.96541 2.89465 1.74032 -1.4572 1.93393 -1.76011 0.95402 2.31508
1.19718 -0.678538 2.23238 1.79642 1.07092 1.22168 1.60883 0.32347 -1.96541 2.89465 1.74032 -1.4572 1.93393 -1.76011 0.95402 2.31508
1.19718 -0.678538 2.23238 1.79642 1.07092 1.22168 1.60883 0.32347 -1.96541 2.89465 1.74032 -1.4572 1.93393 -1.76011 0.95402 2.31508
1.19716 -0.678538 2.23238 1.79642 1.07092 1.22168 1.60883 0.32347 -1.96541 2.89465 1.74032 -1.4572 1.93393 -1.76011 0.95402 2.31508
1.19715 -0.678538 2.23238 1.79642 1.07092 1.22168 1.60883 0.32347 -1.96541 2.89465 1.74032 -1.4572 1.93393 -1.76011 0.95402 2.31508
1.19715 -0.678538 2.23238 1.79642 1.07092 1.22168 1.60883 0.32347 -1.96541 2.89465 1.74032 -1.4572 1.93393 -1.76011 0.95402 2.31508
1.19715 -0.678538 2.23238 1.79642 1.07092 1.22168 1.60883 0.32347 -1.96541 2.89465 1.74032 -1.4572 1.93393 -1.76011 0.95402 2.31508
1.19776 -0.678538 2.23238 1.79642 1.07092 1.22168 1.60883 0.32347 -1.96541 2.89465 1.74032 -1.4572 1.93393 -1.76011 0.95402 2.31508
1.19879 -0.678538 2.23238 1.79642 1.07092 1.22168 1.60883 0.32347 -1.96541 2.89465 1.74032 -1.4572 1.93393 -1.76011 0.95402 2.31508
1.2001 -0.678538 2.23238 1.79642 1.07092 1.22168 1.60883 0.32347 -1.96541 2.89465 1.74032 -1.4572 1.93393 -1.76011 0.95402 2.31508
1.20154 -0.678538 2.23238 1.79642 1.07092 1.22168 1.60883 0.32347 -1.96541 2.89465 1.74032 -1.4572 1.93393 -1.76011 0.95402 2.31508
1.20296 -0.678538 2.23238 1.79642 1.07092 1.22168 1.60883 0.32347 -1.96541 2.89465 1.74032 -1.4572 1.93393 -1.76011 0.95402 2.31508
1.20434 -0.678538 2.23238 1.79642 1.07092 1.22168 1.60883 0.32347 -1.96541 2.89465 1.74032 -1.4572 1.93393 -1.76011 0.95402 2.31508
1.20564 -0.678538 2.23238 1.79642 1.07092 1.22168 1.60883 0.32347 -1.96541 2.89465 1.74032 -1.4572 1.93393 -1.76011 0.95402 2.31508
1.20709 -0.678538 2.23238 1.79642 1.07092 1.22168 1.60883 0.32347 -1.96541 2.89465 1.74032 -1.4572 1.93393 -1.76011 0.95402 2.31508
1.20882 -0.678538 2.23238 1.79642 1.07092 1.22168 1.60883 0.32347 -1.96541 2.89465 1.74032 -1.4572 1.93393 -1.76011 0.95402 2.31508
1.21068 -0.678538 2.23238 1.79642 1.07092 1.22168 1.60883 0.32347 -1.96541 2.89465 1.74032 -1.4572 1.93393 -1.76011 0.95402 2.31508
1.21248 -0.678538 2.23238 1.79642 1.07092 1.22168 1.60883 0.32347 -1.96541 2.89465 1.74032 -1.4572 1.93393 -1.76011 0.95402 2.31508
1.21426 -0.678538 2.23238 1.79642 1.07092 1.22168 1.60883 0.32347 -1.96541 2.89465 1.74032 -1.4572 1.93393 -1.76011 0.95402 2.31508
1.21596 -0.678538 2.23238 1.79642 1.07092 1.22168 1.60883 0.32347 -1.96541 2.89465 1.74032 -1.4572 1.93393 -1.76011 0.95402 2.31508
1.21764 -0.678538 2.23238 1.79642 1.07092 1.22168 1.60883 0.32347 -1.96541 2.89465 1.74032 -1.4572 1.93393 -1.76011 0.95402 2.31508
1.21928 -0.678538 2.23238 1.79642 1.07092 1.22168 1.60883 0.32347 -1.96541 2.89465 1.74032 -1.4572 1.93393 -1.76011 0.95402 2.31508
1.2208 -0.678538 2.23238 1.79642 1.07092 1.22168 1.60883 0.32347 -1.96541 2.89465 1.74032 -1.4572 1.93393 -1.76011 0.95402 2.31508
1.22234 -0.678538 2.23238 1.79642 1.07092 1.22168 1.60883 0.32347 -1.96541 2.89465 1.74032 -1.4572 1.93393 -1.76011 0.95402 2.31508
1.22402 -0.678538 2.23238 1.79642 1.07092 1.22168 1.60883 0.32347 -1.96541 2.89465 1.74032 -1.4572 1.93393 -1.76011 0.95402 2.31508
1.22583 -0.678538 2.23238 1.79642 1.07092 1.22168 1.60883 0.32347 -1.96541 2.89465 1.74032 -1.4572 1.93393 -1.76011 0.95402 2.31508
1.22774 -0.678538 2.23238 1.79642 1.07092 1.22168 1.60883 0.32347 -1.96541 2.89465 1.74032 -1.4572 1.93393 -1.76011 0.95402 2.31508
1.2297 -0.678538 2.23238 1.79642 1.07092 1.22168 1.60883 0.32347 -1.96541 2.89465 1.74032 -1.4572 1.93393 -1.76011 0.95402 2.31508
1.23172 -0.678538 2.23238 1.79642 1.07092 1.22168 1.60883 0.32347 -1.96541 2.89465 1.74032 -1.4572 1.93393 -1.76011 0.95402 2.31508
1.23378 -0.678538 2.23238 1.79642 1.07092 1.22168 1.60883 0.32347 -1.96541 2.89465 1.74032 -1.4572 1.93393 -1.76011 0.95402 2.31508
1.23582 -0.678538 2.23238 1.79642 1.07092 1.22168 1.60883 0.32347 -1.96541 2.89465 1.74032 -1.4572 1.93393 -1.76011 0.95402 2.31508
1.23772 -0.678538 2.23238 1.79642 1.07092 1.22168 1.60883 0.32347 -1.96541 2.89465 1.74032 -1.4572 1.93393 -1.76011 0.95402 2.31508
1.2396 -0.678538 2.23238 1.79642 1.07092 1.22168 1.60883 0.32347 -1.96541 2.89465 1.74032 -1.4572 1.93393 -1.76011 0.95402 2.31508
1.24148 -0.678538 2.23238 1.79642 1.07092 1.22168 1.60883 0.32347 -1.96541 2.89465 1.74032 -1.4572 1.93393 -1.76011 0.95402 2.31508
1.2435 -0.678538 2.23238 1.79642 1.07092 1.22168 1.60883 0.32347 -1.96541 2.89465 1.74032 -1.4572 1.93393 -1.76011 0.95402 2.31508
1.24559 -0.678538 2.23238 1.79642 1.07092 1.22168 1.60883 0.32347 -1.96541 2.89465 1.74032 -1.4572 1.93393 -1.76011 0.95402 2.31508
1.24788 -0.678538 2.23238 1.79642 1.07092 1.22168 1.60883 0.32347 -1.96541 2.89465 1.74032 -1.4572 1.93393 -1.76011 0.95402 2.31508
1.25028 -0.678538 2.23238 1.79642 1.07092 1.22168 1.60883 0.32347 -1.96541 2.89465 1.74032 -1.4572 1.93393 -1.76011 0.95402 2.31508
1.25256 -0.678538 2.23238 1.79642 1.07092 1.22168 1.60883 0.32347 -1.96541 2.89465 1.74032 -1.4572 1.93393 -1.76011 0.95402 2.31508
1.25482 -0.678538 2.23238 1.79642 1.07092 1.22168 1.60883 0.32347 -1.96541 2.89465 1.74032 -1.4572 1.93393 -1.76011 0.95402 2.31508
1.25717 -0.678538 2.23238 1.79642 1.07092 1.22168 1.60883 0.32347 -1.96541 2.89465 1.74032 -1.4572 1.93393 -1.76011 0.95402 2.31508
1.25975 -0.678538 2.23238 1.79642 1.07092 1.22168 1.60883 0.32347 -1.96541 2.89465 1.74032 -1.4572 1.93393 -1.76011 0.95402 2.31508
1.26229 -0.678538 2.23238 1.79642 1.07092 1.22168 1.60883 0.32347 -1.96541 2.89465 1.74032 -1.4572 1.93393 -1.76011 0.95402 2.31508
1.26482 -0.678538 2.23238 1.79642 1.07092 1.22168 1.60883 0.32347 -1.96541 2.89465 1.74032 -1.4572 1.93393 -1.76011 0.95402 2.31508
1.26755 -0.678538 2.23238 1.79642 1.07092 1.22168 1.60883 0.32347 -1.96541 2.89465 1.74032 -1.4572 1.93393 -1.76011 0.95402 2.31508
1.27032 -0.678538 2.23238 1.79642 1.07092 1.22168 1.60883 0.32347 -1.96541 2.89465 1.74032 -1.4572 1.93393 -1.76011 0.95402 2.31508
1.27303 -0.678538 2.23238 1.79642 1.07092 1.22168 1.60883 0.32347 -1.96541 2.89465 1.74032 -1.4572 1.93393 -1.76011 0.95402 2.31508
1.27577 -0.678538 2.23238 1.79642 1.07092 1.22168 1.60883 0.32347 -1.96541 2.89465 1.74032 -1.4572 1.93393 -1.76011 0.95402 2.31508
1.27866 -0.678538 2.23238 1.79642 1.07092 1.22168 1.60883 0.32347 -1.96541 2.89465 1.74032 -1.4572 1.93393 -1.76011 0.95402 2.31508
1.28184 -0.678538 2.23238 1.79642 1.07092 1.22168 1.60883 0.32347 -1.96541 2.89465 1.74032 -1.4572 1.93393 -1.76011 0.95402 2.31508
1.28503 -0.678538 2.23238 1.79642 1.07092 1.22168 1.60883 0.32347 -1.96541 2.89465 1.74032 -1.4572 1.93393 -1.76011 0.95402 2.31508
1.28832 -0.678538 2.23238 1.79642 1.07092 1.22168 1.60883 0.32347 -1.96541 2.89465 1.74032 -1.4572 1.93393 -1.76011 0.95402 2.31508
1.29157 -0.678538 2.23238 1.79642 1.07092 1.22168 1.60883 0.32347 -1.96541 2.89465 1.74032 -1.4572 1.93393 -1.76011 0.95402 2.31508
1.29479 -0.678538 2.23238 1.79642 1.07092 1.22168 1.60883 0.32347 -1.96541 2.89465 1.74032 -1.4572 1.93393 -1.76011 0.95402 2.31508
1.29794 -0.678538 2.23238 1.79642 1.07092 1.22168 1.60883 0.32347 -1.96541 2.89465 1.74032 -1.4572 1.93393 -1.76011 0.95402 2.31508
1.30147 -0.678538 2.23238 1.79642 1.07092 1.22168 1.60883 0.32347 -1.96541 2.89465 1.74032 -1.4572 1.93393 -1.76011 0.95402 2.31508
1.30547 -0.678538 2.23238 1.79642 1.07092 1.22168 1.60883 0.32347 -1.96541 2.89465 1.74032 -1.4572 1.93393 -1.76011 0.95402 2.31508
1.30938 -0.678538 2.23238 1.79642 1.07092 1.22168 1.60883 0.32347 -1.96541 2.89465 1.74032 -1.4572 1.93393 -1.76011 0.95402 2.31508
1.31309 -0.678538 2.23238 1.79642 1.07092 1.22168 1.60883 0.32347 -1.96541 2.89465 1.74032 -1.4572 1.93393 -1.76011 0.95402 2.31508
1.31658 -0.678538 2.23238 1.79642 1.07092 1.22168 1.60883 0.32347 -1.96541 2.89465 1.74032 -1.4572 1.93393 -1.76011 0.95402 2.31508
1.32024 -0.678538 2.23238 1.79642 1.07092 1.22168 1.60883 0.32347 -1.96541 2.89465 1.74032 -1.4572 1.93393 -1.76011 0.95402 2.31508
1.32425 -0.678538 2.23238 1.79642 1.07092 1.22168 1.60883 0.32347 -1.96541 2.89465 1.74032 -1.4572 1.93393 -1.76011 0.95402 2.31508
1.32856 -0.678538 2.23238 1.79642 1.07092 1.22168 1.60883 0.32347 -1.96541 2.89465 1.74032 -1.4572 1.93393 -1.76011 0.95402 2.31508
1.33287 -0.678538 2.23238 1.79642 1.07092 1.22168 1.60883 0.32347 -1.96541 2.89465 1.74032 -1.4572 1.93393 -1.76011 0.95402 2.31508
1.33684 -0.678538 2.23238 1.79642 1.07092 1.22168 1.60883 0.32347 -1.96541 2.89465 1.74032 -1.4572 1.93393 -1.76011 0.95402 2.31508
1.34092 -0.678538 2.23238 1.79642 1.07092 1.22168 1.60883 0.32347 -1.96541 2.89465 1.74032 -1.4572 1.93393 -1.76011 0.95402 2.31508
1.34544 -0.678538 2.23238 1.79642 1.07092 1.22168 1.60883 0.32347 -1.96541 2.89465 1.74032 -1.4572 1.93393 -1.76011 0.95402 2.31508
1.35021 -0.678538 2.23238 1.79642 1.07092 1.22168 1.60883 0.32347 -1.96541 2.89465 1.74032 -1.4572 1.93393 -1.76011 0.95402 2.31508
1.35473 -0.678538 2.23238 1.79642 1.07092 1.22168 1.60883 0.32347 -1.96541 2.89465 1.74032 -1.4572 1.93393 -1.76011 0.95402 2.31508
1.35913 -0.678538 2.23238 1.79642 1.07092 1.22168 1.60883 0.32347 -1.96541 2.89465 1.74032 -1.4572 1.93393 -1.76011 0.95402 2.31508
1.36388 -0.678538 2.23238 1.79642 1.07092 1.22168 1.60883 0.32347 -1.96541 2.89465 1.74032 -1.4572 1.93393 -1.76011 0.95402 2.31508
1.36896 -0.678538 2.23238 1.79642 1.07092 1.22168 1.60883 0.32347 -1.96541 2.89465 1.74032 -1.4572 1.93393 -1.76011 0.95402 2.31508
