35.035
35.046
35.056
35.067
35.077
35.087
35.098
35.108
35.119
35.131
35.151
35.172
35.194
35.214
35.235
35.255
35.276
35.297
35.318
35.338
35.377
35.416
35.455
35.494
35.533
35.572
35.61
35.649
35.689
35.728
35.766
35.805
35.844
35.884
35.922
35.961
36
36.039
36.078
36.117
36.155
36.194
36.232
36.271
36.309
36.348
36.388
36.428
36.468
36.507
36.546
36.585
36.624
36.662
36.7
36.74
36.779
36.818
36.857
36.895
36.934
36.973
37.011
37.05
37.089
37.128
37.167
37.205
37.244
37.283
37.321
37.36
37.399
37.438
37.478
37.517
37.556
37.594
37.937
37.948
37.959
37.97
37.98
37.991
38.002
38.013
38.024
38.037
38.077
38.115
38.154
38.193
38.231
38.27
38.309
38.347
38.386
38.426
38.465
38.506
38.546
38.585
38.624
38.662
38.701
38.74
38.78
38.819
38.857
38.897
38.935
38.974
39.012
39.051
39.09
39.129
39.168
39.207
39.246
39.285
39.323
39.362
39.401
39.44
39.48
39.52
39.559
39.598
39.636
39.675
39.713
39.752
39.791
39.83
39.869
39.909
39.949
39.99
40.028
40.067
40.108
40.15
40.188
40.227
40.266
40.305
40.344
40.383
40.422
40.461
40.5
40.539
40.578
40.616
40.655
40.694
40.732
