1.3399 1.44398 1.46732 0.877756 0.63782 1.26104 2.23026 1.72451 1.80965 -1.7356 0.876061 -2.82392 -1.99644 -0.377788 -0.0145469 0.906716
1.3399 1.44398 1.46732 0.877756 0.63782 1.26104 2.23026 1.72451 1.80965 -1.7356 0.876061 -2.82392 -1.99644 -0.377788 -0.0145469 0.906716
1.3399 1.44398 1.46732 0.877756 0.63782 1.26104 2.23026 1.72451 1.80965 -1.7356 0.876061 -2.82392 -1.99644 -0.377788 -0.0145469 0.906716
1.33989 1.44398 1.46732 0.877756 0.63782 1.26104 2.23026 1.72451 1.80965 -1.7356 0.876061 -2.82392 -1.99644 -0.377788 -0.0145469 0.906716
1.33988 1.44398 1.46732 0.877756 0.63782 1.26104 2.23026 1.72451 1.80965 -1.7356 0.876061 -2.82392 -1.99644 -0.377788 -0.0145469 0.906716
1.33988 1.44398 1.46732 0.877756 0.63782 1.26104 2.23026 1.72451 1.80965 -1.7356 0.876061 -2.82392 -1.99644 -0.377788 -0.0145469 0.906716
1.33988 1.44398 1.46732 0.877756 0.63782 1.26104 2.23026 1.72451 1.80965 -1.7356 0.876061 -2.82392 -1.99644 -0.377788 -0.0145469 0.906716
1.33988 1.44398 1.46732 0.877756 0.63782 1.26104 2.23026 1.72451 1.80965 -1.7356 0.876061 -2.82392 -1.99644 -0.377788 -0.0145469 0.906716
1.33988 1.44398 1.46732 0.877756 0.63782 1.26104 2.23026 1.72451 1.80965 -1.7356 0.876061 -2.82392 -1.99644 -0.377788 -0.0145469 0.906716
1.33988 1.44398 1.46732 0.877756 0.63782 1.26104 2.23026 1.72451 1.80965 -1.7356 0.876061 -2.82392 -1.99644 -0.377788 -0.0145469 0.906716
1.33988 1.44398 1.46732 0.877756 0.63782 1.26104 2.23026 1.72451 1.80965 -1.7356 0.876061 -2.82392 -1.99644 -0.377788 -0.0145469 0.906716
1.33997 1.44398 1.46732 0.877756 0.63782 1.26104 2.23026 1.72451 1.80965 -1.7356 0.876061 -2.82392 -1.99644 -0.377788 -0.0145469 0.906716
1.34028 1.44398 1.46732 0.877756 0.63782 1.26104 2.23026 1.72451 1.80965 -1.7356 0.876061 -2.82392 -1.99644 -0.377788 -0.0145469 0.906716
1.34048 1.44398 1.46732 0.877756 0.63782 1.26104 2.23026 1.72451 1.80965 -1.7356 0.876061 -2.82392 -1.99644 -0.377788 -0.0145469 0.906716
1.34069 1.44398 1.46732 0.877756 0.63782 1.26104 2.23026 1.72451 1.80965 -1.7356 0.876061 -2.82392 -1.99644 -0.377788 -0.0145469 0.906716
1.34091 1.44398 1.46732 0.877756 0.63782 1.26104 2.23026 1.72451 1.80965 -1.7356 0.876061 -2.82392 -1.99644 -0.377788 -0.0145469 0.906716
1.34112 1.44398 1.46732 0.877756 0.63782 1.26104 2.23026 1.72451 1.80965 -1.7356 0.876061 -2.82392 -1.99644 -0.377788 -0.0145469 0.906716
1.34134 1.44398 1.46732 0.877756 0.63782 1.26104 2.23026 1.72451 1.80965 -1.7356 0.876061 -2.82392 -1.99644 -0.377788 -0.0145469 0.906716
1.3416 1.44398 1.46732 0.877756 0.63782 1.26104 2.23026 1.72451 1.80965 -1.7356 0.876061 -2.82392 -1.99644 -0.377788 -0.0145469 0.906716
1.3419 1.44398 1.46732 0.877756 0.63782 1.26104 2.23026 1.72451 1.80965 -1.7356 0.876061 -2.82392 -1.99644 -0.377788 -0.0145469 0.906716
1.3425 1.44398 1.46732 0.877756 0.63782 1.26104 2.23026 1.72451 1.80965 -1.7356 0.876061 -2.82392 -1.99644 -0.377788 -0.0145469 0.906716
1.34323 1.44398 1.46732 0.877756 0.63782 1.26104 2.23026 1.72451 1.80965 -1.7356 0.876061 -2.82392 -1.99644 -0.377788 -0.0145469 0.906716
1.34407 1.44398 1.46732 0.877756 0.63782 1.26104 2.23026 1.72451 1.80965 -1.7356 0.876061 -2.82392 -1.99644 -0.377788 -0.0145469 0.906716
1.34489 1.44398 1.46732 0.877756 0.63782 1.26104 2.23026 1.72451 1.80965 -1.7356 0.876061 -2.82392 -1.99644 -0.377788 -0.0145469 0.906716
1.34579 1.44398 1.46732 0.877756 0.63782 1.26104 2.23026 1.72451 1.80965 -1.7356 0.876061 -2.82392 -1.99644 -0.377788 -0.0145469 0.906716
1.34672 1.44398 1.46732 0.877756 0.63782 1.26104 2.23026 1.72451 1.80965 -1.7356 0.876061 -2.82392 -1.99644 -0.377788 -0.0145469 0.906716
1.34771 1.44398 1.46732 0.877756 0.63782 1.26104 2.23026 1.72451 1.80965 -1.7356 0.876061 -2.82392 -1.99644 -0.377788 -0.0145469 0.906716
1.3488 1.44398 1.46732 0.877756 0.63782 1.26104 2.23026 1.72451 1.80965 -1.7356 0.876061 -2.82392 -1.99644 -0.377788 -0.0145469 0.906716
1.3499 1.44398 1.46732 0.877756 0.63782 1.26104 2.23026 1.72451 1.80965 -1.7356 0.876061 -2.82392 -1.99644 -0.377788 -0.0145469 0.906716
1.35093 1.44398 1.46732 0.877756 0.63782 1.26104 2.23026 1.72451 1.80965 -1.7356 0.876061 -2.82392 -1.99644 -0.377788 -0.0145469 0.906716
1.35188 1.44398 1.46732 0.877756 0.63782 1.26104 2.23026 1.72451 1.80965 -1.7356 0.876061 -2.82392 -1.99644 -0.377788 -0.0145469 0.906716
1.35272 1.44398 1.46732 0.877756 0.63782 1.26104 2.23026 1.72451 1.80965 -1.7356 0.876061 -2.82392 -1.99644 -0.377788 -0.0145469 0.906716
1.35363 1.44398 1.46732 0.877756 0.63782 1.26104 2.23026 1.72451 1.80965 -1.7356 0.876061 -2.82392 -1.99644 -0.377788 -0.0145469 0.906716
1.35482 1.44398 1.46732 0.877756 0.63782 1.26104 2.23026 1.72451 1.80965 -1.7356 0.876061 -2.82392 -1.99644 -0.377788 -0.0145469 0.906716
1.3559 1.44398 1.46732 0.877756 0.63782 1.26104 2.23026 1.72451 1.80965 -1.7356 0.876061 -2.82392 -1.99644 -0.377788 -0.0145469 0.906716
1.35695 1.44398 1.46732 0.877756 0.63782 1.26104 2.23026 1.72451 1.80965 -1.7356 0.876061 -2.82392 -1.99644 -0.377788 -0.0145469 0.906716
1.35792 1.44398 1.46732 0.877756 0.63782 1.26104 2.23026 1.72451 1.80965 -1.7356 0.876061 -2.82392 -1.99644 -0.377788 -0.0145469 0.906716
1.35899 1.44398 1.46732 0.877756 0.63782 1.26104 2.23026 1.72451 1.80965 -1.7356 0.876061 -2.82392 -1.99644 -0.377788 -0.0145469 0.906716
1.36015 1.44398 1.46732 0.877756 0.63782 1.26104 2.23026 1.72451 1.80965 -1.7356 0.876061 -2.82392 -1.99644 -0.377788 -0.0145469 0.906716
1.36131 1.44398 1.46732 0.877756 0.63782 1.26104 2.23026 1.72451 1.80965 -1.7356 0.876061 -2.82392 -1.99644 -0.377788 -0.0145469 0.906716
1.36253 1.44398 1.46732 0.877756 0.63782 1.26104 2.23026 1.72451 1.80965 -1.7356 0.876061 -2.82392 -1.99644 -0.377788 -0.0145469 0.906716
1.3638 1.44398 1.46732 0.877756 0.63782 1.26104 2.23026 1.72451 1.80965 -1.7356 0.876061 -2.82392 -1.99644 -0.377788 -0.0145469 0.906716
1.36515 1.44398 1.46732 0.877756 0.63782 1.26104 2.23026 1.72451 1.80965 -1.7356 0.876061 -2.82392 -1.99644 -0.377788 -0.0145469 0.906716
1.36658 1.44398 1.46732 0.877756 0.63782 1.26104 2.23026 1.72451 1.80965 -1.7356 0.876061 -2.82392 -1.99644 -0.377788 -0.0145469 0.906716
1.3679 1.44398 1.46732 0.877756 0.63782 1.26104 2.23026 1.72451 1.80965 -1.7356 0.876061 -2.82392 -1.99644 -0.377788 -0.0145469 0.906716
1.36912 1.44398 1.46732 0.877756 0.63782 1.26104 2.23026 1.72451 1.80965 -1.7356 0.876061 -2.82392 -1.99644 -0.377788 -0.0145469 0.906716
1.3703 1.44398 1.46732 0.877756 0.63782 1.26104 2.23026 1.72451 1.80965 -1.7356 0.876061 -2.82392 -1.99644 -0.377788 -0.0145469 0.906716
1.37153 1.44398 1.46732 0.877756 0.63782 1.26104 2.23026 1.72451 1.80965 -1.7356 0.876061 -2.82392 -1.99644 -0.377788 -0.0145469 0.906716
1.37283 1.44398 1.46732 0.877756 0.63782 1.26104 2.23026 1.72451 1.80965 -1.7356 0.876061 -2.82392 -1.99644 -0.377788 -0.0145469 0.906716
1.37426 1.44398 1.46732 0.877756 0.63782 1.26104 2.23026 1.72451 1.80965 -1.7356 0.876061 -2.82392 -1.99644 -0.377788 -0.0145469 0.906716
1.37577 1.44398 1.46732 0.877756 0.63782 1.26104 2.23026 1.72451 1.80965 -1.7356 0.876061 -2.82392 -1.99644 -0.377788 -0.0145469 0.906716
1.37717 1.44398 1.46732 0.877756 0.63782 1.26104 2.23026 1.72451 1.80965 -1.7356 0.876061 -2.82392 -1.99644 -0.377788 -0.0145469 0.906716
1.37852 1.44398 1.46732 0.877756 0.63782 1.26104 2.23026 1.72451 1.80965 -1.7356 0.876061 -2.82392 -1.99644 -0.377788 -0.0145469 0.906716
1.37992 1.44398 1.46732 0.877756 0.63782 1.26104 2.23026 1.72451 1.80965 -1.7356 0.876061 -2.82392 -1.99644 -0.377788 -0.0145469 0.906716
1.38153 1.44398 1.46732 0.877756 0.63782 1.26104 2.23026 1.72451 1.80965 -1.7356 0.876061 -2.82392 -1.99644 -0.377788 -0.0145469 0.906716
1.38322 1.44398 1.46732 0.877756 0.63782 1.26104 2.23026 1.72451 1.80965 -1.7356 0.876061 -2.82392 -1.99644 -0.377788 -0.0145469 0.906716
1.38491 1.44398 1.46732 0.877756 0.63782 1.26104 2.23026 1.72451 1.80965 -1.7356 0.876061 -2.82392 -1.99644 -0.377788 -0.0145469 0.906716
1.38664 1.44398 1.46732 0.877756 0.63782 1.26104 2.23026 1.72451 1.80965 -1.7356 0.876061 -2.82392 -1.99644 -0.377788 -0.0145469 0.906716
1.38843 1.44398 1.46732 0.877756 0.63782 1.26104 2.23026 1.72451 1.80965 -1.7356 0.876061 -2.82392 -1.99644 -0.377788 -0.0145469 0.906716
1.39016 1.44398 1.46732 0.877756 0.63782 1.26104 2.23026 1.72451 1.80965 -1.7356 0.876061 -2.82392 -1.99644 -0.377788 -0.0145469 0.906716
1.39185 1.44398 1.46732 0.877756 0.63782 1.26104 2.23026 1.72451 1.80965 -1.7356 0.876061 -2.82392 -1.99644 -0.377788 -0.0145469 0.906716
1.39362 1.44398 1.46732 0.877756 0.63782 1.26104 2.23026 1.72451 1.80965 -1.7356 0.876061 -2.82392 -1.99644 -0.377788 -0.0145469 0.906716
1.39542 1.44398 1.46732 0.877756 0.63782 1.26104 2.23026 1.72451 1.80965 -1.7356 0.876061 -2.82392 -1.99644 -0.377788 -0.0145469 0.906716
1.39725 1.44398 1.46732 0.877756 0.63782 1.26104 2.23026 1.72451 1.80965 -1.7356 0.876061 -2.82392 -1.99644 -0.377788 -0.0145469 0.906716
1.3992 1.44398 1.46732 0.877756 0.63782 1.26104 2.23026 1.72451 1.80965 -1.7356 0.876061 -2.82392 -1.99644 -0.377788 -0.0145469 0.906716
1.40113 1.44398 1.46732 0.877756 0.63782 1.26104 2.23026 1.72451 1.80965 -1.7356 0.876061 -2.82392 -1.99644 -0.377788 -0.0145469 0.906716
1.40292 1.44398 1.46732 0.877756 0.63782 1.26104 2.23026 1.72451 1.80965 -1.7356 0.876061 -2.82392 -1.99644 -0.377788 -0.0145469 0.906716
1.40477 1.44398 1.46732 0.877756 0.63782 1.26104 2.23026 1.72451 1.80965 -1.7356 0.876061 -2.82392 -1.99644 -0.377788 -0.0145469 0.906716
1.40678 1.44398 1.46732 0.877756 0.63782 1.26104 2.23026 1.72451 1.80965 -1.7356 0.876061 -2.82392 -1.99644 -0.377788 -0.0145469 0.906716
1.40889 1.44398 1.46732 0.877756 0.63782 1.26104 2.23026 1.72451 1.80965 -1.7356 0.876061 -2.82392 -1.99644 -0.377788 -0.0145469 0.906716
1.41098 1.44398 1.46732 0.877756 0.63782 1.26104 2.23026 1.72451 1.80965 -1.7356 0.876061 -2.82392 -1.99644 -0.377788 -0.0145469 0.906716
1.41307 1.44398 1.46732 0.877756 0.63782 1.26104 2.23026 1.72451 1.80965 -1.7356 0.876061 -2.82392 -1.99644 -0.377788 -0.0145469 0.906716
1.41532 1.44398 1.46732 0.877756 0.63782 1.26104 2.23026 1.72451 1.80965 -1.7356 0.876061 -2.82392 -1.99644 -0.377788 -0.0145469 0.906716
1.41742 1.44398 1.46732 0.877756 0.63782 1.26104 2.23026 1.72451 1.80965 -1.7356 0.876061 -2.82392 -1.99644 -0.377788 -0.0145469 0.906716
1.41953 1.44398 1.46732 0.877756 0.63782 1.26104 2.23026 1.72451 1.80965 -1.7356 0.876061 -2.82392 -1.99644 -0.377788 -0.0145469 0.906716
1.42181 1.44398 1.46732 0.877756 0.63782 1.26104 2.23026 1.72451 1.80965 -1.7356 0.876061 -2.82392 -1.99644 -0.377788 -0.0145469 0.906716
1.42437 1.44398 1.46732 0.877756 0.63782 1.26104 2.23026 1.72451 1.80965 -1.7356 0.876061 -2.82392 -1.99644 -0.377788 -0.0145469 0.906716
1.42687 1.44398 1.46732 0.877756 0.63782 1.26104 2.23026 1.72451 1.80965 -1.7356 0.876061 -2.82392 -1.99644 -0.377788 -0.0145469 0.906716
1.42926 1.44398 1.46732 0.877756 0.63782 1.26104 2.23026 1.72451 1.80965 -1.7356 0.876061 -2.82392 -1.99644 -0.377788 -0.0145469 0.906716
1.4316 1.44398 1.46732 0.877756 0.63782 1.26104 2.23026 1.72451 1.80965 -1.7356 0.876061 -2.82392 -1.99644 -0.377788 -0.0145469 0.906716
1.4341 1.44398 1.46732 0.877756 0.63782 1.26104 2.23026 1.72451 1.80965 -1.7356 0.876061 -2.82392 -1.99644 -0.377788 -0.0145469 0.906716
1.4366 1.44398 1.46732 0.877756 0.63782 1.26104 2.23026 1.72451 1.80965 -1.7356 0.876061 -2.82392 -1.99644 -0.377788 -0.0145469 0.906716
1.43918 1.44398 1.46732 0.877756 0.63782 1.26104 2.23026 1.72451 1.80965 -1.7356 0.876061 -2.82392 -1.99644 -0.377788 -0.0145469 0.906716
1.44192 1.44398 1.46732 0.877756 0.63782 1.26104 2.23026 1.72451 1.80965 -1.7356 0.876061 -2.82392 -1.99644 -0.377788 -0.0145469 0.906716
1.44465 1.44398 1.46732 0.877756 0.63782 1.26104 2.23026 1.72451 1.80965 -1.7356 0.876061 -2.82392 -1.99644 -0.377788 -0.0145469 0.906716
1.44743 1.44398 1.46732 0.877756 0.63782 1.26104 2.23026 1.72451 1.80965 -1.7356 0.876061 -2.82392 -1.99644 -0.377788 -0.0145469 0.906716
1.45018 1.44398 1.46732 0.877756 0.63782 1.26104 2.23026 1.72451 1.80965 -1.7356 0.876061 -2.82392 -1.99644 -0.377788 -0.0145469 0.906716
1.4529 1.44398 1.46732 0.877756 0.63782 1.26104 2.23026 1.72451 1.80965 -1.7356 0.876061 -2.82392 -1.99644 -0.377788 -0.0145469 0.906716
1.45575 1.44398 1.46732 0.877756 0.63782 1.26104 2.23026 1.72451 1.80965 -1.7356 0.876061 -2.82392 -1.99644 -0.377788 -0.0145469 0.906716
1.4588 1.44398 1.46732 0.877756 0.63782 1.26104 2.23026 1.72451 1.80965 -1.7356 0.876061 -2.82392 -1.99644 -0.377788 -0.0145469 0.906716
1.46196 1.44398 1.46732 0.877756 0.63782 1.26104 2.23026 1.72451 1.80965 -1.7356 0.876061 -2.82392 -1.99644 -0.377788 -0.0145469 0.906716
1.46526 1.44398 1.46732 0.877756 0.63782 1.26104 2.23026 1.72451 1.80965 -1.7356 0.876061 -2.82392 -1.99644 -0.377788 -0.0145469 0.906716
1.46839 1.44398 1.46732 0.877756 0.63782 1.26104 2.23026 1.72451 1.80965 -1.7356 0.876061 -2.82392 -1.99644 -0.377788 -0.0145469 0.906716
1.47142 1.44398 1.46732 0.877756 0.63782 1.26104 2.23026 1.72451 1.80965 -1.7356 0.876061 -2.82392 -1.99644 -0.377788 -0.0145469 0.906716
1.4747 1.44398 1.46732 0.877756 0.63782 1.26104 2.23026 1.72451 1.80965 -1.7356 0.876061 -2.82392 -1.99644 -0.377788 -0.0145469 0.906716
1.47804 1.44398 1.46732 0.877756 0.63782 1.26104 2.23026 1.72451 1.80965 -1.7356 0.876061 -2.82392 -1.99644 -0.377788 -0.0145469 0.906716
1.4815 1.44398 1.46732 0.877756 0.63782 1.26104 2.23026 1.72451 1.80965 -1.7356 0.876061 -2.82392 -1.99644 -0.377788 -0.0145469 0.906716
1.48507 1.44398 1.46732 0.877756 0.63782 1.26104 2.23026 1.72451 1.80965 -1.7356 0.876061 -2.82392 -1.99644 -0.377788 -0.0145469 0.906716
1.48869 1.44398 1.46732 0.877756 0.63782 1.26104 2.23026 1.72451 1.80965 -1.7356 0.876061 -2.82392 -1.99644 -0.377788 -0.0145469 0.906716
1.49223 1.44398 1.46732 0.877756 0.63782 1.26104 2.23026 1.72451 1.80965 -1.7356 0.876061 -2.82392 -1.99644 -0.377788 -0.0145469 0.906716
1.49585 1.44398 1.46732 0.877756 0.63782 1.26104 2.23026 1.72451 1.80965 -1.7356 0.876061 -2.82392 -1.99644 -0.377788 -0.0145469 0.906716
1.49958 1.44398 1.46732 0.877756 0.63782 1.26104 2.23026 1.72451 1.80965 -1.7356 0.876061 -2.82392 -1.99644 -0.377788 -0.0145469 0.906716
1.48583 1.44398 1.46732 0.877756 0.63782 1.26104 2.23026 1.72451 1.80965 -1.7356 0.876061 -2.82392 -1.99644 -0.377788 -0.0145469 0.906716
1.48329 1.44398 1.46732 0.877756 0.63782 1.26104 2.23026 1.72451 1.80965 -1.7356 0.876061 -2.82392 -1.99644 -0.377788 -0.0145469 0.906716
1.48087 1.44398 1.46732 0.877756 0.63782 1.26104 2.23026 1.72451 1.80965 -1.7356 0.876061 -2.82392 -1.99644 -0.377788 -0.0145469 0.906716
1.47839 1.44398 1.46732 0.877756 0.63782 1.26104 2.23026 1.72451 1.80965 -1.7356 0.876061 -2.82392 -1.99644 -0.377788 -0.0145469 0.906716
1.47584 1.44398 1.46732 0.877756 0.63782 1.26104 2.23026 1.72451 1.80965 -1.7356 0.876061 -2.82392 -1.99644 -0.377788 -0.0145469 0.906716
1.47318 1.44398 1.46732 0.877756 0.63782 1.26104 2.23026 1.72451 1.80965 -1.7356 0.876061 -2.82392 -1.99644 -0.377788 -0.0145469 0.906716
1.47048 1.44398 1.46732 0.877756 0.63782 1.26104 2.23026 1.72451 1.80965 -1.7356 0.876061 -2.82392 -1.99644 -0.377788 -0.0145469 0.906716
1.46781 1.44398 1.46732 0.877756 0.63782 1.26104 2.23026 1.72451 1.80965 -1.7356 0.876061 -2.82392 -1.99644 -0.377788 -0.0145469 0.906716
1.4651 1.44398 1.46732 0.877756 0.63782 1.26104 2.23026 1.72451 1.80965 -1.7356 0.876061 -2.82392 -1.99644 -0.377788 -0.0145469 0.906716
1.46242 1.44398 1.46732 0.877756 0.63782 1.26104 2.23026 1.72451 1.80965 -1.7356 0.876061 -2.82392 -1.99644 -0.377788 -0.0145469 0.906716
1.45715 1.44398 1.46732 0.877756 0.63782 1.26104 2.23026 1.72451 1.80965 -1.7356 0.876061 -2.82392 -1.99644 -0.377788 -0.0145469 0.906716
1.4523 1.44398 1.46732 0.877756 0.63782 1.26104 2.23026 1.72451 1.80965 -1.7356 0.876061 -2.82392 -1.99644 -0.377788 -0.0145469 0.906716
1.4474 1.44398 1.46732 0.877756 0.63782 1.26104 2.23026 1.72451 1.80965 -1.7356 0.876061 -2.82392 -1.99644 -0.377788 -0.0145469 0.906716
1.4425 1.44398 1.46732 0.877756 0.63782 1.26104 2.23026 1.72451 1.80965 -1.7356 0.876061 -2.82392 -1.99644 -0.377788 -0.0145469 0.906716
1.43763 1.44398 1.46732 0.877756 0.63782 1.26104 2.23026 1.72451 1.80965 -1.7356 0.876061 -2.82392 -1.99644 -0.377788 -0.0145469 0.906716
1.43268 1.44398 1.46732 0.877756 0.63782 1.26104 2.23026 1.72451 1.80965 -1.7356 0.876061 -2.82392 -1.99644 -0.377788 -0.0145469 0.906716
1.42768 1.44398 1.46732 0.877756 0.63782 1.26104 2.23026 1.72451 1.80965 -1.7356 0.876061 -2.82392 -1.99644 -0.377788 -0.0145469 0.906716
1.42271 1.44398 1.46732 0.877756 0.63782 1.26104 2.23026 1.72451 1.80965 -1.7356 0.876061 -2.82392 -1.99644 -0.377788 -0.0145469 0.906716
1.41776 1.44398 1.46732 0.877756 0.63782 1.26104 2.23026 1.72451 1.80965 -1.7356 0.876061 -2.82392 -1.99644 -0.377788 -0.0145469 0.906716
1.41272 1.44398 1.46732 0.877756 0.63782 1.26104 2.23026 1.72451 1.80965 -1.7356 0.876061 -2.82392 -1.99644 -0.377788 -0.0145469 0.906716
1.40757 1.44398 1.46732 0.877756 0.63782 1.26104 2.23026 1.72451 1.80965 -1.7356 0.876061 -2.82392 -1.99644 -0.377788 -0.0145469 0.906716
1.40245 1.44398 1.46732 0.877756 0.63782 1.26104 2.23026 1.72451 1.80965 -1.7356 0.876061 -2.82392 -1.99644 -0.377788 -0.0145469 0.906716
1.39735 1.44398 1.46732 0.877756 0.63782 1.26104 2.23026 1.72451 1.80965 -1.7356 0.876061 -2.82392 -1.99644 -0.377788 -0.0145469 0.906716
1.39224 1.44398 1.46732 0.877756 0.63782 1.26104 2.23026 1.72451 1.80965 -1.7356 0.876061 -2.82392 -1.99644 -0.377788 -0.0145469 0.906716
1.38708 1.44398 1.46732 0.877756 0.63782 1.26104 2.23026 1.72451 1.80965 -1.7356 0.876061 -2.82392 -1.99644 -0.377788 -0.0145469 0.906716
1.38195 1.44398 1.46732 0.877756 0.63782 1.26104 2.23026 1.72451 1.80965 -1.7356 0.876061 -2.82392 -1.99644 -0.377788 -0.0145469 0.906716
1.37683 1.44398 1.46732 0.877756 0.63782 1.26104 2.23026 1.72451 1.80965 -1.7356 0.876061 -2.82392 -1.99644 -0.377788 -0.0145469 0.906716
1.37169 1.44398 1.46732 0.877756 0.63782 1.26104 2.23026 1.72451 1.80965 -1.7356 0.876061 -2.82392 -1.99644 -0.377788 -0.0145469 0.906716
1.36651 1.44398 1.46732 0.877756 0.63782 1.26104 2.23026 1.72451 1.80965 -1.7356 0.876061 -2.82392 -1.99644 -0.377788 -0.0145469 0.906716
1.36128 1.44398 1.46732 0.877756 0.63782 1.26104 2.23026 1.72451 1.80965 -1.7356 0.876061 -2.82392 -1.99644 -0.377788 -0.0145469 0.906716
1.35608 1.44398 1.46732 0.877756 0.63782 1.26104 2.23026 1.72451 1.80965 -1.7356 0.876061 -2.82392 -1.99644 -0.377788 -0.0145469 0.906716
1.35088 1.44398 1.46732 0.877756 0.63782 1.26104 2.23026 1.72451 1.80965 -1.7356 0.876061 -2.82392 -1.99644 -0.377788 -0.0145469 0.906716
1.34557 1.44398 1.46732 0.877756 0.63782 1.26104 2.23026 1.72451 1.80965 -1.7356 0.876061 -2.82392 -1.99644 -0.377788 -0.0145469 0.906716
1.34035 1.44398 1.46732 0.877756 0.63782 1.26104 2.23026 1.72451 1.80965 -1.7356 0.876061 -2.82392 -1.99644 -0.377788 -0.0145469 0.906716
1.33472 1.44398 1.46732 0.877756 0.63782 1.26104 2.23026 1.72451 1.80965 -1.7356 0.876061 -2.82392 -1.99644 -0.377788 -0.0145469 0.906716
1.32942 1.44398 1.46732 0.877756 0.63782 1.26104 2.23026 1.72451 1.80965 -1.7356 0.876061 -2.82392 -1.99644 -0.377788 -0.0145469 0.906716
1.32364 1.44398 1.46732 0.877756 0.63782 1.26104 2.23026 1.72451 1.80965 -1.7356 0.876061 -2.82392 -1.99644 -0.377788 -0.0145469 0.906716
1.31799 1.44398 1.46732 0.877756 0.63782 1.26104 2.23026 1.72451 1.80965 -1.7356 0.876061 -2.82392 -1.99644 -0.377788 -0.0145469 0.906716
1.31232 1.44398 1.46732 0.877756 0.63782 1.26104 2.23026 1.72451 1.80965 -1.7356 0.876061 -2.82392 -1.99644 -0.377788 -0.0145469 0.906716
1.30691 1.44398 1.46732 0.877756 0.63782 1.26104 2.23026 1.72451 1.80965 -1.7356 0.876061 -2.82392 -1.99644 -0.377788 -0.0145469 0.906716
1.30146 1.44398 1.46732 0.877756 0.63782 1.26104 2.23026 1.72451 1.80965 -1.7356 0.876061 -2.82392 -1.99644 -0.377788 -0.0145469 0.906716
1.29602 1.44398 1.46732 0.877756 0.63782 1.26104 2.23026 1.72451 1.80965 -1.7356 0.876061 -2.82392 -1.99644 -0.377788 -0.0145469 0.906716
1.29054 1.44398 1.46732 0.877756 0.63782 1.26104 2.23026 1.72451 1.80965 -1.7356 0.876061 -2.82392 -1.99644 -0.377788 -0.0145469 0.906716
1.28504 1.44398 1.46732 0.877756 0.63782 1.26104 2.23026 1.72451 1.80965 -1.7356 0.876061 -2.82392 -1.99644 -0.377788 -0.0145469 0.906716
1.27955 1.44398 1.46732 0.877756 0.63782 1.26104 2.23026 1.72451 1.80965 -1.7356 0.876061 -2.82392 -1.99644 -0.377788 -0.0145469 0.906716
1.274 1.44398 1.46732 0.877756 0.63782 1.26104 2.23026 1.72451 1.80965 -1.7356 0.876061 -2.82392 -1.99644 -0.377788 -0.0145469 0.906716
1.26844 1.44398 1.46732 0.877756 0.63782 1.26104 2.23026 1.72451 1.80965 -1.7356 0.876061 -2.82392 -1.99644 -0.377788 -0.0145469 0.906716
1.26269 1.44398 1.46732 0.877756 0.63782 1.26104 2.23026 1.72451 1.80965 -1.7356 0.876061 -2.82392 -1.99644 -0.377788 -0.0145469 0.906716
1.2571 1.44398 1.46732 0.877756 0.63782 1.26104 2.23026 1.72451 1.80965 -1.7356 0.876061 -2.82392 -1.99644 -0.377788 -0.0145469 0.906716
1.25143 1.44398 1.46732 0.877756 0.63782 1.26104 2.23026 1.72451 1.80965 -1.7356 0.876061 -2.82392 -1.99644 -0.377788 -0.0145469 0.906716
1.24579 1.44398 1.46732 0.877756 0.63782 1.26104 2.23026 1.72451 1.80965 -1.7356 0.876061 -2.82392 -1.99644 -0.377788 -0.0145469 0.906716
1.24003 1.44398 1.46732 0.877756 0.63782 1.26104 2.23026 1.72451 1.80965 -1.7356 0.876061 -2.82392 -1.99644 -0.377788 -0.0145469 0.906716
