16.35
16.361
16.371
16.382
16.392
16.402
16.413
16.423
16.434
16.445
16.466
16.487
16.507
16.528
16.548
16.57
16.59
16.611
16.631
16.652
16.69
16.729
16.768
16.807
16.845
16.883
16.922
16.962
17
17.039
17.078
17.117
17.158
17.198
17.24
17.279
17.318
17.357
17.396
17.435
17.474
17.514
17.552
17.59
17.63
17.668
17.707
17.746
17.785
17.824
17.862
17.901
17.94
17.979
18.019
18.057
18.096
18.134
18.173
18.213
18.254
18.293
18.332
18.371
18.411
18.45
18.489
18.528
18.566
18.605
18.643
18.683
18.721
18.76
18.799
18.84
18.879
18.918
18.956
18.995
19.034
19.072
19.111
19.15
19.188
19.227
19.268
19.307
19.346
19.385
19.424
19.463
19.502
19.542
19.581
19.619
19.658
19.696
19.736
19.774
19.813
19.852
21.146
21.157
21.167
21.178
21.189
21.2
21.21
21.221
21.232
21.246
21.289
21.328
21.366
21.405
21.443
21.482
21.521
21.559
21.598
21.637
21.677
21.716
21.755
21.795
21.833
21.872
21.91
21.949
21.987
22.026
22.065
22.103
22.142
22.183
22.221
22.263
22.303
22.345
22.383
22.422
22.461
22.5
22.539
22.577
22.616
22.654
22.693
22.732
22.771
22.809
22.848
22.887
