2.77329 0.568471 -1.9228 0.781487 -0.784419 -1.702 -0.448673 1.09051 -1.67298 -1.33638 0.605251 -0.435298 0.587562 -3.00376 1.07997 0.49234
2.77329 0.568471 -1.9228 0.781487 -0.784419 -1.702 -0.448673 1.09051 -1.67298 -1.33638 0.605251 -0.435298 0.587562 -3.00376 1.07997 0.49234
2.77329 0.568471 -1.9228 0.781487 -0.784419 -1.702 -0.448673 1.09051 -1.67298 -1.33638 0.605251 -0.435298 0.587562 -3.00376 1.07997 0.49234
2.77329 0.568471 -1.9228 0.781487 -0.784419 -1.702 -0.448673 1.09051 -1.67298 -1.33638 0.605251 -0.435298 0.587562 -3.00376 1.07997 0.49234
2.77329 0.568471 -1.9228 0.781487 -0.784419 -1.702 -0.448673 1.09051 -1.67298 -1.33638 0.605251 -0.435298 0.587562 -3.00376 1.07997 0.49234
2.77329 0.568471 -1.9228 0.781487 -0.784419 -1.702 -0.448673 1.09051 -1.67298 -1.33638 0.605251 -0.435298 0.587562 -3.00376 1.07997 0.49234
2.77335 0.568471 -1.9228 0.781487 -0.784419 -1.702 -0.448673 1.09051 -1.67298 -1.33638 0.605251 -0.435298 0.587562 -3.00376 1.07997 0.49234
2.77335 0.568471 -1.9228 0.781487 -0.784419 -1.702 -0.448673 1.09051 -1.67298 -1.33638 0.605251 -0.435298 0.587562 -3.00376 1.07997 0.49234
2.77333 0.568471 -1.9228 0.781487 -0.784419 -1.702 -0.448673 1.09051 -1.67298 -1.33638 0.605251 -0.435298 0.587562 -3.00376 1.07997 0.49234
2.77328 0.568471 -1.9228 0.781487 -0.784419 -1.702 -0.448673 1.09051 -1.67298 -1.33638 0.605251 -0.435298 0.587562 -3.00376 1.07997 0.49234
2.77302 0.568471 -1.9228 0.781487 -0.784419 -1.702 -0.448673 1.09051 -1.67298 -1.33638 0.605251 -0.435298 0.587562 -3.00376 1.07997 0.49234
2.77265 0.568471 -1.9228 0.781487 -0.784419 -1.702 -0.448673 1.09051 -1.67298 -1.33638 0.605251 -0.435298 0.587562 -3.00376 1.07997 0.49234
2.77185 0.568471 -1.9228 0.781487 -0.784419 -1.702 -0.448673 1.09051 -1.67298 -1.33638 0.605251 -0.435298 0.587562 -3.00376 1.07997 0.49234
2.77092 0.568471 -1.9228 0.781487 -0.784419 -1.702 -0.448673 1.09051 -1.67298 -1.33638 0.605251 -0.435298 0.587562 -3.00376 1.07997 0.49234
2.76975 0.568471 -1.9228 0.781487 -0.784419 -1.702 -0.448673 1.09051 -1.67298 -1.33638 0.605251 -0.435298 0.587562 -3.00376 1.07997 0.49234
2.76843 0.568471 -1.9228 0.781487 -0.784419 -1.702 -0.448673 1.09051 -1.67298 -1.33638 0.605251 -0.435298 0.587562 -3.00376 1.07997 0.49234
2.76709 0.568471 -1.9228 0.781487 -0.784419 -1.702 -0.448673 1.09051 -1.67298 -1.33638 0.605251 -0.435298 0.587562 -3.00376 1.07997 0.49234
2.76566 0.568471 -1.9228 0.781487 -0.784419 -1.702 -0.448673 1.09051 -1.67298 -1.33638 0.605251 -0.435298 0.587562 -3.00376 1.07997 0.49234
2.76423 0.568471 -1.9228 0.781487 -0.784419 -1.702 -0.448673 1.09051 -1.67298 -1.33638 0.605251 -0.435298 0.587562 -3.00376 1.07997 0.49234
2.76288 0.568471 -1.9228 0.781487 -0.784419 -1.702 -0.448673 1.09051 -1.67298 -1.33638 0.605251 -0.435298 0.587562 -3.00376 1.07997 0.49234
2.76039 0.568471 -1.9228 0.781487 -0.784419 -1.702 -0.448673 1.09051 -1.67298 -1.33638 0.605251 -0.435298 0.587562 -3.00376 1.07997 0.49234
2.75753 0.568471 -1.9228 0.781487 -0.784419 -1.702 -0.448673 1.09051 -1.67298 -1.33638 0.605251 -0.435298 0.587562 -3.00376 1.07997 0.49234
2.75473 0.568471 -1.9228 0.781487 -0.784419 -1.702 -0.448673 1.09051 -1.67298 -1.33638 0.605251 -0.435298 0.587562 -3.00376 1.07997 0.49234
2.75187 0.568471 -1.9228 0.781487 -0.784419 -1.702 -0.448673 1.09051 -1.67298 -1.33638 0.605251 -0.435298 0.587562 -3.00376 1.07997 0.49234
2.74886 0.568471 -1.9228 0.781487 -0.784419 -1.702 -0.448673 1.09051 -1.67298 -1.33638 0.605251 -0.435298 0.587562 -3.00376 1.07997 0.49234
2.74576 0.568471 -1.9228 0.781487 -0.784419 -1.702 -0.448673 1.09051 -1.67298 -1.33638 0.605251 -0.435298 0.587562 -3.00376 1.07997 0.49234
2.74274 0.568471 -1.9228 0.781487 -0.784419 -1.702 -0.448673 1.09051 -1.67298 -1.33638 0.605251 -0.435298 0.587562 -3.00376 1.07997 0.49234
2.73982 0.568471 -1.9228 0.781487 -0.784419 -1.702 -0.448673 1.09051 -1.67298 -1.33638 0.605251 -0.435298 0.587562 -3.00376 1.07997 0.49234
2.73681 0.568471 -1.9228 0.781487 -0.784419 -1.702 -0.448673 1.09051 -1.67298 -1.33638 0.605251 -0.435298 0.587562 -3.00376 1.07997 0.49234
2.73381 0.568471 -1.9228 0.781487 -0.784419 -1.702 -0.448673 1.09051 -1.67298 -1.33638 0.605251 -0.435298 0.587562 -3.00376 1.07997 0.49234
2.73077 0.568471 -1.9228 0.781487 -0.784419 -1.702 -0.448673 1.09051 -1.67298 -1.33638 0.605251 -0.435298 0.587562 -3.00376 1.07997 0.49234
2.72775 0.568471 -1.9228 0.781487 -0.784419 -1.702 -0.448673 1.09051 -1.67298 -1.33638 0.605251 -0.435298 0.587562 -3.00376 1.07997 0.49234
2.72463 0.568471 -1.9228 0.781487 -0.784419 -1.702 -0.448673 1.09051 -1.67298 -1.33638 0.605251 -0.435298 0.587562 -3.00376 1.07997 0.49234
2.7216 0.568471 -1.9228 0.781487 -0.784419 -1.702 -0.448673 1.09051 -1.67298 -1.33638 0.605251 -0.435298 0.587562 -3.00376 1.07997 0.49234
2.71844 0.568471 -1.9228 0.781487 -0.784419 -1.702 -0.448673 1.09051 -1.67298 -1.33638 0.605251 -0.435298 0.587562 -3.00376 1.07997 0.49234
2.71527 0.568471 -1.9228 0.781487 -0.784419 -1.702 -0.448673 1.09051 -1.67298 -1.33638 0.605251 -0.435298 0.587562 -3.00376 1.07997 0.49234
2.7121 0.568471 -1.9228 0.781487 -0.784419 -1.702 -0.448673 1.09051 -1.67298 -1.33638 0.605251 -0.435298 0.587562 -3.00376 1.07997 0.49234
2.70886 0.568471 -1.9228 0.781487 -0.784419 -1.702 -0.448673 1.09051 -1.67298 -1.33638 0.605251 -0.435298 0.587562 -3.00376 1.07997 0.49234
2.70554 0.568471 -1.9228 0.781487 -0.784419 -1.702 -0.448673 1.09051 -1.67298 -1.33638 0.605251 -0.435298 0.587562 -3.00376 1.07997 0.49234
2.70229 0.568471 -1.9228 0.781487 -0.784419 -1.702 -0.448673 1.09051 -1.67298 -1.33638 0.605251 -0.435298 0.587562 -3.00376 1.07997 0.49234
2.69919 0.568471 -1.9228 0.781487 -0.784419 -1.702 -0.448673 1.09051 -1.67298 -1.33638 0.605251 -0.435298 0.587562 -3.00376 1.07997 0.49234
2.69609 0.568471 -1.9228 0.781487 -0.784419 -1.702 -0.448673 1.09051 -1.67298 -1.33638 0.605251 -0.435298 0.587562 -3.00376 1.07997 0.49234
2.69294 0.568471 -1.9228 0.781487 -0.784419 -1.702 -0.448673 1.09051 -1.67298 -1.33638 0.605251 -0.435298 0.587562 -3.00376 1.07997 0.49234
2.6898 0.568471 -1.9228 0.781487 -0.784419 -1.702 -0.448673 1.09051 -1.67298 -1.33638 0.605251 -0.435298 0.587562 -3.00376 1.07997 0.49234
2.68659 0.568471 -1.9228 0.781487 -0.784419 -1.702 -0.448673 1.09051 -1.67298 -1.33638 0.605251 -0.435298 0.587562 -3.00376 1.07997 0.49234
2.68338 0.568471 -1.9228 0.781487 -0.784419 -1.702 -0.448673 1.09051 -1.67298 -1.33638 0.605251 -0.435298 0.587562 -3.00376 1.07997 0.49234
2.68015 0.568471 -1.9228 0.781487 -0.784419 -1.702 -0.448673 1.09051 -1.67298 -1.33638 0.605251 -0.435298 0.587562 -3.00376 1.07997 0.49234
2.67674 0.568471 -1.9228 0.781487 -0.784419 -1.702 -0.448673 1.09051 -1.67298 -1.33638 0.605251 -0.435298 0.587562 -3.00376 1.07997 0.49234
2.67345 0.568471 -1.9228 0.781487 -0.784419 -1.702 -0.448673 1.09051 -1.67298 -1.33638 0.605251 -0.435298 0.587562 -3.00376 1.07997 0.49234
2.67019 0.568471 -1.9228 0.781487 -0.784419 -1.702 -0.448673 1.09051 -1.67298 -1.33638 0.605251 -0.435298 0.587562 -3.00376 1.07997 0.49234
2.66685 0.568471 -1.9228 0.781487 -0.784419 -1.702 -0.448673 1.09051 -1.67298 -1.33638 0.605251 -0.435298 0.587562 -3.00376 1.07997 0.49234
2.6635 0.568471 -1.9228 0.781487 -0.784419 -1.702 -0.448673 1.09051 -1.67298 -1.33638 0.605251 -0.435298 0.587562 -3.00376 1.07997 0.49234
2.66017 0.568471 -1.9228 0.781487 -0.784419 -1.702 -0.448673 1.09051 -1.67298 -1.33638 0.605251 -0.435298 0.587562 -3.00376 1.07997 0.49234
2.65675 0.568471 -1.9228 0.781487 -0.784419 -1.702 -0.448673 1.09051 -1.67298 -1.33638 0.605251 -0.435298 0.587562 -3.00376 1.07997 0.49234
2.65336 0.568471 -1.9228 0.781487 -0.784419 -1.702 -0.448673 1.09051 -1.67298 -1.33638 0.605251 -0.435298 0.587562 -3.00376 1.07997 0.49234
2.64993 0.568471 -1.9228 0.781487 -0.784419 -1.702 -0.448673 1.09051 -1.67298 -1.33638 0.605251 -0.435298 0.587562 -3.00376 1.07997 0.49234
2.64639 0.568471 -1.9228 0.781487 -0.784419 -1.702 -0.448673 1.09051 -1.67298 -1.33638 0.605251 -0.435298 0.587562 -3.00376 1.07997 0.49234
2.64292 0.568471 -1.9228 0.781487 -0.784419 -1.702 -0.448673 1.09051 -1.67298 -1.33638 0.605251 -0.435298 0.587562 -3.00376 1.07997 0.49234
2.63949 0.568471 -1.9228 0.781487 -0.784419 -1.702 -0.448673 1.09051 -1.67298 -1.33638 0.605251 -0.435298 0.587562 -3.00376 1.07997 0.49234
2.63612 0.568471 -1.9228 0.781487 -0.784419 -1.702 -0.448673 1.09051 -1.67298 -1.33638 0.605251 -0.435298 0.587562 -3.00376 1.07997 0.49234
2.63268 0.568471 -1.9228 0.781487 -0.784419 -1.702 -0.448673 1.09051 -1.67298 -1.33638 0.605251 -0.435298 0.587562 -3.00376 1.07997 0.49234
2.62924 0.568471 -1.9228 0.781487 -0.784419 -1.702 -0.448673 1.09051 -1.67298 -1.33638 0.605251 -0.435298 0.587562 -3.00376 1.07997 0.49234
2.62509 0.568471 -1.9228 0.781487 -0.784419 -1.702 -0.448673 1.09051 -1.67298 -1.33638 0.605251 -0.435298 0.587562 -3.00376 1.07997 0.49234
2.62157 0.568471 -1.9228 0.781487 -0.784419 -1.702 -0.448673 1.09051 -1.67298 -1.33638 0.605251 -0.435298 0.587562 -3.00376 1.07997 0.49234
2.61774 0.568471 -1.9228 0.781487 -0.784419 -1.702 -0.448673 1.09051 -1.67298 -1.33638 0.605251 -0.435298 0.587562 -3.00376 1.07997 0.49234
2.61421 0.568471 -1.9228 0.781487 -0.784419 -1.702 -0.448673 1.09051 -1.67298 -1.33638 0.605251 -0.435298 0.587562 -3.00376 1.07997 0.49234
2.61063 0.568471 -1.9228 0.781487 -0.784419 -1.702 -0.448673 1.09051 -1.67298 -1.33638 0.605251 -0.435298 0.587562 -3.00376 1.07997 0.49234
2.60701 0.568471 -1.9228 0.781487 -0.784419 -1.702 -0.448673 1.09051 -1.67298 -1.33638 0.605251 -0.435298 0.587562 -3.00376 1.07997 0.49234
2.60342 0.568471 -1.9228 0.781487 -0.784419 -1.702 -0.448673 1.09051 -1.67298 -1.33638 0.605251 -0.435298 0.587562 -3.00376 1.07997 0.49234
2.5998 0.568471 -1.9228 0.781487 -0.784419 -1.702 -0.448673 1.09051 -1.67298 -1.33638 0.605251 -0.435298 0.587562 -3.00376 1.07997 0.49234
2.59621 0.568471 -1.9228 0.781487 -0.784419 -1.702 -0.448673 1.09051 -1.67298 -1.33638 0.605251 -0.435298 0.587562 -3.00376 1.07997 0.49234
2.59261 0.568471 -1.9228 0.781487 -0.784419 -1.702 -0.448673 1.09051 -1.67298 -1.33638 0.605251 -0.435298 0.587562 -3.00376 1.07997 0.49234
2.58897 0.568471 -1.9228 0.781487 -0.784419 -1.702 -0.448673 1.09051 -1.67298 -1.33638 0.605251 -0.435298 0.587562 -3.00376 1.07997 0.49234
2.58526 0.568471 -1.9228 0.781487 -0.784419 -1.702 -0.448673 1.09051 -1.67298 -1.33638 0.605251 -0.435298 0.587562 -3.00376 1.07997 0.49234
2.58151 0.568471 -1.9228 0.781487 -0.784419 -1.702 -0.448673 1.09051 -1.67298 -1.33638 0.605251 -0.435298 0.587562 -3.00376 1.07997 0.49234
2.57782 0.568471 -1.9228 0.781487 -0.784419 -1.702 -0.448673 1.09051 -1.67298 -1.33638 0.605251 -0.435298 0.587562 -3.00376 1.07997 0.49234
2.57415 0.568471 -1.9228 0.781487 -0.784419 -1.702 -0.448673 1.09051 -1.67298 -1.33638 0.605251 -0.435298 0.587562 -3.00376 1.07997 0.49234
2.57038 0.568471 -1.9228 0.781487 -0.784419 -1.702 -0.448673 1.09051 -1.67298 -1.33638 0.605251 -0.435298 0.587562 -3.00376 1.07997 0.49234
2.56655 0.568471 -1.9228 0.781487 -0.784419 -1.702 -0.448673 1.09051 -1.67298 -1.33638 0.605251 -0.435298 0.587562 -3.00376 1.07997 0.49234
2.56275 0.568471 -1.9228 0.781487 -0.784419 -1.702 -0.448673 1.09051 -1.67298 -1.33638 0.605251 -0.435298 0.587562 -3.00376 1.07997 0.49234
2.55891 0.568471 -1.9228 0.781487 -0.784419 -1.702 -0.448673 1.09051 -1.67298 -1.33638 0.605251 -0.435298 0.587562 -3.00376 1.07997 0.49234
2.55511 0.568471 -1.9228 0.781487 -0.784419 -1.702 -0.448673 1.09051 -1.67298 -1.33638 0.605251 -0.435298 0.587562 -3.00376 1.07997 0.49234
2.55131 0.568471 -1.9228 0.781487 -0.784419 -1.702 -0.448673 1.09051 -1.67298 -1.33638 0.605251 -0.435298 0.587562 -3.00376 1.07997 0.49234
2.54732 0.568471 -1.9228 0.781487 -0.784419 -1.702 -0.448673 1.09051 -1.67298 -1.33638 0.605251 -0.435298 0.587562 -3.00376 1.07997 0.49234
2.54348 0.568471 -1.9228 0.781487 -0.784419 -1.702 -0.448673 1.09051 -1.67298 -1.33638 0.605251 -0.435298 0.587562 -3.00376 1.07997 0.49234
2.53967 0.568471 -1.9228 0.781487 -0.784419 -1.702 -0.448673 1.09051 -1.67298 -1.33638 0.605251 -0.435298 0.587562 -3.00376 1.07997 0.49234
2.53588 0.568471 -1.9228 0.781487 -0.784419 -1.702 -0.448673 1.09051 -1.67298 -1.33638 0.605251 -0.435298 0.587562 -3.00376 1.07997 0.49234
2.53198 0.568471 -1.9228 0.781487 -0.784419 -1.702 -0.448673 1.09051 -1.67298 -1.33638 0.605251 -0.435298 0.587562 -3.00376 1.07997 0.49234
2.52798 0.568471 -1.9228 0.781487 -0.784419 -1.702 -0.448673 1.09051 -1.67298 -1.33638 0.605251 -0.435298 0.587562 -3.00376 1.07997 0.49234
2.52408 0.568471 -1.9228 0.781487 -0.784419 -1.702 -0.448673 1.09051 -1.67298 -1.33638 0.605251 -0.435298 0.587562 -3.00376 1.07997 0.49234
2.51997 0.568471 -1.9228 0.781487 -0.784419 -1.702 -0.448673 1.09051 -1.67298 -1.33638 0.605251 -0.435298 0.587562 -3.00376 1.07997 0.49234
2.51605 0.568471 -1.9228 0.781487 -0.784419 -1.702 -0.448673 1.09051 -1.67298 -1.33638 0.605251 -0.435298 0.587562 -3.00376 1.07997 0.49234
2.51195 0.568471 -1.9228 0.781487 -0.784419 -1.702 -0.448673 1.09051 -1.67298 -1.33638 0.605251 -0.435298 0.587562 -3.00376 1.07997 0.49234
2.50794 0.568471 -1.9228 0.781487 -0.784419 -1.702 -0.448673 1.09051 -1.67298 -1.33638 0.605251 -0.435298 0.587562 -3.00376 1.07997 0.49234
2.50394 0.568471 -1.9228 0.781487 -0.784419 -1.702 -0.448673 1.09051 -1.67298 -1.33638 0.605251 -0.435298 0.587562 -3.00376 1.07997 0.49234
2.49968 0.568471 -1.9228 0.781487 -0.784419 -1.702 -0.448673 1.09051 -1.67298 -1.33638 0.605251 -0.435298 0.587562 -3.00376 1.07997 0.49234
2.49558 0.568471 -1.9228 0.781487 -0.784419 -1.702 -0.448673 1.09051 -1.67298 -1.33638 0.605251 -0.435298 0.587562 -3.00376 1.07997 0.49234
2.49157 0.568471 -1.9228 0.781487 -0.784419 -1.702 -0.448673 1.09051 -1.67298 -1.33638 0.605251 -0.435298 0.587562 -3.00376 1.07997 0.49234
2.48751 0.568471 -1.9228 0.781487 -0.784419 -1.702 -0.448673 1.09051 -1.67298 -1.33638 0.605251 -0.435298 0.587562 -3.00376 1.07997 0.49234
2.48345 0.568471 -1.9228 0.781487 -0.784419 -1.702 -0.448673 1.09051 -1.67298 -1.33638 0.605251 -0.435298 0.587562 -3.00376 1.07997 0.49234
2.47933 0.568471 -1.9228 0.781487 -0.784419 -1.702 -0.448673 1.09051 -1.67298 -1.33638 0.605251 -0.435298 0.587562 -3.00376 1.07997 0.49234
2.47503 0.568471 -1.9228 0.781487 -0.784419 -1.702 -0.448673 1.09051 -1.67298 -1.33638 0.605251 -0.435298 0.587562 -3.00376 1.07997 0.49234
2.4709 0.568471 -1.9228 0.781487 -0.784419 -1.702 -0.448673 1.09051 -1.67298 -1.33638 0.605251 -0.435298 0.587562 -3.00376 1.07997 0.49234
2.46669 0.568471 -1.9228 0.781487 -0.784419 -1.702 -0.448673 1.09051 -1.67298 -1.33638 0.605251 -0.435298 0.587562 -3.00376 1.07997 0.49234
2.46246 0.568471 -1.9228 0.781487 -0.784419 -1.702 -0.448673 1.09051 -1.67298 -1.33638 0.605251 -0.435298 0.587562 -3.00376 1.07997 0.49234
2.45823 0.568471 -1.9228 0.781487 -0.784419 -1.702 -0.448673 1.09051 -1.67298 -1.33638 0.605251 -0.435298 0.587562 -3.00376 1.07997 0.49234
2.45389 0.568471 -1.9228 0.781487 -0.784419 -1.702 -0.448673 1.09051 -1.67298 -1.33638 0.605251 -0.435298 0.587562 -3.00376 1.07997 0.49234
2.44959 0.568471 -1.9228 0.781487 -0.784419 -1.702 -0.448673 1.09051 -1.67298 -1.33638 0.605251 -0.435298 0.587562 -3.00376 1.07997 0.49234
2.44529 0.568471 -1.9228 0.781487 -0.784419 -1.702 -0.448673 1.09051 -1.67298 -1.33638 0.605251 -0.435298 0.587562 -3.00376 1.07997 0.49234
2.44101 0.568471 -1.9228 0.781487 -0.784419 -1.702 -0.448673 1.09051 -1.67298 -1.33638 0.605251 -0.435298 0.587562 -3.00376 1.07997 0.49234
2.43669 0.568471 -1.9228 0.781487 -0.784419 -1.702 -0.448673 1.09051 -1.67298 -1.33638 0.605251 -0.435298 0.587562 -3.00376 1.07997 0.49234
2.43239 0.568471 -1.9228 0.781487 -0.784419 -1.702 -0.448673 1.09051 -1.67298 -1.33638 0.605251 -0.435298 0.587562 -3.00376 1.07997 0.49234
2.42802 0.568471 -1.9228 0.781487 -0.784419 -1.702 -0.448673 1.09051 -1.67298 -1.33638 0.605251 -0.435298 0.587562 -3.00376 1.07997 0.49234
2.42365 0.568471 -1.9228 0.781487 -0.784419 -1.702 -0.448673 1.09051 -1.67298 -1.33638 0.605251 -0.435298 0.587562 -3.00376 1.07997 0.49234
2.41923 0.568471 -1.9228 0.781487 -0.784419 -1.702 -0.448673 1.09051 -1.67298 -1.33638 0.605251 -0.435298 0.587562 -3.00376 1.07997 0.49234
2.41481 0.568471 -1.9228 0.781487 -0.784419 -1.702 -0.448673 1.09051 -1.67298 -1.33638 0.605251 -0.435298 0.587562 -3.00376 1.07997 0.49234
2.41033 0.568471 -1.9228 0.781487 -0.784419 -1.702 -0.448673 1.09051 -1.67298 -1.33638 0.605251 -0.435298 0.587562 -3.00376 1.07997 0.49234
2.40586 0.568471 -1.9228 0.781487 -0.784419 -1.702 -0.448673 1.09051 -1.67298 -1.33638 0.605251 -0.435298 0.587562 -3.00376 1.07997 0.49234
2.4015 0.568471 -1.9228 0.781487 -0.784419 -1.702 -0.448673 1.09051 -1.67298 -1.33638 0.605251 -0.435298 0.587562 -3.00376 1.07997 0.49234
2.39694 0.568471 -1.9228 0.781487 -0.784419 -1.702 -0.448673 1.09051 -1.67298 -1.33638 0.605251 -0.435298 0.587562 -3.00376 1.07997 0.49234
2.39249 0.568471 -1.9228 0.781487 -0.784419 -1.702 -0.448673 1.09051 -1.67298 -1.33638 0.605251 -0.435298 0.587562 -3.00376 1.07997 0.49234
2.38799 0.568471 -1.9228 0.781487 -0.784419 -1.702 -0.448673 1.09051 -1.67298 -1.33638 0.605251 -0.435298 0.587562 -3.00376 1.07997 0.49234
2.37374 0.568471 -1.9228 0.781487 -0.784419 -1.702 -0.448673 1.09051 -1.67298 -1.33638 0.605251 -0.435298 0.587562 -3.00376 1.07997 0.49234
2.37501 0.568471 -1.9228 0.781487 -0.784419 -1.702 -0.448673 1.09051 -1.67298 -1.33638 0.605251 -0.435298 0.587562 -3.00376 1.07997 0.49234
2.37657 0.568471 -1.9228 0.781487 -0.784419 -1.702 -0.448673 1.09051 -1.67298 -1.33638 0.605251 -0.435298 0.587562 -3.00376 1.07997 0.49234
2.37827 0.568471 -1.9228 0.781487 -0.784419 -1.702 -0.448673 1.09051 -1.67298 -1.33638 0.605251 -0.435298 0.587562 -3.00376 1.07997 0.49234
2.38001 0.568471 -1.9228 0.781487 -0.784419 -1.702 -0.448673 1.09051 -1.67298 -1.33638 0.605251 -0.435298 0.587562 -3.00376 1.07997 0.49234
2.38194 0.568471 -1.9228 0.781487 -0.784419 -1.702 -0.448673 1.09051 -1.67298 -1.33638 0.605251 -0.435298 0.587562 -3.00376 1.07997 0.49234
2.38399 0.568471 -1.9228 0.781487 -0.784419 -1.702 -0.448673 1.09051 -1.67298 -1.33638 0.605251 -0.435298 0.587562 -3.00376 1.07997 0.49234
2.38614 0.568471 -1.9228 0.781487 -0.784419 -1.702 -0.448673 1.09051 -1.67298 -1.33638 0.605251 -0.435298 0.587562 -3.00376 1.07997 0.49234
2.38837 0.568471 -1.9228 0.781487 -0.784419 -1.702 -0.448673 1.09051 -1.67298 -1.33638 0.605251 -0.435298 0.587562 -3.00376 1.07997 0.49234
2.3907 0.568471 -1.9228 0.781487 -0.784419 -1.702 -0.448673 1.09051 -1.67298 -1.33638 0.605251 -0.435298 0.587562 -3.00376 1.07997 0.49234
2.39527 0.568471 -1.9228 0.781487 -0.784419 -1.702 -0.448673 1.09051 -1.67298 -1.33638 0.605251 -0.435298 0.587562 -3.00376 1.07997 0.49234
2.40041 0.568471 -1.9228 0.781487 -0.784419 -1.702 -0.448673 1.09051 -1.67298 -1.33638 0.605251 -0.435298 0.587562 -3.00376 1.07997 0.49234
2.40615 0.568471 -1.9228 0.781487 -0.784419 -1.702 -0.448673 1.09051 -1.67298 -1.33638 0.605251 -0.435298 0.587562 -3.00376 1.07997 0.49234
2.41231 0.568471 -1.9228 0.781487 -0.784419 -1.702 -0.448673 1.09051 -1.67298 -1.33638 0.605251 -0.435298 0.587562 -3.00376 1.07997 0.49234
2.41882 0.568471 -1.9228 0.781487 -0.784419 -1.702 -0.448673 1.09051 -1.67298 -1.33638 0.605251 -0.435298 0.587562 -3.00376 1.07997 0.49234
2.42579 0.568471 -1.9228 0.781487 -0.784419 -1.702 -0.448673 1.09051 -1.67298 -1.33638 0.605251 -0.435298 0.587562 -3.00376 1.07997 0.49234
2.43318 0.568471 -1.9228 0.781487 -0.784419 -1.702 -0.448673 1.09051 -1.67298 -1.33638 0.605251 -0.435298 0.587562 -3.00376 1.07997 0.49234
2.44055 0.568471 -1.9228 0.781487 -0.784419 -1.702 -0.448673 1.09051 -1.67298 -1.33638 0.605251 -0.435298 0.587562 -3.00376 1.07997 0.49234
2.44805 0.568471 -1.9228 0.781487 -0.784419 -1.702 -0.448673 1.09051 -1.67298 -1.33638 0.605251 -0.435298 0.587562 -3.00376 1.07997 0.49234
2.45557 0.568471 -1.9228 0.781487 -0.784419 -1.702 -0.448673 1.09051 -1.67298 -1.33638 0.605251 -0.435298 0.587562 -3.00376 1.07997 0.49234
2.46322 0.568471 -1.9228 0.781487 -0.784419 -1.702 -0.448673 1.09051 -1.67298 -1.33638 0.605251 -0.435298 0.587562 -3.00376 1.07997 0.49234
2.47103 0.568471 -1.9228 0.781487 -0.784419 -1.702 -0.448673 1.09051 -1.67298 -1.33638 0.605251 -0.435298 0.587562 -3.00376 1.07997 0.49234
2.47897 0.568471 -1.9228 0.781487 -0.784419 -1.702 -0.448673 1.09051 -1.67298 -1.33638 0.605251 -0.435298 0.587562 -3.00376 1.07997 0.49234
2.4873 0.568471 -1.9228 0.781487 -0.784419 -1.702 -0.448673 1.09051 -1.67298 -1.33638 0.605251 -0.435298 0.587562 -3.00376 1.07997 0.49234
2.49592 0.568471 -1.9228 0.781487 -0.784419 -1.702 -0.448673 1.09051 -1.67298 -1.33638 0.605251 -0.435298 0.587562 -3.00376 1.07997 0.49234
2.50486 0.568471 -1.9228 0.781487 -0.784419 -1.702 -0.448673 1.09051 -1.67298 -1.33638 0.605251 -0.435298 0.587562 -3.00376 1.07997 0.49234
2.51417 0.568471 -1.9228 0.781487 -0.784419 -1.702 -0.448673 1.09051 -1.67298 -1.33638 0.605251 -0.435298 0.587562 -3.00376 1.07997 0.49234
2.52357 0.568471 -1.9228 0.781487 -0.784419 -1.702 -0.448673 1.09051 -1.67298 -1.33638 0.605251 -0.435298 0.587562 -3.00376 1.07997 0.49234
2.53339 0.568471 -1.9228 0.781487 -0.784419 -1.702 -0.448673 1.09051 -1.67298 -1.33638 0.605251 -0.435298 0.587562 -3.00376 1.07997 0.49234
2.54333 0.568471 -1.9228 0.781487 -0.784419 -1.702 -0.448673 1.09051 -1.67298 -1.33638 0.605251 -0.435298 0.587562 -3.00376 1.07997 0.49234
2.55363 0.568471 -1.9228 0.781487 -0.784419 -1.702 -0.448673 1.09051 -1.67298 -1.33638 0.605251 -0.435298 0.587562 -3.00376 1.07997 0.49234
2.56427 0.568471 -1.9228 0.781487 -0.784419 -1.702 -0.448673 1.09051 -1.67298 -1.33638 0.605251 -0.435298 0.587562 -3.00376 1.07997 0.49234
2.57573 0.568471 -1.9228 0.781487 -0.784419 -1.702 -0.448673 1.09051 -1.67298 -1.33638 0.605251 -0.435298 0.587562 -3.00376 1.07997 0.49234
2.58746 0.568471 -1.9228 0.781487 -0.784419 -1.702 -0.448673 1.09051 -1.67298 -1.33638 0.605251 -0.435298 0.587562 -3.00376 1.07997 0.49234
2.59933 0.568471 -1.9228 0.781487 -0.784419 -1.702 -0.448673 1.09051 -1.67298 -1.33638 0.605251 -0.435298 0.587562 -3.00376 1.07997 0.49234
2.6117 0.568471 -1.9228 0.781487 -0.784419 -1.702 -0.448673 1.09051 -1.67298 -1.33638 0.605251 -0.435298 0.587562 -3.00376 1.07997 0.49234
2.62401 0.568471 -1.9228 0.781487 -0.784419 -1.702 -0.448673 1.09051 -1.67298 -1.33638 0.605251 -0.435298 0.587562 -3.00376 1.07997 0.49234
2.63665 0.568471 -1.9228 0.781487 -0.784419 -1.702 -0.448673 1.09051 -1.67298 -1.33638 0.605251 -0.435298 0.587562 -3.00376 1.07997 0.49234
2.65048 0.568471 -1.9228 0.781487 -0.784419 -1.702 -0.448673 1.09051 -1.67298 -1.33638 0.605251 -0.435298 0.587562 -3.00376 1.07997 0.49234
