3.79
3.8
3.811
3.821
3.831
3.842
3.852
3.863
3.873
3.885
3.906
3.926
3.947
3.967
3.988
4.008
4.029
4.05
4.071
4.091
4.13
4.169
4.207
4.245
4.284
4.322
4.361
4.399
4.439
4.477
4.516
4.555
4.595
4.633
4.672
4.712
4.751
4.791
4.832
4.871
4.909
4.947
4.986
5.024
5.062
5.1
5.139
5.178
5.217
5.255
5.294
5.332
5.371
5.41
5.449
5.489
5.528
5.567
5.605
5.643
5.682
5.727
5.766
5.807
5.847
5.885
5.924
5.962
6.001
6.039
6.078
6.116
6.155
6.194
6.233
6.271
6.31
6.348
6.388
6.427
6.466
6.506
6.545
6.584
6.622
6.661
6.699
6.738
6.777
6.818
6.856
6.896
6.935
6.974
7.014
7.053
7.092
7.13
7.168
7.207
7.246
7.286
7.325
7.363
7.402
7.442
7.481
7.52
7.559
7.598
7.636
7.675
7.714
7.752
7.792
7.831
7.87
7.908
7.947
7.986
8.024
8.063
8.913
8.923
8.934
8.945
8.955
8.966
8.977
8.988
8.998
9.012
9.05
9.089
9.128
9.166
9.205
9.243
9.282
9.322
9.362
9.401
9.44
9.479
9.517
9.556
9.595
9.634
9.673
9.712
9.751
9.789
9.829
9.87
9.911
9.95
9.991
10.03
10.069
10.11
10.149
