0
0
0
-1.11546
-1.20352
-1.32094
-1.43836
-1.52642
-1.64384
-1.7319
-1.84931
-1.93738
-1.93738
-1.7319
-1.93738
-1.7319
-1.81996
-1.7319
-2.02544
-2.02544
-2.02544
-2.02544
-2.02544
-2.02544
-2.02544
-2.02544
-2.02544
-2.02544
-2.02544
-2.02544
-2.02544
-2.02544
-2.02544
-2.02544
-2.02544
-2.02544
-2.02544
-2.02544
-2.02544
-2.02544
-2.02544
-2.02544
-2.02544
-2.02544
-2.02544
-2.02544
-2.02544
-2.02544
-2.02544
-2.02544
-2.02544
-2.02544
-2.02544
-2.02544
-2.02544
-2.02544
-2.02544
-2.02544
-2.02544
-2.02544
-2.02544
-2.02544
-2.02544
-2.02544
-2.02544
-2.02544
-2.02544
-2.02544
-2.02544
-2.02544
-2.02544
-2.02544
-2.02544
-2.02544
-2.02544
-2.02544
-2.02544
-2.02544
-2.02544
-2.02544
-2.02544
-2.02544
-2.02544
-2.02544
-2.02544
-2.02544
-2.02544
-2.02544
-2.02544
-2.02544
-2.02544
-2.02544
-2.02544
-2.02544
0
0
0
0
0
-0.90998
-0.792563
-0.675147
-0.587084
-0.469667
-0.410959
-0.234834
-0.0293542
0
0
0
0
0
0
0
0
0
0
0
0
0
0
0
0
0
0
0
0
0
0
0
0
0
0
0
0
0
0
0
0
0
0
0
0
0
0
0
0
0
0
0
0
0
0
0
0
0
0
0
0
0
0
0
0
0
0
0
0
0
0
0
0
0
0
0
0
0
0
0
0
