1.60779 0.64579 -2.03512 1.00918 -1.00976 -1.38447 -0.617494 -1.47904 0.572493 0.143998 1.73863 -1.87721 -0.42536 -0.0330152 1.4677 0.0459301
1.60779 0.64579 -2.03512 1.00918 -1.00976 -1.38447 -0.617494 -1.47904 0.572493 0.143998 1.73863 -1.87721 -0.42536 -0.0330152 1.4677 0.0459301
1.60779 0.64579 -2.03512 1.00918 -1.00976 -1.38447 -0.617494 -1.47904 0.572493 0.143998 1.73863 -1.87721 -0.42536 -0.0330152 1.4677 0.0459301
1.60779 0.64579 -2.03512 1.00918 -1.00976 -1.38447 -0.617494 -1.47904 0.572493 0.143998 1.73863 -1.87721 -0.42536 -0.0330152 1.4677 0.0459301
1.6078 0.64579 -2.03512 1.00918 -1.00976 -1.38447 -0.617494 -1.47904 0.572493 0.143998 1.73863 -1.87721 -0.42536 -0.0330152 1.4677 0.0459301
1.60776 0.64579 -2.03512 1.00918 -1.00976 -1.38447 -0.617494 -1.47904 0.572493 0.143998 1.73863 -1.87721 -0.42536 -0.0330152 1.4677 0.0459301
1.60772 0.64579 -2.03512 1.00918 -1.00976 -1.38447 -0.617494 -1.47904 0.572493 0.143998 1.73863 -1.87721 -0.42536 -0.0330152 1.4677 0.0459301
1.60751 0.64579 -2.03512 1.00918 -1.00976 -1.38447 -0.617494 -1.47904 0.572493 0.143998 1.73863 -1.87721 -0.42536 -0.0330152 1.4677 0.0459301
1.60694 0.64579 -2.03512 1.00918 -1.00976 -1.38447 -0.617494 -1.47904 0.572493 0.143998 1.73863 -1.87721 -0.42536 -0.0330152 1.4677 0.0459301
1.60606 0.64579 -2.03512 1.00918 -1.00976 -1.38447 -0.617494 -1.47904 0.572493 0.143998 1.73863 -1.87721 -0.42536 -0.0330152 1.4677 0.0459301
1.60503 0.64579 -2.03512 1.00918 -1.00976 -1.38447 -0.617494 -1.47904 0.572493 0.143998 1.73863 -1.87721 -0.42536 -0.0330152 1.4677 0.0459301
1.60364 0.64579 -2.03512 1.00918 -1.00976 -1.38447 -0.617494 -1.47904 0.572493 0.143998 1.73863 -1.87721 -0.42536 -0.0330152 1.4677 0.0459301
1.60204 0.64579 -2.03512 1.00918 -1.00976 -1.38447 -0.617494 -1.47904 0.572493 0.143998 1.73863 -1.87721 -0.42536 -0.0330152 1.4677 0.0459301
1.60046 0.64579 -2.03512 1.00918 -1.00976 -1.38447 -0.617494 -1.47904 0.572493 0.143998 1.73863 -1.87721 -0.42536 -0.0330152 1.4677 0.0459301
1.59935 0.64579 -2.03512 1.00918 -1.00976 -1.38447 -0.617494 -1.47904 0.572493 0.143998 1.73863 -1.87721 -0.42536 -0.0330152 1.4677 0.0459301
1.59792 0.64579 -2.03512 1.00918 -1.00976 -1.38447 -0.617494 -1.47904 0.572493 0.143998 1.73863 -1.87721 -0.42536 -0.0330152 1.4677 0.0459301
1.59664 0.64579 -2.03512 1.00918 -1.00976 -1.38447 -0.617494 -1.47904 0.572493 0.143998 1.73863 -1.87721 -0.42536 -0.0330152 1.4677 0.0459301
1.5952 0.64579 -2.03512 1.00918 -1.00976 -1.38447 -0.617494 -1.47904 0.572493 0.143998 1.73863 -1.87721 -0.42536 -0.0330152 1.4677 0.0459301
1.59383 0.64579 -2.03512 1.00918 -1.00976 -1.38447 -0.617494 -1.47904 0.572493 0.143998 1.73863 -1.87721 -0.42536 -0.0330152 1.4677 0.0459301
1.5919 0.64579 -2.03512 1.00918 -1.00976 -1.38447 -0.617494 -1.47904 0.572493 0.143998 1.73863 -1.87721 -0.42536 -0.0330152 1.4677 0.0459301
1.588 0.64579 -2.03512 1.00918 -1.00976 -1.38447 -0.617494 -1.47904 0.572493 0.143998 1.73863 -1.87721 -0.42536 -0.0330152 1.4677 0.0459301
1.58398 0.64579 -2.03512 1.00918 -1.00976 -1.38447 -0.617494 -1.47904 0.572493 0.143998 1.73863 -1.87721 -0.42536 -0.0330152 1.4677 0.0459301
1.58013 0.64579 -2.03512 1.00918 -1.00976 -1.38447 -0.617494 -1.47904 0.572493 0.143998 1.73863 -1.87721 -0.42536 -0.0330152 1.4677 0.0459301
1.57633 0.64579 -2.03512 1.00918 -1.00976 -1.38447 -0.617494 -1.47904 0.572493 0.143998 1.73863 -1.87721 -0.42536 -0.0330152 1.4677 0.0459301
1.57248 0.64579 -2.03512 1.00918 -1.00976 -1.38447 -0.617494 -1.47904 0.572493 0.143998 1.73863 -1.87721 -0.42536 -0.0330152 1.4677 0.0459301
1.5686 0.64579 -2.03512 1.00918 -1.00976 -1.38447 -0.617494 -1.47904 0.572493 0.143998 1.73863 -1.87721 -0.42536 -0.0330152 1.4677 0.0459301
1.56468 0.64579 -2.03512 1.00918 -1.00976 -1.38447 -0.617494 -1.47904 0.572493 0.143998 1.73863 -1.87721 -0.42536 -0.0330152 1.4677 0.0459301
1.56074 0.64579 -2.03512 1.00918 -1.00976 -1.38447 -0.617494 -1.47904 0.572493 0.143998 1.73863 -1.87721 -0.42536 -0.0330152 1.4677 0.0459301
1.55673 0.64579 -2.03512 1.00918 -1.00976 -1.38447 -0.617494 -1.47904 0.572493 0.143998 1.73863 -1.87721 -0.42536 -0.0330152 1.4677 0.0459301
1.55254 0.64579 -2.03512 1.00918 -1.00976 -1.38447 -0.617494 -1.47904 0.572493 0.143998 1.73863 -1.87721 -0.42536 -0.0330152 1.4677 0.0459301
1.54816 0.64579 -2.03512 1.00918 -1.00976 -1.38447 -0.617494 -1.47904 0.572493 0.143998 1.73863 -1.87721 -0.42536 -0.0330152 1.4677 0.0459301
1.54415 0.64579 -2.03512 1.00918 -1.00976 -1.38447 -0.617494 -1.47904 0.572493 0.143998 1.73863 -1.87721 -0.42536 -0.0330152 1.4677 0.0459301
1.54014 0.64579 -2.03512 1.00918 -1.00976 -1.38447 -0.617494 -1.47904 0.572493 0.143998 1.73863 -1.87721 -0.42536 -0.0330152 1.4677 0.0459301
1.53605 0.64579 -2.03512 1.00918 -1.00976 -1.38447 -0.617494 -1.47904 0.572493 0.143998 1.73863 -1.87721 -0.42536 -0.0330152 1.4677 0.0459301
1.53183 0.64579 -2.03512 1.00918 -1.00976 -1.38447 -0.617494 -1.47904 0.572493 0.143998 1.73863 -1.87721 -0.42536 -0.0330152 1.4677 0.0459301
1.52769 0.64579 -2.03512 1.00918 -1.00976 -1.38447 -0.617494 -1.47904 0.572493 0.143998 1.73863 -1.87721 -0.42536 -0.0330152 1.4677 0.0459301
1.52348 0.64579 -2.03512 1.00918 -1.00976 -1.38447 -0.617494 -1.47904 0.572493 0.143998 1.73863 -1.87721 -0.42536 -0.0330152 1.4677 0.0459301
1.51929 0.64579 -2.03512 1.00918 -1.00976 -1.38447 -0.617494 -1.47904 0.572493 0.143998 1.73863 -1.87721 -0.42536 -0.0330152 1.4677 0.0459301
1.51498 0.64579 -2.03512 1.00918 -1.00976 -1.38447 -0.617494 -1.47904 0.572493 0.143998 1.73863 -1.87721 -0.42536 -0.0330152 1.4677 0.0459301
1.51076 0.64579 -2.03512 1.00918 -1.00976 -1.38447 -0.617494 -1.47904 0.572493 0.143998 1.73863 -1.87721 -0.42536 -0.0330152 1.4677 0.0459301
1.50654 0.64579 -2.03512 1.00918 -1.00976 -1.38447 -0.617494 -1.47904 0.572493 0.143998 1.73863 -1.87721 -0.42536 -0.0330152 1.4677 0.0459301
1.50245 0.64579 -2.03512 1.00918 -1.00976 -1.38447 -0.617494 -1.47904 0.572493 0.143998 1.73863 -1.87721 -0.42536 -0.0330152 1.4677 0.0459301
1.49823 0.64579 -2.03512 1.00918 -1.00976 -1.38447 -0.617494 -1.47904 0.572493 0.143998 1.73863 -1.87721 -0.42536 -0.0330152 1.4677 0.0459301
1.49403 0.64579 -2.03512 1.00918 -1.00976 -1.38447 -0.617494 -1.47904 0.572493 0.143998 1.73863 -1.87721 -0.42536 -0.0330152 1.4677 0.0459301
1.48977 0.64579 -2.03512 1.00918 -1.00976 -1.38447 -0.617494 -1.47904 0.572493 0.143998 1.73863 -1.87721 -0.42536 -0.0330152 1.4677 0.0459301
1.48549 0.64579 -2.03512 1.00918 -1.00976 -1.38447 -0.617494 -1.47904 0.572493 0.143998 1.73863 -1.87721 -0.42536 -0.0330152 1.4677 0.0459301
1.48128 0.64579 -2.03512 1.00918 -1.00976 -1.38447 -0.617494 -1.47904 0.572493 0.143998 1.73863 -1.87721 -0.42536 -0.0330152 1.4677 0.0459301
1.47692 0.64579 -2.03512 1.00918 -1.00976 -1.38447 -0.617494 -1.47904 0.572493 0.143998 1.73863 -1.87721 -0.42536 -0.0330152 1.4677 0.0459301
1.47254 0.64579 -2.03512 1.00918 -1.00976 -1.38447 -0.617494 -1.47904 0.572493 0.143998 1.73863 -1.87721 -0.42536 -0.0330152 1.4677 0.0459301
1.46815 0.64579 -2.03512 1.00918 -1.00976 -1.38447 -0.617494 -1.47904 0.572493 0.143998 1.73863 -1.87721 -0.42536 -0.0330152 1.4677 0.0459301
1.46378 0.64579 -2.03512 1.00918 -1.00976 -1.38447 -0.617494 -1.47904 0.572493 0.143998 1.73863 -1.87721 -0.42536 -0.0330152 1.4677 0.0459301
1.45944 0.64579 -2.03512 1.00918 -1.00976 -1.38447 -0.617494 -1.47904 0.572493 0.143998 1.73863 -1.87721 -0.42536 -0.0330152 1.4677 0.0459301
1.45504 0.64579 -2.03512 1.00918 -1.00976 -1.38447 -0.617494 -1.47904 0.572493 0.143998 1.73863 -1.87721 -0.42536 -0.0330152 1.4677 0.0459301
1.4506 0.64579 -2.03512 1.00918 -1.00976 -1.38447 -0.617494 -1.47904 0.572493 0.143998 1.73863 -1.87721 -0.42536 -0.0330152 1.4677 0.0459301
1.44615 0.64579 -2.03512 1.00918 -1.00976 -1.38447 -0.617494 -1.47904 0.572493 0.143998 1.73863 -1.87721 -0.42536 -0.0330152 1.4677 0.0459301
1.44174 0.64579 -2.03512 1.00918 -1.00976 -1.38447 -0.617494 -1.47904 0.572493 0.143998 1.73863 -1.87721 -0.42536 -0.0330152 1.4677 0.0459301
1.43734 0.64579 -2.03512 1.00918 -1.00976 -1.38447 -0.617494 -1.47904 0.572493 0.143998 1.73863 -1.87721 -0.42536 -0.0330152 1.4677 0.0459301
1.43267 0.64579 -2.03512 1.00918 -1.00976 -1.38447 -0.617494 -1.47904 0.572493 0.143998 1.73863 -1.87721 -0.42536 -0.0330152 1.4677 0.0459301
1.42811 0.64579 -2.03512 1.00918 -1.00976 -1.38447 -0.617494 -1.47904 0.572493 0.143998 1.73863 -1.87721 -0.42536 -0.0330152 1.4677 0.0459301
1.42352 0.64579 -2.03512 1.00918 -1.00976 -1.38447 -0.617494 -1.47904 0.572493 0.143998 1.73863 -1.87721 -0.42536 -0.0330152 1.4677 0.0459301
1.41888 0.64579 -2.03512 1.00918 -1.00976 -1.38447 -0.617494 -1.47904 0.572493 0.143998 1.73863 -1.87721 -0.42536 -0.0330152 1.4677 0.0459301
1.41411 0.64579 -2.03512 1.00918 -1.00976 -1.38447 -0.617494 -1.47904 0.572493 0.143998 1.73863 -1.87721 -0.42536 -0.0330152 1.4677 0.0459301
1.40942 0.64579 -2.03512 1.00918 -1.00976 -1.38447 -0.617494 -1.47904 0.572493 0.143998 1.73863 -1.87721 -0.42536 -0.0330152 1.4677 0.0459301
1.40484 0.64579 -2.03512 1.00918 -1.00976 -1.38447 -0.617494 -1.47904 0.572493 0.143998 1.73863 -1.87721 -0.42536 -0.0330152 1.4677 0.0459301
1.40024 0.64579 -2.03512 1.00918 -1.00976 -1.38447 -0.617494 -1.47904 0.572493 0.143998 1.73863 -1.87721 -0.42536 -0.0330152 1.4677 0.0459301
1.39553 0.64579 -2.03512 1.00918 -1.00976 -1.38447 -0.617494 -1.47904 0.572493 0.143998 1.73863 -1.87721 -0.42536 -0.0330152 1.4677 0.0459301
1.39085 0.64579 -2.03512 1.00918 -1.00976 -1.38447 -0.617494 -1.47904 0.572493 0.143998 1.73863 -1.87721 -0.42536 -0.0330152 1.4677 0.0459301
1.38618 0.64579 -2.03512 1.00918 -1.00976 -1.38447 -0.617494 -1.47904 0.572493 0.143998 1.73863 -1.87721 -0.42536 -0.0330152 1.4677 0.0459301
1.38121 0.64579 -2.03512 1.00918 -1.00976 -1.38447 -0.617494 -1.47904 0.572493 0.143998 1.73863 -1.87721 -0.42536 -0.0330152 1.4677 0.0459301
1.37649 0.64579 -2.03512 1.00918 -1.00976 -1.38447 -0.617494 -1.47904 0.572493 0.143998 1.73863 -1.87721 -0.42536 -0.0330152 1.4677 0.0459301
1.37173 0.64579 -2.03512 1.00918 -1.00976 -1.38447 -0.617494 -1.47904 0.572493 0.143998 1.73863 -1.87721 -0.42536 -0.0330152 1.4677 0.0459301
1.36693 0.64579 -2.03512 1.00918 -1.00976 -1.38447 -0.617494 -1.47904 0.572493 0.143998 1.73863 -1.87721 -0.42536 -0.0330152 1.4677 0.0459301
1.36216 0.64579 -2.03512 1.00918 -1.00976 -1.38447 -0.617494 -1.47904 0.572493 0.143998 1.73863 -1.87721 -0.42536 -0.0330152 1.4677 0.0459301
1.35742 0.64579 -2.03512 1.00918 -1.00976 -1.38447 -0.617494 -1.47904 0.572493 0.143998 1.73863 -1.87721 -0.42536 -0.0330152 1.4677 0.0459301
1.3525 0.64579 -2.03512 1.00918 -1.00976 -1.38447 -0.617494 -1.47904 0.572493 0.143998 1.73863 -1.87721 -0.42536 -0.0330152 1.4677 0.0459301
1.34763 0.64579 -2.03512 1.00918 -1.00976 -1.38447 -0.617494 -1.47904 0.572493 0.143998 1.73863 -1.87721 -0.42536 -0.0330152 1.4677 0.0459301
1.34277 0.64579 -2.03512 1.00918 -1.00976 -1.38447 -0.617494 -1.47904 0.572493 0.143998 1.73863 -1.87721 -0.42536 -0.0330152 1.4677 0.0459301
1.33786 0.64579 -2.03512 1.00918 -1.00976 -1.38447 -0.617494 -1.47904 0.572493 0.143998 1.73863 -1.87721 -0.42536 -0.0330152 1.4677 0.0459301
1.33289 0.64579 -2.03512 1.00918 -1.00976 -1.38447 -0.617494 -1.47904 0.572493 0.143998 1.73863 -1.87721 -0.42536 -0.0330152 1.4677 0.0459301
1.32798 0.64579 -2.03512 1.00918 -1.00976 -1.38447 -0.617494 -1.47904 0.572493 0.143998 1.73863 -1.87721 -0.42536 -0.0330152 1.4677 0.0459301
1.32307 0.64579 -2.03512 1.00918 -1.00976 -1.38447 -0.617494 -1.47904 0.572493 0.143998 1.73863 -1.87721 -0.42536 -0.0330152 1.4677 0.0459301
1.31813 0.64579 -2.03512 1.00918 -1.00976 -1.38447 -0.617494 -1.47904 0.572493 0.143998 1.73863 -1.87721 -0.42536 -0.0330152 1.4677 0.0459301
1.31311 0.64579 -2.03512 1.00918 -1.00976 -1.38447 -0.617494 -1.47904 0.572493 0.143998 1.73863 -1.87721 -0.42536 -0.0330152 1.4677 0.0459301
1.30801 0.64579 -2.03512 1.00918 -1.00976 -1.38447 -0.617494 -1.47904 0.572493 0.143998 1.73863 -1.87721 -0.42536 -0.0330152 1.4677 0.0459301
1.30293 0.64579 -2.03512 1.00918 -1.00976 -1.38447 -0.617494 -1.47904 0.572493 0.143998 1.73863 -1.87721 -0.42536 -0.0330152 1.4677 0.0459301
1.29785 0.64579 -2.03512 1.00918 -1.00976 -1.38447 -0.617494 -1.47904 0.572493 0.143998 1.73863 -1.87721 -0.42536 -0.0330152 1.4677 0.0459301
1.29264 0.64579 -2.03512 1.00918 -1.00976 -1.38447 -0.617494 -1.47904 0.572493 0.143998 1.73863 -1.87721 -0.42536 -0.0330152 1.4677 0.0459301
1.28737 0.64579 -2.03512 1.00918 -1.00976 -1.38447 -0.617494 -1.47904 0.572493 0.143998 1.73863 -1.87721 -0.42536 -0.0330152 1.4677 0.0459301
1.28205 0.64579 -2.03512 1.00918 -1.00976 -1.38447 -0.617494 -1.47904 0.572493 0.143998 1.73863 -1.87721 -0.42536 -0.0330152 1.4677 0.0459301
1.27694 0.64579 -2.03512 1.00918 -1.00976 -1.38447 -0.617494 -1.47904 0.572493 0.143998 1.73863 -1.87721 -0.42536 -0.0330152 1.4677 0.0459301
1.27186 0.64579 -2.03512 1.00918 -1.00976 -1.38447 -0.617494 -1.47904 0.572493 0.143998 1.73863 -1.87721 -0.42536 -0.0330152 1.4677 0.0459301
1.26664 0.64579 -2.03512 1.00918 -1.00976 -1.38447 -0.617494 -1.47904 0.572493 0.143998 1.73863 -1.87721 -0.42536 -0.0330152 1.4677 0.0459301
1.26137 0.64579 -2.03512 1.00918 -1.00976 -1.38447 -0.617494 -1.47904 0.572493 0.143998 1.73863 -1.87721 -0.42536 -0.0330152 1.4677 0.0459301
1.25617 0.64579 -2.03512 1.00918 -1.00976 -1.38447 -0.617494 -1.47904 0.572493 0.143998 1.73863 -1.87721 -0.42536 -0.0330152 1.4677 0.0459301
1.24362 0.64579 -2.03512 1.00918 -1.00976 -1.38447 -0.617494 -1.47904 0.572493 0.143998 1.73863 -1.87721 -0.42536 -0.0330152 1.4677 0.0459301
1.24362 0.64579 -2.03512 1.00918 -1.00976 -1.38447 -0.617494 -1.47904 0.572493 0.143998 1.73863 -1.87721 -0.42536 -0.0330152 1.4677 0.0459301
1.24362 0.64579 -2.03512 1.00918 -1.00976 -1.38447 -0.617494 -1.47904 0.572493 0.143998 1.73863 -1.87721 -0.42536 -0.0330152 1.4677 0.0459301
1.24362 0.64579 -2.03512 1.00918 -1.00976 -1.38447 -0.617494 -1.47904 0.572493 0.143998 1.73863 -1.87721 -0.42536 -0.0330152 1.4677 0.0459301
1.24362 0.64579 -2.03512 1.00918 -1.00976 -1.38447 -0.617494 -1.47904 0.572493 0.143998 1.73863 -1.87721 -0.42536 -0.0330152 1.4677 0.0459301
1.24362 0.64579 -2.03512 1.00918 -1.00976 -1.38447 -0.617494 -1.47904 0.572493 0.143998 1.73863 -1.87721 -0.42536 -0.0330152 1.4677 0.0459301
1.24362 0.64579 -2.03512 1.00918 -1.00976 -1.38447 -0.617494 -1.47904 0.572493 0.143998 1.73863 -1.87721 -0.42536 -0.0330152 1.4677 0.0459301
1.24362 0.64579 -2.03512 1.00918 -1.00976 -1.38447 -0.617494 -1.47904 0.572493 0.143998 1.73863 -1.87721 -0.42536 -0.0330152 1.4677 0.0459301
1.24362 0.64579 -2.03512 1.00918 -1.00976 -1.38447 -0.617494 -1.47904 0.572493 0.143998 1.73863 -1.87721 -0.42536 -0.0330152 1.4677 0.0459301
1.24362 0.64579 -2.03512 1.00918 -1.00976 -1.38447 -0.617494 -1.47904 0.572493 0.143998 1.73863 -1.87721 -0.42536 -0.0330152 1.4677 0.0459301
1.24362 0.64579 -2.03512 1.00918 -1.00976 -1.38447 -0.617494 -1.47904 0.572493 0.143998 1.73863 -1.87721 -0.42536 -0.0330152 1.4677 0.0459301
1.24361 0.64579 -2.03512 1.00918 -1.00976 -1.38447 -0.617494 -1.47904 0.572493 0.143998 1.73863 -1.87721 -0.42536 -0.0330152 1.4677 0.0459301
1.2436 0.64579 -2.03512 1.00918 -1.00976 -1.38447 -0.617494 -1.47904 0.572493 0.143998 1.73863 -1.87721 -0.42536 -0.0330152 1.4677 0.0459301
1.2436 0.64579 -2.03512 1.00918 -1.00976 -1.38447 -0.617494 -1.47904 0.572493 0.143998 1.73863 -1.87721 -0.42536 -0.0330152 1.4677 0.0459301
1.24418 0.64579 -2.03512 1.00918 -1.00976 -1.38447 -0.617494 -1.47904 0.572493 0.143998 1.73863 -1.87721 -0.42536 -0.0330152 1.4677 0.0459301
1.24504 0.64579 -2.03512 1.00918 -1.00976 -1.38447 -0.617494 -1.47904 0.572493 0.143998 1.73863 -1.87721 -0.42536 -0.0330152 1.4677 0.0459301
1.24619 0.64579 -2.03512 1.00918 -1.00976 -1.38447 -0.617494 -1.47904 0.572493 0.143998 1.73863 -1.87721 -0.42536 -0.0330152 1.4677 0.0459301
1.24774 0.64579 -2.03512 1.00918 -1.00976 -1.38447 -0.617494 -1.47904 0.572493 0.143998 1.73863 -1.87721 -0.42536 -0.0330152 1.4677 0.0459301
1.24976 0.64579 -2.03512 1.00918 -1.00976 -1.38447 -0.617494 -1.47904 0.572493 0.143998 1.73863 -1.87721 -0.42536 -0.0330152 1.4677 0.0459301
1.25183 0.64579 -2.03512 1.00918 -1.00976 -1.38447 -0.617494 -1.47904 0.572493 0.143998 1.73863 -1.87721 -0.42536 -0.0330152 1.4677 0.0459301
1.25374 0.64579 -2.03512 1.00918 -1.00976 -1.38447 -0.617494 -1.47904 0.572493 0.143998 1.73863 -1.87721 -0.42536 -0.0330152 1.4677 0.0459301
1.25534 0.64579 -2.03512 1.00918 -1.00976 -1.38447 -0.617494 -1.47904 0.572493 0.143998 1.73863 -1.87721 -0.42536 -0.0330152 1.4677 0.0459301
1.25691 0.64579 -2.03512 1.00918 -1.00976 -1.38447 -0.617494 -1.47904 0.572493 0.143998 1.73863 -1.87721 -0.42536 -0.0330152 1.4677 0.0459301
1.25851 0.64579 -2.03512 1.00918 -1.00976 -1.38447 -0.617494 -1.47904 0.572493 0.143998 1.73863 -1.87721 -0.42536 -0.0330152 1.4677 0.0459301
1.26013 0.64579 -2.03512 1.00918 -1.00976 -1.38447 -0.617494 -1.47904 0.572493 0.143998 1.73863 -1.87721 -0.42536 -0.0330152 1.4677 0.0459301
1.26191 0.64579 -2.03512 1.00918 -1.00976 -1.38447 -0.617494 -1.47904 0.572493 0.143998 1.73863 -1.87721 -0.42536 -0.0330152 1.4677 0.0459301
1.26384 0.64579 -2.03512 1.00918 -1.00976 -1.38447 -0.617494 -1.47904 0.572493 0.143998 1.73863 -1.87721 -0.42536 -0.0330152 1.4677 0.0459301
1.26587 0.64579 -2.03512 1.00918 -1.00976 -1.38447 -0.617494 -1.47904 0.572493 0.143998 1.73863 -1.87721 -0.42536 -0.0330152 1.4677 0.0459301
1.26792 0.64579 -2.03512 1.00918 -1.00976 -1.38447 -0.617494 -1.47904 0.572493 0.143998 1.73863 -1.87721 -0.42536 -0.0330152 1.4677 0.0459301
1.26991 0.64579 -2.03512 1.00918 -1.00976 -1.38447 -0.617494 -1.47904 0.572493 0.143998 1.73863 -1.87721 -0.42536 -0.0330152 1.4677 0.0459301
1.27186 0.64579 -2.03512 1.00918 -1.00976 -1.38447 -0.617494 -1.47904 0.572493 0.143998 1.73863 -1.87721 -0.42536 -0.0330152 1.4677 0.0459301
1.27392 0.64579 -2.03512 1.00918 -1.00976 -1.38447 -0.617494 -1.47904 0.572493 0.143998 1.73863 -1.87721 -0.42536 -0.0330152 1.4677 0.0459301
1.2761 0.64579 -2.03512 1.00918 -1.00976 -1.38447 -0.617494 -1.47904 0.572493 0.143998 1.73863 -1.87721 -0.42536 -0.0330152 1.4677 0.0459301
1.27838 0.64579 -2.03512 1.00918 -1.00976 -1.38447 -0.617494 -1.47904 0.572493 0.143998 1.73863 -1.87721 -0.42536 -0.0330152 1.4677 0.0459301
1.28054 0.64579 -2.03512 1.00918 -1.00976 -1.38447 -0.617494 -1.47904 0.572493 0.143998 1.73863 -1.87721 -0.42536 -0.0330152 1.4677 0.0459301
1.28274 0.64579 -2.03512 1.00918 -1.00976 -1.38447 -0.617494 -1.47904 0.572493 0.143998 1.73863 -1.87721 -0.42536 -0.0330152 1.4677 0.0459301
1.28506 0.64579 -2.03512 1.00918 -1.00976 -1.38447 -0.617494 -1.47904 0.572493 0.143998 1.73863 -1.87721 -0.42536 -0.0330152 1.4677 0.0459301
1.28741 0.64579 -2.03512 1.00918 -1.00976 -1.38447 -0.617494 -1.47904 0.572493 0.143998 1.73863 -1.87721 -0.42536 -0.0330152 1.4677 0.0459301
1.28975 0.64579 -2.03512 1.00918 -1.00976 -1.38447 -0.617494 -1.47904 0.572493 0.143998 1.73863 -1.87721 -0.42536 -0.0330152 1.4677 0.0459301
1.29212 0.64579 -2.03512 1.00918 -1.00976 -1.38447 -0.617494 -1.47904 0.572493 0.143998 1.73863 -1.87721 -0.42536 -0.0330152 1.4677 0.0459301
1.29458 0.64579 -2.03512 1.00918 -1.00976 -1.38447 -0.617494 -1.47904 0.572493 0.143998 1.73863 -1.87721 -0.42536 -0.0330152 1.4677 0.0459301
1.29714 0.64579 -2.03512 1.00918 -1.00976 -1.38447 -0.617494 -1.47904 0.572493 0.143998 1.73863 -1.87721 -0.42536 -0.0330152 1.4677 0.0459301
1.29977 0.64579 -2.03512 1.00918 -1.00976 -1.38447 -0.617494 -1.47904 0.572493 0.143998 1.73863 -1.87721 -0.42536 -0.0330152 1.4677 0.0459301
1.30258 0.64579 -2.03512 1.00918 -1.00976 -1.38447 -0.617494 -1.47904 0.572493 0.143998 1.73863 -1.87721 -0.42536 -0.0330152 1.4677 0.0459301
1.30544 0.64579 -2.03512 1.00918 -1.00976 -1.38447 -0.617494 -1.47904 0.572493 0.143998 1.73863 -1.87721 -0.42536 -0.0330152 1.4677 0.0459301
1.30825 0.64579 -2.03512 1.00918 -1.00976 -1.38447 -0.617494 -1.47904 0.572493 0.143998 1.73863 -1.87721 -0.42536 -0.0330152 1.4677 0.0459301
1.31113 0.64579 -2.03512 1.00918 -1.00976 -1.38447 -0.617494 -1.47904 0.572493 0.143998 1.73863 -1.87721 -0.42536 -0.0330152 1.4677 0.0459301
1.31409 0.64579 -2.03512 1.00918 -1.00976 -1.38447 -0.617494 -1.47904 0.572493 0.143998 1.73863 -1.87721 -0.42536 -0.0330152 1.4677 0.0459301
1.31712 0.64579 -2.03512 1.00918 -1.00976 -1.38447 -0.617494 -1.47904 0.572493 0.143998 1.73863 -1.87721 -0.42536 -0.0330152 1.4677 0.0459301
1.32019 0.64579 -2.03512 1.00918 -1.00976 -1.38447 -0.617494 -1.47904 0.572493 0.143998 1.73863 -1.87721 -0.42536 -0.0330152 1.4677 0.0459301
1.32339 0.64579 -2.03512 1.00918 -1.00976 -1.38447 -0.617494 -1.47904 0.572493 0.143998 1.73863 -1.87721 -0.42536 -0.0330152 1.4677 0.0459301
1.32682 0.64579 -2.03512 1.00918 -1.00976 -1.38447 -0.617494 -1.47904 0.572493 0.143998 1.73863 -1.87721 -0.42536 -0.0330152 1.4677 0.0459301
1.3304 0.64579 -2.03512 1.00918 -1.00976 -1.38447 -0.617494 -1.47904 0.572493 0.143998 1.73863 -1.87721 -0.42536 -0.0330152 1.4677 0.0459301
1.33375 0.64579 -2.03512 1.00918 -1.00976 -1.38447 -0.617494 -1.47904 0.572493 0.143998 1.73863 -1.87721 -0.42536 -0.0330152 1.4677 0.0459301
1.33706 0.64579 -2.03512 1.00918 -1.00976 -1.38447 -0.617494 -1.47904 0.572493 0.143998 1.73863 -1.87721 -0.42536 -0.0330152 1.4677 0.0459301
1.34045 0.64579 -2.03512 1.00918 -1.00976 -1.38447 -0.617494 -1.47904 0.572493 0.143998 1.73863 -1.87721 -0.42536 -0.0330152 1.4677 0.0459301
1.34414 0.64579 -2.03512 1.00918 -1.00976 -1.38447 -0.617494 -1.47904 0.572493 0.143998 1.73863 -1.87721 -0.42536 -0.0330152 1.4677 0.0459301
1.34816 0.64579 -2.03512 1.00918 -1.00976 -1.38447 -0.617494 -1.47904 0.572493 0.143998 1.73863 -1.87721 -0.42536 -0.0330152 1.4677 0.0459301
1.35216 0.64579 -2.03512 1.00918 -1.00976 -1.38447 -0.617494 -1.47904 0.572493 0.143998 1.73863 -1.87721 -0.42536 -0.0330152 1.4677 0.0459301
1.35595 0.64579 -2.03512 1.00918 -1.00976 -1.38447 -0.617494 -1.47904 0.572493 0.143998 1.73863 -1.87721 -0.42536 -0.0330152 1.4677 0.0459301
1.35984 0.64579 -2.03512 1.00918 -1.00976 -1.38447 -0.617494 -1.47904 0.572493 0.143998 1.73863 -1.87721 -0.42536 -0.0330152 1.4677 0.0459301
1.36398 0.64579 -2.03512 1.00918 -1.00976 -1.38447 -0.617494 -1.47904 0.572493 0.143998 1.73863 -1.87721 -0.42536 -0.0330152 1.4677 0.0459301
1.36832 0.64579 -2.03512 1.00918 -1.00976 -1.38447 -0.617494 -1.47904 0.572493 0.143998 1.73863 -1.87721 -0.42536 -0.0330152 1.4677 0.0459301
1.37268 0.64579 -2.03512 1.00918 -1.00976 -1.38447 -0.617494 -1.47904 0.572493 0.143998 1.73863 -1.87721 -0.42536 -0.0330152 1.4677 0.0459301
1.377 0.64579 -2.03512 1.00918 -1.00976 -1.38447 -0.617494 -1.47904 0.572493 0.143998 1.73863 -1.87721 -0.42536 -0.0330152 1.4677 0.0459301
1.38151 0.64579 -2.03512 1.00918 -1.00976 -1.38447 -0.617494 -1.47904 0.572493 0.143998 1.73863 -1.87721 -0.42536 -0.0330152 1.4677 0.0459301
1.38627 0.64579 -2.03512 1.00918 -1.00976 -1.38447 -0.617494 -1.47904 0.572493 0.143998 1.73863 -1.87721 -0.42536 -0.0330152 1.4677 0.0459301
1.39109 0.64579 -2.03512 1.00918 -1.00976 -1.38447 -0.617494 -1.47904 0.572493 0.143998 1.73863 -1.87721 -0.42536 -0.0330152 1.4677 0.0459301
1.39646 0.64579 -2.03512 1.00918 -1.00976 -1.38447 -0.617494 -1.47904 0.572493 0.143998 1.73863 -1.87721 -0.42536 -0.0330152 1.4677 0.0459301
1.40161 0.64579 -2.03512 1.00918 -1.00976 -1.38447 -0.617494 -1.47904 0.572493 0.143998 1.73863 -1.87721 -0.42536 -0.0330152 1.4677 0.0459301
1.40683 0.64579 -2.03512 1.00918 -1.00976 -1.38447 -0.617494 -1.47904 0.572493 0.143998 1.73863 -1.87721 -0.42536 -0.0330152 1.4677 0.0459301
1.41219 0.64579 -2.03512 1.00918 -1.00976 -1.38447 -0.617494 -1.47904 0.572493 0.143998 1.73863 -1.87721 -0.42536 -0.0330152 1.4677 0.0459301
1.41752 0.64579 -2.03512 1.00918 -1.00976 -1.38447 -0.617494 -1.47904 0.572493 0.143998 1.73863 -1.87721 -0.42536 -0.0330152 1.4677 0.0459301
1.423 0.64579 -2.03512 1.00918 -1.00976 -1.38447 -0.617494 -1.47904 0.572493 0.143998 1.73863 -1.87721 -0.42536 -0.0330152 1.4677 0.0459301
1.42896 0.64579 -2.03512 1.00918 -1.00976 -1.38447 -0.617494 -1.47904 0.572493 0.143998 1.73863 -1.87721 -0.42536 -0.0330152 1.4677 0.0459301
1.43496 0.64579 -2.03512 1.00918 -1.00976 -1.38447 -0.617494 -1.47904 0.572493 0.143998 1.73863 -1.87721 -0.42536 -0.0330152 1.4677 0.0459301
1.44087 0.64579 -2.03512 1.00918 -1.00976 -1.38447 -0.617494 -1.47904 0.572493 0.143998 1.73863 -1.87721 -0.42536 -0.0330152 1.4677 0.0459301
1.44709 0.64579 -2.03512 1.00918 -1.00976 -1.38447 -0.617494 -1.47904 0.572493 0.143998 1.73863 -1.87721 -0.42536 -0.0330152 1.4677 0.0459301
1.45336 0.64579 -2.03512 1.00918 -1.00976 -1.38447 -0.617494 -1.47904 0.572493 0.143998 1.73863 -1.87721 -0.42536 -0.0330152 1.4677 0.0459301
1.45976 0.64579 -2.03512 1.00918 -1.00976 -1.38447 -0.617494 -1.47904 0.572493 0.143998 1.73863 -1.87721 -0.42536 -0.0330152 1.4677 0.0459301
1.4666 0.64579 -2.03512 1.00918 -1.00976 -1.38447 -0.617494 -1.47904 0.572493 0.143998 1.73863 -1.87721 -0.42536 -0.0330152 1.4677 0.0459301
1.47334 0.64579 -2.03512 1.00918 -1.00976 -1.38447 -0.617494 -1.47904 0.572493 0.143998 1.73863 -1.87721 -0.42536 -0.0330152 1.4677 0.0459301
1.4803 0.64579 -2.03512 1.00918 -1.00976 -1.38447 -0.617494 -1.47904 0.572493 0.143998 1.73863 -1.87721 -0.42536 -0.0330152 1.4677 0.0459301
1.48755 0.64579 -2.03512 1.00918 -1.00976 -1.38447 -0.617494 -1.47904 0.572493 0.143998 1.73863 -1.87721 -0.42536 -0.0330152 1.4677 0.0459301
1.49488 0.64579 -2.03512 1.00918 -1.00976 -1.38447 -0.617494 -1.47904 0.572493 0.143998 1.73863 -1.87721 -0.42536 -0.0330152 1.4677 0.0459301
