57.114
57.124
57.135
57.145
57.155
57.166
57.176
57.187
57.197
57.209
57.23
57.25
57.271
57.291
57.313
57.333
57.354
57.374
57.395
57.415
57.454
57.493
57.532
57.571
57.609
57.648
57.686
57.725
57.764
57.806
57.846
57.885
57.924
57.964
58.003
58.043
58.082
58.122
58.161
58.2
58.239
58.277
58.316
58.355
58.393
58.432
58.47
58.51
58.548
58.587
58.626
58.665
58.704
58.742
58.781
58.82
58.859
58.899
58.938
58.978
59.019
59.058
59.097
59.136
59.175
59.214
59.252
59.293
59.332
59.37
59.409
59.448
59.487
59.526
59.565
59.604
59.643
59.682
59.721
59.759
59.798
59.836
59.875
59.915
59.954
59.994
60.034
60.075
60.113
60.152
60.19
60.23
60.269
60.308
60.661
60.671
60.682
60.693
60.703
60.714
60.725
60.736
60.746
60.76
60.798
60.837
60.875
60.914
60.952
60.991
61.03
61.071
61.111
61.149
61.187
61.226
61.265
61.304
61.342
61.381
61.42
61.459
61.498
61.537
61.576
61.615
61.653
61.692
61.73
61.769
61.809
61.848
61.886
61.925
61.963
62.002
62.041
62.083
62.122
62.16
62.199
62.238
62.276
62.315
62.354
62.394
62.433
62.472
62.51
62.548
62.587
62.626
62.665
62.704
62.742
62.78
62.818
62.857
62.895
62.934
62.973
63.011
63.055
63.095
63.134
63.173
63.211
63.25
63.291
63.33
63.369
63.407
63.446
63.485
63.524
63.563
63.602
63.641
63.68
