2.63864 1.10293 2.22402 -1.87539 -1.35661 -0.272323 1.14882 1.99388 1.73034 1.66384 -1.06335 2.65256 -0.474428 1.79 1.2822 0.117485
2.63734 1.10293 2.22402 -1.87539 -1.35661 -0.272323 1.14882 1.99388 1.73034 1.66384 -1.06335 2.65256 -0.474428 1.79 1.2822 0.117485
2.63587 1.10293 2.22402 -1.87539 -1.35661 -0.272323 1.14882 1.99388 1.73034 1.66384 -1.06335 2.65256 -0.474428 1.79 1.2822 0.117485
2.63428 1.10293 2.22402 -1.87539 -1.35661 -0.272323 1.14882 1.99388 1.73034 1.66384 -1.06335 2.65256 -0.474428 1.79 1.2822 0.117485
2.63254 1.10293 2.22402 -1.87539 -1.35661 -0.272323 1.14882 1.99388 1.73034 1.66384 -1.06335 2.65256 -0.474428 1.79 1.2822 0.117485
2.63075 1.10293 2.22402 -1.87539 -1.35661 -0.272323 1.14882 1.99388 1.73034 1.66384 -1.06335 2.65256 -0.474428 1.79 1.2822 0.117485
2.62893 1.10293 2.22402 -1.87539 -1.35661 -0.272323 1.14882 1.99388 1.73034 1.66384 -1.06335 2.65256 -0.474428 1.79 1.2822 0.117485
2.62705 1.10293 2.22402 -1.87539 -1.35661 -0.272323 1.14882 1.99388 1.73034 1.66384 -1.06335 2.65256 -0.474428 1.79 1.2822 0.117485
2.62513 1.10293 2.22402 -1.87539 -1.35661 -0.272323 1.14882 1.99388 1.73034 1.66384 -1.06335 2.65256 -0.474428 1.79 1.2822 0.117485
2.62324 1.10293 2.22402 -1.87539 -1.35661 -0.272323 1.14882 1.99388 1.73034 1.66384 -1.06335 2.65256 -0.474428 1.79 1.2822 0.117485
2.62133 1.10293 2.22402 -1.87539 -1.35661 -0.272323 1.14882 1.99388 1.73034 1.66384 -1.06335 2.65256 -0.474428 1.79 1.2822 0.117485
2.61942 1.10293 2.22402 -1.87539 -1.35661 -0.272323 1.14882 1.99388 1.73034 1.66384 -1.06335 2.65256 -0.474428 1.79 1.2822 0.117485
2.61753 1.10293 2.22402 -1.87539 -1.35661 -0.272323 1.14882 1.99388 1.73034 1.66384 -1.06335 2.65256 -0.474428 1.79 1.2822 0.117485
2.61566 1.10293 2.22402 -1.87539 -1.35661 -0.272323 1.14882 1.99388 1.73034 1.66384 -1.06335 2.65256 -0.474428 1.79 1.2822 0.117485
2.61378 1.10293 2.22402 -1.87539 -1.35661 -0.272323 1.14882 1.99388 1.73034 1.66384 -1.06335 2.65256 -0.474428 1.79 1.2822 0.117485
2.61186 1.10293 2.22402 -1.87539 -1.35661 -0.272323 1.14882 1.99388 1.73034 1.66384 -1.06335 2.65256 -0.474428 1.79 1.2822 0.117485
2.60998 1.10293 2.22402 -1.87539 -1.35661 -0.272323 1.14882 1.99388 1.73034 1.66384 -1.06335 2.65256 -0.474428 1.79 1.2822 0.117485
2.60808 1.10293 2.22402 -1.87539 -1.35661 -0.272323 1.14882 1.99388 1.73034 1.66384 -1.06335 2.65256 -0.474428 1.79 1.2822 0.117485
2.60619 1.10293 2.22402 -1.87539 -1.35661 -0.272323 1.14882 1.99388 1.73034 1.66384 -1.06335 2.65256 -0.474428 1.79 1.2822 0.117485
2.60431 1.10293 2.22402 -1.87539 -1.35661 -0.272323 1.14882 1.99388 1.73034 1.66384 -1.06335 2.65256 -0.474428 1.79 1.2822 0.117485
2.60066 1.10293 2.22402 -1.87539 -1.35661 -0.272323 1.14882 1.99388 1.73034 1.66384 -1.06335 2.65256 -0.474428 1.79 1.2822 0.117485
2.59698 1.10293 2.22402 -1.87539 -1.35661 -0.272323 1.14882 1.99388 1.73034 1.66384 -1.06335 2.65256 -0.474428 1.79 1.2822 0.117485
2.59328 1.10293 2.22402 -1.87539 -1.35661 -0.272323 1.14882 1.99388 1.73034 1.66384 -1.06335 2.65256 -0.474428 1.79 1.2822 0.117485
2.58944 1.10293 2.22402 -1.87539 -1.35661 -0.272323 1.14882 1.99388 1.73034 1.66384 -1.06335 2.65256 -0.474428 1.79 1.2822 0.117485
2.58566 1.10293 2.22402 -1.87539 -1.35661 -0.272323 1.14882 1.99388 1.73034 1.66384 -1.06335 2.65256 -0.474428 1.79 1.2822 0.117485
2.58189 1.10293 2.22402 -1.87539 -1.35661 -0.272323 1.14882 1.99388 1.73034 1.66384 -1.06335 2.65256 -0.474428 1.79 1.2822 0.117485
2.57812 1.10293 2.22402 -1.87539 -1.35661 -0.272323 1.14882 1.99388 1.73034 1.66384 -1.06335 2.65256 -0.474428 1.79 1.2822 0.117485
2.57443 1.10293 2.22402 -1.87539 -1.35661 -0.272323 1.14882 1.99388 1.73034 1.66384 -1.06335 2.65256 -0.474428 1.79 1.2822 0.117485
2.57065 1.10293 2.22402 -1.87539 -1.35661 -0.272323 1.14882 1.99388 1.73034 1.66384 -1.06335 2.65256 -0.474428 1.79 1.2822 0.117485
2.56688 1.10293 2.22402 -1.87539 -1.35661 -0.272323 1.14882 1.99388 1.73034 1.66384 -1.06335 2.65256 -0.474428 1.79 1.2822 0.117485
2.5631 1.10293 2.22402 -1.87539 -1.35661 -0.272323 1.14882 1.99388 1.73034 1.66384 -1.06335 2.65256 -0.474428 1.79 1.2822 0.117485
2.55933 1.10293 2.22402 -1.87539 -1.35661 -0.272323 1.14882 1.99388 1.73034 1.66384 -1.06335 2.65256 -0.474428 1.79 1.2822 0.117485
2.55559 1.10293 2.22402 -1.87539 -1.35661 -0.272323 1.14882 1.99388 1.73034 1.66384 -1.06335 2.65256 -0.474428 1.79 1.2822 0.117485
2.55165 1.10293 2.22402 -1.87539 -1.35661 -0.272323 1.14882 1.99388 1.73034 1.66384 -1.06335 2.65256 -0.474428 1.79 1.2822 0.117485
2.54776 1.10293 2.22402 -1.87539 -1.35661 -0.272323 1.14882 1.99388 1.73034 1.66384 -1.06335 2.65256 -0.474428 1.79 1.2822 0.117485
2.54386 1.10293 2.22402 -1.87539 -1.35661 -0.272323 1.14882 1.99388 1.73034 1.66384 -1.06335 2.65256 -0.474428 1.79 1.2822 0.117485
2.53991 1.10293 2.22402 -1.87539 -1.35661 -0.272323 1.14882 1.99388 1.73034 1.66384 -1.06335 2.65256 -0.474428 1.79 1.2822 0.117485
2.53598 1.10293 2.22402 -1.87539 -1.35661 -0.272323 1.14882 1.99388 1.73034 1.66384 -1.06335 2.65256 -0.474428 1.79 1.2822 0.117485
2.53204 1.10293 2.22402 -1.87539 -1.35661 -0.272323 1.14882 1.99388 1.73034 1.66384 -1.06335 2.65256 -0.474428 1.79 1.2822 0.117485
2.52803 1.10293 2.22402 -1.87539 -1.35661 -0.272323 1.14882 1.99388 1.73034 1.66384 -1.06335 2.65256 -0.474428 1.79 1.2822 0.117485
2.52404 1.10293 2.22402 -1.87539 -1.35661 -0.272323 1.14882 1.99388 1.73034 1.66384 -1.06335 2.65256 -0.474428 1.79 1.2822 0.117485
2.5201 1.10293 2.22402 -1.87539 -1.35661 -0.272323 1.14882 1.99388 1.73034 1.66384 -1.06335 2.65256 -0.474428 1.79 1.2822 0.117485
2.516 1.10293 2.22402 -1.87539 -1.35661 -0.272323 1.14882 1.99388 1.73034 1.66384 -1.06335 2.65256 -0.474428 1.79 1.2822 0.117485
2.51198 1.10293 2.22402 -1.87539 -1.35661 -0.272323 1.14882 1.99388 1.73034 1.66384 -1.06335 2.65256 -0.474428 1.79 1.2822 0.117485
2.50791 1.10293 2.22402 -1.87539 -1.35661 -0.272323 1.14882 1.99388 1.73034 1.66384 -1.06335 2.65256 -0.474428 1.79 1.2822 0.117485
2.50382 1.10293 2.22402 -1.87539 -1.35661 -0.272323 1.14882 1.99388 1.73034 1.66384 -1.06335 2.65256 -0.474428 1.79 1.2822 0.117485
2.49908 1.10293 2.22402 -1.87539 -1.35661 -0.272323 1.14882 1.99388 1.73034 1.66384 -1.06335 2.65256 -0.474428 1.79 1.2822 0.117485
2.49476 1.10293 2.22402 -1.87539 -1.35661 -0.272323 1.14882 1.99388 1.73034 1.66384 -1.06335 2.65256 -0.474428 1.79 1.2822 0.117485
2.49047 1.10293 2.22402 -1.87539 -1.35661 -0.272323 1.14882 1.99388 1.73034 1.66384 -1.06335 2.65256 -0.474428 1.79 1.2822 0.117485
2.48617 1.10293 2.22402 -1.87539 -1.35661 -0.272323 1.14882 1.99388 1.73034 1.66384 -1.06335 2.65256 -0.474428 1.79 1.2822 0.117485
2.48202 1.10293 2.22402 -1.87539 -1.35661 -0.272323 1.14882 1.99388 1.73034 1.66384 -1.06335 2.65256 -0.474428 1.79 1.2822 0.117485
2.47785 1.10293 2.22402 -1.87539 -1.35661 -0.272323 1.14882 1.99388 1.73034 1.66384 -1.06335 2.65256 -0.474428 1.79 1.2822 0.117485
2.47339 1.10293 2.22402 -1.87539 -1.35661 -0.272323 1.14882 1.99388 1.73034 1.66384 -1.06335 2.65256 -0.474428 1.79 1.2822 0.117485
2.46915 1.10293 2.22402 -1.87539 -1.35661 -0.272323 1.14882 1.99388 1.73034 1.66384 -1.06335 2.65256 -0.474428 1.79 1.2822 0.117485
2.46485 1.10293 2.22402 -1.87539 -1.35661 -0.272323 1.14882 1.99388 1.73034 1.66384 -1.06335 2.65256 -0.474428 1.79 1.2822 0.117485
2.46056 1.10293 2.22402 -1.87539 -1.35661 -0.272323 1.14882 1.99388 1.73034 1.66384 -1.06335 2.65256 -0.474428 1.79 1.2822 0.117485
2.45624 1.10293 2.22402 -1.87539 -1.35661 -0.272323 1.14882 1.99388 1.73034 1.66384 -1.06335 2.65256 -0.474428 1.79 1.2822 0.117485
2.45192 1.10293 2.22402 -1.87539 -1.35661 -0.272323 1.14882 1.99388 1.73034 1.66384 -1.06335 2.65256 -0.474428 1.79 1.2822 0.117485
2.44741 1.10293 2.22402 -1.87539 -1.35661 -0.272323 1.14882 1.99388 1.73034 1.66384 -1.06335 2.65256 -0.474428 1.79 1.2822 0.117485
2.443 1.10293 2.22402 -1.87539 -1.35661 -0.272323 1.14882 1.99388 1.73034 1.66384 -1.06335 2.65256 -0.474428 1.79 1.2822 0.117485
2.4386 1.10293 2.22402 -1.87539 -1.35661 -0.272323 1.14882 1.99388 1.73034 1.66384 -1.06335 2.65256 -0.474428 1.79 1.2822 0.117485
2.43427 1.10293 2.22402 -1.87539 -1.35661 -0.272323 1.14882 1.99388 1.73034 1.66384 -1.06335 2.65256 -0.474428 1.79 1.2822 0.117485
2.42979 1.10293 2.22402 -1.87539 -1.35661 -0.272323 1.14882 1.99388 1.73034 1.66384 -1.06335 2.65256 -0.474428 1.79 1.2822 0.117485
2.42535 1.10293 2.22402 -1.87539 -1.35661 -0.272323 1.14882 1.99388 1.73034 1.66384 -1.06335 2.65256 -0.474428 1.79 1.2822 0.117485
2.42086 1.10293 2.22402 -1.87539 -1.35661 -0.272323 1.14882 1.99388 1.73034 1.66384 -1.06335 2.65256 -0.474428 1.79 1.2822 0.117485
2.41631 1.10293 2.22402 -1.87539 -1.35661 -0.272323 1.14882 1.99388 1.73034 1.66384 -1.06335 2.65256 -0.474428 1.79 1.2822 0.117485
2.4117 1.10293 2.22402 -1.87539 -1.35661 -0.272323 1.14882 1.99388 1.73034 1.66384 -1.06335 2.65256 -0.474428 1.79 1.2822 0.117485
2.40667 1.10293 2.22402 -1.87539 -1.35661 -0.272323 1.14882 1.99388 1.73034 1.66384 -1.06335 2.65256 -0.474428 1.79 1.2822 0.117485
2.40201 1.10293 2.22402 -1.87539 -1.35661 -0.272323 1.14882 1.99388 1.73034 1.66384 -1.06335 2.65256 -0.474428 1.79 1.2822 0.117485
2.39732 1.10293 2.22402 -1.87539 -1.35661 -0.272323 1.14882 1.99388 1.73034 1.66384 -1.06335 2.65256 -0.474428 1.79 1.2822 0.117485
2.39268 1.10293 2.22402 -1.87539 -1.35661 -0.272323 1.14882 1.99388 1.73034 1.66384 -1.06335 2.65256 -0.474428 1.79 1.2822 0.117485
2.38797 1.10293 2.22402 -1.87539 -1.35661 -0.272323 1.14882 1.99388 1.73034 1.66384 -1.06335 2.65256 -0.474428 1.79 1.2822 0.117485
2.38303 1.10293 2.22402 -1.87539 -1.35661 -0.272323 1.14882 1.99388 1.73034 1.66384 -1.06335 2.65256 -0.474428 1.79 1.2822 0.117485
2.37803 1.10293 2.22402 -1.87539 -1.35661 -0.272323 1.14882 1.99388 1.73034 1.66384 -1.06335 2.65256 -0.474428 1.79 1.2822 0.117485
2.37317 1.10293 2.22402 -1.87539 -1.35661 -0.272323 1.14882 1.99388 1.73034 1.66384 -1.06335 2.65256 -0.474428 1.79 1.2822 0.117485
2.36813 1.10293 2.22402 -1.87539 -1.35661 -0.272323 1.14882 1.99388 1.73034 1.66384 -1.06335 2.65256 -0.474428 1.79 1.2822 0.117485
2.36332 1.10293 2.22402 -1.87539 -1.35661 -0.272323 1.14882 1.99388 1.73034 1.66384 -1.06335 2.65256 -0.474428 1.79 1.2822 0.117485
2.35845 1.10293 2.22402 -1.87539 -1.35661 -0.272323 1.14882 1.99388 1.73034 1.66384 -1.06335 2.65256 -0.474428 1.79 1.2822 0.117485
2.35359 1.10293 2.22402 -1.87539 -1.35661 -0.272323 1.14882 1.99388 1.73034 1.66384 -1.06335 2.65256 -0.474428 1.79 1.2822 0.117485
2.34843 1.10293 2.22402 -1.87539 -1.35661 -0.272323 1.14882 1.99388 1.73034 1.66384 -1.06335 2.65256 -0.474428 1.79 1.2822 0.117485
2.33322 1.10293 2.22402 -1.87539 -1.35661 -0.272323 1.14882 1.99388 1.73034 1.66384 -1.06335 2.65256 -0.474428 1.79 1.2822 0.117485
2.3343 1.10293 2.22402 -1.87539 -1.35661 -0.272323 1.14882 1.99388 1.73034 1.66384 -1.06335 2.65256 -0.474428 1.79 1.2822 0.117485
2.33541 1.10293 2.22402 -1.87539 -1.35661 -0.272323 1.14882 1.99388 1.73034 1.66384 -1.06335 2.65256 -0.474428 1.79 1.2822 0.117485
2.33655 1.10293 2.22402 -1.87539 -1.35661 -0.272323 1.14882 1.99388 1.73034 1.66384 -1.06335 2.65256 -0.474428 1.79 1.2822 0.117485
2.33778 1.10293 2.22402 -1.87539 -1.35661 -0.272323 1.14882 1.99388 1.73034 1.66384 -1.06335 2.65256 -0.474428 1.79 1.2822 0.117485
2.33909 1.10293 2.22402 -1.87539 -1.35661 -0.272323 1.14882 1.99388 1.73034 1.66384 -1.06335 2.65256 -0.474428 1.79 1.2822 0.117485
2.34021 1.10293 2.22402 -1.87539 -1.35661 -0.272323 1.14882 1.99388 1.73034 1.66384 -1.06335 2.65256 -0.474428 1.79 1.2822 0.117485
2.34136 1.10293 2.22402 -1.87539 -1.35661 -0.272323 1.14882 1.99388 1.73034 1.66384 -1.06335 2.65256 -0.474428 1.79 1.2822 0.117485
2.34246 1.10293 2.22402 -1.87539 -1.35661 -0.272323 1.14882 1.99388 1.73034 1.66384 -1.06335 2.65256 -0.474428 1.79 1.2822 0.117485
2.34352 1.10293 2.22402 -1.87539 -1.35661 -0.272323 1.14882 1.99388 1.73034 1.66384 -1.06335 2.65256 -0.474428 1.79 1.2822 0.117485
2.34552 1.10293 2.22402 -1.87539 -1.35661 -0.272323 1.14882 1.99388 1.73034 1.66384 -1.06335 2.65256 -0.474428 1.79 1.2822 0.117485
2.34816 1.10293 2.22402 -1.87539 -1.35661 -0.272323 1.14882 1.99388 1.73034 1.66384 -1.06335 2.65256 -0.474428 1.79 1.2822 0.117485
2.35112 1.10293 2.22402 -1.87539 -1.35661 -0.272323 1.14882 1.99388 1.73034 1.66384 -1.06335 2.65256 -0.474428 1.79 1.2822 0.117485
2.35435 1.10293 2.22402 -1.87539 -1.35661 -0.272323 1.14882 1.99388 1.73034 1.66384 -1.06335 2.65256 -0.474428 1.79 1.2822 0.117485
2.3581 1.10293 2.22402 -1.87539 -1.35661 -0.272323 1.14882 1.99388 1.73034 1.66384 -1.06335 2.65256 -0.474428 1.79 1.2822 0.117485
2.3623 1.10293 2.22402 -1.87539 -1.35661 -0.272323 1.14882 1.99388 1.73034 1.66384 -1.06335 2.65256 -0.474428 1.79 1.2822 0.117485
2.36652 1.10293 2.22402 -1.87539 -1.35661 -0.272323 1.14882 1.99388 1.73034 1.66384 -1.06335 2.65256 -0.474428 1.79 1.2822 0.117485
2.37079 1.10293 2.22402 -1.87539 -1.35661 -0.272323 1.14882 1.99388 1.73034 1.66384 -1.06335 2.65256 -0.474428 1.79 1.2822 0.117485
2.37525 1.10293 2.22402 -1.87539 -1.35661 -0.272323 1.14882 1.99388 1.73034 1.66384 -1.06335 2.65256 -0.474428 1.79 1.2822 0.117485
2.37974 1.10293 2.22402 -1.87539 -1.35661 -0.272323 1.14882 1.99388 1.73034 1.66384 -1.06335 2.65256 -0.474428 1.79 1.2822 0.117485
2.38438 1.10293 2.22402 -1.87539 -1.35661 -0.272323 1.14882 1.99388 1.73034 1.66384 -1.06335 2.65256 -0.474428 1.79 1.2822 0.117485
2.38873 1.10293 2.22402 -1.87539 -1.35661 -0.272323 1.14882 1.99388 1.73034 1.66384 -1.06335 2.65256 -0.474428 1.79 1.2822 0.117485
2.39332 1.10293 2.22402 -1.87539 -1.35661 -0.272323 1.14882 1.99388 1.73034 1.66384 -1.06335 2.65256 -0.474428 1.79 1.2822 0.117485
2.39802 1.10293 2.22402 -1.87539 -1.35661 -0.272323 1.14882 1.99388 1.73034 1.66384 -1.06335 2.65256 -0.474428 1.79 1.2822 0.117485
2.40302 1.10293 2.22402 -1.87539 -1.35661 -0.272323 1.14882 1.99388 1.73034 1.66384 -1.06335 2.65256 -0.474428 1.79 1.2822 0.117485
2.40817 1.10293 2.22402 -1.87539 -1.35661 -0.272323 1.14882 1.99388 1.73034 1.66384 -1.06335 2.65256 -0.474428 1.79 1.2822 0.117485
2.41355 1.10293 2.22402 -1.87539 -1.35661 -0.272323 1.14882 1.99388 1.73034 1.66384 -1.06335 2.65256 -0.474428 1.79 1.2822 0.117485
2.41895 1.10293 2.22402 -1.87539 -1.35661 -0.272323 1.14882 1.99388 1.73034 1.66384 -1.06335 2.65256 -0.474428 1.79 1.2822 0.117485
2.42466 1.10293 2.22402 -1.87539 -1.35661 -0.272323 1.14882 1.99388 1.73034 1.66384 -1.06335 2.65256 -0.474428 1.79 1.2822 0.117485
2.43047 1.10293 2.22402 -1.87539 -1.35661 -0.272323 1.14882 1.99388 1.73034 1.66384 -1.06335 2.65256 -0.474428 1.79 1.2822 0.117485
2.43625 1.10293 2.22402 -1.87539 -1.35661 -0.272323 1.14882 1.99388 1.73034 1.66384 -1.06335 2.65256 -0.474428 1.79 1.2822 0.117485
2.44237 1.10293 2.22402 -1.87539 -1.35661 -0.272323 1.14882 1.99388 1.73034 1.66384 -1.06335 2.65256 -0.474428 1.79 1.2822 0.117485
2.44875 1.10293 2.22402 -1.87539 -1.35661 -0.272323 1.14882 1.99388 1.73034 1.66384 -1.06335 2.65256 -0.474428 1.79 1.2822 0.117485
2.4552 1.10293 2.22402 -1.87539 -1.35661 -0.272323 1.14882 1.99388 1.73034 1.66384 -1.06335 2.65256 -0.474428 1.79 1.2822 0.117485
2.46187 1.10293 2.22402 -1.87539 -1.35661 -0.272323 1.14882 1.99388 1.73034 1.66384 -1.06335 2.65256 -0.474428 1.79 1.2822 0.117485
2.4692 1.10293 2.22402 -1.87539 -1.35661 -0.272323 1.14882 1.99388 1.73034 1.66384 -1.06335 2.65256 -0.474428 1.79 1.2822 0.117485
2.47622 1.10293 2.22402 -1.87539 -1.35661 -0.272323 1.14882 1.99388 1.73034 1.66384 -1.06335 2.65256 -0.474428 1.79 1.2822 0.117485
2.48347 1.10293 2.22402 -1.87539 -1.35661 -0.272323 1.14882 1.99388 1.73034 1.66384 -1.06335 2.65256 -0.474428 1.79 1.2822 0.117485
2.49133 1.10293 2.22402 -1.87539 -1.35661 -0.272323 1.14882 1.99388 1.73034 1.66384 -1.06335 2.65256 -0.474428 1.79 1.2822 0.117485
2.49911 1.10293 2.22402 -1.87539 -1.35661 -0.272323 1.14882 1.99388 1.73034 1.66384 -1.06335 2.65256 -0.474428 1.79 1.2822 0.117485
2.50709 1.10293 2.22402 -1.87539 -1.35661 -0.272323 1.14882 1.99388 1.73034 1.66384 -1.06335 2.65256 -0.474428 1.79 1.2822 0.117485
2.51541 1.10293 2.22402 -1.87539 -1.35661 -0.272323 1.14882 1.99388 1.73034 1.66384 -1.06335 2.65256 -0.474428 1.79 1.2822 0.117485
2.52398 1.10293 2.22402 -1.87539 -1.35661 -0.272323 1.14882 1.99388 1.73034 1.66384 -1.06335 2.65256 -0.474428 1.79 1.2822 0.117485
2.53287 1.10293 2.22402 -1.87539 -1.35661 -0.272323 1.14882 1.99388 1.73034 1.66384 -1.06335 2.65256 -0.474428 1.79 1.2822 0.117485
2.54201 1.10293 2.22402 -1.87539 -1.35661 -0.272323 1.14882 1.99388 1.73034 1.66384 -1.06335 2.65256 -0.474428 1.79 1.2822 0.117485
2.55138 1.10293 2.22402 -1.87539 -1.35661 -0.272323 1.14882 1.99388 1.73034 1.66384 -1.06335 2.65256 -0.474428 1.79 1.2822 0.117485
2.56101 1.10293 2.22402 -1.87539 -1.35661 -0.272323 1.14882 1.99388 1.73034 1.66384 -1.06335 2.65256 -0.474428 1.79 1.2822 0.117485
2.57106 1.10293 2.22402 -1.87539 -1.35661 -0.272323 1.14882 1.99388 1.73034 1.66384 -1.06335 2.65256 -0.474428 1.79 1.2822 0.117485
2.58179 1.10293 2.22402 -1.87539 -1.35661 -0.272323 1.14882 1.99388 1.73034 1.66384 -1.06335 2.65256 -0.474428 1.79 1.2822 0.117485
