11.854
11.865
11.875
11.886
11.896
11.906
11.917
11.927
11.938
11.949
11.97
11.99
12.011
12.032
12.053
12.073
12.094
12.115
12.135
12.156
12.197
12.236
12.277
12.316
12.356
12.395
12.433
12.472
12.511
12.549
12.588
12.626
12.666
12.705
12.743
12.782
12.822
12.861
12.9
12.939
12.977
13.016
13.055
13.094
13.133
13.172
13.217
13.259
13.298
13.337
13.375
13.416
13.455
13.493
13.532
13.571
13.61
13.649
13.688
13.727
13.765
13.803
13.842
13.88
13.919
13.958
14
14.04
14.079
14.118
14.157
14.195
14.238
14.278
14.318
14.357
14.396
14.435
14.476
14.515
15.271
15.281
15.292
15.302
15.313
15.324
15.334
15.345
15.356
15.369
15.408
15.447
15.486
15.525
15.564
15.602
15.641
15.679
15.718
15.759
15.799
15.838
15.877
15.916
15.956
15.995
16.034
16.072
16.111
16.15
16.189
16.228
16.267
16.306
16.347
16.385
16.424
16.463
16.502
16.541
16.58
16.619
16.657
16.696
16.735
16.773
16.812
16.851
16.89
