-0.459779
-0.408179
-0.356393
-0.304604
-0.252957
-0.20132
-0.14951
-0.0978668
-0.0459985
-0.027
-0.027
-0.027
-0.027
-0.027
-0.027
-0.027
-0.027
-0.027
-0.027
-0.027
-0.027
-0.027
-0.027
-0.027
-0.027
-0.027
-0.027
-0.027
-0.027
-0.027
-0.027
-0.027
-0.027
-0.027
-0.027
-0.027
-0.027
-0.027
-0.027
-0.027
-0.027
-0.027
-0.027
-0.027
-0.027
-0.027
-0.027
-0.027
-0.027
-0.027
-0.027
-0.027
-0.027
-0.027
-0.027
-0.027
-0.027
-0.027
-0.027
-0.027
-0.027
-0.027
-0.027
-0.027
-0.027
-0.027
-0.027
-0.027
-0.027
-0.027
-0.027
-0.027
-0.027
-0.027
-0.027
-0.027
-0.027
-0.027
-0.027
-0.027
-0.027
-0.027
-0.027
-0.027
-0.027
-0.027
-0.027
-0.027
-0.027
-0.027
-0.027
-0.027
-0.027
-0.027
-0.027
-0.027
-0.027
-0.027
-0.027
-0.027
-0.027
-0.027
-0.027
-0.027
-0.027
-0.027
-0.027
-0.027
-0.027
-0.027
-0.027
-0.027
-0.027
-0.027
-0.027
-0.027
-0.027
-0.0804067
-0.273377
-0.46547
-0.657855
-2.027
-2.027
-2.027
-2.027
-2.027
-2.027
-2.027
-2.027
-2.027
-2.027
-2.027
-2.027
-2.027
-2.027
-2.027
-2.027
-2.027
-2.027
-2.027
-2.027
-2.027
-2.027
-2.027
-2.027
-2.027
-2.027
-2.027
-2.027
-2.027
-2.027
-2.027
-2.027
-2.027
-2.027
-2.027
-2.027
-2.027
-2.027
-2.027
-2.027
-2.027
-2.027
-2.027
-2.027
-2.027
-2.027
-2.027
-2.027
-2.027
-2.027
-2.027
-2.027
-2.027
-2.027
-2.027
-2.027
-2.027
-2.027
-2.027
-2.027
-2.027
-2.027
-2.027
-2.027
-2.027
-2.027
-2.027
-2.027
-2.027
-2.027
-2.027
-2.027
-2.027
-2.027
-2.027
-2.027
-2.027
-2.027
-2.027
-2.027
-2.027
-2.027
-2.027
-2.027
-2.027
-2.027
-2.027
-2.027
-2.027
-2.027
-2.027
-2.027
-2.027
-2.027
-2.027
-2.027
-2.027
-2.027
-2.027
-2.027
-2.027
-2.027
-2.027
