1.50277 1.49722 0.491742 -0.521969 2.25859 -0.873936 -0.557792 1.37483 1.24348 -1.64928 -1.33316 1.44275 -0.876171 -1.9942 -1.21417 1.58723
1.50277 1.49722 0.491742 -0.521969 2.25859 -0.873936 -0.557792 1.37483 1.24348 -1.64928 -1.33316 1.44275 -0.876171 -1.9942 -1.21417 1.58723
1.50277 1.49722 0.491742 -0.521969 2.25859 -0.873936 -0.557792 1.37483 1.24348 -1.64928 -1.33316 1.44275 -0.876171 -1.9942 -1.21417 1.58723
1.50277 1.49722 0.491742 -0.521969 2.25859 -0.873936 -0.557792 1.37483 1.24348 -1.64928 -1.33316 1.44275 -0.876171 -1.9942 -1.21417 1.58723
1.50277 1.49722 0.491742 -0.521969 2.25859 -0.873936 -0.557792 1.37483 1.24348 -1.64928 -1.33316 1.44275 -0.876171 -1.9942 -1.21417 1.58723
1.50277 1.49722 0.491742 -0.521969 2.25859 -0.873936 -0.557792 1.37483 1.24348 -1.64928 -1.33316 1.44275 -0.876171 -1.9942 -1.21417 1.58723
1.50277 1.49722 0.491742 -0.521969 2.25859 -0.873936 -0.557792 1.37483 1.24348 -1.64928 -1.33316 1.44275 -0.876171 -1.9942 -1.21417 1.58723
1.50277 1.49722 0.491742 -0.521969 2.25859 -0.873936 -0.557792 1.37483 1.24348 -1.64928 -1.33316 1.44275 -0.876171 -1.9942 -1.21417 1.58723
1.50277 1.49722 0.491742 -0.521969 2.25859 -0.873936 -0.557792 1.37483 1.24348 -1.64928 -1.33316 1.44275 -0.876171 -1.9942 -1.21417 1.58723
1.50277 1.49722 0.491742 -0.521969 2.25859 -0.873936 -0.557792 1.37483 1.24348 -1.64928 -1.33316 1.44275 -0.876171 -1.9942 -1.21417 1.58723
1.50313 1.49722 0.491742 -0.521969 2.25859 -0.873936 -0.557792 1.37483 1.24348 -1.64928 -1.33316 1.44275 -0.876171 -1.9942 -1.21417 1.58723
1.50365 1.49722 0.491742 -0.521969 2.25859 -0.873936 -0.557792 1.37483 1.24348 -1.64928 -1.33316 1.44275 -0.876171 -1.9942 -1.21417 1.58723
1.50417 1.49722 0.491742 -0.521969 2.25859 -0.873936 -0.557792 1.37483 1.24348 -1.64928 -1.33316 1.44275 -0.876171 -1.9942 -1.21417 1.58723
1.50467 1.49722 0.491742 -0.521969 2.25859 -0.873936 -0.557792 1.37483 1.24348 -1.64928 -1.33316 1.44275 -0.876171 -1.9942 -1.21417 1.58723
1.50517 1.49722 0.491742 -0.521969 2.25859 -0.873936 -0.557792 1.37483 1.24348 -1.64928 -1.33316 1.44275 -0.876171 -1.9942 -1.21417 1.58723
1.50578 1.49722 0.491742 -0.521969 2.25859 -0.873936 -0.557792 1.37483 1.24348 -1.64928 -1.33316 1.44275 -0.876171 -1.9942 -1.21417 1.58723
1.50644 1.49722 0.491742 -0.521969 2.25859 -0.873936 -0.557792 1.37483 1.24348 -1.64928 -1.33316 1.44275 -0.876171 -1.9942 -1.21417 1.58723
1.50716 1.49722 0.491742 -0.521969 2.25859 -0.873936 -0.557792 1.37483 1.24348 -1.64928 -1.33316 1.44275 -0.876171 -1.9942 -1.21417 1.58723
1.50789 1.49722 0.491742 -0.521969 2.25859 -0.873936 -0.557792 1.37483 1.24348 -1.64928 -1.33316 1.44275 -0.876171 -1.9942 -1.21417 1.58723
1.50863 1.49722 0.491742 -0.521969 2.25859 -0.873936 -0.557792 1.37483 1.24348 -1.64928 -1.33316 1.44275 -0.876171 -1.9942 -1.21417 1.58723
1.51016 1.49722 0.491742 -0.521969 2.25859 -0.873936 -0.557792 1.37483 1.24348 -1.64928 -1.33316 1.44275 -0.876171 -1.9942 -1.21417 1.58723
1.51191 1.49722 0.491742 -0.521969 2.25859 -0.873936 -0.557792 1.37483 1.24348 -1.64928 -1.33316 1.44275 -0.876171 -1.9942 -1.21417 1.58723
1.5138 1.49722 0.491742 -0.521969 2.25859 -0.873936 -0.557792 1.37483 1.24348 -1.64928 -1.33316 1.44275 -0.876171 -1.9942 -1.21417 1.58723
1.51564 1.49722 0.491742 -0.521969 2.25859 -0.873936 -0.557792 1.37483 1.24348 -1.64928 -1.33316 1.44275 -0.876171 -1.9942 -1.21417 1.58723
1.51752 1.49722 0.491742 -0.521969 2.25859 -0.873936 -0.557792 1.37483 1.24348 -1.64928 -1.33316 1.44275 -0.876171 -1.9942 -1.21417 1.58723
1.51954 1.49722 0.491742 -0.521969 2.25859 -0.873936 -0.557792 1.37483 1.24348 -1.64928 -1.33316 1.44275 -0.876171 -1.9942 -1.21417 1.58723
1.52167 1.49722 0.491742 -0.521969 2.25859 -0.873936 -0.557792 1.37483 1.24348 -1.64928 -1.33316 1.44275 -0.876171 -1.9942 -1.21417 1.58723
1.52377 1.49722 0.491742 -0.521969 2.25859 -0.873936 -0.557792 1.37483 1.24348 -1.64928 -1.33316 1.44275 -0.876171 -1.9942 -1.21417 1.58723
1.52592 1.49722 0.491742 -0.521969 2.25859 -0.873936 -0.557792 1.37483 1.24348 -1.64928 -1.33316 1.44275 -0.876171 -1.9942 -1.21417 1.58723
1.52814 1.49722 0.491742 -0.521969 2.25859 -0.873936 -0.557792 1.37483 1.24348 -1.64928 -1.33316 1.44275 -0.876171 -1.9942 -1.21417 1.58723
1.53035 1.49722 0.491742 -0.521969 2.25859 -0.873936 -0.557792 1.37483 1.24348 -1.64928 -1.33316 1.44275 -0.876171 -1.9942 -1.21417 1.58723
1.53266 1.49722 0.491742 -0.521969 2.25859 -0.873936 -0.557792 1.37483 1.24348 -1.64928 -1.33316 1.44275 -0.876171 -1.9942 -1.21417 1.58723
1.53495 1.49722 0.491742 -0.521969 2.25859 -0.873936 -0.557792 1.37483 1.24348 -1.64928 -1.33316 1.44275 -0.876171 -1.9942 -1.21417 1.58723
1.53741 1.49722 0.491742 -0.521969 2.25859 -0.873936 -0.557792 1.37483 1.24348 -1.64928 -1.33316 1.44275 -0.876171 -1.9942 -1.21417 1.58723
1.53995 1.49722 0.491742 -0.521969 2.25859 -0.873936 -0.557792 1.37483 1.24348 -1.64928 -1.33316 1.44275 -0.876171 -1.9942 -1.21417 1.58723
1.54252 1.49722 0.491742 -0.521969 2.25859 -0.873936 -0.557792 1.37483 1.24348 -1.64928 -1.33316 1.44275 -0.876171 -1.9942 -1.21417 1.58723
1.54515 1.49722 0.491742 -0.521969 2.25859 -0.873936 -0.557792 1.37483 1.24348 -1.64928 -1.33316 1.44275 -0.876171 -1.9942 -1.21417 1.58723
1.54794 1.49722 0.491742 -0.521969 2.25859 -0.873936 -0.557792 1.37483 1.24348 -1.64928 -1.33316 1.44275 -0.876171 -1.9942 -1.21417 1.58723
1.55054 1.49722 0.491742 -0.521969 2.25859 -0.873936 -0.557792 1.37483 1.24348 -1.64928 -1.33316 1.44275 -0.876171 -1.9942 -1.21417 1.58723
1.55331 1.49722 0.491742 -0.521969 2.25859 -0.873936 -0.557792 1.37483 1.24348 -1.64928 -1.33316 1.44275 -0.876171 -1.9942 -1.21417 1.58723
1.55616 1.49722 0.491742 -0.521969 2.25859 -0.873936 -0.557792 1.37483 1.24348 -1.64928 -1.33316 1.44275 -0.876171 -1.9942 -1.21417 1.58723
1.5592 1.49722 0.491742 -0.521969 2.25859 -0.873936 -0.557792 1.37483 1.24348 -1.64928 -1.33316 1.44275 -0.876171 -1.9942 -1.21417 1.58723
1.56229 1.49722 0.491742 -0.521969 2.25859 -0.873936 -0.557792 1.37483 1.24348 -1.64928 -1.33316 1.44275 -0.876171 -1.9942 -1.21417 1.58723
1.56532 1.49722 0.491742 -0.521969 2.25859 -0.873936 -0.557792 1.37483 1.24348 -1.64928 -1.33316 1.44275 -0.876171 -1.9942 -1.21417 1.58723
1.56826 1.49722 0.491742 -0.521969 2.25859 -0.873936 -0.557792 1.37483 1.24348 -1.64928 -1.33316 1.44275 -0.876171 -1.9942 -1.21417 1.58723
1.57127 1.49722 0.491742 -0.521969 2.25859 -0.873936 -0.557792 1.37483 1.24348 -1.64928 -1.33316 1.44275 -0.876171 -1.9942 -1.21417 1.58723
1.57434 1.49722 0.491742 -0.521969 2.25859 -0.873936 -0.557792 1.37483 1.24348 -1.64928 -1.33316 1.44275 -0.876171 -1.9942 -1.21417 1.58723
1.57761 1.49722 0.491742 -0.521969 2.25859 -0.873936 -0.557792 1.37483 1.24348 -1.64928 -1.33316 1.44275 -0.876171 -1.9942 -1.21417 1.58723
1.58108 1.49722 0.491742 -0.521969 2.25859 -0.873936 -0.557792 1.37483 1.24348 -1.64928 -1.33316 1.44275 -0.876171 -1.9942 -1.21417 1.58723
1.58451 1.49722 0.491742 -0.521969 2.25859 -0.873936 -0.557792 1.37483 1.24348 -1.64928 -1.33316 1.44275 -0.876171 -1.9942 -1.21417 1.58723
1.58789 1.49722 0.491742 -0.521969 2.25859 -0.873936 -0.557792 1.37483 1.24348 -1.64928 -1.33316 1.44275 -0.876171 -1.9942 -1.21417 1.58723
1.59129 1.49722 0.491742 -0.521969 2.25859 -0.873936 -0.557792 1.37483 1.24348 -1.64928 -1.33316 1.44275 -0.876171 -1.9942 -1.21417 1.58723
1.5948 1.49722 0.491742 -0.521969 2.25859 -0.873936 -0.557792 1.37483 1.24348 -1.64928 -1.33316 1.44275 -0.876171 -1.9942 -1.21417 1.58723
1.5985 1.49722 0.491742 -0.521969 2.25859 -0.873936 -0.557792 1.37483 1.24348 -1.64928 -1.33316 1.44275 -0.876171 -1.9942 -1.21417 1.58723
1.60224 1.49722 0.491742 -0.521969 2.25859 -0.873936 -0.557792 1.37483 1.24348 -1.64928 -1.33316 1.44275 -0.876171 -1.9942 -1.21417 1.58723
1.60602 1.49722 0.491742 -0.521969 2.25859 -0.873936 -0.557792 1.37483 1.24348 -1.64928 -1.33316 1.44275 -0.876171 -1.9942 -1.21417 1.58723
1.60981 1.49722 0.491742 -0.521969 2.25859 -0.873936 -0.557792 1.37483 1.24348 -1.64928 -1.33316 1.44275 -0.876171 -1.9942 -1.21417 1.58723
1.61368 1.49722 0.491742 -0.521969 2.25859 -0.873936 -0.557792 1.37483 1.24348 -1.64928 -1.33316 1.44275 -0.876171 -1.9942 -1.21417 1.58723
1.61755 1.49722 0.491742 -0.521969 2.25859 -0.873936 -0.557792 1.37483 1.24348 -1.64928 -1.33316 1.44275 -0.876171 -1.9942 -1.21417 1.58723
1.6217 1.49722 0.491742 -0.521969 2.25859 -0.873936 -0.557792 1.37483 1.24348 -1.64928 -1.33316 1.44275 -0.876171 -1.9942 -1.21417 1.58723
1.62585 1.49722 0.491742 -0.521969 2.25859 -0.873936 -0.557792 1.37483 1.24348 -1.64928 -1.33316 1.44275 -0.876171 -1.9942 -1.21417 1.58723
1.62991 1.49722 0.491742 -0.521969 2.25859 -0.873936 -0.557792 1.37483 1.24348 -1.64928 -1.33316 1.44275 -0.876171 -1.9942 -1.21417 1.58723
1.63412 1.49722 0.491742 -0.521969 2.25859 -0.873936 -0.557792 1.37483 1.24348 -1.64928 -1.33316 1.44275 -0.876171 -1.9942 -1.21417 1.58723
1.63868 1.49722 0.491742 -0.521969 2.25859 -0.873936 -0.557792 1.37483 1.24348 -1.64928 -1.33316 1.44275 -0.876171 -1.9942 -1.21417 1.58723
1.6433 1.49722 0.491742 -0.521969 2.25859 -0.873936 -0.557792 1.37483 1.24348 -1.64928 -1.33316 1.44275 -0.876171 -1.9942 -1.21417 1.58723
1.64781 1.49722 0.491742 -0.521969 2.25859 -0.873936 -0.557792 1.37483 1.24348 -1.64928 -1.33316 1.44275 -0.876171 -1.9942 -1.21417 1.58723
1.65233 1.49722 0.491742 -0.521969 2.25859 -0.873936 -0.557792 1.37483 1.24348 -1.64928 -1.33316 1.44275 -0.876171 -1.9942 -1.21417 1.58723
1.65718 1.49722 0.491742 -0.521969 2.25859 -0.873936 -0.557792 1.37483 1.24348 -1.64928 -1.33316 1.44275 -0.876171 -1.9942 -1.21417 1.58723
1.66225 1.49722 0.491742 -0.521969 2.25859 -0.873936 -0.557792 1.37483 1.24348 -1.64928 -1.33316 1.44275 -0.876171 -1.9942 -1.21417 1.58723
1.66716 1.49722 0.491742 -0.521969 2.25859 -0.873936 -0.557792 1.37483 1.24348 -1.64928 -1.33316 1.44275 -0.876171 -1.9942 -1.21417 1.58723
1.67206 1.49722 0.491742 -0.521969 2.25859 -0.873936 -0.557792 1.37483 1.24348 -1.64928 -1.33316 1.44275 -0.876171 -1.9942 -1.21417 1.58723
1.67714 1.49722 0.491742 -0.521969 2.25859 -0.873936 -0.557792 1.37483 1.24348 -1.64928 -1.33316 1.44275 -0.876171 -1.9942 -1.21417 1.58723
1.6826 1.49722 0.491742 -0.521969 2.25859 -0.873936 -0.557792 1.37483 1.24348 -1.64928 -1.33316 1.44275 -0.876171 -1.9942 -1.21417 1.58723
1.68793 1.49722 0.491742 -0.521969 2.25859 -0.873936 -0.557792 1.37483 1.24348 -1.64928 -1.33316 1.44275 -0.876171 -1.9942 -1.21417 1.58723
1.69329 1.49722 0.491742 -0.521969 2.25859 -0.873936 -0.557792 1.37483 1.24348 -1.64928 -1.33316 1.44275 -0.876171 -1.9942 -1.21417 1.58723
1.69892 1.49722 0.491742 -0.521969 2.25859 -0.873936 -0.557792 1.37483 1.24348 -1.64928 -1.33316 1.44275 -0.876171 -1.9942 -1.21417 1.58723
1.70489 1.49722 0.491742 -0.521969 2.25859 -0.873936 -0.557792 1.37483 1.24348 -1.64928 -1.33316 1.44275 -0.876171 -1.9942 -1.21417 1.58723
1.71057 1.49722 0.491742 -0.521969 2.25859 -0.873936 -0.557792 1.37483 1.24348 -1.64928 -1.33316 1.44275 -0.876171 -1.9942 -1.21417 1.58723
1.71634 1.49722 0.491742 -0.521969 2.25859 -0.873936 -0.557792 1.37483 1.24348 -1.64928 -1.33316 1.44275 -0.876171 -1.9942 -1.21417 1.58723
1.72238 1.49722 0.491742 -0.521969 2.25859 -0.873936 -0.557792 1.37483 1.24348 -1.64928 -1.33316 1.44275 -0.876171 -1.9942 -1.21417 1.58723
1.72843 1.49722 0.491742 -0.521969 2.25859 -0.873936 -0.557792 1.37483 1.24348 -1.64928 -1.33316 1.44275 -0.876171 -1.9942 -1.21417 1.58723
1.73452 1.49722 0.491742 -0.521969 2.25859 -0.873936 -0.557792 1.37483 1.24348 -1.64928 -1.33316 1.44275 -0.876171 -1.9942 -1.21417 1.58723
1.74091 1.49722 0.491742 -0.521969 2.25859 -0.873936 -0.557792 1.37483 1.24348 -1.64928 -1.33316 1.44275 -0.876171 -1.9942 -1.21417 1.58723
1.74734 1.49722 0.491742 -0.521969 2.25859 -0.873936 -0.557792 1.37483 1.24348 -1.64928 -1.33316 1.44275 -0.876171 -1.9942 -1.21417 1.58723
1.75426 1.49722 0.491742 -0.521969 2.25859 -0.873936 -0.557792 1.37483 1.24348 -1.64928 -1.33316 1.44275 -0.876171 -1.9942 -1.21417 1.58723
1.7611 1.49722 0.491742 -0.521969 2.25859 -0.873936 -0.557792 1.37483 1.24348 -1.64928 -1.33316 1.44275 -0.876171 -1.9942 -1.21417 1.58723
1.76789 1.49722 0.491742 -0.521969 2.25859 -0.873936 -0.557792 1.37483 1.24348 -1.64928 -1.33316 1.44275 -0.876171 -1.9942 -1.21417 1.58723
1.7748 1.49722 0.491742 -0.521969 2.25859 -0.873936 -0.557792 1.37483 1.24348 -1.64928 -1.33316 1.44275 -0.876171 -1.9942 -1.21417 1.58723
1.78212 1.49722 0.491742 -0.521969 2.25859 -0.873936 -0.557792 1.37483 1.24348 -1.64928 -1.33316 1.44275 -0.876171 -1.9942 -1.21417 1.58723
1.78957 1.49722 0.491742 -0.521969 2.25859 -0.873936 -0.557792 1.37483 1.24348 -1.64928 -1.33316 1.44275 -0.876171 -1.9942 -1.21417 1.58723
1.7972 1.49722 0.491742 -0.521969 2.25859 -0.873936 -0.557792 1.37483 1.24348 -1.64928 -1.33316 1.44275 -0.876171 -1.9942 -1.21417 1.58723
1.80483 1.49722 0.491742 -0.521969 2.25859 -0.873936 -0.557792 1.37483 1.24348 -1.64928 -1.33316 1.44275 -0.876171 -1.9942 -1.21417 1.58723
1.81252 1.49722 0.491742 -0.521969 2.25859 -0.873936 -0.557792 1.37483 1.24348 -1.64928 -1.33316 1.44275 -0.876171 -1.9942 -1.21417 1.58723
1.8206 1.49722 0.491742 -0.521969 2.25859 -0.873936 -0.557792 1.37483 1.24348 -1.64928 -1.33316 1.44275 -0.876171 -1.9942 -1.21417 1.58723
1.82877 1.49722 0.491742 -0.521969 2.25859 -0.873936 -0.557792 1.37483 1.24348 -1.64928 -1.33316 1.44275 -0.876171 -1.9942 -1.21417 1.58723
1.83708 1.49722 0.491742 -0.521969 2.25859 -0.873936 -0.557792 1.37483 1.24348 -1.64928 -1.33316 1.44275 -0.876171 -1.9942 -1.21417 1.58723
1.8457 1.49722 0.491742 -0.521969 2.25859 -0.873936 -0.557792 1.37483 1.24348 -1.64928 -1.33316 1.44275 -0.876171 -1.9942 -1.21417 1.58723
1.85427 1.49722 0.491742 -0.521969 2.25859 -0.873936 -0.557792 1.37483 1.24348 -1.64928 -1.33316 1.44275 -0.876171 -1.9942 -1.21417 1.58723
1.86338 1.49722 0.491742 -0.521969 2.25859 -0.873936 -0.557792 1.37483 1.24348 -1.64928 -1.33316 1.44275 -0.876171 -1.9942 -1.21417 1.58723
1.87249 1.49722 0.491742 -0.521969 2.25859 -0.873936 -0.557792 1.37483 1.24348 -1.64928 -1.33316 1.44275 -0.876171 -1.9942 -1.21417 1.58723
1.88184 1.49722 0.491742 -0.521969 2.25859 -0.873936 -0.557792 1.37483 1.24348 -1.64928 -1.33316 1.44275 -0.876171 -1.9942 -1.21417 1.58723
1.89137 1.49722 0.491742 -0.521969 2.25859 -0.873936 -0.557792 1.37483 1.24348 -1.64928 -1.33316 1.44275 -0.876171 -1.9942 -1.21417 1.58723
1.90151 1.49722 0.491742 -0.521969 2.25859 -0.873936 -0.557792 1.37483 1.24348 -1.64928 -1.33316 1.44275 -0.876171 -1.9942 -1.21417 1.58723
1.91116 1.49722 0.491742 -0.521969 2.25859 -0.873936 -0.557792 1.37483 1.24348 -1.64928 -1.33316 1.44275 -0.876171 -1.9942 -1.21417 1.58723
1.92115 1.49722 0.491742 -0.521969 2.25859 -0.873936 -0.557792 1.37483 1.24348 -1.64928 -1.33316 1.44275 -0.876171 -1.9942 -1.21417 1.58723
1.9313 1.49722 0.491742 -0.521969 2.25859 -0.873936 -0.557792 1.37483 1.24348 -1.64928 -1.33316 1.44275 -0.876171 -1.9942 -1.21417 1.58723
1.94161 1.49722 0.491742 -0.521969 2.25859 -0.873936 -0.557792 1.37483 1.24348 -1.64928 -1.33316 1.44275 -0.876171 -1.9942 -1.21417 1.58723
1.95254 1.49722 0.491742 -0.521969 2.25859 -0.873936 -0.557792 1.37483 1.24348 -1.64928 -1.33316 1.44275 -0.876171 -1.9942 -1.21417 1.58723
1.96341 1.49722 0.491742 -0.521969 2.25859 -0.873936 -0.557792 1.37483 1.24348 -1.64928 -1.33316 1.44275 -0.876171 -1.9942 -1.21417 1.58723
1.97449 1.49722 0.491742 -0.521969 2.25859 -0.873936 -0.557792 1.37483 1.24348 -1.64928 -1.33316 1.44275 -0.876171 -1.9942 -1.21417 1.58723
1.98586 1.49722 0.491742 -0.521969 2.25859 -0.873936 -0.557792 1.37483 1.24348 -1.64928 -1.33316 1.44275 -0.876171 -1.9942 -1.21417 1.58723
1.99754 1.49722 0.491742 -0.521969 2.25859 -0.873936 -0.557792 1.37483 1.24348 -1.64928 -1.33316 1.44275 -0.876171 -1.9942 -1.21417 1.58723
2.00929 1.49722 0.491742 -0.521969 2.25859 -0.873936 -0.557792 1.37483 1.24348 -1.64928 -1.33316 1.44275 -0.876171 -1.9942 -1.21417 1.58723
2.02203 1.49722 0.491742 -0.521969 2.25859 -0.873936 -0.557792 1.37483 1.24348 -1.64928 -1.33316 1.44275 -0.876171 -1.9942 -1.21417 1.58723
2.0351 1.49722 0.491742 -0.521969 2.25859 -0.873936 -0.557792 1.37483 1.24348 -1.64928 -1.33316 1.44275 -0.876171 -1.9942 -1.21417 1.58723
2.04842 1.49722 0.491742 -0.521969 2.25859 -0.873936 -0.557792 1.37483 1.24348 -1.64928 -1.33316 1.44275 -0.876171 -1.9942 -1.21417 1.58723
2.06134 1.49722 0.491742 -0.521969 2.25859 -0.873936 -0.557792 1.37483 1.24348 -1.64928 -1.33316 1.44275 -0.876171 -1.9942 -1.21417 1.58723
2.07449 1.49722 0.491742 -0.521969 2.25859 -0.873936 -0.557792 1.37483 1.24348 -1.64928 -1.33316 1.44275 -0.876171 -1.9942 -1.21417 1.58723
2.08151 1.49722 0.491742 -0.521969 2.25859 -0.873936 -0.557792 1.37483 1.24348 -1.64928 -1.33316 1.44275 -0.876171 -1.9942 -1.21417 1.58723
2.08623 1.49722 0.491742 -0.521969 2.25859 -0.873936 -0.557792 1.37483 1.24348 -1.64928 -1.33316 1.44275 -0.876171 -1.9942 -1.21417 1.58723
2.09044 1.49722 0.491742 -0.521969 2.25859 -0.873936 -0.557792 1.37483 1.24348 -1.64928 -1.33316 1.44275 -0.876171 -1.9942 -1.21417 1.58723
2.08096 1.49722 0.491742 -0.521969 2.25859 -0.873936 -0.557792 1.37483 1.24348 -1.64928 -1.33316 1.44275 -0.876171 -1.9942 -1.21417 1.58723
2.07945 1.49722 0.491742 -0.521969 2.25859 -0.873936 -0.557792 1.37483 1.24348 -1.64928 -1.33316 1.44275 -0.876171 -1.9942 -1.21417 1.58723
2.07803 1.49722 0.491742 -0.521969 2.25859 -0.873936 -0.557792 1.37483 1.24348 -1.64928 -1.33316 1.44275 -0.876171 -1.9942 -1.21417 1.58723
2.07621 1.49722 0.491742 -0.521969 2.25859 -0.873936 -0.557792 1.37483 1.24348 -1.64928 -1.33316 1.44275 -0.876171 -1.9942 -1.21417 1.58723
2.07433 1.49722 0.491742 -0.521969 2.25859 -0.873936 -0.557792 1.37483 1.24348 -1.64928 -1.33316 1.44275 -0.876171 -1.9942 -1.21417 1.58723
2.07247 1.49722 0.491742 -0.521969 2.25859 -0.873936 -0.557792 1.37483 1.24348 -1.64928 -1.33316 1.44275 -0.876171 -1.9942 -1.21417 1.58723
2.07066 1.49722 0.491742 -0.521969 2.25859 -0.873936 -0.557792 1.37483 1.24348 -1.64928 -1.33316 1.44275 -0.876171 -1.9942 -1.21417 1.58723
2.06886 1.49722 0.491742 -0.521969 2.25859 -0.873936 -0.557792 1.37483 1.24348 -1.64928 -1.33316 1.44275 -0.876171 -1.9942 -1.21417 1.58723
2.06706 1.49722 0.491742 -0.521969 2.25859 -0.873936 -0.557792 1.37483 1.24348 -1.64928 -1.33316 1.44275 -0.876171 -1.9942 -1.21417 1.58723
2.06527 1.49722 0.491742 -0.521969 2.25859 -0.873936 -0.557792 1.37483 1.24348 -1.64928 -1.33316 1.44275 -0.876171 -1.9942 -1.21417 1.58723
2.06344 1.49722 0.491742 -0.521969 2.25859 -0.873936 -0.557792 1.37483 1.24348 -1.64928 -1.33316 1.44275 -0.876171 -1.9942 -1.21417 1.58723
2.06157 1.49722 0.491742 -0.521969 2.25859 -0.873936 -0.557792 1.37483 1.24348 -1.64928 -1.33316 1.44275 -0.876171 -1.9942 -1.21417 1.58723
2.05804 1.49722 0.491742 -0.521969 2.25859 -0.873936 -0.557792 1.37483 1.24348 -1.64928 -1.33316 1.44275 -0.876171 -1.9942 -1.21417 1.58723
2.05441 1.49722 0.491742 -0.521969 2.25859 -0.873936 -0.557792 1.37483 1.24348 -1.64928 -1.33316 1.44275 -0.876171 -1.9942 -1.21417 1.58723
2.05084 1.49722 0.491742 -0.521969 2.25859 -0.873936 -0.557792 1.37483 1.24348 -1.64928 -1.33316 1.44275 -0.876171 -1.9942 -1.21417 1.58723
2.04718 1.49722 0.491742 -0.521969 2.25859 -0.873936 -0.557792 1.37483 1.24348 -1.64928 -1.33316 1.44275 -0.876171 -1.9942 -1.21417 1.58723
2.0436 1.49722 0.491742 -0.521969 2.25859 -0.873936 -0.557792 1.37483 1.24348 -1.64928 -1.33316 1.44275 -0.876171 -1.9942 -1.21417 1.58723
2.03998 1.49722 0.491742 -0.521969 2.25859 -0.873936 -0.557792 1.37483 1.24348 -1.64928 -1.33316 1.44275 -0.876171 -1.9942 -1.21417 1.58723
2.03636 1.49722 0.491742 -0.521969 2.25859 -0.873936 -0.557792 1.37483 1.24348 -1.64928 -1.33316 1.44275 -0.876171 -1.9942 -1.21417 1.58723
2.03282 1.49722 0.491742 -0.521969 2.25859 -0.873936 -0.557792 1.37483 1.24348 -1.64928 -1.33316 1.44275 -0.876171 -1.9942 -1.21417 1.58723
2.02929 1.49722 0.491742 -0.521969 2.25859 -0.873936 -0.557792 1.37483 1.24348 -1.64928 -1.33316 1.44275 -0.876171 -1.9942 -1.21417 1.58723
2.02577 1.49722 0.491742 -0.521969 2.25859 -0.873936 -0.557792 1.37483 1.24348 -1.64928 -1.33316 1.44275 -0.876171 -1.9942 -1.21417 1.58723
2.02195 1.49722 0.491742 -0.521969 2.25859 -0.873936 -0.557792 1.37483 1.24348 -1.64928 -1.33316 1.44275 -0.876171 -1.9942 -1.21417 1.58723
2.01829 1.49722 0.491742 -0.521969 2.25859 -0.873936 -0.557792 1.37483 1.24348 -1.64928 -1.33316 1.44275 -0.876171 -1.9942 -1.21417 1.58723
2.01448 1.49722 0.491742 -0.521969 2.25859 -0.873936 -0.557792 1.37483 1.24348 -1.64928 -1.33316 1.44275 -0.876171 -1.9942 -1.21417 1.58723
2.01085 1.49722 0.491742 -0.521969 2.25859 -0.873936 -0.557792 1.37483 1.24348 -1.64928 -1.33316 1.44275 -0.876171 -1.9942 -1.21417 1.58723
2.00725 1.49722 0.491742 -0.521969 2.25859 -0.873936 -0.557792 1.37483 1.24348 -1.64928 -1.33316 1.44275 -0.876171 -1.9942 -1.21417 1.58723
2.00353 1.49722 0.491742 -0.521969 2.25859 -0.873936 -0.557792 1.37483 1.24348 -1.64928 -1.33316 1.44275 -0.876171 -1.9942 -1.21417 1.58723
1.99983 1.49722 0.491742 -0.521969 2.25859 -0.873936 -0.557792 1.37483 1.24348 -1.64928 -1.33316 1.44275 -0.876171 -1.9942 -1.21417 1.58723
1.99612 1.49722 0.491742 -0.521969 2.25859 -0.873936 -0.557792 1.37483 1.24348 -1.64928 -1.33316 1.44275 -0.876171 -1.9942 -1.21417 1.58723
1.99239 1.49722 0.491742 -0.521969 2.25859 -0.873936 -0.557792 1.37483 1.24348 -1.64928 -1.33316 1.44275 -0.876171 -1.9942 -1.21417 1.58723
1.98861 1.49722 0.491742 -0.521969 2.25859 -0.873936 -0.557792 1.37483 1.24348 -1.64928 -1.33316 1.44275 -0.876171 -1.9942 -1.21417 1.58723
1.98481 1.49722 0.491742 -0.521969 2.25859 -0.873936 -0.557792 1.37483 1.24348 -1.64928 -1.33316 1.44275 -0.876171 -1.9942 -1.21417 1.58723
1.98085 1.49722 0.491742 -0.521969 2.25859 -0.873936 -0.557792 1.37483 1.24348 -1.64928 -1.33316 1.44275 -0.876171 -1.9942 -1.21417 1.58723
1.97701 1.49722 0.491742 -0.521969 2.25859 -0.873936 -0.557792 1.37483 1.24348 -1.64928 -1.33316 1.44275 -0.876171 -1.9942 -1.21417 1.58723
1.97324 1.49722 0.491742 -0.521969 2.25859 -0.873936 -0.557792 1.37483 1.24348 -1.64928 -1.33316 1.44275 -0.876171 -1.9942 -1.21417 1.58723
1.96948 1.49722 0.491742 -0.521969 2.25859 -0.873936 -0.557792 1.37483 1.24348 -1.64928 -1.33316 1.44275 -0.876171 -1.9942 -1.21417 1.58723
1.96574 1.49722 0.491742 -0.521969 2.25859 -0.873936 -0.557792 1.37483 1.24348 -1.64928 -1.33316 1.44275 -0.876171 -1.9942 -1.21417 1.58723
1.96192 1.49722 0.491742 -0.521969 2.25859 -0.873936 -0.557792 1.37483 1.24348 -1.64928 -1.33316 1.44275 -0.876171 -1.9942 -1.21417 1.58723
1.95806 1.49722 0.491742 -0.521969 2.25859 -0.873936 -0.557792 1.37483 1.24348 -1.64928 -1.33316 1.44275 -0.876171 -1.9942 -1.21417 1.58723
1.95422 1.49722 0.491742 -0.521969 2.25859 -0.873936 -0.557792 1.37483 1.24348 -1.64928 -1.33316 1.44275 -0.876171 -1.9942 -1.21417 1.58723
1.95039 1.49722 0.491742 -0.521969 2.25859 -0.873936 -0.557792 1.37483 1.24348 -1.64928 -1.33316 1.44275 -0.876171 -1.9942 -1.21417 1.58723
1.94652 1.49722 0.491742 -0.521969 2.25859 -0.873936 -0.557792 1.37483 1.24348 -1.64928 -1.33316 1.44275 -0.876171 -1.9942 -1.21417 1.58723
1.9426 1.49722 0.491742 -0.521969 2.25859 -0.873936 -0.557792 1.37483 1.24348 -1.64928 -1.33316 1.44275 -0.876171 -1.9942 -1.21417 1.58723
1.93866 1.49722 0.491742 -0.521969 2.25859 -0.873936 -0.557792 1.37483 1.24348 -1.64928 -1.33316 1.44275 -0.876171 -1.9942 -1.21417 1.58723
1.93481 1.49722 0.491742 -0.521969 2.25859 -0.873936 -0.557792 1.37483 1.24348 -1.64928 -1.33316 1.44275 -0.876171 -1.9942 -1.21417 1.58723
1.93095 1.49722 0.491742 -0.521969 2.25859 -0.873936 -0.557792 1.37483 1.24348 -1.64928 -1.33316 1.44275 -0.876171 -1.9942 -1.21417 1.58723
1.92709 1.49722 0.491742 -0.521969 2.25859 -0.873936 -0.557792 1.37483 1.24348 -1.64928 -1.33316 1.44275 -0.876171 -1.9942 -1.21417 1.58723
1.92308 1.49722 0.491742 -0.521969 2.25859 -0.873936 -0.557792 1.37483 1.24348 -1.64928 -1.33316 1.44275 -0.876171 -1.9942 -1.21417 1.58723
1.91896 1.49722 0.491742 -0.521969 2.25859 -0.873936 -0.557792 1.37483 1.24348 -1.64928 -1.33316 1.44275 -0.876171 -1.9942 -1.21417 1.58723
1.91502 1.49722 0.491742 -0.521969 2.25859 -0.873936 -0.557792 1.37483 1.24348 -1.64928 -1.33316 1.44275 -0.876171 -1.9942 -1.21417 1.58723
1.91108 1.49722 0.491742 -0.521969 2.25859 -0.873936 -0.557792 1.37483 1.24348 -1.64928 -1.33316 1.44275 -0.876171 -1.9942 -1.21417 1.58723
1.90705 1.49722 0.491742 -0.521969 2.25859 -0.873936 -0.557792 1.37483 1.24348 -1.64928 -1.33316 1.44275 -0.876171 -1.9942 -1.21417 1.58723
1.90301 1.49722 0.491742 -0.521969 2.25859 -0.873936 -0.557792 1.37483 1.24348 -1.64928 -1.33316 1.44275 -0.876171 -1.9942 -1.21417 1.58723
1.89896 1.49722 0.491742 -0.521969 2.25859 -0.873936 -0.557792 1.37483 1.24348 -1.64928 -1.33316 1.44275 -0.876171 -1.9942 -1.21417 1.58723
1.89489 1.49722 0.491742 -0.521969 2.25859 -0.873936 -0.557792 1.37483 1.24348 -1.64928 -1.33316 1.44275 -0.876171 -1.9942 -1.21417 1.58723
1.89084 1.49722 0.491742 -0.521969 2.25859 -0.873936 -0.557792 1.37483 1.24348 -1.64928 -1.33316 1.44275 -0.876171 -1.9942 -1.21417 1.58723
1.8867 1.49722 0.491742 -0.521969 2.25859 -0.873936 -0.557792 1.37483 1.24348 -1.64928 -1.33316 1.44275 -0.876171 -1.9942 -1.21417 1.58723
1.88252 1.49722 0.491742 -0.521969 2.25859 -0.873936 -0.557792 1.37483 1.24348 -1.64928 -1.33316 1.44275 -0.876171 -1.9942 -1.21417 1.58723
1.87839 1.49722 0.491742 -0.521969 2.25859 -0.873936 -0.557792 1.37483 1.24348 -1.64928 -1.33316 1.44275 -0.876171 -1.9942 -1.21417 1.58723
1.87417 1.49722 0.491742 -0.521969 2.25859 -0.873936 -0.557792 1.37483 1.24348 -1.64928 -1.33316 1.44275 -0.876171 -1.9942 -1.21417 1.58723
1.87007 1.49722 0.491742 -0.521969 2.25859 -0.873936 -0.557792 1.37483 1.24348 -1.64928 -1.33316 1.44275 -0.876171 -1.9942 -1.21417 1.58723
1.86592 1.49722 0.491742 -0.521969 2.25859 -0.873936 -0.557792 1.37483 1.24348 -1.64928 -1.33316 1.44275 -0.876171 -1.9942 -1.21417 1.58723
1.86176 1.49722 0.491742 -0.521969 2.25859 -0.873936 -0.557792 1.37483 1.24348 -1.64928 -1.33316 1.44275 -0.876171 -1.9942 -1.21417 1.58723
1.85761 1.49722 0.491742 -0.521969 2.25859 -0.873936 -0.557792 1.37483 1.24348 -1.64928 -1.33316 1.44275 -0.876171 -1.9942 -1.21417 1.58723
1.85347 1.49722 0.491742 -0.521969 2.25859 -0.873936 -0.557792 1.37483 1.24348 -1.64928 -1.33316 1.44275 -0.876171 -1.9942 -1.21417 1.58723
1.84932 1.49722 0.491742 -0.521969 2.25859 -0.873936 -0.557792 1.37483 1.24348 -1.64928 -1.33316 1.44275 -0.876171 -1.9942 -1.21417 1.58723
1.8451 1.49722 0.491742 -0.521969 2.25859 -0.873936 -0.557792 1.37483 1.24348 -1.64928 -1.33316 1.44275 -0.876171 -1.9942 -1.21417 1.58723
1.84084 1.49722 0.491742 -0.521969 2.25859 -0.873936 -0.557792 1.37483 1.24348 -1.64928 -1.33316 1.44275 -0.876171 -1.9942 -1.21417 1.58723
1.83661 1.49722 0.491742 -0.521969 2.25859 -0.873936 -0.557792 1.37483 1.24348 -1.64928 -1.33316 1.44275 -0.876171 -1.9942 -1.21417 1.58723
1.8323 1.49722 0.491742 -0.521969 2.25859 -0.873936 -0.557792 1.37483 1.24348 -1.64928 -1.33316 1.44275 -0.876171 -1.9942 -1.21417 1.58723
1.82803 1.49722 0.491742 -0.521969 2.25859 -0.873936 -0.557792 1.37483 1.24348 -1.64928 -1.33316 1.44275 -0.876171 -1.9942 -1.21417 1.58723
1.82368 1.49722 0.491742 -0.521969 2.25859 -0.873936 -0.557792 1.37483 1.24348 -1.64928 -1.33316 1.44275 -0.876171 -1.9942 -1.21417 1.58723
1.81937 1.49722 0.491742 -0.521969 2.25859 -0.873936 -0.557792 1.37483 1.24348 -1.64928 -1.33316 1.44275 -0.876171 -1.9942 -1.21417 1.58723
1.8151 1.49722 0.491742 -0.521969 2.25859 -0.873936 -0.557792 1.37483 1.24348 -1.64928 -1.33316 1.44275 -0.876171 -1.9942 -1.21417 1.58723
1.81066 1.49722 0.491742 -0.521969 2.25859 -0.873936 -0.557792 1.37483 1.24348 -1.64928 -1.33316 1.44275 -0.876171 -1.9942 -1.21417 1.58723
1.80615 1.49722 0.491742 -0.521969 2.25859 -0.873936 -0.557792 1.37483 1.24348 -1.64928 -1.33316 1.44275 -0.876171 -1.9942 -1.21417 1.58723
1.80186 1.49722 0.491742 -0.521969 2.25859 -0.873936 -0.557792 1.37483 1.24348 -1.64928 -1.33316 1.44275 -0.876171 -1.9942 -1.21417 1.58723
1.79745 1.49722 0.491742 -0.521969 2.25859 -0.873936 -0.557792 1.37483 1.24348 -1.64928 -1.33316 1.44275 -0.876171 -1.9942 -1.21417 1.58723
1.79315 1.49722 0.491742 -0.521969 2.25859 -0.873936 -0.557792 1.37483 1.24348 -1.64928 -1.33316 1.44275 -0.876171 -1.9942 -1.21417 1.58723
1.78882 1.49722 0.491742 -0.521969 2.25859 -0.873936 -0.557792 1.37483 1.24348 -1.64928 -1.33316 1.44275 -0.876171 -1.9942 -1.21417 1.58723
1.78446 1.49722 0.491742 -0.521969 2.25859 -0.873936 -0.557792 1.37483 1.24348 -1.64928 -1.33316 1.44275 -0.876171 -1.9942 -1.21417 1.58723
1.78 1.49722 0.491742 -0.521969 2.25859 -0.873936 -0.557792 1.37483 1.24348 -1.64928 -1.33316 1.44275 -0.876171 -1.9942 -1.21417 1.58723
1.77561 1.49722 0.491742 -0.521969 2.25859 -0.873936 -0.557792 1.37483 1.24348 -1.64928 -1.33316 1.44275 -0.876171 -1.9942 -1.21417 1.58723
1.77122 1.49722 0.491742 -0.521969 2.25859 -0.873936 -0.557792 1.37483 1.24348 -1.64928 -1.33316 1.44275 -0.876171 -1.9942 -1.21417 1.58723
1.76671 1.49722 0.491742 -0.521969 2.25859 -0.873936 -0.557792 1.37483 1.24348 -1.64928 -1.33316 1.44275 -0.876171 -1.9942 -1.21417 1.58723
1.76225 1.49722 0.491742 -0.521969 2.25859 -0.873936 -0.557792 1.37483 1.24348 -1.64928 -1.33316 1.44275 -0.876171 -1.9942 -1.21417 1.58723
1.75763 1.49722 0.491742 -0.521969 2.25859 -0.873936 -0.557792 1.37483 1.24348 -1.64928 -1.33316 1.44275 -0.876171 -1.9942 -1.21417 1.58723
1.75318 1.49722 0.491742 -0.521969 2.25859 -0.873936 -0.557792 1.37483 1.24348 -1.64928 -1.33316 1.44275 -0.876171 -1.9942 -1.21417 1.58723
1.74876 1.49722 0.491742 -0.521969 2.25859 -0.873936 -0.557792 1.37483 1.24348 -1.64928 -1.33316 1.44275 -0.876171 -1.9942 -1.21417 1.58723
1.74428 1.49722 0.491742 -0.521969 2.25859 -0.873936 -0.557792 1.37483 1.24348 -1.64928 -1.33316 1.44275 -0.876171 -1.9942 -1.21417 1.58723
1.73976 1.49722 0.491742 -0.521969 2.25859 -0.873936 -0.557792 1.37483 1.24348 -1.64928 -1.33316 1.44275 -0.876171 -1.9942 -1.21417 1.58723
1.73527 1.49722 0.491742 -0.521969 2.25859 -0.873936 -0.557792 1.37483 1.24348 -1.64928 -1.33316 1.44275 -0.876171 -1.9942 -1.21417 1.58723
1.73073 1.49722 0.491742 -0.521969 2.25859 -0.873936 -0.557792 1.37483 1.24348 -1.64928 -1.33316 1.44275 -0.876171 -1.9942 -1.21417 1.58723
1.72615 1.49722 0.491742 -0.521969 2.25859 -0.873936 -0.557792 1.37483 1.24348 -1.64928 -1.33316 1.44275 -0.876171 -1.9942 -1.21417 1.58723
1.72153 1.49722 0.491742 -0.521969 2.25859 -0.873936 -0.557792 1.37483 1.24348 -1.64928 -1.33316 1.44275 -0.876171 -1.9942 -1.21417 1.58723
1.71688 1.49722 0.491742 -0.521969 2.25859 -0.873936 -0.557792 1.37483 1.24348 -1.64928 -1.33316 1.44275 -0.876171 -1.9942 -1.21417 1.58723
1.71235 1.49722 0.491742 -0.521969 2.25859 -0.873936 -0.557792 1.37483 1.24348 -1.64928 -1.33316 1.44275 -0.876171 -1.9942 -1.21417 1.58723
1.70779 1.49722 0.491742 -0.521969 2.25859 -0.873936 -0.557792 1.37483 1.24348 -1.64928 -1.33316 1.44275 -0.876171 -1.9942 -1.21417 1.58723
1.70312 1.49722 0.491742 -0.521969 2.25859 -0.873936 -0.557792 1.37483 1.24348 -1.64928 -1.33316 1.44275 -0.876171 -1.9942 -1.21417 1.58723
1.69828 1.49722 0.491742 -0.521969 2.25859 -0.873936 -0.557792 1.37483 1.24348 -1.64928 -1.33316 1.44275 -0.876171 -1.9942 -1.21417 1.58723
1.69343 1.49722 0.491742 -0.521969 2.25859 -0.873936 -0.557792 1.37483 1.24348 -1.64928 -1.33316 1.44275 -0.876171 -1.9942 -1.21417 1.58723
1.68875 1.49722 0.491742 -0.521969 2.25859 -0.873936 -0.557792 1.37483 1.24348 -1.64928 -1.33316 1.44275 -0.876171 -1.9942 -1.21417 1.58723
