9.616
9.627
9.637
9.648
9.658
9.669
9.679
9.689
9.7
9.712
9.733
9.753
9.774
9.795
9.815
9.836
9.857
9.877
9.898
9.919
9.958
9.998
10.037
10.075
10.114
10.153
10.193
10.231
10.27
10.309
10.347
10.386
10.425
10.463
10.502
10.541
10.582
10.621
10.66
10.699
10.737
10.776
10.816
10.855
10.894
10.933
10.972
11.012
11.05
11.089
11.127
11.166
11.205
11.245
11.283
11.322
11.361
11.4
11.438
11.477
11.515
11.554
11.593
11.632
11.671
11.71
11.75
11.789
11.829
11.867
11.906
11.945
11.984
12.024
12.062
12.104
12.142
12.181
12.219
12.258
12.297
12.336
12.374
12.415
12.454
12.493
12.531
12.57
12.609
12.65
12.689
12.727
12.766
12.805
12.844
12.884
12.923
12.962
13.002
13.041
13.081
13.122
13.161
13.199
13.238
13.276
13.315
13.355
13.393
13.432
13.471
13.51
13.55
13.591
13.631
13.67
13.709
13.747
13.786
13.825
13.864
18.66
18.671
18.681
18.692
18.702
18.712
18.723
18.733
18.744
18.755
18.776
18.796
18.835
18.874
18.913
18.952
18.991
19.03
19.069
19.107
19.146
19.186
19.224
19.263
19.302
19.341
19.379
19.418
19.457
19.496
19.535
19.575
19.615
19.655
19.693
19.732
19.77
19.809
19.848
19.886
19.925
19.964
20.003
20.042
20.08
20.119
20.158
20.196
20.237
20.276
20.314
20.353
20.392
20.431
20.47
20.509
20.548
20.588
20.627
20.666
20.706
20.745
20.784
20.822
20.861
20.899
20.938
20.977
21.016
21.055
21.094
21.134
21.173
21.212
21.251
21.292
21.331
21.37
21.409
21.448
21.486
21.525
21.564
21.603
21.642
21.682
21.722
21.761
21.8
21.838
21.877
21.916
21.955
21.994
22.033
22.072
22.111
22.149
22.188
22.228
22.27
22.309
22.348
