2.76944 -0.0440813 -2.16659 -1.39161 1.61881 1.90979 -1.03317 -0.352063 2.06512 -0.54951 1.79573 0.683638 -2.05252 -1.14886 0.279107 -1.36829
2.76944 -0.0440813 -2.16659 -1.39161 1.61881 1.90979 -1.03317 -0.352063 2.06512 -0.54951 1.79573 0.683638 -2.05252 -1.14886 0.279107 -1.36829
2.76944 -0.0440813 -2.16659 -1.39161 1.61881 1.90979 -1.03317 -0.352063 2.06512 -0.54951 1.79573 0.683638 -2.05252 -1.14886 0.279107 -1.36829
2.76939 -0.0440813 -2.16659 -1.39161 1.61881 1.90979 -1.03317 -0.352063 2.06512 -0.54951 1.79573 0.683638 -2.05252 -1.14886 0.279107 -1.36829
2.76923 -0.0440813 -2.16659 -1.39161 1.61881 1.90979 -1.03317 -0.352063 2.06512 -0.54951 1.79573 0.683638 -2.05252 -1.14886 0.279107 -1.36829
2.76902 -0.0440813 -2.16659 -1.39161 1.61881 1.90979 -1.03317 -0.352063 2.06512 -0.54951 1.79573 0.683638 -2.05252 -1.14886 0.279107 -1.36829
2.7687 -0.0440813 -2.16659 -1.39161 1.61881 1.90979 -1.03317 -0.352063 2.06512 -0.54951 1.79573 0.683638 -2.05252 -1.14886 0.279107 -1.36829
2.76799 -0.0440813 -2.16659 -1.39161 1.61881 1.90979 -1.03317 -0.352063 2.06512 -0.54951 1.79573 0.683638 -2.05252 -1.14886 0.279107 -1.36829
2.76728 -0.0440813 -2.16659 -1.39161 1.61881 1.90979 -1.03317 -0.352063 2.06512 -0.54951 1.79573 0.683638 -2.05252 -1.14886 0.279107 -1.36829
2.76625 -0.0440813 -2.16659 -1.39161 1.61881 1.90979 -1.03317 -0.352063 2.06512 -0.54951 1.79573 0.683638 -2.05252 -1.14886 0.279107 -1.36829
2.76494 -0.0440813 -2.16659 -1.39161 1.61881 1.90979 -1.03317 -0.352063 2.06512 -0.54951 1.79573 0.683638 -2.05252 -1.14886 0.279107 -1.36829
2.76337 -0.0440813 -2.16659 -1.39161 1.61881 1.90979 -1.03317 -0.352063 2.06512 -0.54951 1.79573 0.683638 -2.05252 -1.14886 0.279107 -1.36829
2.76201 -0.0440813 -2.16659 -1.39161 1.61881 1.90979 -1.03317 -0.352063 2.06512 -0.54951 1.79573 0.683638 -2.05252 -1.14886 0.279107 -1.36829
2.7606 -0.0440813 -2.16659 -1.39161 1.61881 1.90979 -1.03317 -0.352063 2.06512 -0.54951 1.79573 0.683638 -2.05252 -1.14886 0.279107 -1.36829
2.75889 -0.0440813 -2.16659 -1.39161 1.61881 1.90979 -1.03317 -0.352063 2.06512 -0.54951 1.79573 0.683638 -2.05252 -1.14886 0.279107 -1.36829
2.75723 -0.0440813 -2.16659 -1.39161 1.61881 1.90979 -1.03317 -0.352063 2.06512 -0.54951 1.79573 0.683638 -2.05252 -1.14886 0.279107 -1.36829
2.75554 -0.0440813 -2.16659 -1.39161 1.61881 1.90979 -1.03317 -0.352063 2.06512 -0.54951 1.79573 0.683638 -2.05252 -1.14886 0.279107 -1.36829
2.75375 -0.0440813 -2.16659 -1.39161 1.61881 1.90979 -1.03317 -0.352063 2.06512 -0.54951 1.79573 0.683638 -2.05252 -1.14886 0.279107 -1.36829
2.75194 -0.0440813 -2.16659 -1.39161 1.61881 1.90979 -1.03317 -0.352063 2.06512 -0.54951 1.79573 0.683638 -2.05252 -1.14886 0.279107 -1.36829
2.74854 -0.0440813 -2.16659 -1.39161 1.61881 1.90979 -1.03317 -0.352063 2.06512 -0.54951 1.79573 0.683638 -2.05252 -1.14886 0.279107 -1.36829
2.74495 -0.0440813 -2.16659 -1.39161 1.61881 1.90979 -1.03317 -0.352063 2.06512 -0.54951 1.79573 0.683638 -2.05252 -1.14886 0.279107 -1.36829
2.74138 -0.0440813 -2.16659 -1.39161 1.61881 1.90979 -1.03317 -0.352063 2.06512 -0.54951 1.79573 0.683638 -2.05252 -1.14886 0.279107 -1.36829
2.73785 -0.0440813 -2.16659 -1.39161 1.61881 1.90979 -1.03317 -0.352063 2.06512 -0.54951 1.79573 0.683638 -2.05252 -1.14886 0.279107 -1.36829
2.73431 -0.0440813 -2.16659 -1.39161 1.61881 1.90979 -1.03317 -0.352063 2.06512 -0.54951 1.79573 0.683638 -2.05252 -1.14886 0.279107 -1.36829
2.73077 -0.0440813 -2.16659 -1.39161 1.61881 1.90979 -1.03317 -0.352063 2.06512 -0.54951 1.79573 0.683638 -2.05252 -1.14886 0.279107 -1.36829
2.72714 -0.0440813 -2.16659 -1.39161 1.61881 1.90979 -1.03317 -0.352063 2.06512 -0.54951 1.79573 0.683638 -2.05252 -1.14886 0.279107 -1.36829
2.72354 -0.0440813 -2.16659 -1.39161 1.61881 1.90979 -1.03317 -0.352063 2.06512 -0.54951 1.79573 0.683638 -2.05252 -1.14886 0.279107 -1.36829
2.71997 -0.0440813 -2.16659 -1.39161 1.61881 1.90979 -1.03317 -0.352063 2.06512 -0.54951 1.79573 0.683638 -2.05252 -1.14886 0.279107 -1.36829
2.7164 -0.0440813 -2.16659 -1.39161 1.61881 1.90979 -1.03317 -0.352063 2.06512 -0.54951 1.79573 0.683638 -2.05252 -1.14886 0.279107 -1.36829
2.71281 -0.0440813 -2.16659 -1.39161 1.61881 1.90979 -1.03317 -0.352063 2.06512 -0.54951 1.79573 0.683638 -2.05252 -1.14886 0.279107 -1.36829
2.70913 -0.0440813 -2.16659 -1.39161 1.61881 1.90979 -1.03317 -0.352063 2.06512 -0.54951 1.79573 0.683638 -2.05252 -1.14886 0.279107 -1.36829
2.70542 -0.0440813 -2.16659 -1.39161 1.61881 1.90979 -1.03317 -0.352063 2.06512 -0.54951 1.79573 0.683638 -2.05252 -1.14886 0.279107 -1.36829
2.70167 -0.0440813 -2.16659 -1.39161 1.61881 1.90979 -1.03317 -0.352063 2.06512 -0.54951 1.79573 0.683638 -2.05252 -1.14886 0.279107 -1.36829
2.69782 -0.0440813 -2.16659 -1.39161 1.61881 1.90979 -1.03317 -0.352063 2.06512 -0.54951 1.79573 0.683638 -2.05252 -1.14886 0.279107 -1.36829
2.69398 -0.0440813 -2.16659 -1.39161 1.61881 1.90979 -1.03317 -0.352063 2.06512 -0.54951 1.79573 0.683638 -2.05252 -1.14886 0.279107 -1.36829
2.69028 -0.0440813 -2.16659 -1.39161 1.61881 1.90979 -1.03317 -0.352063 2.06512 -0.54951 1.79573 0.683638 -2.05252 -1.14886 0.279107 -1.36829
2.6865 -0.0440813 -2.16659 -1.39161 1.61881 1.90979 -1.03317 -0.352063 2.06512 -0.54951 1.79573 0.683638 -2.05252 -1.14886 0.279107 -1.36829
2.68273 -0.0440813 -2.16659 -1.39161 1.61881 1.90979 -1.03317 -0.352063 2.06512 -0.54951 1.79573 0.683638 -2.05252 -1.14886 0.279107 -1.36829
2.67892 -0.0440813 -2.16659 -1.39161 1.61881 1.90979 -1.03317 -0.352063 2.06512 -0.54951 1.79573 0.683638 -2.05252 -1.14886 0.279107 -1.36829
2.67508 -0.0440813 -2.16659 -1.39161 1.61881 1.90979 -1.03317 -0.352063 2.06512 -0.54951 1.79573 0.683638 -2.05252 -1.14886 0.279107 -1.36829
2.67123 -0.0440813 -2.16659 -1.39161 1.61881 1.90979 -1.03317 -0.352063 2.06512 -0.54951 1.79573 0.683638 -2.05252 -1.14886 0.279107 -1.36829
2.66738 -0.0440813 -2.16659 -1.39161 1.61881 1.90979 -1.03317 -0.352063 2.06512 -0.54951 1.79573 0.683638 -2.05252 -1.14886 0.279107 -1.36829
2.66335 -0.0440813 -2.16659 -1.39161 1.61881 1.90979 -1.03317 -0.352063 2.06512 -0.54951 1.79573 0.683638 -2.05252 -1.14886 0.279107 -1.36829
2.65941 -0.0440813 -2.16659 -1.39161 1.61881 1.90979 -1.03317 -0.352063 2.06512 -0.54951 1.79573 0.683638 -2.05252 -1.14886 0.279107 -1.36829
2.65554 -0.0440813 -2.16659 -1.39161 1.61881 1.90979 -1.03317 -0.352063 2.06512 -0.54951 1.79573 0.683638 -2.05252 -1.14886 0.279107 -1.36829
2.65168 -0.0440813 -2.16659 -1.39161 1.61881 1.90979 -1.03317 -0.352063 2.06512 -0.54951 1.79573 0.683638 -2.05252 -1.14886 0.279107 -1.36829
2.64782 -0.0440813 -2.16659 -1.39161 1.61881 1.90979 -1.03317 -0.352063 2.06512 -0.54951 1.79573 0.683638 -2.05252 -1.14886 0.279107 -1.36829
2.64385 -0.0440813 -2.16659 -1.39161 1.61881 1.90979 -1.03317 -0.352063 2.06512 -0.54951 1.79573 0.683638 -2.05252 -1.14886 0.279107 -1.36829
2.63995 -0.0440813 -2.16659 -1.39161 1.61881 1.90979 -1.03317 -0.352063 2.06512 -0.54951 1.79573 0.683638 -2.05252 -1.14886 0.279107 -1.36829
2.63602 -0.0440813 -2.16659 -1.39161 1.61881 1.90979 -1.03317 -0.352063 2.06512 -0.54951 1.79573 0.683638 -2.05252 -1.14886 0.279107 -1.36829
2.63211 -0.0440813 -2.16659 -1.39161 1.61881 1.90979 -1.03317 -0.352063 2.06512 -0.54951 1.79573 0.683638 -2.05252 -1.14886 0.279107 -1.36829
2.62802 -0.0440813 -2.16659 -1.39161 1.61881 1.90979 -1.03317 -0.352063 2.06512 -0.54951 1.79573 0.683638 -2.05252 -1.14886 0.279107 -1.36829
2.62372 -0.0440813 -2.16659 -1.39161 1.61881 1.90979 -1.03317 -0.352063 2.06512 -0.54951 1.79573 0.683638 -2.05252 -1.14886 0.279107 -1.36829
2.61967 -0.0440813 -2.16659 -1.39161 1.61881 1.90979 -1.03317 -0.352063 2.06512 -0.54951 1.79573 0.683638 -2.05252 -1.14886 0.279107 -1.36829
2.61544 -0.0440813 -2.16659 -1.39161 1.61881 1.90979 -1.03317 -0.352063 2.06512 -0.54951 1.79573 0.683638 -2.05252 -1.14886 0.279107 -1.36829
2.61141 -0.0440813 -2.16659 -1.39161 1.61881 1.90979 -1.03317 -0.352063 2.06512 -0.54951 1.79573 0.683638 -2.05252 -1.14886 0.279107 -1.36829
2.60733 -0.0440813 -2.16659 -1.39161 1.61881 1.90979 -1.03317 -0.352063 2.06512 -0.54951 1.79573 0.683638 -2.05252 -1.14886 0.279107 -1.36829
2.60321 -0.0440813 -2.16659 -1.39161 1.61881 1.90979 -1.03317 -0.352063 2.06512 -0.54951 1.79573 0.683638 -2.05252 -1.14886 0.279107 -1.36829
2.59881 -0.0440813 -2.16659 -1.39161 1.61881 1.90979 -1.03317 -0.352063 2.06512 -0.54951 1.79573 0.683638 -2.05252 -1.14886 0.279107 -1.36829
2.59466 -0.0440813 -2.16659 -1.39161 1.61881 1.90979 -1.03317 -0.352063 2.06512 -0.54951 1.79573 0.683638 -2.05252 -1.14886 0.279107 -1.36829
2.59057 -0.0440813 -2.16659 -1.39161 1.61881 1.90979 -1.03317 -0.352063 2.06512 -0.54951 1.79573 0.683638 -2.05252 -1.14886 0.279107 -1.36829
2.58638 -0.0440813 -2.16659 -1.39161 1.61881 1.90979 -1.03317 -0.352063 2.06512 -0.54951 1.79573 0.683638 -2.05252 -1.14886 0.279107 -1.36829
2.58223 -0.0440813 -2.16659 -1.39161 1.61881 1.90979 -1.03317 -0.352063 2.06512 -0.54951 1.79573 0.683638 -2.05252 -1.14886 0.279107 -1.36829
2.57807 -0.0440813 -2.16659 -1.39161 1.61881 1.90979 -1.03317 -0.352063 2.06512 -0.54951 1.79573 0.683638 -2.05252 -1.14886 0.279107 -1.36829
2.57395 -0.0440813 -2.16659 -1.39161 1.61881 1.90979 -1.03317 -0.352063 2.06512 -0.54951 1.79573 0.683638 -2.05252 -1.14886 0.279107 -1.36829
2.56973 -0.0440813 -2.16659 -1.39161 1.61881 1.90979 -1.03317 -0.352063 2.06512 -0.54951 1.79573 0.683638 -2.05252 -1.14886 0.279107 -1.36829
2.56546 -0.0440813 -2.16659 -1.39161 1.61881 1.90979 -1.03317 -0.352063 2.06512 -0.54951 1.79573 0.683638 -2.05252 -1.14886 0.279107 -1.36829
2.56118 -0.0440813 -2.16659 -1.39161 1.61881 1.90979 -1.03317 -0.352063 2.06512 -0.54951 1.79573 0.683638 -2.05252 -1.14886 0.279107 -1.36829
2.55673 -0.0440813 -2.16659 -1.39161 1.61881 1.90979 -1.03317 -0.352063 2.06512 -0.54951 1.79573 0.683638 -2.05252 -1.14886 0.279107 -1.36829
2.55243 -0.0440813 -2.16659 -1.39161 1.61881 1.90979 -1.03317 -0.352063 2.06512 -0.54951 1.79573 0.683638 -2.05252 -1.14886 0.279107 -1.36829
2.54809 -0.0440813 -2.16659 -1.39161 1.61881 1.90979 -1.03317 -0.352063 2.06512 -0.54951 1.79573 0.683638 -2.05252 -1.14886 0.279107 -1.36829
2.54374 -0.0440813 -2.16659 -1.39161 1.61881 1.90979 -1.03317 -0.352063 2.06512 -0.54951 1.79573 0.683638 -2.05252 -1.14886 0.279107 -1.36829
2.53945 -0.0440813 -2.16659 -1.39161 1.61881 1.90979 -1.03317 -0.352063 2.06512 -0.54951 1.79573 0.683638 -2.05252 -1.14886 0.279107 -1.36829
2.53513 -0.0440813 -2.16659 -1.39161 1.61881 1.90979 -1.03317 -0.352063 2.06512 -0.54951 1.79573 0.683638 -2.05252 -1.14886 0.279107 -1.36829
2.53079 -0.0440813 -2.16659 -1.39161 1.61881 1.90979 -1.03317 -0.352063 2.06512 -0.54951 1.79573 0.683638 -2.05252 -1.14886 0.279107 -1.36829
2.52639 -0.0440813 -2.16659 -1.39161 1.61881 1.90979 -1.03317 -0.352063 2.06512 -0.54951 1.79573 0.683638 -2.05252 -1.14886 0.279107 -1.36829
2.52199 -0.0440813 -2.16659 -1.39161 1.61881 1.90979 -1.03317 -0.352063 2.06512 -0.54951 1.79573 0.683638 -2.05252 -1.14886 0.279107 -1.36829
2.51753 -0.0440813 -2.16659 -1.39161 1.61881 1.90979 -1.03317 -0.352063 2.06512 -0.54951 1.79573 0.683638 -2.05252 -1.14886 0.279107 -1.36829
2.51306 -0.0440813 -2.16659 -1.39161 1.61881 1.90979 -1.03317 -0.352063 2.06512 -0.54951 1.79573 0.683638 -2.05252 -1.14886 0.279107 -1.36829
2.50855 -0.0440813 -2.16659 -1.39161 1.61881 1.90979 -1.03317 -0.352063 2.06512 -0.54951 1.79573 0.683638 -2.05252 -1.14886 0.279107 -1.36829
2.50406 -0.0440813 -2.16659 -1.39161 1.61881 1.90979 -1.03317 -0.352063 2.06512 -0.54951 1.79573 0.683638 -2.05252 -1.14886 0.279107 -1.36829
2.49962 -0.0440813 -2.16659 -1.39161 1.61881 1.90979 -1.03317 -0.352063 2.06512 -0.54951 1.79573 0.683638 -2.05252 -1.14886 0.279107 -1.36829
2.49508 -0.0440813 -2.16659 -1.39161 1.61881 1.90979 -1.03317 -0.352063 2.06512 -0.54951 1.79573 0.683638 -2.05252 -1.14886 0.279107 -1.36829
2.49028 -0.0440813 -2.16659 -1.39161 1.61881 1.90979 -1.03317 -0.352063 2.06512 -0.54951 1.79573 0.683638 -2.05252 -1.14886 0.279107 -1.36829
2.48547 -0.0440813 -2.16659 -1.39161 1.61881 1.90979 -1.03317 -0.352063 2.06512 -0.54951 1.79573 0.683638 -2.05252 -1.14886 0.279107 -1.36829
2.4805 -0.0440813 -2.16659 -1.39161 1.61881 1.90979 -1.03317 -0.352063 2.06512 -0.54951 1.79573 0.683638 -2.05252 -1.14886 0.279107 -1.36829
2.47596 -0.0440813 -2.16659 -1.39161 1.61881 1.90979 -1.03317 -0.352063 2.06512 -0.54951 1.79573 0.683638 -2.05252 -1.14886 0.279107 -1.36829
2.47138 -0.0440813 -2.16659 -1.39161 1.61881 1.90979 -1.03317 -0.352063 2.06512 -0.54951 1.79573 0.683638 -2.05252 -1.14886 0.279107 -1.36829
2.46678 -0.0440813 -2.16659 -1.39161 1.61881 1.90979 -1.03317 -0.352063 2.06512 -0.54951 1.79573 0.683638 -2.05252 -1.14886 0.279107 -1.36829
2.46214 -0.0440813 -2.16659 -1.39161 1.61881 1.90979 -1.03317 -0.352063 2.06512 -0.54951 1.79573 0.683638 -2.05252 -1.14886 0.279107 -1.36829
2.45748 -0.0440813 -2.16659 -1.39161 1.61881 1.90979 -1.03317 -0.352063 2.06512 -0.54951 1.79573 0.683638 -2.05252 -1.14886 0.279107 -1.36829
2.4528 -0.0440813 -2.16659 -1.39161 1.61881 1.90979 -1.03317 -0.352063 2.06512 -0.54951 1.79573 0.683638 -2.05252 -1.14886 0.279107 -1.36829
2.44804 -0.0440813 -2.16659 -1.39161 1.61881 1.90979 -1.03317 -0.352063 2.06512 -0.54951 1.79573 0.683638 -2.05252 -1.14886 0.279107 -1.36829
2.44329 -0.0440813 -2.16659 -1.39161 1.61881 1.90979 -1.03317 -0.352063 2.06512 -0.54951 1.79573 0.683638 -2.05252 -1.14886 0.279107 -1.36829
2.43857 -0.0440813 -2.16659 -1.39161 1.61881 1.90979 -1.03317 -0.352063 2.06512 -0.54951 1.79573 0.683638 -2.05252 -1.14886 0.279107 -1.36829
2.43369 -0.0440813 -2.16659 -1.39161 1.61881 1.90979 -1.03317 -0.352063 2.06512 -0.54951 1.79573 0.683638 -2.05252 -1.14886 0.279107 -1.36829
2.42885 -0.0440813 -2.16659 -1.39161 1.61881 1.90979 -1.03317 -0.352063 2.06512 -0.54951 1.79573 0.683638 -2.05252 -1.14886 0.279107 -1.36829
2.42406 -0.0440813 -2.16659 -1.39161 1.61881 1.90979 -1.03317 -0.352063 2.06512 -0.54951 1.79573 0.683638 -2.05252 -1.14886 0.279107 -1.36829
2.41923 -0.0440813 -2.16659 -1.39161 1.61881 1.90979 -1.03317 -0.352063 2.06512 -0.54951 1.79573 0.683638 -2.05252 -1.14886 0.279107 -1.36829
2.41435 -0.0440813 -2.16659 -1.39161 1.61881 1.90979 -1.03317 -0.352063 2.06512 -0.54951 1.79573 0.683638 -2.05252 -1.14886 0.279107 -1.36829
2.40941 -0.0440813 -2.16659 -1.39161 1.61881 1.90979 -1.03317 -0.352063 2.06512 -0.54951 1.79573 0.683638 -2.05252 -1.14886 0.279107 -1.36829
2.40455 -0.0440813 -2.16659 -1.39161 1.61881 1.90979 -1.03317 -0.352063 2.06512 -0.54951 1.79573 0.683638 -2.05252 -1.14886 0.279107 -1.36829
2.39958 -0.0440813 -2.16659 -1.39161 1.61881 1.90979 -1.03317 -0.352063 2.06512 -0.54951 1.79573 0.683638 -2.05252 -1.14886 0.279107 -1.36829
2.39462 -0.0440813 -2.16659 -1.39161 1.61881 1.90979 -1.03317 -0.352063 2.06512 -0.54951 1.79573 0.683638 -2.05252 -1.14886 0.279107 -1.36829
2.38962 -0.0440813 -2.16659 -1.39161 1.61881 1.90979 -1.03317 -0.352063 2.06512 -0.54951 1.79573 0.683638 -2.05252 -1.14886 0.279107 -1.36829
2.38468 -0.0440813 -2.16659 -1.39161 1.61881 1.90979 -1.03317 -0.352063 2.06512 -0.54951 1.79573 0.683638 -2.05252 -1.14886 0.279107 -1.36829
2.37628 -0.0440813 -2.16659 -1.39161 1.61881 1.90979 -1.03317 -0.352063 2.06512 -0.54951 1.79573 0.683638 -2.05252 -1.14886 0.279107 -1.36829
2.37404 -0.0440813 -2.16659 -1.39161 1.61881 1.90979 -1.03317 -0.352063 2.06512 -0.54951 1.79573 0.683638 -2.05252 -1.14886 0.279107 -1.36829
2.37286 -0.0440813 -2.16659 -1.39161 1.61881 1.90979 -1.03317 -0.352063 2.06512 -0.54951 1.79573 0.683638 -2.05252 -1.14886 0.279107 -1.36829
2.37252 -0.0440813 -2.16659 -1.39161 1.61881 1.90979 -1.03317 -0.352063 2.06512 -0.54951 1.79573 0.683638 -2.05252 -1.14886 0.279107 -1.36829
2.37295 -0.0440813 -2.16659 -1.39161 1.61881 1.90979 -1.03317 -0.352063 2.06512 -0.54951 1.79573 0.683638 -2.05252 -1.14886 0.279107 -1.36829
2.37313 -0.0440813 -2.16659 -1.39161 1.61881 1.90979 -1.03317 -0.352063 2.06512 -0.54951 1.79573 0.683638 -2.05252 -1.14886 0.279107 -1.36829
2.37327 -0.0440813 -2.16659 -1.39161 1.61881 1.90979 -1.03317 -0.352063 2.06512 -0.54951 1.79573 0.683638 -2.05252 -1.14886 0.279107 -1.36829
2.37358 -0.0440813 -2.16659 -1.39161 1.61881 1.90979 -1.03317 -0.352063 2.06512 -0.54951 1.79573 0.683638 -2.05252 -1.14886 0.279107 -1.36829
2.37353 -0.0440813 -2.16659 -1.39161 1.61881 1.90979 -1.03317 -0.352063 2.06512 -0.54951 1.79573 0.683638 -2.05252 -1.14886 0.279107 -1.36829
2.37353 -0.0440813 -2.16659 -1.39161 1.61881 1.90979 -1.03317 -0.352063 2.06512 -0.54951 1.79573 0.683638 -2.05252 -1.14886 0.279107 -1.36829
2.37353 -0.0440813 -2.16659 -1.39161 1.61881 1.90979 -1.03317 -0.352063 2.06512 -0.54951 1.79573 0.683638 -2.05252 -1.14886 0.279107 -1.36829
2.37353 -0.0440813 -2.16659 -1.39161 1.61881 1.90979 -1.03317 -0.352063 2.06512 -0.54951 1.79573 0.683638 -2.05252 -1.14886 0.279107 -1.36829
2.37353 -0.0440813 -2.16659 -1.39161 1.61881 1.90979 -1.03317 -0.352063 2.06512 -0.54951 1.79573 0.683638 -2.05252 -1.14886 0.279107 -1.36829
2.37354 -0.0440813 -2.16659 -1.39161 1.61881 1.90979 -1.03317 -0.352063 2.06512 -0.54951 1.79573 0.683638 -2.05252 -1.14886 0.279107 -1.36829
2.37354 -0.0440813 -2.16659 -1.39161 1.61881 1.90979 -1.03317 -0.352063 2.06512 -0.54951 1.79573 0.683638 -2.05252 -1.14886 0.279107 -1.36829
2.37513 -0.0440813 -2.16659 -1.39161 1.61881 1.90979 -1.03317 -0.352063 2.06512 -0.54951 1.79573 0.683638 -2.05252 -1.14886 0.279107 -1.36829
2.37767 -0.0440813 -2.16659 -1.39161 1.61881 1.90979 -1.03317 -0.352063 2.06512 -0.54951 1.79573 0.683638 -2.05252 -1.14886 0.279107 -1.36829
2.38039 -0.0440813 -2.16659 -1.39161 1.61881 1.90979 -1.03317 -0.352063 2.06512 -0.54951 1.79573 0.683638 -2.05252 -1.14886 0.279107 -1.36829
2.3831 -0.0440813 -2.16659 -1.39161 1.61881 1.90979 -1.03317 -0.352063 2.06512 -0.54951 1.79573 0.683638 -2.05252 -1.14886 0.279107 -1.36829
2.38575 -0.0440813 -2.16659 -1.39161 1.61881 1.90979 -1.03317 -0.352063 2.06512 -0.54951 1.79573 0.683638 -2.05252 -1.14886 0.279107 -1.36829
2.38847 -0.0440813 -2.16659 -1.39161 1.61881 1.90979 -1.03317 -0.352063 2.06512 -0.54951 1.79573 0.683638 -2.05252 -1.14886 0.279107 -1.36829
2.39141 -0.0440813 -2.16659 -1.39161 1.61881 1.90979 -1.03317 -0.352063 2.06512 -0.54951 1.79573 0.683638 -2.05252 -1.14886 0.279107 -1.36829
2.39431 -0.0440813 -2.16659 -1.39161 1.61881 1.90979 -1.03317 -0.352063 2.06512 -0.54951 1.79573 0.683638 -2.05252 -1.14886 0.279107 -1.36829
2.39739 -0.0440813 -2.16659 -1.39161 1.61881 1.90979 -1.03317 -0.352063 2.06512 -0.54951 1.79573 0.683638 -2.05252 -1.14886 0.279107 -1.36829
2.40093 -0.0440813 -2.16659 -1.39161 1.61881 1.90979 -1.03317 -0.352063 2.06512 -0.54951 1.79573 0.683638 -2.05252 -1.14886 0.279107 -1.36829
2.40467 -0.0440813 -2.16659 -1.39161 1.61881 1.90979 -1.03317 -0.352063 2.06512 -0.54951 1.79573 0.683638 -2.05252 -1.14886 0.279107 -1.36829
2.40861 -0.0440813 -2.16659 -1.39161 1.61881 1.90979 -1.03317 -0.352063 2.06512 -0.54951 1.79573 0.683638 -2.05252 -1.14886 0.279107 -1.36829
2.41272 -0.0440813 -2.16659 -1.39161 1.61881 1.90979 -1.03317 -0.352063 2.06512 -0.54951 1.79573 0.683638 -2.05252 -1.14886 0.279107 -1.36829
2.4168 -0.0440813 -2.16659 -1.39161 1.61881 1.90979 -1.03317 -0.352063 2.06512 -0.54951 1.79573 0.683638 -2.05252 -1.14886 0.279107 -1.36829
2.4209 -0.0440813 -2.16659 -1.39161 1.61881 1.90979 -1.03317 -0.352063 2.06512 -0.54951 1.79573 0.683638 -2.05252 -1.14886 0.279107 -1.36829
2.42505 -0.0440813 -2.16659 -1.39161 1.61881 1.90979 -1.03317 -0.352063 2.06512 -0.54951 1.79573 0.683638 -2.05252 -1.14886 0.279107 -1.36829
2.42917 -0.0440813 -2.16659 -1.39161 1.61881 1.90979 -1.03317 -0.352063 2.06512 -0.54951 1.79573 0.683638 -2.05252 -1.14886 0.279107 -1.36829
2.43339 -0.0440813 -2.16659 -1.39161 1.61881 1.90979 -1.03317 -0.352063 2.06512 -0.54951 1.79573 0.683638 -2.05252 -1.14886 0.279107 -1.36829
2.43799 -0.0440813 -2.16659 -1.39161 1.61881 1.90979 -1.03317 -0.352063 2.06512 -0.54951 1.79573 0.683638 -2.05252 -1.14886 0.279107 -1.36829
2.44262 -0.0440813 -2.16659 -1.39161 1.61881 1.90979 -1.03317 -0.352063 2.06512 -0.54951 1.79573 0.683638 -2.05252 -1.14886 0.279107 -1.36829
2.44751 -0.0440813 -2.16659 -1.39161 1.61881 1.90979 -1.03317 -0.352063 2.06512 -0.54951 1.79573 0.683638 -2.05252 -1.14886 0.279107 -1.36829
2.45267 -0.0440813 -2.16659 -1.39161 1.61881 1.90979 -1.03317 -0.352063 2.06512 -0.54951 1.79573 0.683638 -2.05252 -1.14886 0.279107 -1.36829
2.45763 -0.0440813 -2.16659 -1.39161 1.61881 1.90979 -1.03317 -0.352063 2.06512 -0.54951 1.79573 0.683638 -2.05252 -1.14886 0.279107 -1.36829
2.46273 -0.0440813 -2.16659 -1.39161 1.61881 1.90979 -1.03317 -0.352063 2.06512 -0.54951 1.79573 0.683638 -2.05252 -1.14886 0.279107 -1.36829
2.46786 -0.0440813 -2.16659 -1.39161 1.61881 1.90979 -1.03317 -0.352063 2.06512 -0.54951 1.79573 0.683638 -2.05252 -1.14886 0.279107 -1.36829
2.47305 -0.0440813 -2.16659 -1.39161 1.61881 1.90979 -1.03317 -0.352063 2.06512 -0.54951 1.79573 0.683638 -2.05252 -1.14886 0.279107 -1.36829
2.47852 -0.0440813 -2.16659 -1.39161 1.61881 1.90979 -1.03317 -0.352063 2.06512 -0.54951 1.79573 0.683638 -2.05252 -1.14886 0.279107 -1.36829
2.4841 -0.0440813 -2.16659 -1.39161 1.61881 1.90979 -1.03317 -0.352063 2.06512 -0.54951 1.79573 0.683638 -2.05252 -1.14886 0.279107 -1.36829
2.48977 -0.0440813 -2.16659 -1.39161 1.61881 1.90979 -1.03317 -0.352063 2.06512 -0.54951 1.79573 0.683638 -2.05252 -1.14886 0.279107 -1.36829
2.49564 -0.0440813 -2.16659 -1.39161 1.61881 1.90979 -1.03317 -0.352063 2.06512 -0.54951 1.79573 0.683638 -2.05252 -1.14886 0.279107 -1.36829
2.50178 -0.0440813 -2.16659 -1.39161 1.61881 1.90979 -1.03317 -0.352063 2.06512 -0.54951 1.79573 0.683638 -2.05252 -1.14886 0.279107 -1.36829
2.508 -0.0440813 -2.16659 -1.39161 1.61881 1.90979 -1.03317 -0.352063 2.06512 -0.54951 1.79573 0.683638 -2.05252 -1.14886 0.279107 -1.36829
2.51425 -0.0440813 -2.16659 -1.39161 1.61881 1.90979 -1.03317 -0.352063 2.06512 -0.54951 1.79573 0.683638 -2.05252 -1.14886 0.279107 -1.36829
2.52071 -0.0440813 -2.16659 -1.39161 1.61881 1.90979 -1.03317 -0.352063 2.06512 -0.54951 1.79573 0.683638 -2.05252 -1.14886 0.279107 -1.36829
2.5275 -0.0440813 -2.16659 -1.39161 1.61881 1.90979 -1.03317 -0.352063 2.06512 -0.54951 1.79573 0.683638 -2.05252 -1.14886 0.279107 -1.36829
2.53428 -0.0440813 -2.16659 -1.39161 1.61881 1.90979 -1.03317 -0.352063 2.06512 -0.54951 1.79573 0.683638 -2.05252 -1.14886 0.279107 -1.36829
2.54144 -0.0440813 -2.16659 -1.39161 1.61881 1.90979 -1.03317 -0.352063 2.06512 -0.54951 1.79573 0.683638 -2.05252 -1.14886 0.279107 -1.36829
2.54883 -0.0440813 -2.16659 -1.39161 1.61881 1.90979 -1.03317 -0.352063 2.06512 -0.54951 1.79573 0.683638 -2.05252 -1.14886 0.279107 -1.36829
2.55609 -0.0440813 -2.16659 -1.39161 1.61881 1.90979 -1.03317 -0.352063 2.06512 -0.54951 1.79573 0.683638 -2.05252 -1.14886 0.279107 -1.36829
2.56373 -0.0440813 -2.16659 -1.39161 1.61881 1.90979 -1.03317 -0.352063 2.06512 -0.54951 1.79573 0.683638 -2.05252 -1.14886 0.279107 -1.36829
2.57184 -0.0440813 -2.16659 -1.39161 1.61881 1.90979 -1.03317 -0.352063 2.06512 -0.54951 1.79573 0.683638 -2.05252 -1.14886 0.279107 -1.36829
2.57985 -0.0440813 -2.16659 -1.39161 1.61881 1.90979 -1.03317 -0.352063 2.06512 -0.54951 1.79573 0.683638 -2.05252 -1.14886 0.279107 -1.36829
2.58822 -0.0440813 -2.16659 -1.39161 1.61881 1.90979 -1.03317 -0.352063 2.06512 -0.54951 1.79573 0.683638 -2.05252 -1.14886 0.279107 -1.36829
2.59674 -0.0440813 -2.16659 -1.39161 1.61881 1.90979 -1.03317 -0.352063 2.06512 -0.54951 1.79573 0.683638 -2.05252 -1.14886 0.279107 -1.36829
2.60558 -0.0440813 -2.16659 -1.39161 1.61881 1.90979 -1.03317 -0.352063 2.06512 -0.54951 1.79573 0.683638 -2.05252 -1.14886 0.279107 -1.36829
2.6147 -0.0440813 -2.16659 -1.39161 1.61881 1.90979 -1.03317 -0.352063 2.06512 -0.54951 1.79573 0.683638 -2.05252 -1.14886 0.279107 -1.36829
2.62431 -0.0440813 -2.16659 -1.39161 1.61881 1.90979 -1.03317 -0.352063 2.06512 -0.54951 1.79573 0.683638 -2.05252 -1.14886 0.279107 -1.36829
2.63406 -0.0440813 -2.16659 -1.39161 1.61881 1.90979 -1.03317 -0.352063 2.06512 -0.54951 1.79573 0.683638 -2.05252 -1.14886 0.279107 -1.36829
2.64381 -0.0440813 -2.16659 -1.39161 1.61881 1.90979 -1.03317 -0.352063 2.06512 -0.54951 1.79573 0.683638 -2.05252 -1.14886 0.279107 -1.36829
2.65379 -0.0440813 -2.16659 -1.39161 1.61881 1.90979 -1.03317 -0.352063 2.06512 -0.54951 1.79573 0.683638 -2.05252 -1.14886 0.279107 -1.36829
2.66416 -0.0440813 -2.16659 -1.39161 1.61881 1.90979 -1.03317 -0.352063 2.06512 -0.54951 1.79573 0.683638 -2.05252 -1.14886 0.279107 -1.36829
2.67488 -0.0440813 -2.16659 -1.39161 1.61881 1.90979 -1.03317 -0.352063 2.06512 -0.54951 1.79573 0.683638 -2.05252 -1.14886 0.279107 -1.36829
