1.876
1.886
1.897
1.907
1.918
1.928
1.938
1.949
1.96
1.981
2.002
2.022
2.043
2.064
2.085
2.105
2.126
2.146
2.167
2.205
2.244
2.283
2.321
2.36
2.399
2.438
2.477
2.516
2.554
2.593
2.631
2.67
2.71
2.752
2.791
2.83
2.868
2.908
2.947
2.987
3.026
3.066
3.106
3.145
3.183
3.222
3.261
3.3
3.338
3.377
3.416
3.458
3.497
3.538
3.577
3.615
3.654
3.694
3.736
3.775
3.814
3.852
3.891
3.93
3.968
4.007
4.046
4.086
4.126
4.165
4.204
4.243
4.281
4.32
4.358
4.397
4.436
4.475
4.514
4.553
4.591
4.63
4.669
4.711
4.753
4.792
4.831
4.869
4.907
4.946
4.985
5.024
5.063
5.101
5.14
5.179
5.218
5.257
5.297
5.336
5.374
5.413
5.452
5.492
5.531
5.569
5.729
5.739
5.75
5.761
5.771
5.781
5.792
5.803
5.814
5.827
5.866
5.905
5.943
5.982
6.022
6.061
6.099
6.138
6.177
6.215
6.254
6.293
6.332
6.37
6.41
6.449
6.487
6.526
6.565
6.603
6.642
6.682
6.721
6.764
6.805
6.846
6.885
6.924
6.962
7.001
7.039
7.078
7.117
7.156
7.195
7.234
7.273
7.311
7.35
7.389
7.428
7.467
7.506
7.544
7.583
7.623
7.662
7.701
7.74
7.779
7.818
7.859
7.897
7.936
7.974
8.013
8.052
