1.31685 -1.11262 -1.22403 1.60208 -2.78048 0.428223 -2.20911 -0.343361 0.637988 1.96313 -0.96494 -1.05962 2.05252 3.04321 1.82502 1.05002
1.31685 -1.11262 -1.22403 1.60208 -2.78048 0.428223 -2.20911 -0.343361 0.637988 1.96313 -0.96494 -1.05962 2.05252 3.04321 1.82502 1.05002
1.31685 -1.11262 -1.22403 1.60208 -2.78048 0.428223 -2.20911 -0.343361 0.637988 1.96313 -0.96494 -1.05962 2.05252 3.04321 1.82502 1.05002
1.31708 -1.11262 -1.22403 1.60208 -2.78048 0.428223 -2.20911 -0.343361 0.637988 1.96313 -0.96494 -1.05962 2.05252 3.04321 1.82502 1.05002
1.31734 -1.11262 -1.22403 1.60208 -2.78048 0.428223 -2.20911 -0.343361 0.637988 1.96313 -0.96494 -1.05962 2.05252 3.04321 1.82502 1.05002
1.31761 -1.11262 -1.22403 1.60208 -2.78048 0.428223 -2.20911 -0.343361 0.637988 1.96313 -0.96494 -1.05962 2.05252 3.04321 1.82502 1.05002
1.31786 -1.11262 -1.22403 1.60208 -2.78048 0.428223 -2.20911 -0.343361 0.637988 1.96313 -0.96494 -1.05962 2.05252 3.04321 1.82502 1.05002
1.31812 -1.11262 -1.22403 1.60208 -2.78048 0.428223 -2.20911 -0.343361 0.637988 1.96313 -0.96494 -1.05962 2.05252 3.04321 1.82502 1.05002
1.31838 -1.11262 -1.22403 1.60208 -2.78048 0.428223 -2.20911 -0.343361 0.637988 1.96313 -0.96494 -1.05962 2.05252 3.04321 1.82502 1.05002
1.31863 -1.11262 -1.22403 1.60208 -2.78048 0.428223 -2.20911 -0.343361 0.637988 1.96313 -0.96494 -1.05962 2.05252 3.04321 1.82502 1.05002
1.3189 -1.11262 -1.22403 1.60208 -2.78048 0.428223 -2.20911 -0.343361 0.637988 1.96313 -0.96494 -1.05962 2.05252 3.04321 1.82502 1.05002
1.31921 -1.11262 -1.22403 1.60208 -2.78048 0.428223 -2.20911 -0.343361 0.637988 1.96313 -0.96494 -1.05962 2.05252 3.04321 1.82502 1.05002
1.31957 -1.11262 -1.22403 1.60208 -2.78048 0.428223 -2.20911 -0.343361 0.637988 1.96313 -0.96494 -1.05962 2.05252 3.04321 1.82502 1.05002
1.31998 -1.11262 -1.22403 1.60208 -2.78048 0.428223 -2.20911 -0.343361 0.637988 1.96313 -0.96494 -1.05962 2.05252 3.04321 1.82502 1.05002
1.32046 -1.11262 -1.22403 1.60208 -2.78048 0.428223 -2.20911 -0.343361 0.637988 1.96313 -0.96494 -1.05962 2.05252 3.04321 1.82502 1.05002
1.32098 -1.11262 -1.22403 1.60208 -2.78048 0.428223 -2.20911 -0.343361 0.637988 1.96313 -0.96494 -1.05962 2.05252 3.04321 1.82502 1.05002
1.32158 -1.11262 -1.22403 1.60208 -2.78048 0.428223 -2.20911 -0.343361 0.637988 1.96313 -0.96494 -1.05962 2.05252 3.04321 1.82502 1.05002
1.32223 -1.11262 -1.22403 1.60208 -2.78048 0.428223 -2.20911 -0.343361 0.637988 1.96313 -0.96494 -1.05962 2.05252 3.04321 1.82502 1.05002
1.32295 -1.11262 -1.22403 1.60208 -2.78048 0.428223 -2.20911 -0.343361 0.637988 1.96313 -0.96494 -1.05962 2.05252 3.04321 1.82502 1.05002
1.3237 -1.11262 -1.22403 1.60208 -2.78048 0.428223 -2.20911 -0.343361 0.637988 1.96313 -0.96494 -1.05962 2.05252 3.04321 1.82502 1.05002
1.32519 -1.11262 -1.22403 1.60208 -2.78048 0.428223 -2.20911 -0.343361 0.637988 1.96313 -0.96494 -1.05962 2.05252 3.04321 1.82502 1.05002
1.32685 -1.11262 -1.22403 1.60208 -2.78048 0.428223 -2.20911 -0.343361 0.637988 1.96313 -0.96494 -1.05962 2.05252 3.04321 1.82502 1.05002
1.32856 -1.11262 -1.22403 1.60208 -2.78048 0.428223 -2.20911 -0.343361 0.637988 1.96313 -0.96494 -1.05962 2.05252 3.04321 1.82502 1.05002
1.3303 -1.11262 -1.22403 1.60208 -2.78048 0.428223 -2.20911 -0.343361 0.637988 1.96313 -0.96494 -1.05962 2.05252 3.04321 1.82502 1.05002
1.33221 -1.11262 -1.22403 1.60208 -2.78048 0.428223 -2.20911 -0.343361 0.637988 1.96313 -0.96494 -1.05962 2.05252 3.04321 1.82502 1.05002
1.33426 -1.11262 -1.22403 1.60208 -2.78048 0.428223 -2.20911 -0.343361 0.637988 1.96313 -0.96494 -1.05962 2.05252 3.04321 1.82502 1.05002
1.33642 -1.11262 -1.22403 1.60208 -2.78048 0.428223 -2.20911 -0.343361 0.637988 1.96313 -0.96494 -1.05962 2.05252 3.04321 1.82502 1.05002
1.33863 -1.11262 -1.22403 1.60208 -2.78048 0.428223 -2.20911 -0.343361 0.637988 1.96313 -0.96494 -1.05962 2.05252 3.04321 1.82502 1.05002
1.34094 -1.11262 -1.22403 1.60208 -2.78048 0.428223 -2.20911 -0.343361 0.637988 1.96313 -0.96494 -1.05962 2.05252 3.04321 1.82502 1.05002
1.34335 -1.11262 -1.22403 1.60208 -2.78048 0.428223 -2.20911 -0.343361 0.637988 1.96313 -0.96494 -1.05962 2.05252 3.04321 1.82502 1.05002
1.34589 -1.11262 -1.22403 1.60208 -2.78048 0.428223 -2.20911 -0.343361 0.637988 1.96313 -0.96494 -1.05962 2.05252 3.04321 1.82502 1.05002
1.34856 -1.11262 -1.22403 1.60208 -2.78048 0.428223 -2.20911 -0.343361 0.637988 1.96313 -0.96494 -1.05962 2.05252 3.04321 1.82502 1.05002
1.35115 -1.11262 -1.22403 1.60208 -2.78048 0.428223 -2.20911 -0.343361 0.637988 1.96313 -0.96494 -1.05962 2.05252 3.04321 1.82502 1.05002
1.35351 -1.11262 -1.22403 1.60208 -2.78048 0.428223 -2.20911 -0.343361 0.637988 1.96313 -0.96494 -1.05962 2.05252 3.04321 1.82502 1.05002
1.3561 -1.11262 -1.22403 1.60208 -2.78048 0.428223 -2.20911 -0.343361 0.637988 1.96313 -0.96494 -1.05962 2.05252 3.04321 1.82502 1.05002
1.35888 -1.11262 -1.22403 1.60208 -2.78048 0.428223 -2.20911 -0.343361 0.637988 1.96313 -0.96494 -1.05962 2.05252 3.04321 1.82502 1.05002
1.36187 -1.11262 -1.22403 1.60208 -2.78048 0.428223 -2.20911 -0.343361 0.637988 1.96313 -0.96494 -1.05962 2.05252 3.04321 1.82502 1.05002
1.36502 -1.11262 -1.22403 1.60208 -2.78048 0.428223 -2.20911 -0.343361 0.637988 1.96313 -0.96494 -1.05962 2.05252 3.04321 1.82502 1.05002
1.36831 -1.11262 -1.22403 1.60208 -2.78048 0.428223 -2.20911 -0.343361 0.637988 1.96313 -0.96494 -1.05962 2.05252 3.04321 1.82502 1.05002
1.37129 -1.11262 -1.22403 1.60208 -2.78048 0.428223 -2.20911 -0.343361 0.637988 1.96313 -0.96494 -1.05962 2.05252 3.04321 1.82502 1.05002
1.37424 -1.11262 -1.22403 1.60208 -2.78048 0.428223 -2.20911 -0.343361 0.637988 1.96313 -0.96494 -1.05962 2.05252 3.04321 1.82502 1.05002
1.37747 -1.11262 -1.22403 1.60208 -2.78048 0.428223 -2.20911 -0.343361 0.637988 1.96313 -0.96494 -1.05962 2.05252 3.04321 1.82502 1.05002
1.38095 -1.11262 -1.22403 1.60208 -2.78048 0.428223 -2.20911 -0.343361 0.637988 1.96313 -0.96494 -1.05962 2.05252 3.04321 1.82502 1.05002
1.3846 -1.11262 -1.22403 1.60208 -2.78048 0.428223 -2.20911 -0.343361 0.637988 1.96313 -0.96494 -1.05962 2.05252 3.04321 1.82502 1.05002
1.38826 -1.11262 -1.22403 1.60208 -2.78048 0.428223 -2.20911 -0.343361 0.637988 1.96313 -0.96494 -1.05962 2.05252 3.04321 1.82502 1.05002
1.39197 -1.11262 -1.22403 1.60208 -2.78048 0.428223 -2.20911 -0.343361 0.637988 1.96313 -0.96494 -1.05962 2.05252 3.04321 1.82502 1.05002
1.3958 -1.11262 -1.22403 1.60208 -2.78048 0.428223 -2.20911 -0.343361 0.637988 1.96313 -0.96494 -1.05962 2.05252 3.04321 1.82502 1.05002
1.39983 -1.11262 -1.22403 1.60208 -2.78048 0.428223 -2.20911 -0.343361 0.637988 1.96313 -0.96494 -1.05962 2.05252 3.04321 1.82502 1.05002
1.40387 -1.11262 -1.22403 1.60208 -2.78048 0.428223 -2.20911 -0.343361 0.637988 1.96313 -0.96494 -1.05962 2.05252 3.04321 1.82502 1.05002
1.40804 -1.11262 -1.22403 1.60208 -2.78048 0.428223 -2.20911 -0.343361 0.637988 1.96313 -0.96494 -1.05962 2.05252 3.04321 1.82502 1.05002
1.4123 -1.11262 -1.22403 1.60208 -2.78048 0.428223 -2.20911 -0.343361 0.637988 1.96313 -0.96494 -1.05962 2.05252 3.04321 1.82502 1.05002
1.4167 -1.11262 -1.22403 1.60208 -2.78048 0.428223 -2.20911 -0.343361 0.637988 1.96313 -0.96494 -1.05962 2.05252 3.04321 1.82502 1.05002
1.42106 -1.11262 -1.22403 1.60208 -2.78048 0.428223 -2.20911 -0.343361 0.637988 1.96313 -0.96494 -1.05962 2.05252 3.04321 1.82502 1.05002
1.42575 -1.11262 -1.22403 1.60208 -2.78048 0.428223 -2.20911 -0.343361 0.637988 1.96313 -0.96494 -1.05962 2.05252 3.04321 1.82502 1.05002
1.43068 -1.11262 -1.22403 1.60208 -2.78048 0.428223 -2.20911 -0.343361 0.637988 1.96313 -0.96494 -1.05962 2.05252 3.04321 1.82502 1.05002
1.43559 -1.11262 -1.22403 1.60208 -2.78048 0.428223 -2.20911 -0.343361 0.637988 1.96313 -0.96494 -1.05962 2.05252 3.04321 1.82502 1.05002
1.44073 -1.11262 -1.22403 1.60208 -2.78048 0.428223 -2.20911 -0.343361 0.637988 1.96313 -0.96494 -1.05962 2.05252 3.04321 1.82502 1.05002
1.44601 -1.11262 -1.22403 1.60208 -2.78048 0.428223 -2.20911 -0.343361 0.637988 1.96313 -0.96494 -1.05962 2.05252 3.04321 1.82502 1.05002
1.45144 -1.11262 -1.22403 1.60208 -2.78048 0.428223 -2.20911 -0.343361 0.637988 1.96313 -0.96494 -1.05962 2.05252 3.04321 1.82502 1.05002
1.45687 -1.11262 -1.22403 1.60208 -2.78048 0.428223 -2.20911 -0.343361 0.637988 1.96313 -0.96494 -1.05962 2.05252 3.04321 1.82502 1.05002
1.46254 -1.11262 -1.22403 1.60208 -2.78048 0.428223 -2.20911 -0.343361 0.637988 1.96313 -0.96494 -1.05962 2.05252 3.04321 1.82502 1.05002
1.46858 -1.11262 -1.22403 1.60208 -2.78048 0.428223 -2.20911 -0.343361 0.637988 1.96313 -0.96494 -1.05962 2.05252 3.04321 1.82502 1.05002
1.47455 -1.11262 -1.22403 1.60208 -2.78048 0.428223 -2.20911 -0.343361 0.637988 1.96313 -0.96494 -1.05962 2.05252 3.04321 1.82502 1.05002
1.48074 -1.11262 -1.22403 1.60208 -2.78048 0.428223 -2.20911 -0.343361 0.637988 1.96313 -0.96494 -1.05962 2.05252 3.04321 1.82502 1.05002
1.48718 -1.11262 -1.22403 1.60208 -2.78048 0.428223 -2.20911 -0.343361 0.637988 1.96313 -0.96494 -1.05962 2.05252 3.04321 1.82502 1.05002
1.4939 -1.11262 -1.22403 1.60208 -2.78048 0.428223 -2.20911 -0.343361 0.637988 1.96313 -0.96494 -1.05962 2.05252 3.04321 1.82502 1.05002
1.50067 -1.11262 -1.22403 1.60208 -2.78048 0.428223 -2.20911 -0.343361 0.637988 1.96313 -0.96494 -1.05962 2.05252 3.04321 1.82502 1.05002
1.50768 -1.11262 -1.22403 1.60208 -2.78048 0.428223 -2.20911 -0.343361 0.637988 1.96313 -0.96494 -1.05962 2.05252 3.04321 1.82502 1.05002
1.51491 -1.11262 -1.22403 1.60208 -2.78048 0.428223 -2.20911 -0.343361 0.637988 1.96313 -0.96494 -1.05962 2.05252 3.04321 1.82502 1.05002
1.52229 -1.11262 -1.22403 1.60208 -2.78048 0.428223 -2.20911 -0.343361 0.637988 1.96313 -0.96494 -1.05962 2.05252 3.04321 1.82502 1.05002
1.53016 -1.11262 -1.22403 1.60208 -2.78048 0.428223 -2.20911 -0.343361 0.637988 1.96313 -0.96494 -1.05962 2.05252 3.04321 1.82502 1.05002
1.53846 -1.11262 -1.22403 1.60208 -2.78048 0.428223 -2.20911 -0.343361 0.637988 1.96313 -0.96494 -1.05962 2.05252 3.04321 1.82502 1.05002
1.54696 -1.11262 -1.22403 1.60208 -2.78048 0.428223 -2.20911 -0.343361 0.637988 1.96313 -0.96494 -1.05962 2.05252 3.04321 1.82502 1.05002
1.55602 -1.11262 -1.22403 1.60208 -2.78048 0.428223 -2.20911 -0.343361 0.637988 1.96313 -0.96494 -1.05962 2.05252 3.04321 1.82502 1.05002
1.55453 -1.11262 -1.22403 1.60208 -2.78048 0.428223 -2.20911 -0.343361 0.637988 1.96313 -0.96494 -1.05962 2.05252 3.04321 1.82502 1.05002
1.55311 -1.11262 -1.22403 1.60208 -2.78048 0.428223 -2.20911 -0.343361 0.637988 1.96313 -0.96494 -1.05962 2.05252 3.04321 1.82502 1.05002
1.55162 -1.11262 -1.22403 1.60208 -2.78048 0.428223 -2.20911 -0.343361 0.637988 1.96313 -0.96494 -1.05962 2.05252 3.04321 1.82502 1.05002
1.55012 -1.11262 -1.22403 1.60208 -2.78048 0.428223 -2.20911 -0.343361 0.637988 1.96313 -0.96494 -1.05962 2.05252 3.04321 1.82502 1.05002
1.54875 -1.11262 -1.22403 1.60208 -2.78048 0.428223 -2.20911 -0.343361 0.637988 1.96313 -0.96494 -1.05962 2.05252 3.04321 1.82502 1.05002
1.54691 -1.11262 -1.22403 1.60208 -2.78048 0.428223 -2.20911 -0.343361 0.637988 1.96313 -0.96494 -1.05962 2.05252 3.04321 1.82502 1.05002
1.54478 -1.11262 -1.22403 1.60208 -2.78048 0.428223 -2.20911 -0.343361 0.637988 1.96313 -0.96494 -1.05962 2.05252 3.04321 1.82502 1.05002
1.54262 -1.11262 -1.22403 1.60208 -2.78048 0.428223 -2.20911 -0.343361 0.637988 1.96313 -0.96494 -1.05962 2.05252 3.04321 1.82502 1.05002
1.54048 -1.11262 -1.22403 1.60208 -2.78048 0.428223 -2.20911 -0.343361 0.637988 1.96313 -0.96494 -1.05962 2.05252 3.04321 1.82502 1.05002
1.53838 -1.11262 -1.22403 1.60208 -2.78048 0.428223 -2.20911 -0.343361 0.637988 1.96313 -0.96494 -1.05962 2.05252 3.04321 1.82502 1.05002
1.53627 -1.11262 -1.22403 1.60208 -2.78048 0.428223 -2.20911 -0.343361 0.637988 1.96313 -0.96494 -1.05962 2.05252 3.04321 1.82502 1.05002
1.53419 -1.11262 -1.22403 1.60208 -2.78048 0.428223 -2.20911 -0.343361 0.637988 1.96313 -0.96494 -1.05962 2.05252 3.04321 1.82502 1.05002
1.53208 -1.11262 -1.22403 1.60208 -2.78048 0.428223 -2.20911 -0.343361 0.637988 1.96313 -0.96494 -1.05962 2.05252 3.04321 1.82502 1.05002
1.5281 -1.11262 -1.22403 1.60208 -2.78048 0.428223 -2.20911 -0.343361 0.637988 1.96313 -0.96494 -1.05962 2.05252 3.04321 1.82502 1.05002
1.52404 -1.11262 -1.22403 1.60208 -2.78048 0.428223 -2.20911 -0.343361 0.637988 1.96313 -0.96494 -1.05962 2.05252 3.04321 1.82502 1.05002
1.52008 -1.11262 -1.22403 1.60208 -2.78048 0.428223 -2.20911 -0.343361 0.637988 1.96313 -0.96494 -1.05962 2.05252 3.04321 1.82502 1.05002
1.51578 -1.11262 -1.22403 1.60208 -2.78048 0.428223 -2.20911 -0.343361 0.637988 1.96313 -0.96494 -1.05962 2.05252 3.04321 1.82502 1.05002
1.51112 -1.11262 -1.22403 1.60208 -2.78048 0.428223 -2.20911 -0.343361 0.637988 1.96313 -0.96494 -1.05962 2.05252 3.04321 1.82502 1.05002
1.50667 -1.11262 -1.22403 1.60208 -2.78048 0.428223 -2.20911 -0.343361 0.637988 1.96313 -0.96494 -1.05962 2.05252 3.04321 1.82502 1.05002
1.50202 -1.11262 -1.22403 1.60208 -2.78048 0.428223 -2.20911 -0.343361 0.637988 1.96313 -0.96494 -1.05962 2.05252 3.04321 1.82502 1.05002
1.49767 -1.11262 -1.22403 1.60208 -2.78048 0.428223 -2.20911 -0.343361 0.637988 1.96313 -0.96494 -1.05962 2.05252 3.04321 1.82502 1.05002
1.49337 -1.11262 -1.22403 1.60208 -2.78048 0.428223 -2.20911 -0.343361 0.637988 1.96313 -0.96494 -1.05962 2.05252 3.04321 1.82502 1.05002
1.48915 -1.11262 -1.22403 1.60208 -2.78048 0.428223 -2.20911 -0.343361 0.637988 1.96313 -0.96494 -1.05962 2.05252 3.04321 1.82502 1.05002
1.48492 -1.11262 -1.22403 1.60208 -2.78048 0.428223 -2.20911 -0.343361 0.637988 1.96313 -0.96494 -1.05962 2.05252 3.04321 1.82502 1.05002
1.48067 -1.11262 -1.22403 1.60208 -2.78048 0.428223 -2.20911 -0.343361 0.637988 1.96313 -0.96494 -1.05962 2.05252 3.04321 1.82502 1.05002
1.47632 -1.11262 -1.22403 1.60208 -2.78048 0.428223 -2.20911 -0.343361 0.637988 1.96313 -0.96494 -1.05962 2.05252 3.04321 1.82502 1.05002
1.47195 -1.11262 -1.22403 1.60208 -2.78048 0.428223 -2.20911 -0.343361 0.637988 1.96313 -0.96494 -1.05962 2.05252 3.04321 1.82502 1.05002
1.46757 -1.11262 -1.22403 1.60208 -2.78048 0.428223 -2.20911 -0.343361 0.637988 1.96313 -0.96494 -1.05962 2.05252 3.04321 1.82502 1.05002
1.4631 -1.11262 -1.22403 1.60208 -2.78048 0.428223 -2.20911 -0.343361 0.637988 1.96313 -0.96494 -1.05962 2.05252 3.04321 1.82502 1.05002
1.45869 -1.11262 -1.22403 1.60208 -2.78048 0.428223 -2.20911 -0.343361 0.637988 1.96313 -0.96494 -1.05962 2.05252 3.04321 1.82502 1.05002
1.45426 -1.11262 -1.22403 1.60208 -2.78048 0.428223 -2.20911 -0.343361 0.637988 1.96313 -0.96494 -1.05962 2.05252 3.04321 1.82502 1.05002
1.44976 -1.11262 -1.22403 1.60208 -2.78048 0.428223 -2.20911 -0.343361 0.637988 1.96313 -0.96494 -1.05962 2.05252 3.04321 1.82502 1.05002
1.44525 -1.11262 -1.22403 1.60208 -2.78048 0.428223 -2.20911 -0.343361 0.637988 1.96313 -0.96494 -1.05962 2.05252 3.04321 1.82502 1.05002
1.44077 -1.11262 -1.22403 1.60208 -2.78048 0.428223 -2.20911 -0.343361 0.637988 1.96313 -0.96494 -1.05962 2.05252 3.04321 1.82502 1.05002
1.43629 -1.11262 -1.22403 1.60208 -2.78048 0.428223 -2.20911 -0.343361 0.637988 1.96313 -0.96494 -1.05962 2.05252 3.04321 1.82502 1.05002
1.4317 -1.11262 -1.22403 1.60208 -2.78048 0.428223 -2.20911 -0.343361 0.637988 1.96313 -0.96494 -1.05962 2.05252 3.04321 1.82502 1.05002
1.42713 -1.11262 -1.22403 1.60208 -2.78048 0.428223 -2.20911 -0.343361 0.637988 1.96313 -0.96494 -1.05962 2.05252 3.04321 1.82502 1.05002
1.42257 -1.11262 -1.22403 1.60208 -2.78048 0.428223 -2.20911 -0.343361 0.637988 1.96313 -0.96494 -1.05962 2.05252 3.04321 1.82502 1.05002
1.41795 -1.11262 -1.22403 1.60208 -2.78048 0.428223 -2.20911 -0.343361 0.637988 1.96313 -0.96494 -1.05962 2.05252 3.04321 1.82502 1.05002
1.41305 -1.11262 -1.22403 1.60208 -2.78048 0.428223 -2.20911 -0.343361 0.637988 1.96313 -0.96494 -1.05962 2.05252 3.04321 1.82502 1.05002
1.40833 -1.11262 -1.22403 1.60208 -2.78048 0.428223 -2.20911 -0.343361 0.637988 1.96313 -0.96494 -1.05962 2.05252 3.04321 1.82502 1.05002
1.40358 -1.11262 -1.22403 1.60208 -2.78048 0.428223 -2.20911 -0.343361 0.637988 1.96313 -0.96494 -1.05962 2.05252 3.04321 1.82502 1.05002
1.39807 -1.11262 -1.22403 1.60208 -2.78048 0.428223 -2.20911 -0.343361 0.637988 1.96313 -0.96494 -1.05962 2.05252 3.04321 1.82502 1.05002
1.39285 -1.11262 -1.22403 1.60208 -2.78048 0.428223 -2.20911 -0.343361 0.637988 1.96313 -0.96494 -1.05962 2.05252 3.04321 1.82502 1.05002
1.38785 -1.11262 -1.22403 1.60208 -2.78048 0.428223 -2.20911 -0.343361 0.637988 1.96313 -0.96494 -1.05962 2.05252 3.04321 1.82502 1.05002
1.3829 -1.11262 -1.22403 1.60208 -2.78048 0.428223 -2.20911 -0.343361 0.637988 1.96313 -0.96494 -1.05962 2.05252 3.04321 1.82502 1.05002
1.37809 -1.11262 -1.22403 1.60208 -2.78048 0.428223 -2.20911 -0.343361 0.637988 1.96313 -0.96494 -1.05962 2.05252 3.04321 1.82502 1.05002
1.37327 -1.11262 -1.22403 1.60208 -2.78048 0.428223 -2.20911 -0.343361 0.637988 1.96313 -0.96494 -1.05962 2.05252 3.04321 1.82502 1.05002
1.36835 -1.11262 -1.22403 1.60208 -2.78048 0.428223 -2.20911 -0.343361 0.637988 1.96313 -0.96494 -1.05962 2.05252 3.04321 1.82502 1.05002
1.36317 -1.11262 -1.22403 1.60208 -2.78048 0.428223 -2.20911 -0.343361 0.637988 1.96313 -0.96494 -1.05962 2.05252 3.04321 1.82502 1.05002
1.35823 -1.11262 -1.22403 1.60208 -2.78048 0.428223 -2.20911 -0.343361 0.637988 1.96313 -0.96494 -1.05962 2.05252 3.04321 1.82502 1.05002
1.35299 -1.11262 -1.22403 1.60208 -2.78048 0.428223 -2.20911 -0.343361 0.637988 1.96313 -0.96494 -1.05962 2.05252 3.04321 1.82502 1.05002
1.34804 -1.11262 -1.22403 1.60208 -2.78048 0.428223 -2.20911 -0.343361 0.637988 1.96313 -0.96494 -1.05962 2.05252 3.04321 1.82502 1.05002
1.34262 -1.11262 -1.22403 1.60208 -2.78048 0.428223 -2.20911 -0.343361 0.637988 1.96313 -0.96494 -1.05962 2.05252 3.04321 1.82502 1.05002
1.33762 -1.11262 -1.22403 1.60208 -2.78048 0.428223 -2.20911 -0.343361 0.637988 1.96313 -0.96494 -1.05962 2.05252 3.04321 1.82502 1.05002
1.33256 -1.11262 -1.22403 1.60208 -2.78048 0.428223 -2.20911 -0.343361 0.637988 1.96313 -0.96494 -1.05962 2.05252 3.04321 1.82502 1.05002
1.32746 -1.11262 -1.22403 1.60208 -2.78048 0.428223 -2.20911 -0.343361 0.637988 1.96313 -0.96494 -1.05962 2.05252 3.04321 1.82502 1.05002
1.32242 -1.11262 -1.22403 1.60208 -2.78048 0.428223 -2.20911 -0.343361 0.637988 1.96313 -0.96494 -1.05962 2.05252 3.04321 1.82502 1.05002
1.31728 -1.11262 -1.22403 1.60208 -2.78048 0.428223 -2.20911 -0.343361 0.637988 1.96313 -0.96494 -1.05962 2.05252 3.04321 1.82502 1.05002
1.31209 -1.11262 -1.22403 1.60208 -2.78048 0.428223 -2.20911 -0.343361 0.637988 1.96313 -0.96494 -1.05962 2.05252 3.04321 1.82502 1.05002
1.30691 -1.11262 -1.22403 1.60208 -2.78048 0.428223 -2.20911 -0.343361 0.637988 1.96313 -0.96494 -1.05962 2.05252 3.04321 1.82502 1.05002
1.30171 -1.11262 -1.22403 1.60208 -2.78048 0.428223 -2.20911 -0.343361 0.637988 1.96313 -0.96494 -1.05962 2.05252 3.04321 1.82502 1.05002
1.29645 -1.11262 -1.22403 1.60208 -2.78048 0.428223 -2.20911 -0.343361 0.637988 1.96313 -0.96494 -1.05962 2.05252 3.04321 1.82502 1.05002
1.29113 -1.11262 -1.22403 1.60208 -2.78048 0.428223 -2.20911 -0.343361 0.637988 1.96313 -0.96494 -1.05962 2.05252 3.04321 1.82502 1.05002
1.28581 -1.11262 -1.22403 1.60208 -2.78048 0.428223 -2.20911 -0.343361 0.637988 1.96313 -0.96494 -1.05962 2.05252 3.04321 1.82502 1.05002
1.28048 -1.11262 -1.22403 1.60208 -2.78048 0.428223 -2.20911 -0.343361 0.637988 1.96313 -0.96494 -1.05962 2.05252 3.04321 1.82502 1.05002
1.27514 -1.11262 -1.22403 1.60208 -2.78048 0.428223 -2.20911 -0.343361 0.637988 1.96313 -0.96494 -1.05962 2.05252 3.04321 1.82502 1.05002
1.2694 -1.11262 -1.22403 1.60208 -2.78048 0.428223 -2.20911 -0.343361 0.637988 1.96313 -0.96494 -1.05962 2.05252 3.04321 1.82502 1.05002
