37.904
37.914
37.925
37.935
37.946
37.956
37.966
37.977
37.987
37.999
38.02
38.04
38.062
38.082
38.103
38.123
38.144
38.164
38.185
38.205
38.244
38.283
38.322
38.361
38.399
38.438
38.476
38.515
38.555
38.595
38.634
38.673
38.712
38.75
38.789
38.827
38.866
38.905
38.944
38.983
39.021
39.06
39.099
39.137
39.176
39.217
39.256
39.295
39.334
39.373
39.412
39.451
39.489
39.528
39.567
39.607
39.647
39.686
39.725
39.764
39.803
39.842
39.88
39.919
39.958
39.997
40.036
40.075
40.114
40.153
40.193
40.234
40.276
40.315
41.919
41.93
41.94
41.951
41.961
41.971
41.982
41.992
42.003
42.015
42.036
42.056
42.077
42.115
42.154
42.192
42.234
42.275
42.317
42.357
42.396
42.435
42.473
42.511
42.55
42.589
42.627
42.666
42.705
42.743
42.782
42.82
42.859
42.897
42.936
42.974
43.012
43.051
43.09
43.129
43.168
43.208
43.255
43.297
43.336
43.375
43.413
43.452
43.493
43.531
43.572
43.611
43.652
43.691
43.729
43.768
43.806
43.845
43.883
43.922
43.96
43.999
44.038
44.077
44.116
44.154
44.195
44.234
