1.31563 1.41693 2.85921 -0.50177 -0.26006 -1.27634 -2.37664 -1.89464 -0.907317 0.531755 1.89643 -0.213328 -0.950985 2.60847 1.1278 1.63171
1.31563 1.41693 2.85921 -0.50177 -0.26006 -1.27634 -2.37664 -1.89464 -0.907317 0.531755 1.89643 -0.213328 -0.950985 2.60847 1.1278 1.63171
1.31563 1.41693 2.85921 -0.50177 -0.26006 -1.27634 -2.37664 -1.89464 -0.907317 0.531755 1.89643 -0.213328 -0.950985 2.60847 1.1278 1.63171
1.31563 1.41693 2.85921 -0.50177 -0.26006 -1.27634 -2.37664 -1.89464 -0.907317 0.531755 1.89643 -0.213328 -0.950985 2.60847 1.1278 1.63171
1.31591 1.41693 2.85921 -0.50177 -0.26006 -1.27634 -2.37664 -1.89464 -0.907317 0.531755 1.89643 -0.213328 -0.950985 2.60847 1.1278 1.63171
1.31621 1.41693 2.85921 -0.50177 -0.26006 -1.27634 -2.37664 -1.89464 -0.907317 0.531755 1.89643 -0.213328 -0.950985 2.60847 1.1278 1.63171
1.31647 1.41693 2.85921 -0.50177 -0.26006 -1.27634 -2.37664 -1.89464 -0.907317 0.531755 1.89643 -0.213328 -0.950985 2.60847 1.1278 1.63171
1.31666 1.41693 2.85921 -0.50177 -0.26006 -1.27634 -2.37664 -1.89464 -0.907317 0.531755 1.89643 -0.213328 -0.950985 2.60847 1.1278 1.63171
1.31686 1.41693 2.85921 -0.50177 -0.26006 -1.27634 -2.37664 -1.89464 -0.907317 0.531755 1.89643 -0.213328 -0.950985 2.60847 1.1278 1.63171
1.31707 1.41693 2.85921 -0.50177 -0.26006 -1.27634 -2.37664 -1.89464 -0.907317 0.531755 1.89643 -0.213328 -0.950985 2.60847 1.1278 1.63171
1.31727 1.41693 2.85921 -0.50177 -0.26006 -1.27634 -2.37664 -1.89464 -0.907317 0.531755 1.89643 -0.213328 -0.950985 2.60847 1.1278 1.63171
1.31746 1.41693 2.85921 -0.50177 -0.26006 -1.27634 -2.37664 -1.89464 -0.907317 0.531755 1.89643 -0.213328 -0.950985 2.60847 1.1278 1.63171
1.31765 1.41693 2.85921 -0.50177 -0.26006 -1.27634 -2.37664 -1.89464 -0.907317 0.531755 1.89643 -0.213328 -0.950985 2.60847 1.1278 1.63171
1.31788 1.41693 2.85921 -0.50177 -0.26006 -1.27634 -2.37664 -1.89464 -0.907317 0.531755 1.89643 -0.213328 -0.950985 2.60847 1.1278 1.63171
1.31812 1.41693 2.85921 -0.50177 -0.26006 -1.27634 -2.37664 -1.89464 -0.907317 0.531755 1.89643 -0.213328 -0.950985 2.60847 1.1278 1.63171
1.31839 1.41693 2.85921 -0.50177 -0.26006 -1.27634 -2.37664 -1.89464 -0.907317 0.531755 1.89643 -0.213328 -0.950985 2.60847 1.1278 1.63171
1.31868 1.41693 2.85921 -0.50177 -0.26006 -1.27634 -2.37664 -1.89464 -0.907317 0.531755 1.89643 -0.213328 -0.950985 2.60847 1.1278 1.63171
1.31922 1.41693 2.85921 -0.50177 -0.26006 -1.27634 -2.37664 -1.89464 -0.907317 0.531755 1.89643 -0.213328 -0.950985 2.60847 1.1278 1.63171
1.31977 1.41693 2.85921 -0.50177 -0.26006 -1.27634 -2.37664 -1.89464 -0.907317 0.531755 1.89643 -0.213328 -0.950985 2.60847 1.1278 1.63171
1.32027 1.41693 2.85921 -0.50177 -0.26006 -1.27634 -2.37664 -1.89464 -0.907317 0.531755 1.89643 -0.213328 -0.950985 2.60847 1.1278 1.63171
1.32078 1.41693 2.85921 -0.50177 -0.26006 -1.27634 -2.37664 -1.89464 -0.907317 0.531755 1.89643 -0.213328 -0.950985 2.60847 1.1278 1.63171
1.32133 1.41693 2.85921 -0.50177 -0.26006 -1.27634 -2.37664 -1.89464 -0.907317 0.531755 1.89643 -0.213328 -0.950985 2.60847 1.1278 1.63171
1.32191 1.41693 2.85921 -0.50177 -0.26006 -1.27634 -2.37664 -1.89464 -0.907317 0.531755 1.89643 -0.213328 -0.950985 2.60847 1.1278 1.63171
1.32255 1.41693 2.85921 -0.50177 -0.26006 -1.27634 -2.37664 -1.89464 -0.907317 0.531755 1.89643 -0.213328 -0.950985 2.60847 1.1278 1.63171
1.32329 1.41693 2.85921 -0.50177 -0.26006 -1.27634 -2.37664 -1.89464 -0.907317 0.531755 1.89643 -0.213328 -0.950985 2.60847 1.1278 1.63171
1.32417 1.41693 2.85921 -0.50177 -0.26006 -1.27634 -2.37664 -1.89464 -0.907317 0.531755 1.89643 -0.213328 -0.950985 2.60847 1.1278 1.63171
1.32507 1.41693 2.85921 -0.50177 -0.26006 -1.27634 -2.37664 -1.89464 -0.907317 0.531755 1.89643 -0.213328 -0.950985 2.60847 1.1278 1.63171
1.32601 1.41693 2.85921 -0.50177 -0.26006 -1.27634 -2.37664 -1.89464 -0.907317 0.531755 1.89643 -0.213328 -0.950985 2.60847 1.1278 1.63171
1.32709 1.41693 2.85921 -0.50177 -0.26006 -1.27634 -2.37664 -1.89464 -0.907317 0.531755 1.89643 -0.213328 -0.950985 2.60847 1.1278 1.63171
1.32818 1.41693 2.85921 -0.50177 -0.26006 -1.27634 -2.37664 -1.89464 -0.907317 0.531755 1.89643 -0.213328 -0.950985 2.60847 1.1278 1.63171
1.32926 1.41693 2.85921 -0.50177 -0.26006 -1.27634 -2.37664 -1.89464 -0.907317 0.531755 1.89643 -0.213328 -0.950985 2.60847 1.1278 1.63171
1.33041 1.41693 2.85921 -0.50177 -0.26006 -1.27634 -2.37664 -1.89464 -0.907317 0.531755 1.89643 -0.213328 -0.950985 2.60847 1.1278 1.63171
1.33159 1.41693 2.85921 -0.50177 -0.26006 -1.27634 -2.37664 -1.89464 -0.907317 0.531755 1.89643 -0.213328 -0.950985 2.60847 1.1278 1.63171
1.33274 1.41693 2.85921 -0.50177 -0.26006 -1.27634 -2.37664 -1.89464 -0.907317 0.531755 1.89643 -0.213328 -0.950985 2.60847 1.1278 1.63171
1.3339 1.41693 2.85921 -0.50177 -0.26006 -1.27634 -2.37664 -1.89464 -0.907317 0.531755 1.89643 -0.213328 -0.950985 2.60847 1.1278 1.63171
1.33517 1.41693 2.85921 -0.50177 -0.26006 -1.27634 -2.37664 -1.89464 -0.907317 0.531755 1.89643 -0.213328 -0.950985 2.60847 1.1278 1.63171
1.33639 1.41693 2.85921 -0.50177 -0.26006 -1.27634 -2.37664 -1.89464 -0.907317 0.531755 1.89643 -0.213328 -0.950985 2.60847 1.1278 1.63171
1.3375 1.41693 2.85921 -0.50177 -0.26006 -1.27634 -2.37664 -1.89464 -0.907317 0.531755 1.89643 -0.213328 -0.950985 2.60847 1.1278 1.63171
1.33852 1.41693 2.85921 -0.50177 -0.26006 -1.27634 -2.37664 -1.89464 -0.907317 0.531755 1.89643 -0.213328 -0.950985 2.60847 1.1278 1.63171
1.33957 1.41693 2.85921 -0.50177 -0.26006 -1.27634 -2.37664 -1.89464 -0.907317 0.531755 1.89643 -0.213328 -0.950985 2.60847 1.1278 1.63171
1.34069 1.41693 2.85921 -0.50177 -0.26006 -1.27634 -2.37664 -1.89464 -0.907317 0.531755 1.89643 -0.213328 -0.950985 2.60847 1.1278 1.63171
1.34189 1.41693 2.85921 -0.50177 -0.26006 -1.27634 -2.37664 -1.89464 -0.907317 0.531755 1.89643 -0.213328 -0.950985 2.60847 1.1278 1.63171
1.34316 1.41693 2.85921 -0.50177 -0.26006 -1.27634 -2.37664 -1.89464 -0.907317 0.531755 1.89643 -0.213328 -0.950985 2.60847 1.1278 1.63171
1.34453 1.41693 2.85921 -0.50177 -0.26006 -1.27634 -2.37664 -1.89464 -0.907317 0.531755 1.89643 -0.213328 -0.950985 2.60847 1.1278 1.63171
1.34585 1.41693 2.85921 -0.50177 -0.26006 -1.27634 -2.37664 -1.89464 -0.907317 0.531755 1.89643 -0.213328 -0.950985 2.60847 1.1278 1.63171
1.34732 1.41693 2.85921 -0.50177 -0.26006 -1.27634 -2.37664 -1.89464 -0.907317 0.531755 1.89643 -0.213328 -0.950985 2.60847 1.1278 1.63171
1.34888 1.41693 2.85921 -0.50177 -0.26006 -1.27634 -2.37664 -1.89464 -0.907317 0.531755 1.89643 -0.213328 -0.950985 2.60847 1.1278 1.63171
1.35045 1.41693 2.85921 -0.50177 -0.26006 -1.27634 -2.37664 -1.89464 -0.907317 0.531755 1.89643 -0.213328 -0.950985 2.60847 1.1278 1.63171
1.35195 1.41693 2.85921 -0.50177 -0.26006 -1.27634 -2.37664 -1.89464 -0.907317 0.531755 1.89643 -0.213328 -0.950985 2.60847 1.1278 1.63171
1.35339 1.41693 2.85921 -0.50177 -0.26006 -1.27634 -2.37664 -1.89464 -0.907317 0.531755 1.89643 -0.213328 -0.950985 2.60847 1.1278 1.63171
1.35498 1.41693 2.85921 -0.50177 -0.26006 -1.27634 -2.37664 -1.89464 -0.907317 0.531755 1.89643 -0.213328 -0.950985 2.60847 1.1278 1.63171
1.35667 1.41693 2.85921 -0.50177 -0.26006 -1.27634 -2.37664 -1.89464 -0.907317 0.531755 1.89643 -0.213328 -0.950985 2.60847 1.1278 1.63171
1.35827 1.41693 2.85921 -0.50177 -0.26006 -1.27634 -2.37664 -1.89464 -0.907317 0.531755 1.89643 -0.213328 -0.950985 2.60847 1.1278 1.63171
1.35988 1.41693 2.85921 -0.50177 -0.26006 -1.27634 -2.37664 -1.89464 -0.907317 0.531755 1.89643 -0.213328 -0.950985 2.60847 1.1278 1.63171
1.36145 1.41693 2.85921 -0.50177 -0.26006 -1.27634 -2.37664 -1.89464 -0.907317 0.531755 1.89643 -0.213328 -0.950985 2.60847 1.1278 1.63171
1.36306 1.41693 2.85921 -0.50177 -0.26006 -1.27634 -2.37664 -1.89464 -0.907317 0.531755 1.89643 -0.213328 -0.950985 2.60847 1.1278 1.63171
1.36487 1.41693 2.85921 -0.50177 -0.26006 -1.27634 -2.37664 -1.89464 -0.907317 0.531755 1.89643 -0.213328 -0.950985 2.60847 1.1278 1.63171
1.36678 1.41693 2.85921 -0.50177 -0.26006 -1.27634 -2.37664 -1.89464 -0.907317 0.531755 1.89643 -0.213328 -0.950985 2.60847 1.1278 1.63171
1.36868 1.41693 2.85921 -0.50177 -0.26006 -1.27634 -2.37664 -1.89464 -0.907317 0.531755 1.89643 -0.213328 -0.950985 2.60847 1.1278 1.63171
1.37054 1.41693 2.85921 -0.50177 -0.26006 -1.27634 -2.37664 -1.89464 -0.907317 0.531755 1.89643 -0.213328 -0.950985 2.60847 1.1278 1.63171
1.37238 1.41693 2.85921 -0.50177 -0.26006 -1.27634 -2.37664 -1.89464 -0.907317 0.531755 1.89643 -0.213328 -0.950985 2.60847 1.1278 1.63171
1.37434 1.41693 2.85921 -0.50177 -0.26006 -1.27634 -2.37664 -1.89464 -0.907317 0.531755 1.89643 -0.213328 -0.950985 2.60847 1.1278 1.63171
1.37644 1.41693 2.85921 -0.50177 -0.26006 -1.27634 -2.37664 -1.89464 -0.907317 0.531755 1.89643 -0.213328 -0.950985 2.60847 1.1278 1.63171
1.37857 1.41693 2.85921 -0.50177 -0.26006 -1.27634 -2.37664 -1.89464 -0.907317 0.531755 1.89643 -0.213328 -0.950985 2.60847 1.1278 1.63171
1.38069 1.41693 2.85921 -0.50177 -0.26006 -1.27634 -2.37664 -1.89464 -0.907317 0.531755 1.89643 -0.213328 -0.950985 2.60847 1.1278 1.63171
1.38283 1.41693 2.85921 -0.50177 -0.26006 -1.27634 -2.37664 -1.89464 -0.907317 0.531755 1.89643 -0.213328 -0.950985 2.60847 1.1278 1.63171
1.38499 1.41693 2.85921 -0.50177 -0.26006 -1.27634 -2.37664 -1.89464 -0.907317 0.531755 1.89643 -0.213328 -0.950985 2.60847 1.1278 1.63171
1.38733 1.41693 2.85921 -0.50177 -0.26006 -1.27634 -2.37664 -1.89464 -0.907317 0.531755 1.89643 -0.213328 -0.950985 2.60847 1.1278 1.63171
1.38969 1.41693 2.85921 -0.50177 -0.26006 -1.27634 -2.37664 -1.89464 -0.907317 0.531755 1.89643 -0.213328 -0.950985 2.60847 1.1278 1.63171
1.39205 1.41693 2.85921 -0.50177 -0.26006 -1.27634 -2.37664 -1.89464 -0.907317 0.531755 1.89643 -0.213328 -0.950985 2.60847 1.1278 1.63171
1.39457 1.41693 2.85921 -0.50177 -0.26006 -1.27634 -2.37664 -1.89464 -0.907317 0.531755 1.89643 -0.213328 -0.950985 2.60847 1.1278 1.63171
1.39699 1.41693 2.85921 -0.50177 -0.26006 -1.27634 -2.37664 -1.89464 -0.907317 0.531755 1.89643 -0.213328 -0.950985 2.60847 1.1278 1.63171
1.39953 1.41693 2.85921 -0.50177 -0.26006 -1.27634 -2.37664 -1.89464 -0.907317 0.531755 1.89643 -0.213328 -0.950985 2.60847 1.1278 1.63171
1.40208 1.41693 2.85921 -0.50177 -0.26006 -1.27634 -2.37664 -1.89464 -0.907317 0.531755 1.89643 -0.213328 -0.950985 2.60847 1.1278 1.63171
1.40453 1.41693 2.85921 -0.50177 -0.26006 -1.27634 -2.37664 -1.89464 -0.907317 0.531755 1.89643 -0.213328 -0.950985 2.60847 1.1278 1.63171
1.4071 1.41693 2.85921 -0.50177 -0.26006 -1.27634 -2.37664 -1.89464 -0.907317 0.531755 1.89643 -0.213328 -0.950985 2.60847 1.1278 1.63171
1.40981 1.41693 2.85921 -0.50177 -0.26006 -1.27634 -2.37664 -1.89464 -0.907317 0.531755 1.89643 -0.213328 -0.950985 2.60847 1.1278 1.63171
1.41247 1.41693 2.85921 -0.50177 -0.26006 -1.27634 -2.37664 -1.89464 -0.907317 0.531755 1.89643 -0.213328 -0.950985 2.60847 1.1278 1.63171
1.41537 1.41693 2.85921 -0.50177 -0.26006 -1.27634 -2.37664 -1.89464 -0.907317 0.531755 1.89643 -0.213328 -0.950985 2.60847 1.1278 1.63171
1.41817 1.41693 2.85921 -0.50177 -0.26006 -1.27634 -2.37664 -1.89464 -0.907317 0.531755 1.89643 -0.213328 -0.950985 2.60847 1.1278 1.63171
1.42102 1.41693 2.85921 -0.50177 -0.26006 -1.27634 -2.37664 -1.89464 -0.907317 0.531755 1.89643 -0.213328 -0.950985 2.60847 1.1278 1.63171
1.42405 1.41693 2.85921 -0.50177 -0.26006 -1.27634 -2.37664 -1.89464 -0.907317 0.531755 1.89643 -0.213328 -0.950985 2.60847 1.1278 1.63171
1.42718 1.41693 2.85921 -0.50177 -0.26006 -1.27634 -2.37664 -1.89464 -0.907317 0.531755 1.89643 -0.213328 -0.950985 2.60847 1.1278 1.63171
1.43033 1.41693 2.85921 -0.50177 -0.26006 -1.27634 -2.37664 -1.89464 -0.907317 0.531755 1.89643 -0.213328 -0.950985 2.60847 1.1278 1.63171
1.43343 1.41693 2.85921 -0.50177 -0.26006 -1.27634 -2.37664 -1.89464 -0.907317 0.531755 1.89643 -0.213328 -0.950985 2.60847 1.1278 1.63171
1.43658 1.41693 2.85921 -0.50177 -0.26006 -1.27634 -2.37664 -1.89464 -0.907317 0.531755 1.89643 -0.213328 -0.950985 2.60847 1.1278 1.63171
1.43981 1.41693 2.85921 -0.50177 -0.26006 -1.27634 -2.37664 -1.89464 -0.907317 0.531755 1.89643 -0.213328 -0.950985 2.60847 1.1278 1.63171
1.44342 1.41693 2.85921 -0.50177 -0.26006 -1.27634 -2.37664 -1.89464 -0.907317 0.531755 1.89643 -0.213328 -0.950985 2.60847 1.1278 1.63171
1.447 1.41693 2.85921 -0.50177 -0.26006 -1.27634 -2.37664 -1.89464 -0.907317 0.531755 1.89643 -0.213328 -0.950985 2.60847 1.1278 1.63171
1.45054 1.41693 2.85921 -0.50177 -0.26006 -1.27634 -2.37664 -1.89464 -0.907317 0.531755 1.89643 -0.213328 -0.950985 2.60847 1.1278 1.63171
1.45399 1.41693 2.85921 -0.50177 -0.26006 -1.27634 -2.37664 -1.89464 -0.907317 0.531755 1.89643 -0.213328 -0.950985 2.60847 1.1278 1.63171
1.45748 1.41693 2.85921 -0.50177 -0.26006 -1.27634 -2.37664 -1.89464 -0.907317 0.531755 1.89643 -0.213328 -0.950985 2.60847 1.1278 1.63171
1.46111 1.41693 2.85921 -0.50177 -0.26006 -1.27634 -2.37664 -1.89464 -0.907317 0.531755 1.89643 -0.213328 -0.950985 2.60847 1.1278 1.63171
1.46571 1.41693 2.85921 -0.50177 -0.26006 -1.27634 -2.37664 -1.89464 -0.907317 0.531755 1.89643 -0.213328 -0.950985 2.60847 1.1278 1.63171
1.46988 1.41693 2.85921 -0.50177 -0.26006 -1.27634 -2.37664 -1.89464 -0.907317 0.531755 1.89643 -0.213328 -0.950985 2.60847 1.1278 1.63171
1.47399 1.41693 2.85921 -0.50177 -0.26006 -1.27634 -2.37664 -1.89464 -0.907317 0.531755 1.89643 -0.213328 -0.950985 2.60847 1.1278 1.63171
1.47826 1.41693 2.85921 -0.50177 -0.26006 -1.27634 -2.37664 -1.89464 -0.907317 0.531755 1.89643 -0.213328 -0.950985 2.60847 1.1278 1.63171
1.48247 1.41693 2.85921 -0.50177 -0.26006 -1.27634 -2.37664 -1.89464 -0.907317 0.531755 1.89643 -0.213328 -0.950985 2.60847 1.1278 1.63171
1.48684 1.41693 2.85921 -0.50177 -0.26006 -1.27634 -2.37664 -1.89464 -0.907317 0.531755 1.89643 -0.213328 -0.950985 2.60847 1.1278 1.63171
1.4912 1.41693 2.85921 -0.50177 -0.26006 -1.27634 -2.37664 -1.89464 -0.907317 0.531755 1.89643 -0.213328 -0.950985 2.60847 1.1278 1.63171
1.49567 1.41693 2.85921 -0.50177 -0.26006 -1.27634 -2.37664 -1.89464 -0.907317 0.531755 1.89643 -0.213328 -0.950985 2.60847 1.1278 1.63171
1.50034 1.41693 2.85921 -0.50177 -0.26006 -1.27634 -2.37664 -1.89464 -0.907317 0.531755 1.89643 -0.213328 -0.950985 2.60847 1.1278 1.63171
1.497 1.41693 2.85921 -0.50177 -0.26006 -1.27634 -2.37664 -1.89464 -0.907317 0.531755 1.89643 -0.213328 -0.950985 2.60847 1.1278 1.63171
1.49559 1.41693 2.85921 -0.50177 -0.26006 -1.27634 -2.37664 -1.89464 -0.907317 0.531755 1.89643 -0.213328 -0.950985 2.60847 1.1278 1.63171
1.49388 1.41693 2.85921 -0.50177 -0.26006 -1.27634 -2.37664 -1.89464 -0.907317 0.531755 1.89643 -0.213328 -0.950985 2.60847 1.1278 1.63171
1.49152 1.41693 2.85921 -0.50177 -0.26006 -1.27634 -2.37664 -1.89464 -0.907317 0.531755 1.89643 -0.213328 -0.950985 2.60847 1.1278 1.63171
1.48903 1.41693 2.85921 -0.50177 -0.26006 -1.27634 -2.37664 -1.89464 -0.907317 0.531755 1.89643 -0.213328 -0.950985 2.60847 1.1278 1.63171
1.48653 1.41693 2.85921 -0.50177 -0.26006 -1.27634 -2.37664 -1.89464 -0.907317 0.531755 1.89643 -0.213328 -0.950985 2.60847 1.1278 1.63171
1.48405 1.41693 2.85921 -0.50177 -0.26006 -1.27634 -2.37664 -1.89464 -0.907317 0.531755 1.89643 -0.213328 -0.950985 2.60847 1.1278 1.63171
1.48159 1.41693 2.85921 -0.50177 -0.26006 -1.27634 -2.37664 -1.89464 -0.907317 0.531755 1.89643 -0.213328 -0.950985 2.60847 1.1278 1.63171
1.47919 1.41693 2.85921 -0.50177 -0.26006 -1.27634 -2.37664 -1.89464 -0.907317 0.531755 1.89643 -0.213328 -0.950985 2.60847 1.1278 1.63171
1.47677 1.41693 2.85921 -0.50177 -0.26006 -1.27634 -2.37664 -1.89464 -0.907317 0.531755 1.89643 -0.213328 -0.950985 2.60847 1.1278 1.63171
1.4721 1.41693 2.85921 -0.50177 -0.26006 -1.27634 -2.37664 -1.89464 -0.907317 0.531755 1.89643 -0.213328 -0.950985 2.60847 1.1278 1.63171
1.46653 1.41693 2.85921 -0.50177 -0.26006 -1.27634 -2.37664 -1.89464 -0.907317 0.531755 1.89643 -0.213328 -0.950985 2.60847 1.1278 1.63171
1.46149 1.41693 2.85921 -0.50177 -0.26006 -1.27634 -2.37664 -1.89464 -0.907317 0.531755 1.89643 -0.213328 -0.950985 2.60847 1.1278 1.63171
1.45666 1.41693 2.85921 -0.50177 -0.26006 -1.27634 -2.37664 -1.89464 -0.907317 0.531755 1.89643 -0.213328 -0.950985 2.60847 1.1278 1.63171
1.45186 1.41693 2.85921 -0.50177 -0.26006 -1.27634 -2.37664 -1.89464 -0.907317 0.531755 1.89643 -0.213328 -0.950985 2.60847 1.1278 1.63171
1.44705 1.41693 2.85921 -0.50177 -0.26006 -1.27634 -2.37664 -1.89464 -0.907317 0.531755 1.89643 -0.213328 -0.950985 2.60847 1.1278 1.63171
1.44221 1.41693 2.85921 -0.50177 -0.26006 -1.27634 -2.37664 -1.89464 -0.907317 0.531755 1.89643 -0.213328 -0.950985 2.60847 1.1278 1.63171
1.43735 1.41693 2.85921 -0.50177 -0.26006 -1.27634 -2.37664 -1.89464 -0.907317 0.531755 1.89643 -0.213328 -0.950985 2.60847 1.1278 1.63171
1.43241 1.41693 2.85921 -0.50177 -0.26006 -1.27634 -2.37664 -1.89464 -0.907317 0.531755 1.89643 -0.213328 -0.950985 2.60847 1.1278 1.63171
1.4272 1.41693 2.85921 -0.50177 -0.26006 -1.27634 -2.37664 -1.89464 -0.907317 0.531755 1.89643 -0.213328 -0.950985 2.60847 1.1278 1.63171
1.4223 1.41693 2.85921 -0.50177 -0.26006 -1.27634 -2.37664 -1.89464 -0.907317 0.531755 1.89643 -0.213328 -0.950985 2.60847 1.1278 1.63171
1.41728 1.41693 2.85921 -0.50177 -0.26006 -1.27634 -2.37664 -1.89464 -0.907317 0.531755 1.89643 -0.213328 -0.950985 2.60847 1.1278 1.63171
1.41238 1.41693 2.85921 -0.50177 -0.26006 -1.27634 -2.37664 -1.89464 -0.907317 0.531755 1.89643 -0.213328 -0.950985 2.60847 1.1278 1.63171
1.40744 1.41693 2.85921 -0.50177 -0.26006 -1.27634 -2.37664 -1.89464 -0.907317 0.531755 1.89643 -0.213328 -0.950985 2.60847 1.1278 1.63171
1.40244 1.41693 2.85921 -0.50177 -0.26006 -1.27634 -2.37664 -1.89464 -0.907317 0.531755 1.89643 -0.213328 -0.950985 2.60847 1.1278 1.63171
1.39711 1.41693 2.85921 -0.50177 -0.26006 -1.27634 -2.37664 -1.89464 -0.907317 0.531755 1.89643 -0.213328 -0.950985 2.60847 1.1278 1.63171
1.39199 1.41693 2.85921 -0.50177 -0.26006 -1.27634 -2.37664 -1.89464 -0.907317 0.531755 1.89643 -0.213328 -0.950985 2.60847 1.1278 1.63171
1.38688 1.41693 2.85921 -0.50177 -0.26006 -1.27634 -2.37664 -1.89464 -0.907317 0.531755 1.89643 -0.213328 -0.950985 2.60847 1.1278 1.63171
1.38178 1.41693 2.85921 -0.50177 -0.26006 -1.27634 -2.37664 -1.89464 -0.907317 0.531755 1.89643 -0.213328 -0.950985 2.60847 1.1278 1.63171
1.37656 1.41693 2.85921 -0.50177 -0.26006 -1.27634 -2.37664 -1.89464 -0.907317 0.531755 1.89643 -0.213328 -0.950985 2.60847 1.1278 1.63171
1.37139 1.41693 2.85921 -0.50177 -0.26006 -1.27634 -2.37664 -1.89464 -0.907317 0.531755 1.89643 -0.213328 -0.950985 2.60847 1.1278 1.63171
1.3662 1.41693 2.85921 -0.50177 -0.26006 -1.27634 -2.37664 -1.89464 -0.907317 0.531755 1.89643 -0.213328 -0.950985 2.60847 1.1278 1.63171
1.36111 1.41693 2.85921 -0.50177 -0.26006 -1.27634 -2.37664 -1.89464 -0.907317 0.531755 1.89643 -0.213328 -0.950985 2.60847 1.1278 1.63171
1.35597 1.41693 2.85921 -0.50177 -0.26006 -1.27634 -2.37664 -1.89464 -0.907317 0.531755 1.89643 -0.213328 -0.950985 2.60847 1.1278 1.63171
1.3508 1.41693 2.85921 -0.50177 -0.26006 -1.27634 -2.37664 -1.89464 -0.907317 0.531755 1.89643 -0.213328 -0.950985 2.60847 1.1278 1.63171
1.34561 1.41693 2.85921 -0.50177 -0.26006 -1.27634 -2.37664 -1.89464 -0.907317 0.531755 1.89643 -0.213328 -0.950985 2.60847 1.1278 1.63171
1.34042 1.41693 2.85921 -0.50177 -0.26006 -1.27634 -2.37664 -1.89464 -0.907317 0.531755 1.89643 -0.213328 -0.950985 2.60847 1.1278 1.63171
1.33443 1.41693 2.85921 -0.50177 -0.26006 -1.27634 -2.37664 -1.89464 -0.907317 0.531755 1.89643 -0.213328 -0.950985 2.60847 1.1278 1.63171
1.32894 1.41693 2.85921 -0.50177 -0.26006 -1.27634 -2.37664 -1.89464 -0.907317 0.531755 1.89643 -0.213328 -0.950985 2.60847 1.1278 1.63171
1.32336 1.41693 2.85921 -0.50177 -0.26006 -1.27634 -2.37664 -1.89464 -0.907317 0.531755 1.89643 -0.213328 -0.950985 2.60847 1.1278 1.63171
1.318 1.41693 2.85921 -0.50177 -0.26006 -1.27634 -2.37664 -1.89464 -0.907317 0.531755 1.89643 -0.213328 -0.950985 2.60847 1.1278 1.63171
1.31266 1.41693 2.85921 -0.50177 -0.26006 -1.27634 -2.37664 -1.89464 -0.907317 0.531755 1.89643 -0.213328 -0.950985 2.60847 1.1278 1.63171
1.30732 1.41693 2.85921 -0.50177 -0.26006 -1.27634 -2.37664 -1.89464 -0.907317 0.531755 1.89643 -0.213328 -0.950985 2.60847 1.1278 1.63171
1.30191 1.41693 2.85921 -0.50177 -0.26006 -1.27634 -2.37664 -1.89464 -0.907317 0.531755 1.89643 -0.213328 -0.950985 2.60847 1.1278 1.63171
1.29652 1.41693 2.85921 -0.50177 -0.26006 -1.27634 -2.37664 -1.89464 -0.907317 0.531755 1.89643 -0.213328 -0.950985 2.60847 1.1278 1.63171
1.2911 1.41693 2.85921 -0.50177 -0.26006 -1.27634 -2.37664 -1.89464 -0.907317 0.531755 1.89643 -0.213328 -0.950985 2.60847 1.1278 1.63171
1.28568 1.41693 2.85921 -0.50177 -0.26006 -1.27634 -2.37664 -1.89464 -0.907317 0.531755 1.89643 -0.213328 -0.950985 2.60847 1.1278 1.63171
1.28013 1.41693 2.85921 -0.50177 -0.26006 -1.27634 -2.37664 -1.89464 -0.907317 0.531755 1.89643 -0.213328 -0.950985 2.60847 1.1278 1.63171
1.2746 1.41693 2.85921 -0.50177 -0.26006 -1.27634 -2.37664 -1.89464 -0.907317 0.531755 1.89643 -0.213328 -0.950985 2.60847 1.1278 1.63171
1.26911 1.41693 2.85921 -0.50177 -0.26006 -1.27634 -2.37664 -1.89464 -0.907317 0.531755 1.89643 -0.213328 -0.950985 2.60847 1.1278 1.63171
1.26353 1.41693 2.85921 -0.50177 -0.26006 -1.27634 -2.37664 -1.89464 -0.907317 0.531755 1.89643 -0.213328 -0.950985 2.60847 1.1278 1.63171
1.25794 1.41693 2.85921 -0.50177 -0.26006 -1.27634 -2.37664 -1.89464 -0.907317 0.531755 1.89643 -0.213328 -0.950985 2.60847 1.1278 1.63171
1.25227 1.41693 2.85921 -0.50177 -0.26006 -1.27634 -2.37664 -1.89464 -0.907317 0.531755 1.89643 -0.213328 -0.950985 2.60847 1.1278 1.63171
1.2466 1.41693 2.85921 -0.50177 -0.26006 -1.27634 -2.37664 -1.89464 -0.907317 0.531755 1.89643 -0.213328 -0.950985 2.60847 1.1278 1.63171
1.24094 1.41693 2.85921 -0.50177 -0.26006 -1.27634 -2.37664 -1.89464 -0.907317 0.531755 1.89643 -0.213328 -0.950985 2.60847 1.1278 1.63171
1.23526 1.41693 2.85921 -0.50177 -0.26006 -1.27634 -2.37664 -1.89464 -0.907317 0.531755 1.89643 -0.213328 -0.950985 2.60847 1.1278 1.63171
1.22942 1.41693 2.85921 -0.50177 -0.26006 -1.27634 -2.37664 -1.89464 -0.907317 0.531755 1.89643 -0.213328 -0.950985 2.60847 1.1278 1.63171
