28.96
28.97
28.981
28.991
29.002
29.012
29.022
29.042
29.062
29.082
29.104
29.124
29.144
29.165
29.185
29.206
29.227
29.268
29.308
29.347
29.386
29.424
29.464
29.502
29.541
29.58
29.618
29.657
29.695
29.734
29.772
29.811
29.85
29.888
29.927
29.966
30.004
30.043
30.081
30.12
30.16
30.201
30.241
30.279
30.318
30.356
30.395
30.433
30.472
30.511
30.55
30.59
30.628
30.667
30.706
30.744
30.783
30.822
30.861
30.9
30.939
30.978
31.017
31.057
31.096
31.135
31.174
31.214
31.255
31.296
31.335
31.373
31.411
31.45
31.489
31.527
31.566
31.605
31.644
31.683
31.721
31.76
31.798
31.837
31.876
31.915
31.955
31.994
32.033
32.072
32.111
32.149
32.187
32.233
32.273
32.315
32.354
32.393
32.432
32.47
32.509
32.548
34.115
34.125
34.136
34.146
34.157
34.167
34.178
34.188
34.208
34.227
34.272
34.312
34.353
34.392
34.43
34.469
34.507
34.546
34.587
34.626
34.666
34.705
34.743
34.782
34.823
34.862
34.901
34.941
34.98
35.02
35.059
35.098
35.136
35.174
35.213
35.251
35.295
35.335
35.376
35.415
35.454
35.492
35.531
35.569
35.608
35.647
35.685
35.724
35.763
35.802
35.841
35.88
35.919
35.958
35.997
36.036
36.075
