2.70982 0.650512 2.21153 -1.63135 -2.38348 -1.59957 -3.06686 -1.75402 2.60504 2.82723 -0.235014 -2.29126 -1.82331 1.18672 -0.25872 -1.0455
2.70838 0.650512 2.21153 -1.63135 -2.38348 -1.59957 -3.06686 -1.75402 2.60504 2.82723 -0.235014 -2.29126 -1.82331 1.18672 -0.25872 -1.0455
2.70712 0.650512 2.21153 -1.63135 -2.38348 -1.59957 -3.06686 -1.75402 2.60504 2.82723 -0.235014 -2.29126 -1.82331 1.18672 -0.25872 -1.0455
2.7057 0.650512 2.21153 -1.63135 -2.38348 -1.59957 -3.06686 -1.75402 2.60504 2.82723 -0.235014 -2.29126 -1.82331 1.18672 -0.25872 -1.0455
2.70395 0.650512 2.21153 -1.63135 -2.38348 -1.59957 -3.06686 -1.75402 2.60504 2.82723 -0.235014 -2.29126 -1.82331 1.18672 -0.25872 -1.0455
2.70223 0.650512 2.21153 -1.63135 -2.38348 -1.59957 -3.06686 -1.75402 2.60504 2.82723 -0.235014 -2.29126 -1.82331 1.18672 -0.25872 -1.0455
2.70052 0.650512 2.21153 -1.63135 -2.38348 -1.59957 -3.06686 -1.75402 2.60504 2.82723 -0.235014 -2.29126 -1.82331 1.18672 -0.25872 -1.0455
2.69879 0.650512 2.21153 -1.63135 -2.38348 -1.59957 -3.06686 -1.75402 2.60504 2.82723 -0.235014 -2.29126 -1.82331 1.18672 -0.25872 -1.0455
2.69707 0.650512 2.21153 -1.63135 -2.38348 -1.59957 -3.06686 -1.75402 2.60504 2.82723 -0.235014 -2.29126 -1.82331 1.18672 -0.25872 -1.0455
2.6953 0.650512 2.21153 -1.63135 -2.38348 -1.59957 -3.06686 -1.75402 2.60504 2.82723 -0.235014 -2.29126 -1.82331 1.18672 -0.25872 -1.0455
2.69348 0.650512 2.21153 -1.63135 -2.38348 -1.59957 -3.06686 -1.75402 2.60504 2.82723 -0.235014 -2.29126 -1.82331 1.18672 -0.25872 -1.0455
2.69162 0.650512 2.21153 -1.63135 -2.38348 -1.59957 -3.06686 -1.75402 2.60504 2.82723 -0.235014 -2.29126 -1.82331 1.18672 -0.25872 -1.0455
2.68975 0.650512 2.21153 -1.63135 -2.38348 -1.59957 -3.06686 -1.75402 2.60504 2.82723 -0.235014 -2.29126 -1.82331 1.18672 -0.25872 -1.0455
2.68784 0.650512 2.21153 -1.63135 -2.38348 -1.59957 -3.06686 -1.75402 2.60504 2.82723 -0.235014 -2.29126 -1.82331 1.18672 -0.25872 -1.0455
2.6859 0.650512 2.21153 -1.63135 -2.38348 -1.59957 -3.06686 -1.75402 2.60504 2.82723 -0.235014 -2.29126 -1.82331 1.18672 -0.25872 -1.0455
2.68401 0.650512 2.21153 -1.63135 -2.38348 -1.59957 -3.06686 -1.75402 2.60504 2.82723 -0.235014 -2.29126 -1.82331 1.18672 -0.25872 -1.0455
2.68218 0.650512 2.21153 -1.63135 -2.38348 -1.59957 -3.06686 -1.75402 2.60504 2.82723 -0.235014 -2.29126 -1.82331 1.18672 -0.25872 -1.0455
2.68035 0.650512 2.21153 -1.63135 -2.38348 -1.59957 -3.06686 -1.75402 2.60504 2.82723 -0.235014 -2.29126 -1.82331 1.18672 -0.25872 -1.0455
2.67847 0.650512 2.21153 -1.63135 -2.38348 -1.59957 -3.06686 -1.75402 2.60504 2.82723 -0.235014 -2.29126 -1.82331 1.18672 -0.25872 -1.0455
2.67666 0.650512 2.21153 -1.63135 -2.38348 -1.59957 -3.06686 -1.75402 2.60504 2.82723 -0.235014 -2.29126 -1.82331 1.18672 -0.25872 -1.0455
2.67321 0.650512 2.21153 -1.63135 -2.38348 -1.59957 -3.06686 -1.75402 2.60504 2.82723 -0.235014 -2.29126 -1.82331 1.18672 -0.25872 -1.0455
2.66975 0.650512 2.21153 -1.63135 -2.38348 -1.59957 -3.06686 -1.75402 2.60504 2.82723 -0.235014 -2.29126 -1.82331 1.18672 -0.25872 -1.0455
2.66632 0.650512 2.21153 -1.63135 -2.38348 -1.59957 -3.06686 -1.75402 2.60504 2.82723 -0.235014 -2.29126 -1.82331 1.18672 -0.25872 -1.0455
2.66287 0.650512 2.21153 -1.63135 -2.38348 -1.59957 -3.06686 -1.75402 2.60504 2.82723 -0.235014 -2.29126 -1.82331 1.18672 -0.25872 -1.0455
2.65925 0.650512 2.21153 -1.63135 -2.38348 -1.59957 -3.06686 -1.75402 2.60504 2.82723 -0.235014 -2.29126 -1.82331 1.18672 -0.25872 -1.0455
2.65572 0.650512 2.21153 -1.63135 -2.38348 -1.59957 -3.06686 -1.75402 2.60504 2.82723 -0.235014 -2.29126 -1.82331 1.18672 -0.25872 -1.0455
2.65214 0.650512 2.21153 -1.63135 -2.38348 -1.59957 -3.06686 -1.75402 2.60504 2.82723 -0.235014 -2.29126 -1.82331 1.18672 -0.25872 -1.0455
2.64858 0.650512 2.21153 -1.63135 -2.38348 -1.59957 -3.06686 -1.75402 2.60504 2.82723 -0.235014 -2.29126 -1.82331 1.18672 -0.25872 -1.0455
2.6449 0.650512 2.21153 -1.63135 -2.38348 -1.59957 -3.06686 -1.75402 2.60504 2.82723 -0.235014 -2.29126 -1.82331 1.18672 -0.25872 -1.0455
2.64126 0.650512 2.21153 -1.63135 -2.38348 -1.59957 -3.06686 -1.75402 2.60504 2.82723 -0.235014 -2.29126 -1.82331 1.18672 -0.25872 -1.0455
2.63757 0.650512 2.21153 -1.63135 -2.38348 -1.59957 -3.06686 -1.75402 2.60504 2.82723 -0.235014 -2.29126 -1.82331 1.18672 -0.25872 -1.0455
2.63389 0.650512 2.21153 -1.63135 -2.38348 -1.59957 -3.06686 -1.75402 2.60504 2.82723 -0.235014 -2.29126 -1.82331 1.18672 -0.25872 -1.0455
2.63022 0.650512 2.21153 -1.63135 -2.38348 -1.59957 -3.06686 -1.75402 2.60504 2.82723 -0.235014 -2.29126 -1.82331 1.18672 -0.25872 -1.0455
2.62635 0.650512 2.21153 -1.63135 -2.38348 -1.59957 -3.06686 -1.75402 2.60504 2.82723 -0.235014 -2.29126 -1.82331 1.18672 -0.25872 -1.0455
2.62242 0.650512 2.21153 -1.63135 -2.38348 -1.59957 -3.06686 -1.75402 2.60504 2.82723 -0.235014 -2.29126 -1.82331 1.18672 -0.25872 -1.0455
2.61875 0.650512 2.21153 -1.63135 -2.38348 -1.59957 -3.06686 -1.75402 2.60504 2.82723 -0.235014 -2.29126 -1.82331 1.18672 -0.25872 -1.0455
2.61505 0.650512 2.21153 -1.63135 -2.38348 -1.59957 -3.06686 -1.75402 2.60504 2.82723 -0.235014 -2.29126 -1.82331 1.18672 -0.25872 -1.0455
2.61128 0.650512 2.21153 -1.63135 -2.38348 -1.59957 -3.06686 -1.75402 2.60504 2.82723 -0.235014 -2.29126 -1.82331 1.18672 -0.25872 -1.0455
2.60744 0.650512 2.21153 -1.63135 -2.38348 -1.59957 -3.06686 -1.75402 2.60504 2.82723 -0.235014 -2.29126 -1.82331 1.18672 -0.25872 -1.0455
2.60357 0.650512 2.21153 -1.63135 -2.38348 -1.59957 -3.06686 -1.75402 2.60504 2.82723 -0.235014 -2.29126 -1.82331 1.18672 -0.25872 -1.0455
2.5997 0.650512 2.21153 -1.63135 -2.38348 -1.59957 -3.06686 -1.75402 2.60504 2.82723 -0.235014 -2.29126 -1.82331 1.18672 -0.25872 -1.0455
2.59565 0.650512 2.21153 -1.63135 -2.38348 -1.59957 -3.06686 -1.75402 2.60504 2.82723 -0.235014 -2.29126 -1.82331 1.18672 -0.25872 -1.0455
2.5917 0.650512 2.21153 -1.63135 -2.38348 -1.59957 -3.06686 -1.75402 2.60504 2.82723 -0.235014 -2.29126 -1.82331 1.18672 -0.25872 -1.0455
2.58757 0.650512 2.21153 -1.63135 -2.38348 -1.59957 -3.06686 -1.75402 2.60504 2.82723 -0.235014 -2.29126 -1.82331 1.18672 -0.25872 -1.0455
2.58365 0.650512 2.21153 -1.63135 -2.38348 -1.59957 -3.06686 -1.75402 2.60504 2.82723 -0.235014 -2.29126 -1.82331 1.18672 -0.25872 -1.0455
2.57978 0.650512 2.21153 -1.63135 -2.38348 -1.59957 -3.06686 -1.75402 2.60504 2.82723 -0.235014 -2.29126 -1.82331 1.18672 -0.25872 -1.0455
2.57592 0.650512 2.21153 -1.63135 -2.38348 -1.59957 -3.06686 -1.75402 2.60504 2.82723 -0.235014 -2.29126 -1.82331 1.18672 -0.25872 -1.0455
2.57196 0.650512 2.21153 -1.63135 -2.38348 -1.59957 -3.06686 -1.75402 2.60504 2.82723 -0.235014 -2.29126 -1.82331 1.18672 -0.25872 -1.0455
2.56797 0.650512 2.21153 -1.63135 -2.38348 -1.59957 -3.06686 -1.75402 2.60504 2.82723 -0.235014 -2.29126 -1.82331 1.18672 -0.25872 -1.0455
2.56397 0.650512 2.21153 -1.63135 -2.38348 -1.59957 -3.06686 -1.75402 2.60504 2.82723 -0.235014 -2.29126 -1.82331 1.18672 -0.25872 -1.0455
2.55981 0.650512 2.21153 -1.63135 -2.38348 -1.59957 -3.06686 -1.75402 2.60504 2.82723 -0.235014 -2.29126 -1.82331 1.18672 -0.25872 -1.0455
2.55581 0.650512 2.21153 -1.63135 -2.38348 -1.59957 -3.06686 -1.75402 2.60504 2.82723 -0.235014 -2.29126 -1.82331 1.18672 -0.25872 -1.0455
2.55179 0.650512 2.21153 -1.63135 -2.38348 -1.59957 -3.06686 -1.75402 2.60504 2.82723 -0.235014 -2.29126 -1.82331 1.18672 -0.25872 -1.0455
2.54766 0.650512 2.21153 -1.63135 -2.38348 -1.59957 -3.06686 -1.75402 2.60504 2.82723 -0.235014 -2.29126 -1.82331 1.18672 -0.25872 -1.0455
2.54355 0.650512 2.21153 -1.63135 -2.38348 -1.59957 -3.06686 -1.75402 2.60504 2.82723 -0.235014 -2.29126 -1.82331 1.18672 -0.25872 -1.0455
2.53948 0.650512 2.21153 -1.63135 -2.38348 -1.59957 -3.06686 -1.75402 2.60504 2.82723 -0.235014 -2.29126 -1.82331 1.18672 -0.25872 -1.0455
2.53539 0.650512 2.21153 -1.63135 -2.38348 -1.59957 -3.06686 -1.75402 2.60504 2.82723 -0.235014 -2.29126 -1.82331 1.18672 -0.25872 -1.0455
2.53124 0.650512 2.21153 -1.63135 -2.38348 -1.59957 -3.06686 -1.75402 2.60504 2.82723 -0.235014 -2.29126 -1.82331 1.18672 -0.25872 -1.0455
2.52708 0.650512 2.21153 -1.63135 -2.38348 -1.59957 -3.06686 -1.75402 2.60504 2.82723 -0.235014 -2.29126 -1.82331 1.18672 -0.25872 -1.0455
2.52279 0.650512 2.21153 -1.63135 -2.38348 -1.59957 -3.06686 -1.75402 2.60504 2.82723 -0.235014 -2.29126 -1.82331 1.18672 -0.25872 -1.0455
2.51861 0.650512 2.21153 -1.63135 -2.38348 -1.59957 -3.06686 -1.75402 2.60504 2.82723 -0.235014 -2.29126 -1.82331 1.18672 -0.25872 -1.0455
2.51445 0.650512 2.21153 -1.63135 -2.38348 -1.59957 -3.06686 -1.75402 2.60504 2.82723 -0.235014 -2.29126 -1.82331 1.18672 -0.25872 -1.0455
2.51021 0.650512 2.21153 -1.63135 -2.38348 -1.59957 -3.06686 -1.75402 2.60504 2.82723 -0.235014 -2.29126 -1.82331 1.18672 -0.25872 -1.0455
2.50591 0.650512 2.21153 -1.63135 -2.38348 -1.59957 -3.06686 -1.75402 2.60504 2.82723 -0.235014 -2.29126 -1.82331 1.18672 -0.25872 -1.0455
2.50164 0.650512 2.21153 -1.63135 -2.38348 -1.59957 -3.06686 -1.75402 2.60504 2.82723 -0.235014 -2.29126 -1.82331 1.18672 -0.25872 -1.0455
2.49733 0.650512 2.21153 -1.63135 -2.38348 -1.59957 -3.06686 -1.75402 2.60504 2.82723 -0.235014 -2.29126 -1.82331 1.18672 -0.25872 -1.0455
2.49297 0.650512 2.21153 -1.63135 -2.38348 -1.59957 -3.06686 -1.75402 2.60504 2.82723 -0.235014 -2.29126 -1.82331 1.18672 -0.25872 -1.0455
2.48857 0.650512 2.21153 -1.63135 -2.38348 -1.59957 -3.06686 -1.75402 2.60504 2.82723 -0.235014 -2.29126 -1.82331 1.18672 -0.25872 -1.0455
2.48394 0.650512 2.21153 -1.63135 -2.38348 -1.59957 -3.06686 -1.75402 2.60504 2.82723 -0.235014 -2.29126 -1.82331 1.18672 -0.25872 -1.0455
2.47956 0.650512 2.21153 -1.63135 -2.38348 -1.59957 -3.06686 -1.75402 2.60504 2.82723 -0.235014 -2.29126 -1.82331 1.18672 -0.25872 -1.0455
2.47518 0.650512 2.21153 -1.63135 -2.38348 -1.59957 -3.06686 -1.75402 2.60504 2.82723 -0.235014 -2.29126 -1.82331 1.18672 -0.25872 -1.0455
2.4708 0.650512 2.21153 -1.63135 -2.38348 -1.59957 -3.06686 -1.75402 2.60504 2.82723 -0.235014 -2.29126 -1.82331 1.18672 -0.25872 -1.0455
2.46634 0.650512 2.21153 -1.63135 -2.38348 -1.59957 -3.06686 -1.75402 2.60504 2.82723 -0.235014 -2.29126 -1.82331 1.18672 -0.25872 -1.0455
2.46192 0.650512 2.21153 -1.63135 -2.38348 -1.59957 -3.06686 -1.75402 2.60504 2.82723 -0.235014 -2.29126 -1.82331 1.18672 -0.25872 -1.0455
2.45746 0.650512 2.21153 -1.63135 -2.38348 -1.59957 -3.06686 -1.75402 2.60504 2.82723 -0.235014 -2.29126 -1.82331 1.18672 -0.25872 -1.0455
2.45298 0.650512 2.21153 -1.63135 -2.38348 -1.59957 -3.06686 -1.75402 2.60504 2.82723 -0.235014 -2.29126 -1.82331 1.18672 -0.25872 -1.0455
2.44842 0.650512 2.21153 -1.63135 -2.38348 -1.59957 -3.06686 -1.75402 2.60504 2.82723 -0.235014 -2.29126 -1.82331 1.18672 -0.25872 -1.0455
2.44386 0.650512 2.21153 -1.63135 -2.38348 -1.59957 -3.06686 -1.75402 2.60504 2.82723 -0.235014 -2.29126 -1.82331 1.18672 -0.25872 -1.0455
2.43923 0.650512 2.21153 -1.63135 -2.38348 -1.59957 -3.06686 -1.75402 2.60504 2.82723 -0.235014 -2.29126 -1.82331 1.18672 -0.25872 -1.0455
2.42394 0.650512 2.21153 -1.63135 -2.38348 -1.59957 -3.06686 -1.75402 2.60504 2.82723 -0.235014 -2.29126 -1.82331 1.18672 -0.25872 -1.0455
2.42394 0.650512 2.21153 -1.63135 -2.38348 -1.59957 -3.06686 -1.75402 2.60504 2.82723 -0.235014 -2.29126 -1.82331 1.18672 -0.25872 -1.0455
2.42394 0.650512 2.21153 -1.63135 -2.38348 -1.59957 -3.06686 -1.75402 2.60504 2.82723 -0.235014 -2.29126 -1.82331 1.18672 -0.25872 -1.0455
2.42411 0.650512 2.21153 -1.63135 -2.38348 -1.59957 -3.06686 -1.75402 2.60504 2.82723 -0.235014 -2.29126 -1.82331 1.18672 -0.25872 -1.0455
2.42507 0.650512 2.21153 -1.63135 -2.38348 -1.59957 -3.06686 -1.75402 2.60504 2.82723 -0.235014 -2.29126 -1.82331 1.18672 -0.25872 -1.0455
2.42633 0.650512 2.21153 -1.63135 -2.38348 -1.59957 -3.06686 -1.75402 2.60504 2.82723 -0.235014 -2.29126 -1.82331 1.18672 -0.25872 -1.0455
2.42774 0.650512 2.21153 -1.63135 -2.38348 -1.59957 -3.06686 -1.75402 2.60504 2.82723 -0.235014 -2.29126 -1.82331 1.18672 -0.25872 -1.0455
2.4293 0.650512 2.21153 -1.63135 -2.38348 -1.59957 -3.06686 -1.75402 2.60504 2.82723 -0.235014 -2.29126 -1.82331 1.18672 -0.25872 -1.0455
2.43098 0.650512 2.21153 -1.63135 -2.38348 -1.59957 -3.06686 -1.75402 2.60504 2.82723 -0.235014 -2.29126 -1.82331 1.18672 -0.25872 -1.0455
2.43268 0.650512 2.21153 -1.63135 -2.38348 -1.59957 -3.06686 -1.75402 2.60504 2.82723 -0.235014 -2.29126 -1.82331 1.18672 -0.25872 -1.0455
2.43589 0.650512 2.21153 -1.63135 -2.38348 -1.59957 -3.06686 -1.75402 2.60504 2.82723 -0.235014 -2.29126 -1.82331 1.18672 -0.25872 -1.0455
2.43937 0.650512 2.21153 -1.63135 -2.38348 -1.59957 -3.06686 -1.75402 2.60504 2.82723 -0.235014 -2.29126 -1.82331 1.18672 -0.25872 -1.0455
2.44353 0.650512 2.21153 -1.63135 -2.38348 -1.59957 -3.06686 -1.75402 2.60504 2.82723 -0.235014 -2.29126 -1.82331 1.18672 -0.25872 -1.0455
2.44845 0.650512 2.21153 -1.63135 -2.38348 -1.59957 -3.06686 -1.75402 2.60504 2.82723 -0.235014 -2.29126 -1.82331 1.18672 -0.25872 -1.0455
2.45383 0.650512 2.21153 -1.63135 -2.38348 -1.59957 -3.06686 -1.75402 2.60504 2.82723 -0.235014 -2.29126 -1.82331 1.18672 -0.25872 -1.0455
2.4597 0.650512 2.21153 -1.63135 -2.38348 -1.59957 -3.06686 -1.75402 2.60504 2.82723 -0.235014 -2.29126 -1.82331 1.18672 -0.25872 -1.0455
2.46618 0.650512 2.21153 -1.63135 -2.38348 -1.59957 -3.06686 -1.75402 2.60504 2.82723 -0.235014 -2.29126 -1.82331 1.18672 -0.25872 -1.0455
2.47288 0.650512 2.21153 -1.63135 -2.38348 -1.59957 -3.06686 -1.75402 2.60504 2.82723 -0.235014 -2.29126 -1.82331 1.18672 -0.25872 -1.0455
2.47991 0.650512 2.21153 -1.63135 -2.38348 -1.59957 -3.06686 -1.75402 2.60504 2.82723 -0.235014 -2.29126 -1.82331 1.18672 -0.25872 -1.0455
2.48722 0.650512 2.21153 -1.63135 -2.38348 -1.59957 -3.06686 -1.75402 2.60504 2.82723 -0.235014 -2.29126 -1.82331 1.18672 -0.25872 -1.0455
2.49452 0.650512 2.21153 -1.63135 -2.38348 -1.59957 -3.06686 -1.75402 2.60504 2.82723 -0.235014 -2.29126 -1.82331 1.18672 -0.25872 -1.0455
2.50188 0.650512 2.21153 -1.63135 -2.38348 -1.59957 -3.06686 -1.75402 2.60504 2.82723 -0.235014 -2.29126 -1.82331 1.18672 -0.25872 -1.0455
2.50949 0.650512 2.21153 -1.63135 -2.38348 -1.59957 -3.06686 -1.75402 2.60504 2.82723 -0.235014 -2.29126 -1.82331 1.18672 -0.25872 -1.0455
2.51727 0.650512 2.21153 -1.63135 -2.38348 -1.59957 -3.06686 -1.75402 2.60504 2.82723 -0.235014 -2.29126 -1.82331 1.18672 -0.25872 -1.0455
2.52539 0.650512 2.21153 -1.63135 -2.38348 -1.59957 -3.06686 -1.75402 2.60504 2.82723 -0.235014 -2.29126 -1.82331 1.18672 -0.25872 -1.0455
2.53383 0.650512 2.21153 -1.63135 -2.38348 -1.59957 -3.06686 -1.75402 2.60504 2.82723 -0.235014 -2.29126 -1.82331 1.18672 -0.25872 -1.0455
2.54306 0.650512 2.21153 -1.63135 -2.38348 -1.59957 -3.06686 -1.75402 2.60504 2.82723 -0.235014 -2.29126 -1.82331 1.18672 -0.25872 -1.0455
2.55235 0.650512 2.21153 -1.63135 -2.38348 -1.59957 -3.06686 -1.75402 2.60504 2.82723 -0.235014 -2.29126 -1.82331 1.18672 -0.25872 -1.0455
2.56341 0.650512 2.21153 -1.63135 -2.38348 -1.59957 -3.06686 -1.75402 2.60504 2.82723 -0.235014 -2.29126 -1.82331 1.18672 -0.25872 -1.0455
2.57349 0.650512 2.21153 -1.63135 -2.38348 -1.59957 -3.06686 -1.75402 2.60504 2.82723 -0.235014 -2.29126 -1.82331 1.18672 -0.25872 -1.0455
2.58392 0.650512 2.21153 -1.63135 -2.38348 -1.59957 -3.06686 -1.75402 2.60504 2.82723 -0.235014 -2.29126 -1.82331 1.18672 -0.25872 -1.0455
2.59458 0.650512 2.21153 -1.63135 -2.38348 -1.59957 -3.06686 -1.75402 2.60504 2.82723 -0.235014 -2.29126 -1.82331 1.18672 -0.25872 -1.0455
2.60524 0.650512 2.21153 -1.63135 -2.38348 -1.59957 -3.06686 -1.75402 2.60504 2.82723 -0.235014 -2.29126 -1.82331 1.18672 -0.25872 -1.0455
2.61622 0.650512 2.21153 -1.63135 -2.38348 -1.59957 -3.06686 -1.75402 2.60504 2.82723 -0.235014 -2.29126 -1.82331 1.18672 -0.25872 -1.0455
2.62792 0.650512 2.21153 -1.63135 -2.38348 -1.59957 -3.06686 -1.75402 2.60504 2.82723 -0.235014 -2.29126 -1.82331 1.18672 -0.25872 -1.0455
2.63976 0.650512 2.21153 -1.63135 -2.38348 -1.59957 -3.06686 -1.75402 2.60504 2.82723 -0.235014 -2.29126 -1.82331 1.18672 -0.25872 -1.0455
