3.807
3.817
3.827
3.838
3.848
3.859
3.869
3.88
3.89
3.902
3.922
3.943
3.963
3.984
4.004
4.026
4.046
4.067
4.088
4.108
4.146
4.185
4.223
4.262
4.302
4.341
4.38
4.418
4.456
4.495
4.534
4.573
4.612
4.654
4.692
4.731
4.77
4.809
4.847
4.887
4.926
4.967
5.008
5.047
5.086
5.124
5.163
5.201
5.24
5.279
5.319
5.358
5.397
5.435
5.474
5.513
5.551
5.59
5.629
5.669
5.707
5.746
5.784
5.823
5.862
5.901
5.941
5.982
6.021
6.06
6.098
6.137
6.175
6.214
6.253
6.292
6.33
6.37
6.409
7.151
7.162
7.173
7.184
7.194
7.205
7.216
7.226
7.237
7.251
7.289
7.328
7.367
7.405
7.444
7.482
7.521
7.56
7.599
7.638
7.677
7.716
7.754
7.793
7.832
7.873
7.912
7.951
7.998
8.037
8.078
8.117
8.156
8.195
8.234
8.273
