1.25005 -1.1089 -0.357856 -1.50609 -2.97252 1.82632 0.741302 -1.89926 1.40605 -1.03144 -0.237541 0.410084 0.254587 1.20052 -1.2369 0.280722
1.25005 -1.1089 -0.357856 -1.50609 -2.97252 1.82632 0.741302 -1.89926 1.40605 -1.03144 -0.237541 0.410084 0.254587 1.20052 -1.2369 0.280722
1.25005 -1.1089 -0.357856 -1.50609 -2.97252 1.82632 0.741302 -1.89926 1.40605 -1.03144 -0.237541 0.410084 0.254587 1.20052 -1.2369 0.280722
1.25005 -1.1089 -0.357856 -1.50609 -2.97252 1.82632 0.741302 -1.89926 1.40605 -1.03144 -0.237541 0.410084 0.254587 1.20052 -1.2369 0.280722
1.25005 -1.1089 -0.357856 -1.50609 -2.97252 1.82632 0.741302 -1.89926 1.40605 -1.03144 -0.237541 0.410084 0.254587 1.20052 -1.2369 0.280722
1.25005 -1.1089 -0.357856 -1.50609 -2.97252 1.82632 0.741302 -1.89926 1.40605 -1.03144 -0.237541 0.410084 0.254587 1.20052 -1.2369 0.280722
1.25041 -1.1089 -0.357856 -1.50609 -2.97252 1.82632 0.741302 -1.89926 1.40605 -1.03144 -0.237541 0.410084 0.254587 1.20052 -1.2369 0.280722
1.25091 -1.1089 -0.357856 -1.50609 -2.97252 1.82632 0.741302 -1.89926 1.40605 -1.03144 -0.237541 0.410084 0.254587 1.20052 -1.2369 0.280722
1.25141 -1.1089 -0.357856 -1.50609 -2.97252 1.82632 0.741302 -1.89926 1.40605 -1.03144 -0.237541 0.410084 0.254587 1.20052 -1.2369 0.280722
1.25183 -1.1089 -0.357856 -1.50609 -2.97252 1.82632 0.741302 -1.89926 1.40605 -1.03144 -0.237541 0.410084 0.254587 1.20052 -1.2369 0.280722
1.25223 -1.1089 -0.357856 -1.50609 -2.97252 1.82632 0.741302 -1.89926 1.40605 -1.03144 -0.237541 0.410084 0.254587 1.20052 -1.2369 0.280722
1.25264 -1.1089 -0.357856 -1.50609 -2.97252 1.82632 0.741302 -1.89926 1.40605 -1.03144 -0.237541 0.410084 0.254587 1.20052 -1.2369 0.280722
1.2531 -1.1089 -0.357856 -1.50609 -2.97252 1.82632 0.741302 -1.89926 1.40605 -1.03144 -0.237541 0.410084 0.254587 1.20052 -1.2369 0.280722
1.25362 -1.1089 -0.357856 -1.50609 -2.97252 1.82632 0.741302 -1.89926 1.40605 -1.03144 -0.237541 0.410084 0.254587 1.20052 -1.2369 0.280722
1.25421 -1.1089 -0.357856 -1.50609 -2.97252 1.82632 0.741302 -1.89926 1.40605 -1.03144 -0.237541 0.410084 0.254587 1.20052 -1.2369 0.280722
1.25484 -1.1089 -0.357856 -1.50609 -2.97252 1.82632 0.741302 -1.89926 1.40605 -1.03144 -0.237541 0.410084 0.254587 1.20052 -1.2369 0.280722
1.2555 -1.1089 -0.357856 -1.50609 -2.97252 1.82632 0.741302 -1.89926 1.40605 -1.03144 -0.237541 0.410084 0.254587 1.20052 -1.2369 0.280722
1.25622 -1.1089 -0.357856 -1.50609 -2.97252 1.82632 0.741302 -1.89926 1.40605 -1.03144 -0.237541 0.410084 0.254587 1.20052 -1.2369 0.280722
1.25702 -1.1089 -0.357856 -1.50609 -2.97252 1.82632 0.741302 -1.89926 1.40605 -1.03144 -0.237541 0.410084 0.254587 1.20052 -1.2369 0.280722
1.25781 -1.1089 -0.357856 -1.50609 -2.97252 1.82632 0.741302 -1.89926 1.40605 -1.03144 -0.237541 0.410084 0.254587 1.20052 -1.2369 0.280722
1.25927 -1.1089 -0.357856 -1.50609 -2.97252 1.82632 0.741302 -1.89926 1.40605 -1.03144 -0.237541 0.410084 0.254587 1.20052 -1.2369 0.280722
1.26085 -1.1089 -0.357856 -1.50609 -2.97252 1.82632 0.741302 -1.89926 1.40605 -1.03144 -0.237541 0.410084 0.254587 1.20052 -1.2369 0.280722
1.26254 -1.1089 -0.357856 -1.50609 -2.97252 1.82632 0.741302 -1.89926 1.40605 -1.03144 -0.237541 0.410084 0.254587 1.20052 -1.2369 0.280722
1.26442 -1.1089 -0.357856 -1.50609 -2.97252 1.82632 0.741302 -1.89926 1.40605 -1.03144 -0.237541 0.410084 0.254587 1.20052 -1.2369 0.280722
1.26653 -1.1089 -0.357856 -1.50609 -2.97252 1.82632 0.741302 -1.89926 1.40605 -1.03144 -0.237541 0.410084 0.254587 1.20052 -1.2369 0.280722
1.26873 -1.1089 -0.357856 -1.50609 -2.97252 1.82632 0.741302 -1.89926 1.40605 -1.03144 -0.237541 0.410084 0.254587 1.20052 -1.2369 0.280722
1.27084 -1.1089 -0.357856 -1.50609 -2.97252 1.82632 0.741302 -1.89926 1.40605 -1.03144 -0.237541 0.410084 0.254587 1.20052 -1.2369 0.280722
1.2729 -1.1089 -0.357856 -1.50609 -2.97252 1.82632 0.741302 -1.89926 1.40605 -1.03144 -0.237541 0.410084 0.254587 1.20052 -1.2369 0.280722
1.27503 -1.1089 -0.357856 -1.50609 -2.97252 1.82632 0.741302 -1.89926 1.40605 -1.03144 -0.237541 0.410084 0.254587 1.20052 -1.2369 0.280722
1.27733 -1.1089 -0.357856 -1.50609 -2.97252 1.82632 0.741302 -1.89926 1.40605 -1.03144 -0.237541 0.410084 0.254587 1.20052 -1.2369 0.280722
1.27969 -1.1089 -0.357856 -1.50609 -2.97252 1.82632 0.741302 -1.89926 1.40605 -1.03144 -0.237541 0.410084 0.254587 1.20052 -1.2369 0.280722
1.28206 -1.1089 -0.357856 -1.50609 -2.97252 1.82632 0.741302 -1.89926 1.40605 -1.03144 -0.237541 0.410084 0.254587 1.20052 -1.2369 0.280722
1.28457 -1.1089 -0.357856 -1.50609 -2.97252 1.82632 0.741302 -1.89926 1.40605 -1.03144 -0.237541 0.410084 0.254587 1.20052 -1.2369 0.280722
1.28697 -1.1089 -0.357856 -1.50609 -2.97252 1.82632 0.741302 -1.89926 1.40605 -1.03144 -0.237541 0.410084 0.254587 1.20052 -1.2369 0.280722
1.2894 -1.1089 -0.357856 -1.50609 -2.97252 1.82632 0.741302 -1.89926 1.40605 -1.03144 -0.237541 0.410084 0.254587 1.20052 -1.2369 0.280722
1.29184 -1.1089 -0.357856 -1.50609 -2.97252 1.82632 0.741302 -1.89926 1.40605 -1.03144 -0.237541 0.410084 0.254587 1.20052 -1.2369 0.280722
1.2943 -1.1089 -0.357856 -1.50609 -2.97252 1.82632 0.741302 -1.89926 1.40605 -1.03144 -0.237541 0.410084 0.254587 1.20052 -1.2369 0.280722
1.29694 -1.1089 -0.357856 -1.50609 -2.97252 1.82632 0.741302 -1.89926 1.40605 -1.03144 -0.237541 0.410084 0.254587 1.20052 -1.2369 0.280722
1.29968 -1.1089 -0.357856 -1.50609 -2.97252 1.82632 0.741302 -1.89926 1.40605 -1.03144 -0.237541 0.410084 0.254587 1.20052 -1.2369 0.280722
1.3024 -1.1089 -0.357856 -1.50609 -2.97252 1.82632 0.741302 -1.89926 1.40605 -1.03144 -0.237541 0.410084 0.254587 1.20052 -1.2369 0.280722
1.30518 -1.1089 -0.357856 -1.50609 -2.97252 1.82632 0.741302 -1.89926 1.40605 -1.03144 -0.237541 0.410084 0.254587 1.20052 -1.2369 0.280722
1.30809 -1.1089 -0.357856 -1.50609 -2.97252 1.82632 0.741302 -1.89926 1.40605 -1.03144 -0.237541 0.410084 0.254587 1.20052 -1.2369 0.280722
1.31114 -1.1089 -0.357856 -1.50609 -2.97252 1.82632 0.741302 -1.89926 1.40605 -1.03144 -0.237541 0.410084 0.254587 1.20052 -1.2369 0.280722
1.314 -1.1089 -0.357856 -1.50609 -2.97252 1.82632 0.741302 -1.89926 1.40605 -1.03144 -0.237541 0.410084 0.254587 1.20052 -1.2369 0.280722
1.31696 -1.1089 -0.357856 -1.50609 -2.97252 1.82632 0.741302 -1.89926 1.40605 -1.03144 -0.237541 0.410084 0.254587 1.20052 -1.2369 0.280722
1.31997 -1.1089 -0.357856 -1.50609 -2.97252 1.82632 0.741302 -1.89926 1.40605 -1.03144 -0.237541 0.410084 0.254587 1.20052 -1.2369 0.280722
1.32312 -1.1089 -0.357856 -1.50609 -2.97252 1.82632 0.741302 -1.89926 1.40605 -1.03144 -0.237541 0.410084 0.254587 1.20052 -1.2369 0.280722
1.32649 -1.1089 -0.357856 -1.50609 -2.97252 1.82632 0.741302 -1.89926 1.40605 -1.03144 -0.237541 0.410084 0.254587 1.20052 -1.2369 0.280722
1.32999 -1.1089 -0.357856 -1.50609 -2.97252 1.82632 0.741302 -1.89926 1.40605 -1.03144 -0.237541 0.410084 0.254587 1.20052 -1.2369 0.280722
1.33358 -1.1089 -0.357856 -1.50609 -2.97252 1.82632 0.741302 -1.89926 1.40605 -1.03144 -0.237541 0.410084 0.254587 1.20052 -1.2369 0.280722
1.33701 -1.1089 -0.357856 -1.50609 -2.97252 1.82632 0.741302 -1.89926 1.40605 -1.03144 -0.237541 0.410084 0.254587 1.20052 -1.2369 0.280722
1.34043 -1.1089 -0.357856 -1.50609 -2.97252 1.82632 0.741302 -1.89926 1.40605 -1.03144 -0.237541 0.410084 0.254587 1.20052 -1.2369 0.280722
1.34425 -1.1089 -0.357856 -1.50609 -2.97252 1.82632 0.741302 -1.89926 1.40605 -1.03144 -0.237541 0.410084 0.254587 1.20052 -1.2369 0.280722
1.34818 -1.1089 -0.357856 -1.50609 -2.97252 1.82632 0.741302 -1.89926 1.40605 -1.03144 -0.237541 0.410084 0.254587 1.20052 -1.2369 0.280722
1.35203 -1.1089 -0.357856 -1.50609 -2.97252 1.82632 0.741302 -1.89926 1.40605 -1.03144 -0.237541 0.410084 0.254587 1.20052 -1.2369 0.280722
1.35571 -1.1089 -0.357856 -1.50609 -2.97252 1.82632 0.741302 -1.89926 1.40605 -1.03144 -0.237541 0.410084 0.254587 1.20052 -1.2369 0.280722
1.35962 -1.1089 -0.357856 -1.50609 -2.97252 1.82632 0.741302 -1.89926 1.40605 -1.03144 -0.237541 0.410084 0.254587 1.20052 -1.2369 0.280722
1.36374 -1.1089 -0.357856 -1.50609 -2.97252 1.82632 0.741302 -1.89926 1.40605 -1.03144 -0.237541 0.410084 0.254587 1.20052 -1.2369 0.280722
1.36805 -1.1089 -0.357856 -1.50609 -2.97252 1.82632 0.741302 -1.89926 1.40605 -1.03144 -0.237541 0.410084 0.254587 1.20052 -1.2369 0.280722
1.37225 -1.1089 -0.357856 -1.50609 -2.97252 1.82632 0.741302 -1.89926 1.40605 -1.03144 -0.237541 0.410084 0.254587 1.20052 -1.2369 0.280722
1.37651 -1.1089 -0.357856 -1.50609 -2.97252 1.82632 0.741302 -1.89926 1.40605 -1.03144 -0.237541 0.410084 0.254587 1.20052 -1.2369 0.280722
1.38099 -1.1089 -0.357856 -1.50609 -2.97252 1.82632 0.741302 -1.89926 1.40605 -1.03144 -0.237541 0.410084 0.254587 1.20052 -1.2369 0.280722
1.38558 -1.1089 -0.357856 -1.50609 -2.97252 1.82632 0.741302 -1.89926 1.40605 -1.03144 -0.237541 0.410084 0.254587 1.20052 -1.2369 0.280722
1.39025 -1.1089 -0.357856 -1.50609 -2.97252 1.82632 0.741302 -1.89926 1.40605 -1.03144 -0.237541 0.410084 0.254587 1.20052 -1.2369 0.280722
1.39486 -1.1089 -0.357856 -1.50609 -2.97252 1.82632 0.741302 -1.89926 1.40605 -1.03144 -0.237541 0.410084 0.254587 1.20052 -1.2369 0.280722
1.39971 -1.1089 -0.357856 -1.50609 -2.97252 1.82632 0.741302 -1.89926 1.40605 -1.03144 -0.237541 0.410084 0.254587 1.20052 -1.2369 0.280722
1.40459 -1.1089 -0.357856 -1.50609 -2.97252 1.82632 0.741302 -1.89926 1.40605 -1.03144 -0.237541 0.410084 0.254587 1.20052 -1.2369 0.280722
1.40972 -1.1089 -0.357856 -1.50609 -2.97252 1.82632 0.741302 -1.89926 1.40605 -1.03144 -0.237541 0.410084 0.254587 1.20052 -1.2369 0.280722
1.41483 -1.1089 -0.357856 -1.50609 -2.97252 1.82632 0.741302 -1.89926 1.40605 -1.03144 -0.237541 0.410084 0.254587 1.20052 -1.2369 0.280722
1.4201 -1.1089 -0.357856 -1.50609 -2.97252 1.82632 0.741302 -1.89926 1.40605 -1.03144 -0.237541 0.410084 0.254587 1.20052 -1.2369 0.280722
1.42583 -1.1089 -0.357856 -1.50609 -2.97252 1.82632 0.741302 -1.89926 1.40605 -1.03144 -0.237541 0.410084 0.254587 1.20052 -1.2369 0.280722
1.43173 -1.1089 -0.357856 -1.50609 -2.97252 1.82632 0.741302 -1.89926 1.40605 -1.03144 -0.237541 0.410084 0.254587 1.20052 -1.2369 0.280722
1.43722 -1.1089 -0.357856 -1.50609 -2.97252 1.82632 0.741302 -1.89926 1.40605 -1.03144 -0.237541 0.410084 0.254587 1.20052 -1.2369 0.280722
1.4429 -1.1089 -0.357856 -1.50609 -2.97252 1.82632 0.741302 -1.89926 1.40605 -1.03144 -0.237541 0.410084 0.254587 1.20052 -1.2369 0.280722
1.44925 -1.1089 -0.357856 -1.50609 -2.97252 1.82632 0.741302 -1.89926 1.40605 -1.03144 -0.237541 0.410084 0.254587 1.20052 -1.2369 0.280722
1.4555 -1.1089 -0.357856 -1.50609 -2.97252 1.82632 0.741302 -1.89926 1.40605 -1.03144 -0.237541 0.410084 0.254587 1.20052 -1.2369 0.280722
1.46189 -1.1089 -0.357856 -1.50609 -2.97252 1.82632 0.741302 -1.89926 1.40605 -1.03144 -0.237541 0.410084 0.254587 1.20052 -1.2369 0.280722
1.46853 -1.1089 -0.357856 -1.50609 -2.97252 1.82632 0.741302 -1.89926 1.40605 -1.03144 -0.237541 0.410084 0.254587 1.20052 -1.2369 0.280722
1.47507 -1.1089 -0.357856 -1.50609 -2.97252 1.82632 0.741302 -1.89926 1.40605 -1.03144 -0.237541 0.410084 0.254587 1.20052 -1.2369 0.280722
1.48172 -1.1089 -0.357856 -1.50609 -2.97252 1.82632 0.741302 -1.89926 1.40605 -1.03144 -0.237541 0.410084 0.254587 1.20052 -1.2369 0.280722
1.48854 -1.1089 -0.357856 -1.50609 -2.97252 1.82632 0.741302 -1.89926 1.40605 -1.03144 -0.237541 0.410084 0.254587 1.20052 -1.2369 0.280722
1.49544 -1.1089 -0.357856 -1.50609 -2.97252 1.82632 0.741302 -1.89926 1.40605 -1.03144 -0.237541 0.410084 0.254587 1.20052 -1.2369 0.280722
1.50253 -1.1089 -0.357856 -1.50609 -2.97252 1.82632 0.741302 -1.89926 1.40605 -1.03144 -0.237541 0.410084 0.254587 1.20052 -1.2369 0.280722
1.50981 -1.1089 -0.357856 -1.50609 -2.97252 1.82632 0.741302 -1.89926 1.40605 -1.03144 -0.237541 0.410084 0.254587 1.20052 -1.2369 0.280722
1.51722 -1.1089 -0.357856 -1.50609 -2.97252 1.82632 0.741302 -1.89926 1.40605 -1.03144 -0.237541 0.410084 0.254587 1.20052 -1.2369 0.280722
1.5179 -1.1089 -0.357856 -1.50609 -2.97252 1.82632 0.741302 -1.89926 1.40605 -1.03144 -0.237541 0.410084 0.254587 1.20052 -1.2369 0.280722
1.51569 -1.1089 -0.357856 -1.50609 -2.97252 1.82632 0.741302 -1.89926 1.40605 -1.03144 -0.237541 0.410084 0.254587 1.20052 -1.2369 0.280722
1.51343 -1.1089 -0.357856 -1.50609 -2.97252 1.82632 0.741302 -1.89926 1.40605 -1.03144 -0.237541 0.410084 0.254587 1.20052 -1.2369 0.280722
1.5111 -1.1089 -0.357856 -1.50609 -2.97252 1.82632 0.741302 -1.89926 1.40605 -1.03144 -0.237541 0.410084 0.254587 1.20052 -1.2369 0.280722
1.50885 -1.1089 -0.357856 -1.50609 -2.97252 1.82632 0.741302 -1.89926 1.40605 -1.03144 -0.237541 0.410084 0.254587 1.20052 -1.2369 0.280722
1.50652 -1.1089 -0.357856 -1.50609 -2.97252 1.82632 0.741302 -1.89926 1.40605 -1.03144 -0.237541 0.410084 0.254587 1.20052 -1.2369 0.280722
1.50425 -1.1089 -0.357856 -1.50609 -2.97252 1.82632 0.741302 -1.89926 1.40605 -1.03144 -0.237541 0.410084 0.254587 1.20052 -1.2369 0.280722
1.50197 -1.1089 -0.357856 -1.50609 -2.97252 1.82632 0.741302 -1.89926 1.40605 -1.03144 -0.237541 0.410084 0.254587 1.20052 -1.2369 0.280722
1.49967 -1.1089 -0.357856 -1.50609 -2.97252 1.82632 0.741302 -1.89926 1.40605 -1.03144 -0.237541 0.410084 0.254587 1.20052 -1.2369 0.280722
1.49737 -1.1089 -0.357856 -1.50609 -2.97252 1.82632 0.741302 -1.89926 1.40605 -1.03144 -0.237541 0.410084 0.254587 1.20052 -1.2369 0.280722
1.49311 -1.1089 -0.357856 -1.50609 -2.97252 1.82632 0.741302 -1.89926 1.40605 -1.03144 -0.237541 0.410084 0.254587 1.20052 -1.2369 0.280722
1.48882 -1.1089 -0.357856 -1.50609 -2.97252 1.82632 0.741302 -1.89926 1.40605 -1.03144 -0.237541 0.410084 0.254587 1.20052 -1.2369 0.280722
1.48447 -1.1089 -0.357856 -1.50609 -2.97252 1.82632 0.741302 -1.89926 1.40605 -1.03144 -0.237541 0.410084 0.254587 1.20052 -1.2369 0.280722
1.48013 -1.1089 -0.357856 -1.50609 -2.97252 1.82632 0.741302 -1.89926 1.40605 -1.03144 -0.237541 0.410084 0.254587 1.20052 -1.2369 0.280722
1.47579 -1.1089 -0.357856 -1.50609 -2.97252 1.82632 0.741302 -1.89926 1.40605 -1.03144 -0.237541 0.410084 0.254587 1.20052 -1.2369 0.280722
1.47141 -1.1089 -0.357856 -1.50609 -2.97252 1.82632 0.741302 -1.89926 1.40605 -1.03144 -0.237541 0.410084 0.254587 1.20052 -1.2369 0.280722
1.46694 -1.1089 -0.357856 -1.50609 -2.97252 1.82632 0.741302 -1.89926 1.40605 -1.03144 -0.237541 0.410084 0.254587 1.20052 -1.2369 0.280722
1.46242 -1.1089 -0.357856 -1.50609 -2.97252 1.82632 0.741302 -1.89926 1.40605 -1.03144 -0.237541 0.410084 0.254587 1.20052 -1.2369 0.280722
1.45787 -1.1089 -0.357856 -1.50609 -2.97252 1.82632 0.741302 -1.89926 1.40605 -1.03144 -0.237541 0.410084 0.254587 1.20052 -1.2369 0.280722
1.45349 -1.1089 -0.357856 -1.50609 -2.97252 1.82632 0.741302 -1.89926 1.40605 -1.03144 -0.237541 0.410084 0.254587 1.20052 -1.2369 0.280722
1.44877 -1.1089 -0.357856 -1.50609 -2.97252 1.82632 0.741302 -1.89926 1.40605 -1.03144 -0.237541 0.410084 0.254587 1.20052 -1.2369 0.280722
1.44437 -1.1089 -0.357856 -1.50609 -2.97252 1.82632 0.741302 -1.89926 1.40605 -1.03144 -0.237541 0.410084 0.254587 1.20052 -1.2369 0.280722
1.44002 -1.1089 -0.357856 -1.50609 -2.97252 1.82632 0.741302 -1.89926 1.40605 -1.03144 -0.237541 0.410084 0.254587 1.20052 -1.2369 0.280722
1.43553 -1.1089 -0.357856 -1.50609 -2.97252 1.82632 0.741302 -1.89926 1.40605 -1.03144 -0.237541 0.410084 0.254587 1.20052 -1.2369 0.280722
1.43102 -1.1089 -0.357856 -1.50609 -2.97252 1.82632 0.741302 -1.89926 1.40605 -1.03144 -0.237541 0.410084 0.254587 1.20052 -1.2369 0.280722
1.42648 -1.1089 -0.357856 -1.50609 -2.97252 1.82632 0.741302 -1.89926 1.40605 -1.03144 -0.237541 0.410084 0.254587 1.20052 -1.2369 0.280722
1.42195 -1.1089 -0.357856 -1.50609 -2.97252 1.82632 0.741302 -1.89926 1.40605 -1.03144 -0.237541 0.410084 0.254587 1.20052 -1.2369 0.280722
1.41739 -1.1089 -0.357856 -1.50609 -2.97252 1.82632 0.741302 -1.89926 1.40605 -1.03144 -0.237541 0.410084 0.254587 1.20052 -1.2369 0.280722
1.41276 -1.1089 -0.357856 -1.50609 -2.97252 1.82632 0.741302 -1.89926 1.40605 -1.03144 -0.237541 0.410084 0.254587 1.20052 -1.2369 0.280722
1.40821 -1.1089 -0.357856 -1.50609 -2.97252 1.82632 0.741302 -1.89926 1.40605 -1.03144 -0.237541 0.410084 0.254587 1.20052 -1.2369 0.280722
1.40371 -1.1089 -0.357856 -1.50609 -2.97252 1.82632 0.741302 -1.89926 1.40605 -1.03144 -0.237541 0.410084 0.254587 1.20052 -1.2369 0.280722
1.39914 -1.1089 -0.357856 -1.50609 -2.97252 1.82632 0.741302 -1.89926 1.40605 -1.03144 -0.237541 0.410084 0.254587 1.20052 -1.2369 0.280722
1.39451 -1.1089 -0.357856 -1.50609 -2.97252 1.82632 0.741302 -1.89926 1.40605 -1.03144 -0.237541 0.410084 0.254587 1.20052 -1.2369 0.280722
1.38977 -1.1089 -0.357856 -1.50609 -2.97252 1.82632 0.741302 -1.89926 1.40605 -1.03144 -0.237541 0.410084 0.254587 1.20052 -1.2369 0.280722
1.3851 -1.1089 -0.357856 -1.50609 -2.97252 1.82632 0.741302 -1.89926 1.40605 -1.03144 -0.237541 0.410084 0.254587 1.20052 -1.2369 0.280722
1.38048 -1.1089 -0.357856 -1.50609 -2.97252 1.82632 0.741302 -1.89926 1.40605 -1.03144 -0.237541 0.410084 0.254587 1.20052 -1.2369 0.280722
1.37579 -1.1089 -0.357856 -1.50609 -2.97252 1.82632 0.741302 -1.89926 1.40605 -1.03144 -0.237541 0.410084 0.254587 1.20052 -1.2369 0.280722
1.37106 -1.1089 -0.357856 -1.50609 -2.97252 1.82632 0.741302 -1.89926 1.40605 -1.03144 -0.237541 0.410084 0.254587 1.20052 -1.2369 0.280722
1.36623 -1.1089 -0.357856 -1.50609 -2.97252 1.82632 0.741302 -1.89926 1.40605 -1.03144 -0.237541 0.410084 0.254587 1.20052 -1.2369 0.280722
1.36145 -1.1089 -0.357856 -1.50609 -2.97252 1.82632 0.741302 -1.89926 1.40605 -1.03144 -0.237541 0.410084 0.254587 1.20052 -1.2369 0.280722
1.35672 -1.1089 -0.357856 -1.50609 -2.97252 1.82632 0.741302 -1.89926 1.40605 -1.03144 -0.237541 0.410084 0.254587 1.20052 -1.2369 0.280722
1.35195 -1.1089 -0.357856 -1.50609 -2.97252 1.82632 0.741302 -1.89926 1.40605 -1.03144 -0.237541 0.410084 0.254587 1.20052 -1.2369 0.280722
1.34706 -1.1089 -0.357856 -1.50609 -2.97252 1.82632 0.741302 -1.89926 1.40605 -1.03144 -0.237541 0.410084 0.254587 1.20052 -1.2369 0.280722
1.34228 -1.1089 -0.357856 -1.50609 -2.97252 1.82632 0.741302 -1.89926 1.40605 -1.03144 -0.237541 0.410084 0.254587 1.20052 -1.2369 0.280722
1.33741 -1.1089 -0.357856 -1.50609 -2.97252 1.82632 0.741302 -1.89926 1.40605 -1.03144 -0.237541 0.410084 0.254587 1.20052 -1.2369 0.280722
1.33228 -1.1089 -0.357856 -1.50609 -2.97252 1.82632 0.741302 -1.89926 1.40605 -1.03144 -0.237541 0.410084 0.254587 1.20052 -1.2369 0.280722
1.32742 -1.1089 -0.357856 -1.50609 -2.97252 1.82632 0.741302 -1.89926 1.40605 -1.03144 -0.237541 0.410084 0.254587 1.20052 -1.2369 0.280722
1.32262 -1.1089 -0.357856 -1.50609 -2.97252 1.82632 0.741302 -1.89926 1.40605 -1.03144 -0.237541 0.410084 0.254587 1.20052 -1.2369 0.280722
1.31769 -1.1089 -0.357856 -1.50609 -2.97252 1.82632 0.741302 -1.89926 1.40605 -1.03144 -0.237541 0.410084 0.254587 1.20052 -1.2369 0.280722
1.31274 -1.1089 -0.357856 -1.50609 -2.97252 1.82632 0.741302 -1.89926 1.40605 -1.03144 -0.237541 0.410084 0.254587 1.20052 -1.2369 0.280722
1.30781 -1.1089 -0.357856 -1.50609 -2.97252 1.82632 0.741302 -1.89926 1.40605 -1.03144 -0.237541 0.410084 0.254587 1.20052 -1.2369 0.280722
1.30267 -1.1089 -0.357856 -1.50609 -2.97252 1.82632 0.741302 -1.89926 1.40605 -1.03144 -0.237541 0.410084 0.254587 1.20052 -1.2369 0.280722
1.29768 -1.1089 -0.357856 -1.50609 -2.97252 1.82632 0.741302 -1.89926 1.40605 -1.03144 -0.237541 0.410084 0.254587 1.20052 -1.2369 0.280722
1.29268 -1.1089 -0.357856 -1.50609 -2.97252 1.82632 0.741302 -1.89926 1.40605 -1.03144 -0.237541 0.410084 0.254587 1.20052 -1.2369 0.280722
1.28765 -1.1089 -0.357856 -1.50609 -2.97252 1.82632 0.741302 -1.89926 1.40605 -1.03144 -0.237541 0.410084 0.254587 1.20052 -1.2369 0.280722
1.28261 -1.1089 -0.357856 -1.50609 -2.97252 1.82632 0.741302 -1.89926 1.40605 -1.03144 -0.237541 0.410084 0.254587 1.20052 -1.2369 0.280722
1.27761 -1.1089 -0.357856 -1.50609 -2.97252 1.82632 0.741302 -1.89926 1.40605 -1.03144 -0.237541 0.410084 0.254587 1.20052 -1.2369 0.280722
1.27258 -1.1089 -0.357856 -1.50609 -2.97252 1.82632 0.741302 -1.89926 1.40605 -1.03144 -0.237541 0.410084 0.254587 1.20052 -1.2369 0.280722
1.26743 -1.1089 -0.357856 -1.50609 -2.97252 1.82632 0.741302 -1.89926 1.40605 -1.03144 -0.237541 0.410084 0.254587 1.20052 -1.2369 0.280722
