12.44
12.45
12.461
12.471
12.481
12.492
12.502
12.513
12.523
12.535
12.556
12.576
12.597
12.617
12.639
12.659
12.68
12.7
12.721
12.741
12.78
12.818
12.856
12.896
12.937
12.976
13.014
13.053
13.091
13.13
13.17
13.209
13.249
13.288
13.326
13.365
13.404
13.442
13.481
13.519
13.558
13.597
13.636
13.674
13.713
13.751
13.79
13.829
13.87
13.911
13.95
13.991
14.029
14.068
14.106
14.145
14.184
14.223
14.262
14.302
14.341
14.379
14.418
14.456
14.495
14.534
14.572
14.611
14.65
14.691
14.732
14.771
14.809
14.85
14.89
14.93
14.972
15.011
15.049
15.088
15.127
15.166
15.204
15.243
15.281
16.574
16.584
16.595
16.606
16.617
16.627
16.638
16.649
16.659
16.672
16.711
16.75
16.79
16.828
16.867
16.906
16.946
16.987
17.025
17.066
17.105
17.144
17.182
17.222
17.26
17.299
17.338
17.377
17.416
17.454
17.493
17.531
17.57
17.609
17.648
17.686
17.725
17.764
17.804
17.843
17.881
17.92
17.959
17.999
18.04
18.078
18.117
18.156
18.195
18.233
18.273
18.312
18.351
18.39
18.428
18.467
18.505
18.544
18.583
