0
0
0
0
0
0
0
0
0
0
-1.11546
-1.20352
-1.32094
-1.409
-1.52642
-1.64384
-1.7319
-1.7319
-1.7319
-1.52642
-1.55577
-1.76125
-1.96673
-2.02544
-2.02544
-2.02544
-2.02544
-2.02544
-2.02544
-2.02544
-2.02544
-2.02544
-2.02544
-2.02544
-2.02544
-2.02544
-2.02544
-2.02544
-2.02544
-2.02544
-2.02544
-2.02544
-2.02544
-2.02544
-2.02544
-2.02544
-2.02544
-2.02544
-2.02544
-2.02544
0
0
0
0
0
0
0
-0.851272
-0.763209
-0.645792
-0.55773
-0.440313
-0.35225
-0.293542
-0.0880626
0
0
0
0
0
0
0
0
0
0
0
0
0
0
0
0
0
0
0
0
0
0
0
0
0
0
0
0
0
0
0
0
0
0
