0
0
0
0
0
0
0
0
0
0
-1.12917
-1.23227
-1.33544
-1.4382
-1.54089
-1.64397
-1.7471
-1.74458
-1.74214
-1.52894
-1.5802
-1.77677
-1.9717
-2.027
-2.027
-2.027
-2.027
-2.027
-2.027
-2.027
-2.027
-2.027
-2.027
-2.027
-2.027
-2.027
-2.027
-2.027
-2.027
-2.027
-2.027
-2.027
-2.027
-2.027
-2.027
-2.027
-2.027
-2.027
-2.027
-2.027
0
0
0
0
-0.925044
-0.873277
-0.821866
-0.770099
-0.718595
-0.667083
-0.563929
-0.460956
-0.3581
-0.306637
-0.110704
-0.027
-0.027
-0.027
-0.027
-0.027
-0.027
-0.027
-0.027
-0.027
-0.027
-0.027
-0.027
-0.027
-0.027
-0.027
-0.027
-0.027
-0.027
-0.027
-0.027
-0.027
-0.027
-0.027
-0.027
-0.027
-0.027
-0.027
-0.027
-0.027
-0.027
-0.027
-0.027
-0.027
-0.027
