1.47916 0.0821878 1.08011 1.12474 1.13988 0.0857159 3.06017 -0.643133 0.946115 0.449198 1.10173 -2.01702 1.88045 -1.8254 0.796149 -2.46029
1.47916 0.0821878 1.08011 1.12474 1.13988 0.0857159 3.06017 -0.643133 0.946115 0.449198 1.10173 -2.01702 1.88045 -1.8254 0.796149 -2.46029
1.47916 0.0821878 1.08011 1.12474 1.13988 0.0857159 3.06017 -0.643133 0.946115 0.449198 1.10173 -2.01702 1.88045 -1.8254 0.796149 -2.46029
1.47916 0.0821878 1.08011 1.12474 1.13988 0.0857159 3.06017 -0.643133 0.946115 0.449198 1.10173 -2.01702 1.88045 -1.8254 0.796149 -2.46029
1.47916 0.0821878 1.08011 1.12474 1.13988 0.0857159 3.06017 -0.643133 0.946115 0.449198 1.10173 -2.01702 1.88045 -1.8254 0.796149 -2.46029
1.47916 0.0821878 1.08011 1.12474 1.13988 0.0857159 3.06017 -0.643133 0.946115 0.449198 1.10173 -2.01702 1.88045 -1.8254 0.796149 -2.46029
1.47916 0.0821878 1.08011 1.12474 1.13988 0.0857159 3.06017 -0.643133 0.946115 0.449198 1.10173 -2.01702 1.88045 -1.8254 0.796149 -2.46029
1.47916 0.0821878 1.08011 1.12474 1.13988 0.0857159 3.06017 -0.643133 0.946115 0.449198 1.10173 -2.01702 1.88045 -1.8254 0.796149 -2.46029
1.47916 0.0821878 1.08011 1.12474 1.13988 0.0857159 3.06017 -0.643133 0.946115 0.449198 1.10173 -2.01702 1.88045 -1.8254 0.796149 -2.46029
1.47916 0.0821878 1.08011 1.12474 1.13988 0.0857159 3.06017 -0.643133 0.946115 0.449198 1.10173 -2.01702 1.88045 -1.8254 0.796149 -2.46029
1.47916 0.0821878 1.08011 1.12474 1.13988 0.0857159 3.06017 -0.643133 0.946115 0.449198 1.10173 -2.01702 1.88045 -1.8254 0.796149 -2.46029
1.47914 0.0821878 1.08011 1.12474 1.13988 0.0857159 3.06017 -0.643133 0.946115 0.449198 1.10173 -2.01702 1.88045 -1.8254 0.796149 -2.46029
1.479 0.0821878 1.08011 1.12474 1.13988 0.0857159 3.06017 -0.643133 0.946115 0.449198 1.10173 -2.01702 1.88045 -1.8254 0.796149 -2.46029
1.4787 0.0821878 1.08011 1.12474 1.13988 0.0857159 3.06017 -0.643133 0.946115 0.449198 1.10173 -2.01702 1.88045 -1.8254 0.796149 -2.46029
1.47798 0.0821878 1.08011 1.12474 1.13988 0.0857159 3.06017 -0.643133 0.946115 0.449198 1.10173 -2.01702 1.88045 -1.8254 0.796149 -2.46029
1.47699 0.0821878 1.08011 1.12474 1.13988 0.0857159 3.06017 -0.643133 0.946115 0.449198 1.10173 -2.01702 1.88045 -1.8254 0.796149 -2.46029
1.47576 0.0821878 1.08011 1.12474 1.13988 0.0857159 3.06017 -0.643133 0.946115 0.449198 1.10173 -2.01702 1.88045 -1.8254 0.796149 -2.46029
1.47424 0.0821878 1.08011 1.12474 1.13988 0.0857159 3.06017 -0.643133 0.946115 0.449198 1.10173 -2.01702 1.88045 -1.8254 0.796149 -2.46029
1.47263 0.0821878 1.08011 1.12474 1.13988 0.0857159 3.06017 -0.643133 0.946115 0.449198 1.10173 -2.01702 1.88045 -1.8254 0.796149 -2.46029
1.47105 0.0821878 1.08011 1.12474 1.13988 0.0857159 3.06017 -0.643133 0.946115 0.449198 1.10173 -2.01702 1.88045 -1.8254 0.796149 -2.46029
1.46898 0.0821878 1.08011 1.12474 1.13988 0.0857159 3.06017 -0.643133 0.946115 0.449198 1.10173 -2.01702 1.88045 -1.8254 0.796149 -2.46029
1.46662 0.0821878 1.08011 1.12474 1.13988 0.0857159 3.06017 -0.643133 0.946115 0.449198 1.10173 -2.01702 1.88045 -1.8254 0.796149 -2.46029
1.46321 0.0821878 1.08011 1.12474 1.13988 0.0857159 3.06017 -0.643133 0.946115 0.449198 1.10173 -2.01702 1.88045 -1.8254 0.796149 -2.46029
1.4587 0.0821878 1.08011 1.12474 1.13988 0.0857159 3.06017 -0.643133 0.946115 0.449198 1.10173 -2.01702 1.88045 -1.8254 0.796149 -2.46029
1.45398 0.0821878 1.08011 1.12474 1.13988 0.0857159 3.06017 -0.643133 0.946115 0.449198 1.10173 -2.01702 1.88045 -1.8254 0.796149 -2.46029
1.44928 0.0821878 1.08011 1.12474 1.13988 0.0857159 3.06017 -0.643133 0.946115 0.449198 1.10173 -2.01702 1.88045 -1.8254 0.796149 -2.46029
1.44461 0.0821878 1.08011 1.12474 1.13988 0.0857159 3.06017 -0.643133 0.946115 0.449198 1.10173 -2.01702 1.88045 -1.8254 0.796149 -2.46029
1.43993 0.0821878 1.08011 1.12474 1.13988 0.0857159 3.06017 -0.643133 0.946115 0.449198 1.10173 -2.01702 1.88045 -1.8254 0.796149 -2.46029
1.4351 0.0821878 1.08011 1.12474 1.13988 0.0857159 3.06017 -0.643133 0.946115 0.449198 1.10173 -2.01702 1.88045 -1.8254 0.796149 -2.46029
1.4302 0.0821878 1.08011 1.12474 1.13988 0.0857159 3.06017 -0.643133 0.946115 0.449198 1.10173 -2.01702 1.88045 -1.8254 0.796149 -2.46029
1.42526 0.0821878 1.08011 1.12474 1.13988 0.0857159 3.06017 -0.643133 0.946115 0.449198 1.10173 -2.01702 1.88045 -1.8254 0.796149 -2.46029
1.42034 0.0821878 1.08011 1.12474 1.13988 0.0857159 3.06017 -0.643133 0.946115 0.449198 1.10173 -2.01702 1.88045 -1.8254 0.796149 -2.46029
1.41541 0.0821878 1.08011 1.12474 1.13988 0.0857159 3.06017 -0.643133 0.946115 0.449198 1.10173 -2.01702 1.88045 -1.8254 0.796149 -2.46029
1.41053 0.0821878 1.08011 1.12474 1.13988 0.0857159 3.06017 -0.643133 0.946115 0.449198 1.10173 -2.01702 1.88045 -1.8254 0.796149 -2.46029
1.40565 0.0821878 1.08011 1.12474 1.13988 0.0857159 3.06017 -0.643133 0.946115 0.449198 1.10173 -2.01702 1.88045 -1.8254 0.796149 -2.46029
1.40065 0.0821878 1.08011 1.12474 1.13988 0.0857159 3.06017 -0.643133 0.946115 0.449198 1.10173 -2.01702 1.88045 -1.8254 0.796149 -2.46029
1.39569 0.0821878 1.08011 1.12474 1.13988 0.0857159 3.06017 -0.643133 0.946115 0.449198 1.10173 -2.01702 1.88045 -1.8254 0.796149 -2.46029
1.39069 0.0821878 1.08011 1.12474 1.13988 0.0857159 3.06017 -0.643133 0.946115 0.449198 1.10173 -2.01702 1.88045 -1.8254 0.796149 -2.46029
1.38565 0.0821878 1.08011 1.12474 1.13988 0.0857159 3.06017 -0.643133 0.946115 0.449198 1.10173 -2.01702 1.88045 -1.8254 0.796149 -2.46029
1.38054 0.0821878 1.08011 1.12474 1.13988 0.0857159 3.06017 -0.643133 0.946115 0.449198 1.10173 -2.01702 1.88045 -1.8254 0.796149 -2.46029
1.37543 0.0821878 1.08011 1.12474 1.13988 0.0857159 3.06017 -0.643133 0.946115 0.449198 1.10173 -2.01702 1.88045 -1.8254 0.796149 -2.46029
1.37035 0.0821878 1.08011 1.12474 1.13988 0.0857159 3.06017 -0.643133 0.946115 0.449198 1.10173 -2.01702 1.88045 -1.8254 0.796149 -2.46029
1.3653 0.0821878 1.08011 1.12474 1.13988 0.0857159 3.06017 -0.643133 0.946115 0.449198 1.10173 -2.01702 1.88045 -1.8254 0.796149 -2.46029
1.36029 0.0821878 1.08011 1.12474 1.13988 0.0857159 3.06017 -0.643133 0.946115 0.449198 1.10173 -2.01702 1.88045 -1.8254 0.796149 -2.46029
1.35514 0.0821878 1.08011 1.12474 1.13988 0.0857159 3.06017 -0.643133 0.946115 0.449198 1.10173 -2.01702 1.88045 -1.8254 0.796149 -2.46029
1.35007 0.0821878 1.08011 1.12474 1.13988 0.0857159 3.06017 -0.643133 0.946115 0.449198 1.10173 -2.01702 1.88045 -1.8254 0.796149 -2.46029
1.34499 0.0821878 1.08011 1.12474 1.13988 0.0857159 3.06017 -0.643133 0.946115 0.449198 1.10173 -2.01702 1.88045 -1.8254 0.796149 -2.46029
1.33989 0.0821878 1.08011 1.12474 1.13988 0.0857159 3.06017 -0.643133 0.946115 0.449198 1.10173 -2.01702 1.88045 -1.8254 0.796149 -2.46029
1.33472 0.0821878 1.08011 1.12474 1.13988 0.0857159 3.06017 -0.643133 0.946115 0.449198 1.10173 -2.01702 1.88045 -1.8254 0.796149 -2.46029
1.32953 0.0821878 1.08011 1.12474 1.13988 0.0857159 3.06017 -0.643133 0.946115 0.449198 1.10173 -2.01702 1.88045 -1.8254 0.796149 -2.46029
1.31706 0.0821878 1.08011 1.12474 1.13988 0.0857159 3.06017 -0.643133 0.946115 0.449198 1.10173 -2.01702 1.88045 -1.8254 0.796149 -2.46029
1.31706 0.0821878 1.08011 1.12474 1.13988 0.0857159 3.06017 -0.643133 0.946115 0.449198 1.10173 -2.01702 1.88045 -1.8254 0.796149 -2.46029
1.31706 0.0821878 1.08011 1.12474 1.13988 0.0857159 3.06017 -0.643133 0.946115 0.449198 1.10173 -2.01702 1.88045 -1.8254 0.796149 -2.46029
1.31706 0.0821878 1.08011 1.12474 1.13988 0.0857159 3.06017 -0.643133 0.946115 0.449198 1.10173 -2.01702 1.88045 -1.8254 0.796149 -2.46029
1.31706 0.0821878 1.08011 1.12474 1.13988 0.0857159 3.06017 -0.643133 0.946115 0.449198 1.10173 -2.01702 1.88045 -1.8254 0.796149 -2.46029
1.31706 0.0821878 1.08011 1.12474 1.13988 0.0857159 3.06017 -0.643133 0.946115 0.449198 1.10173 -2.01702 1.88045 -1.8254 0.796149 -2.46029
1.31706 0.0821878 1.08011 1.12474 1.13988 0.0857159 3.06017 -0.643133 0.946115 0.449198 1.10173 -2.01702 1.88045 -1.8254 0.796149 -2.46029
1.31706 0.0821878 1.08011 1.12474 1.13988 0.0857159 3.06017 -0.643133 0.946115 0.449198 1.10173 -2.01702 1.88045 -1.8254 0.796149 -2.46029
1.31699 0.0821878 1.08011 1.12474 1.13988 0.0857159 3.06017 -0.643133 0.946115 0.449198 1.10173 -2.01702 1.88045 -1.8254 0.796149 -2.46029
1.31699 0.0821878 1.08011 1.12474 1.13988 0.0857159 3.06017 -0.643133 0.946115 0.449198 1.10173 -2.01702 1.88045 -1.8254 0.796149 -2.46029
1.31699 0.0821878 1.08011 1.12474 1.13988 0.0857159 3.06017 -0.643133 0.946115 0.449198 1.10173 -2.01702 1.88045 -1.8254 0.796149 -2.46029
1.31699 0.0821878 1.08011 1.12474 1.13988 0.0857159 3.06017 -0.643133 0.946115 0.449198 1.10173 -2.01702 1.88045 -1.8254 0.796149 -2.46029
1.31699 0.0821878 1.08011 1.12474 1.13988 0.0857159 3.06017 -0.643133 0.946115 0.449198 1.10173 -2.01702 1.88045 -1.8254 0.796149 -2.46029
1.31699 0.0821878 1.08011 1.12474 1.13988 0.0857159 3.06017 -0.643133 0.946115 0.449198 1.10173 -2.01702 1.88045 -1.8254 0.796149 -2.46029
1.31699 0.0821878 1.08011 1.12474 1.13988 0.0857159 3.06017 -0.643133 0.946115 0.449198 1.10173 -2.01702 1.88045 -1.8254 0.796149 -2.46029
1.31699 0.0821878 1.08011 1.12474 1.13988 0.0857159 3.06017 -0.643133 0.946115 0.449198 1.10173 -2.01702 1.88045 -1.8254 0.796149 -2.46029
1.31779 0.0821878 1.08011 1.12474 1.13988 0.0857159 3.06017 -0.643133 0.946115 0.449198 1.10173 -2.01702 1.88045 -1.8254 0.796149 -2.46029
1.31882 0.0821878 1.08011 1.12474 1.13988 0.0857159 3.06017 -0.643133 0.946115 0.449198 1.10173 -2.01702 1.88045 -1.8254 0.796149 -2.46029
1.3198 0.0821878 1.08011 1.12474 1.13988 0.0857159 3.06017 -0.643133 0.946115 0.449198 1.10173 -2.01702 1.88045 -1.8254 0.796149 -2.46029
1.32095 0.0821878 1.08011 1.12474 1.13988 0.0857159 3.06017 -0.643133 0.946115 0.449198 1.10173 -2.01702 1.88045 -1.8254 0.796149 -2.46029
1.32261 0.0821878 1.08011 1.12474 1.13988 0.0857159 3.06017 -0.643133 0.946115 0.449198 1.10173 -2.01702 1.88045 -1.8254 0.796149 -2.46029
1.32473 0.0821878 1.08011 1.12474 1.13988 0.0857159 3.06017 -0.643133 0.946115 0.449198 1.10173 -2.01702 1.88045 -1.8254 0.796149 -2.46029
1.32731 0.0821878 1.08011 1.12474 1.13988 0.0857159 3.06017 -0.643133 0.946115 0.449198 1.10173 -2.01702 1.88045 -1.8254 0.796149 -2.46029
1.33023 0.0821878 1.08011 1.12474 1.13988 0.0857159 3.06017 -0.643133 0.946115 0.449198 1.10173 -2.01702 1.88045 -1.8254 0.796149 -2.46029
1.333 0.0821878 1.08011 1.12474 1.13988 0.0857159 3.06017 -0.643133 0.946115 0.449198 1.10173 -2.01702 1.88045 -1.8254 0.796149 -2.46029
1.33551 0.0821878 1.08011 1.12474 1.13988 0.0857159 3.06017 -0.643133 0.946115 0.449198 1.10173 -2.01702 1.88045 -1.8254 0.796149 -2.46029
1.33799 0.0821878 1.08011 1.12474 1.13988 0.0857159 3.06017 -0.643133 0.946115 0.449198 1.10173 -2.01702 1.88045 -1.8254 0.796149 -2.46029
1.34063 0.0821878 1.08011 1.12474 1.13988 0.0857159 3.06017 -0.643133 0.946115 0.449198 1.10173 -2.01702 1.88045 -1.8254 0.796149 -2.46029
1.34357 0.0821878 1.08011 1.12474 1.13988 0.0857159 3.06017 -0.643133 0.946115 0.449198 1.10173 -2.01702 1.88045 -1.8254 0.796149 -2.46029
1.34671 0.0821878 1.08011 1.12474 1.13988 0.0857159 3.06017 -0.643133 0.946115 0.449198 1.10173 -2.01702 1.88045 -1.8254 0.796149 -2.46029
1.34979 0.0821878 1.08011 1.12474 1.13988 0.0857159 3.06017 -0.643133 0.946115 0.449198 1.10173 -2.01702 1.88045 -1.8254 0.796149 -2.46029
1.35263 0.0821878 1.08011 1.12474 1.13988 0.0857159 3.06017 -0.643133 0.946115 0.449198 1.10173 -2.01702 1.88045 -1.8254 0.796149 -2.46029
1.35543 0.0821878 1.08011 1.12474 1.13988 0.0857159 3.06017 -0.643133 0.946115 0.449198 1.10173 -2.01702 1.88045 -1.8254 0.796149 -2.46029
1.35838 0.0821878 1.08011 1.12474 1.13988 0.0857159 3.06017 -0.643133 0.946115 0.449198 1.10173 -2.01702 1.88045 -1.8254 0.796149 -2.46029
1.3616 0.0821878 1.08011 1.12474 1.13988 0.0857159 3.06017 -0.643133 0.946115 0.449198 1.10173 -2.01702 1.88045 -1.8254 0.796149 -2.46029
1.3652 0.0821878 1.08011 1.12474 1.13988 0.0857159 3.06017 -0.643133 0.946115 0.449198 1.10173 -2.01702 1.88045 -1.8254 0.796149 -2.46029
1.36865 0.0821878 1.08011 1.12474 1.13988 0.0857159 3.06017 -0.643133 0.946115 0.449198 1.10173 -2.01702 1.88045 -1.8254 0.796149 -2.46029
1.37203 0.0821878 1.08011 1.12474 1.13988 0.0857159 3.06017 -0.643133 0.946115 0.449198 1.10173 -2.01702 1.88045 -1.8254 0.796149 -2.46029
1.37542 0.0821878 1.08011 1.12474 1.13988 0.0857159 3.06017 -0.643133 0.946115 0.449198 1.10173 -2.01702 1.88045 -1.8254 0.796149 -2.46029
1.37891 0.0821878 1.08011 1.12474 1.13988 0.0857159 3.06017 -0.643133 0.946115 0.449198 1.10173 -2.01702 1.88045 -1.8254 0.796149 -2.46029
1.38267 0.0821878 1.08011 1.12474 1.13988 0.0857159 3.06017 -0.643133 0.946115 0.449198 1.10173 -2.01702 1.88045 -1.8254 0.796149 -2.46029
1.38661 0.0821878 1.08011 1.12474 1.13988 0.0857159 3.06017 -0.643133 0.946115 0.449198 1.10173 -2.01702 1.88045 -1.8254 0.796149 -2.46029
1.39065 0.0821878 1.08011 1.12474 1.13988 0.0857159 3.06017 -0.643133 0.946115 0.449198 1.10173 -2.01702 1.88045 -1.8254 0.796149 -2.46029
1.39469 0.0821878 1.08011 1.12474 1.13988 0.0857159 3.06017 -0.643133 0.946115 0.449198 1.10173 -2.01702 1.88045 -1.8254 0.796149 -2.46029
1.39869 0.0821878 1.08011 1.12474 1.13988 0.0857159 3.06017 -0.643133 0.946115 0.449198 1.10173 -2.01702 1.88045 -1.8254 0.796149 -2.46029
1.40274 0.0821878 1.08011 1.12474 1.13988 0.0857159 3.06017 -0.643133 0.946115 0.449198 1.10173 -2.01702 1.88045 -1.8254 0.796149 -2.46029
1.40704 0.0821878 1.08011 1.12474 1.13988 0.0857159 3.06017 -0.643133 0.946115 0.449198 1.10173 -2.01702 1.88045 -1.8254 0.796149 -2.46029
1.41148 0.0821878 1.08011 1.12474 1.13988 0.0857159 3.06017 -0.643133 0.946115 0.449198 1.10173 -2.01702 1.88045 -1.8254 0.796149 -2.46029
1.41589 0.0821878 1.08011 1.12474 1.13988 0.0857159 3.06017 -0.643133 0.946115 0.449198 1.10173 -2.01702 1.88045 -1.8254 0.796149 -2.46029
