218.541
218.551
218.562
218.572
218.582
218.593
218.603
218.614
218.624
218.637
218.656
218.677
218.697
218.718
218.738
218.759
218.779
218.8
218.82
218.841
218.881
218.919
218.958
218.996
219.034
219.074
219.112
219.151
219.189
219.228
219.267
219.305
219.344
219.383
219.422
219.461
219.5
219.539
219.578
219.617
219.656
219.695
219.734
219.772
219.811
219.85
219.888
219.927
219.965
220.004
220.561
220.572
220.582
220.592
220.603
220.613
220.623
220.634
220.644
220.656
220.677
220.697
220.718
220.758
220.797
220.836
220.874
220.913
220.951
220.99
221.028
221.067
221.106
221.145
221.183
221.222
221.26
221.298
221.337
221.375
221.413
221.452
221.49
221.53
221.571
221.61
221.649
221.689
221.728
221.767
221.805
221.844
221.883
221.922
221.96
221.998
222.037
222.075
222.114
