0
-0.0105281
0
0
0
-0.0526406
-0.0631688
-0.0526406
-0.0631688
-0.0736969
-0.0631688
-0.0736969
-0.0736969
-0.0631688
-0.0736969
-0.0736969
-0.0736969
-0.0736969
-0.0736969
-0.0736969
-0.084225
-0.084225
-0.0736969
-0.0736969
-0.084225
-0.084225
-0.084225
-0.084225
-0.084225
-0.0736969
-0.084225
-0.084225
-0.084225
-0.084225
-0.0947531
-0.0947531
-0.084225
-0.0736969
-0.084225
-0.084225
-0.084225
-0.084225
-0.084225
-0.0947531
-0.084225
-0.0947531
-0.084225
-0.084225
-0.084225
-0.084225
-0.084225
-0.0947531
-0.0947531
-0.084225
-0.084225
-0.084225
-0.0947531
-0.084225
-0.0947531
-0.0947531
-0.0947531
-0.0947531
-0.0947531
-0.0947531
-0.0947531
-0.0947531
-0.105281
-0.105281
-0.0947531
-0.0947531
-0.0947531
-0.105281
-0.105281
-0.105281
-0.105281
-0.105281
-0.105281
-0.105281
-0.105281
-0.105281
-0.0947531
-0.105281
-0.105281
-0.115809
-0.105281
-0.0947531
-0.105281
-0.0947531
-0.105281
-0.105281
-0.105281
-0.105281
-0.105281
-0.105281
-0.105281
0.0105281
0.0105281
0.0210563
0.0210563
0.0210563
0.0631688
0.0947531
0.115809
0.126338
0.126338
0.16845
0.189506
0.16845
0.210563
0.221091
0.221091
0.294788
0.284259
0.315844
0.326372
0.305316
0.3369
0.347428
0.347428
0.379013
0.368484
0.389541
0.410597
0.431653
0.442181
0.452709
