2.70475 0.640889 -0.55189 1.75934 -1.50169 1.53484 -0.377316 1.5364 2.58474 1.98217 -1.78946 -0.612365 1.16722 -2.37667 2.0521 1.87444
2.70465 0.640889 -0.55189 1.75934 -1.50169 1.53484 -0.377316 1.5364 2.58474 1.98217 -1.78946 -0.612365 1.16722 -2.37667 2.0521 1.87444
2.70448 0.640889 -0.55189 1.75934 -1.50169 1.53484 -0.377316 1.5364 2.58474 1.98217 -1.78946 -0.612365 1.16722 -2.37667 2.0521 1.87444
2.70434 0.640889 -0.55189 1.75934 -1.50169 1.53484 -0.377316 1.5364 2.58474 1.98217 -1.78946 -0.612365 1.16722 -2.37667 2.0521 1.87444
2.70404 0.640889 -0.55189 1.75934 -1.50169 1.53484 -0.377316 1.5364 2.58474 1.98217 -1.78946 -0.612365 1.16722 -2.37667 2.0521 1.87444
2.70339 0.640889 -0.55189 1.75934 -1.50169 1.53484 -0.377316 1.5364 2.58474 1.98217 -1.78946 -0.612365 1.16722 -2.37667 2.0521 1.87444
2.70241 0.640889 -0.55189 1.75934 -1.50169 1.53484 -0.377316 1.5364 2.58474 1.98217 -1.78946 -0.612365 1.16722 -2.37667 2.0521 1.87444
2.70134 0.640889 -0.55189 1.75934 -1.50169 1.53484 -0.377316 1.5364 2.58474 1.98217 -1.78946 -0.612365 1.16722 -2.37667 2.0521 1.87444
2.70005 0.640889 -0.55189 1.75934 -1.50169 1.53484 -0.377316 1.5364 2.58474 1.98217 -1.78946 -0.612365 1.16722 -2.37667 2.0521 1.87444
2.69866 0.640889 -0.55189 1.75934 -1.50169 1.53484 -0.377316 1.5364 2.58474 1.98217 -1.78946 -0.612365 1.16722 -2.37667 2.0521 1.87444
2.69728 0.640889 -0.55189 1.75934 -1.50169 1.53484 -0.377316 1.5364 2.58474 1.98217 -1.78946 -0.612365 1.16722 -2.37667 2.0521 1.87444
2.69604 0.640889 -0.55189 1.75934 -1.50169 1.53484 -0.377316 1.5364 2.58474 1.98217 -1.78946 -0.612365 1.16722 -2.37667 2.0521 1.87444
2.69474 0.640889 -0.55189 1.75934 -1.50169 1.53484 -0.377316 1.5364 2.58474 1.98217 -1.78946 -0.612365 1.16722 -2.37667 2.0521 1.87444
2.69322 0.640889 -0.55189 1.75934 -1.50169 1.53484 -0.377316 1.5364 2.58474 1.98217 -1.78946 -0.612365 1.16722 -2.37667 2.0521 1.87444
2.69172 0.640889 -0.55189 1.75934 -1.50169 1.53484 -0.377316 1.5364 2.58474 1.98217 -1.78946 -0.612365 1.16722 -2.37667 2.0521 1.87444
2.69017 0.640889 -0.55189 1.75934 -1.50169 1.53484 -0.377316 1.5364 2.58474 1.98217 -1.78946 -0.612365 1.16722 -2.37667 2.0521 1.87444
2.68858 0.640889 -0.55189 1.75934 -1.50169 1.53484 -0.377316 1.5364 2.58474 1.98217 -1.78946 -0.612365 1.16722 -2.37667 2.0521 1.87444
2.68701 0.640889 -0.55189 1.75934 -1.50169 1.53484 -0.377316 1.5364 2.58474 1.98217 -1.78946 -0.612365 1.16722 -2.37667 2.0521 1.87444
2.68541 0.640889 -0.55189 1.75934 -1.50169 1.53484 -0.377316 1.5364 2.58474 1.98217 -1.78946 -0.612365 1.16722 -2.37667 2.0521 1.87444
2.68384 0.640889 -0.55189 1.75934 -1.50169 1.53484 -0.377316 1.5364 2.58474 1.98217 -1.78946 -0.612365 1.16722 -2.37667 2.0521 1.87444
2.68075 0.640889 -0.55189 1.75934 -1.50169 1.53484 -0.377316 1.5364 2.58474 1.98217 -1.78946 -0.612365 1.16722 -2.37667 2.0521 1.87444
2.6776 0.640889 -0.55189 1.75934 -1.50169 1.53484 -0.377316 1.5364 2.58474 1.98217 -1.78946 -0.612365 1.16722 -2.37667 2.0521 1.87444
2.67453 0.640889 -0.55189 1.75934 -1.50169 1.53484 -0.377316 1.5364 2.58474 1.98217 -1.78946 -0.612365 1.16722 -2.37667 2.0521 1.87444
2.67153 0.640889 -0.55189 1.75934 -1.50169 1.53484 -0.377316 1.5364 2.58474 1.98217 -1.78946 -0.612365 1.16722 -2.37667 2.0521 1.87444
2.6684 0.640889 -0.55189 1.75934 -1.50169 1.53484 -0.377316 1.5364 2.58474 1.98217 -1.78946 -0.612365 1.16722 -2.37667 2.0521 1.87444
2.6652 0.640889 -0.55189 1.75934 -1.50169 1.53484 -0.377316 1.5364 2.58474 1.98217 -1.78946 -0.612365 1.16722 -2.37667 2.0521 1.87444
2.66209 0.640889 -0.55189 1.75934 -1.50169 1.53484 -0.377316 1.5364 2.58474 1.98217 -1.78946 -0.612365 1.16722 -2.37667 2.0521 1.87444
2.659 0.640889 -0.55189 1.75934 -1.50169 1.53484 -0.377316 1.5364 2.58474 1.98217 -1.78946 -0.612365 1.16722 -2.37667 2.0521 1.87444
2.65599 0.640889 -0.55189 1.75934 -1.50169 1.53484 -0.377316 1.5364 2.58474 1.98217 -1.78946 -0.612365 1.16722 -2.37667 2.0521 1.87444
2.65292 0.640889 -0.55189 1.75934 -1.50169 1.53484 -0.377316 1.5364 2.58474 1.98217 -1.78946 -0.612365 1.16722 -2.37667 2.0521 1.87444
2.64979 0.640889 -0.55189 1.75934 -1.50169 1.53484 -0.377316 1.5364 2.58474 1.98217 -1.78946 -0.612365 1.16722 -2.37667 2.0521 1.87444
2.6465 0.640889 -0.55189 1.75934 -1.50169 1.53484 -0.377316 1.5364 2.58474 1.98217 -1.78946 -0.612365 1.16722 -2.37667 2.0521 1.87444
2.64329 0.640889 -0.55189 1.75934 -1.50169 1.53484 -0.377316 1.5364 2.58474 1.98217 -1.78946 -0.612365 1.16722 -2.37667 2.0521 1.87444
2.63995 0.640889 -0.55189 1.75934 -1.50169 1.53484 -0.377316 1.5364 2.58474 1.98217 -1.78946 -0.612365 1.16722 -2.37667 2.0521 1.87444
2.63675 0.640889 -0.55189 1.75934 -1.50169 1.53484 -0.377316 1.5364 2.58474 1.98217 -1.78946 -0.612365 1.16722 -2.37667 2.0521 1.87444
2.63353 0.640889 -0.55189 1.75934 -1.50169 1.53484 -0.377316 1.5364 2.58474 1.98217 -1.78946 -0.612365 1.16722 -2.37667 2.0521 1.87444
2.63035 0.640889 -0.55189 1.75934 -1.50169 1.53484 -0.377316 1.5364 2.58474 1.98217 -1.78946 -0.612365 1.16722 -2.37667 2.0521 1.87444
2.6271 0.640889 -0.55189 1.75934 -1.50169 1.53484 -0.377316 1.5364 2.58474 1.98217 -1.78946 -0.612365 1.16722 -2.37667 2.0521 1.87444
2.62382 0.640889 -0.55189 1.75934 -1.50169 1.53484 -0.377316 1.5364 2.58474 1.98217 -1.78946 -0.612365 1.16722 -2.37667 2.0521 1.87444
2.62058 0.640889 -0.55189 1.75934 -1.50169 1.53484 -0.377316 1.5364 2.58474 1.98217 -1.78946 -0.612365 1.16722 -2.37667 2.0521 1.87444
2.61734 0.640889 -0.55189 1.75934 -1.50169 1.53484 -0.377316 1.5364 2.58474 1.98217 -1.78946 -0.612365 1.16722 -2.37667 2.0521 1.87444
2.61405 0.640889 -0.55189 1.75934 -1.50169 1.53484 -0.377316 1.5364 2.58474 1.98217 -1.78946 -0.612365 1.16722 -2.37667 2.0521 1.87444
2.6106 0.640889 -0.55189 1.75934 -1.50169 1.53484 -0.377316 1.5364 2.58474 1.98217 -1.78946 -0.612365 1.16722 -2.37667 2.0521 1.87444
2.60719 0.640889 -0.55189 1.75934 -1.50169 1.53484 -0.377316 1.5364 2.58474 1.98217 -1.78946 -0.612365 1.16722 -2.37667 2.0521 1.87444
2.60385 0.640889 -0.55189 1.75934 -1.50169 1.53484 -0.377316 1.5364 2.58474 1.98217 -1.78946 -0.612365 1.16722 -2.37667 2.0521 1.87444
2.60054 0.640889 -0.55189 1.75934 -1.50169 1.53484 -0.377316 1.5364 2.58474 1.98217 -1.78946 -0.612365 1.16722 -2.37667 2.0521 1.87444
2.59719 0.640889 -0.55189 1.75934 -1.50169 1.53484 -0.377316 1.5364 2.58474 1.98217 -1.78946 -0.612365 1.16722 -2.37667 2.0521 1.87444
2.59382 0.640889 -0.55189 1.75934 -1.50169 1.53484 -0.377316 1.5364 2.58474 1.98217 -1.78946 -0.612365 1.16722 -2.37667 2.0521 1.87444
2.59043 0.640889 -0.55189 1.75934 -1.50169 1.53484 -0.377316 1.5364 2.58474 1.98217 -1.78946 -0.612365 1.16722 -2.37667 2.0521 1.87444
2.58692 0.640889 -0.55189 1.75934 -1.50169 1.53484 -0.377316 1.5364 2.58474 1.98217 -1.78946 -0.612365 1.16722 -2.37667 2.0521 1.87444
2.58347 0.640889 -0.55189 1.75934 -1.50169 1.53484 -0.377316 1.5364 2.58474 1.98217 -1.78946 -0.612365 1.16722 -2.37667 2.0521 1.87444
2.57983 0.640889 -0.55189 1.75934 -1.50169 1.53484 -0.377316 1.5364 2.58474 1.98217 -1.78946 -0.612365 1.16722 -2.37667 2.0521 1.87444
2.57637 0.640889 -0.55189 1.75934 -1.50169 1.53484 -0.377316 1.5364 2.58474 1.98217 -1.78946 -0.612365 1.16722 -2.37667 2.0521 1.87444
2.57286 0.640889 -0.55189 1.75934 -1.50169 1.53484 -0.377316 1.5364 2.58474 1.98217 -1.78946 -0.612365 1.16722 -2.37667 2.0521 1.87444
2.56934 0.640889 -0.55189 1.75934 -1.50169 1.53484 -0.377316 1.5364 2.58474 1.98217 -1.78946 -0.612365 1.16722 -2.37667 2.0521 1.87444
2.56584 0.640889 -0.55189 1.75934 -1.50169 1.53484 -0.377316 1.5364 2.58474 1.98217 -1.78946 -0.612365 1.16722 -2.37667 2.0521 1.87444
2.56232 0.640889 -0.55189 1.75934 -1.50169 1.53484 -0.377316 1.5364 2.58474 1.98217 -1.78946 -0.612365 1.16722 -2.37667 2.0521 1.87444
2.55882 0.640889 -0.55189 1.75934 -1.50169 1.53484 -0.377316 1.5364 2.58474 1.98217 -1.78946 -0.612365 1.16722 -2.37667 2.0521 1.87444
2.5553 0.640889 -0.55189 1.75934 -1.50169 1.53484 -0.377316 1.5364 2.58474 1.98217 -1.78946 -0.612365 1.16722 -2.37667 2.0521 1.87444
2.55171 0.640889 -0.55189 1.75934 -1.50169 1.53484 -0.377316 1.5364 2.58474 1.98217 -1.78946 -0.612365 1.16722 -2.37667 2.0521 1.87444
2.54789 0.640889 -0.55189 1.75934 -1.50169 1.53484 -0.377316 1.5364 2.58474 1.98217 -1.78946 -0.612365 1.16722 -2.37667 2.0521 1.87444
2.54413 0.640889 -0.55189 1.75934 -1.50169 1.53484 -0.377316 1.5364 2.58474 1.98217 -1.78946 -0.612365 1.16722 -2.37667 2.0521 1.87444
2.54029 0.640889 -0.55189 1.75934 -1.50169 1.53484 -0.377316 1.5364 2.58474 1.98217 -1.78946 -0.612365 1.16722 -2.37667 2.0521 1.87444
2.53667 0.640889 -0.55189 1.75934 -1.50169 1.53484 -0.377316 1.5364 2.58474 1.98217 -1.78946 -0.612365 1.16722 -2.37667 2.0521 1.87444
2.533 0.640889 -0.55189 1.75934 -1.50169 1.53484 -0.377316 1.5364 2.58474 1.98217 -1.78946 -0.612365 1.16722 -2.37667 2.0521 1.87444
2.52905 0.640889 -0.55189 1.75934 -1.50169 1.53484 -0.377316 1.5364 2.58474 1.98217 -1.78946 -0.612365 1.16722 -2.37667 2.0521 1.87444
2.52536 0.640889 -0.55189 1.75934 -1.50169 1.53484 -0.377316 1.5364 2.58474 1.98217 -1.78946 -0.612365 1.16722 -2.37667 2.0521 1.87444
2.52165 0.640889 -0.55189 1.75934 -1.50169 1.53484 -0.377316 1.5364 2.58474 1.98217 -1.78946 -0.612365 1.16722 -2.37667 2.0521 1.87444
2.51787 0.640889 -0.55189 1.75934 -1.50169 1.53484 -0.377316 1.5364 2.58474 1.98217 -1.78946 -0.612365 1.16722 -2.37667 2.0521 1.87444
2.51413 0.640889 -0.55189 1.75934 -1.50169 1.53484 -0.377316 1.5364 2.58474 1.98217 -1.78946 -0.612365 1.16722 -2.37667 2.0521 1.87444
2.51031 0.640889 -0.55189 1.75934 -1.50169 1.53484 -0.377316 1.5364 2.58474 1.98217 -1.78946 -0.612365 1.16722 -2.37667 2.0521 1.87444
2.50647 0.640889 -0.55189 1.75934 -1.50169 1.53484 -0.377316 1.5364 2.58474 1.98217 -1.78946 -0.612365 1.16722 -2.37667 2.0521 1.87444
2.50271 0.640889 -0.55189 1.75934 -1.50169 1.53484 -0.377316 1.5364 2.58474 1.98217 -1.78946 -0.612365 1.16722 -2.37667 2.0521 1.87444
2.49892 0.640889 -0.55189 1.75934 -1.50169 1.53484 -0.377316 1.5364 2.58474 1.98217 -1.78946 -0.612365 1.16722 -2.37667 2.0521 1.87444
2.49508 0.640889 -0.55189 1.75934 -1.50169 1.53484 -0.377316 1.5364 2.58474 1.98217 -1.78946 -0.612365 1.16722 -2.37667 2.0521 1.87444
2.49123 0.640889 -0.55189 1.75934 -1.50169 1.53484 -0.377316 1.5364 2.58474 1.98217 -1.78946 -0.612365 1.16722 -2.37667 2.0521 1.87444
2.48732 0.640889 -0.55189 1.75934 -1.50169 1.53484 -0.377316 1.5364 2.58474 1.98217 -1.78946 -0.612365 1.16722 -2.37667 2.0521 1.87444
2.4833 0.640889 -0.55189 1.75934 -1.50169 1.53484 -0.377316 1.5364 2.58474 1.98217 -1.78946 -0.612365 1.16722 -2.37667 2.0521 1.87444
2.47939 0.640889 -0.55189 1.75934 -1.50169 1.53484 -0.377316 1.5364 2.58474 1.98217 -1.78946 -0.612365 1.16722 -2.37667 2.0521 1.87444
2.47545 0.640889 -0.55189 1.75934 -1.50169 1.53484 -0.377316 1.5364 2.58474 1.98217 -1.78946 -0.612365 1.16722 -2.37667 2.0521 1.87444
2.47144 0.640889 -0.55189 1.75934 -1.50169 1.53484 -0.377316 1.5364 2.58474 1.98217 -1.78946 -0.612365 1.16722 -2.37667 2.0521 1.87444
2.46746 0.640889 -0.55189 1.75934 -1.50169 1.53484 -0.377316 1.5364 2.58474 1.98217 -1.78946 -0.612365 1.16722 -2.37667 2.0521 1.87444
2.4635 0.640889 -0.55189 1.75934 -1.50169 1.53484 -0.377316 1.5364 2.58474 1.98217 -1.78946 -0.612365 1.16722 -2.37667 2.0521 1.87444
2.45951 0.640889 -0.55189 1.75934 -1.50169 1.53484 -0.377316 1.5364 2.58474 1.98217 -1.78946 -0.612365 1.16722 -2.37667 2.0521 1.87444
2.45556 0.640889 -0.55189 1.75934 -1.50169 1.53484 -0.377316 1.5364 2.58474 1.98217 -1.78946 -0.612365 1.16722 -2.37667 2.0521 1.87444
2.45153 0.640889 -0.55189 1.75934 -1.50169 1.53484 -0.377316 1.5364 2.58474 1.98217 -1.78946 -0.612365 1.16722 -2.37667 2.0521 1.87444
2.44734 0.640889 -0.55189 1.75934 -1.50169 1.53484 -0.377316 1.5364 2.58474 1.98217 -1.78946 -0.612365 1.16722 -2.37667 2.0521 1.87444
2.4432 0.640889 -0.55189 1.75934 -1.50169 1.53484 -0.377316 1.5364 2.58474 1.98217 -1.78946 -0.612365 1.16722 -2.37667 2.0521 1.87444
2.43898 0.640889 -0.55189 1.75934 -1.50169 1.53484 -0.377316 1.5364 2.58474 1.98217 -1.78946 -0.612365 1.16722 -2.37667 2.0521 1.87444
2.4349 0.640889 -0.55189 1.75934 -1.50169 1.53484 -0.377316 1.5364 2.58474 1.98217 -1.78946 -0.612365 1.16722 -2.37667 2.0521 1.87444
2.43062 0.640889 -0.55189 1.75934 -1.50169 1.53484 -0.377316 1.5364 2.58474 1.98217 -1.78946 -0.612365 1.16722 -2.37667 2.0521 1.87444
2.42632 0.640889 -0.55189 1.75934 -1.50169 1.53484 -0.377316 1.5364 2.58474 1.98217 -1.78946 -0.612365 1.16722 -2.37667 2.0521 1.87444
2.42219 0.640889 -0.55189 1.75934 -1.50169 1.53484 -0.377316 1.5364 2.58474 1.98217 -1.78946 -0.612365 1.16722 -2.37667 2.0521 1.87444
2.41811 0.640889 -0.55189 1.75934 -1.50169 1.53484 -0.377316 1.5364 2.58474 1.98217 -1.78946 -0.612365 1.16722 -2.37667 2.0521 1.87444
2.41379 0.640889 -0.55189 1.75934 -1.50169 1.53484 -0.377316 1.5364 2.58474 1.98217 -1.78946 -0.612365 1.16722 -2.37667 2.0521 1.87444
2.40476 0.640889 -0.55189 1.75934 -1.50169 1.53484 -0.377316 1.5364 2.58474 1.98217 -1.78946 -0.612365 1.16722 -2.37667 2.0521 1.87444
2.40515 0.640889 -0.55189 1.75934 -1.50169 1.53484 -0.377316 1.5364 2.58474 1.98217 -1.78946 -0.612365 1.16722 -2.37667 2.0521 1.87444
2.40556 0.640889 -0.55189 1.75934 -1.50169 1.53484 -0.377316 1.5364 2.58474 1.98217 -1.78946 -0.612365 1.16722 -2.37667 2.0521 1.87444
2.40599 0.640889 -0.55189 1.75934 -1.50169 1.53484 -0.377316 1.5364 2.58474 1.98217 -1.78946 -0.612365 1.16722 -2.37667 2.0521 1.87444
2.40645 0.640889 -0.55189 1.75934 -1.50169 1.53484 -0.377316 1.5364 2.58474 1.98217 -1.78946 -0.612365 1.16722 -2.37667 2.0521 1.87444
2.40712 0.640889 -0.55189 1.75934 -1.50169 1.53484 -0.377316 1.5364 2.58474 1.98217 -1.78946 -0.612365 1.16722 -2.37667 2.0521 1.87444
2.40891 0.640889 -0.55189 1.75934 -1.50169 1.53484 -0.377316 1.5364 2.58474 1.98217 -1.78946 -0.612365 1.16722 -2.37667 2.0521 1.87444
2.41141 0.640889 -0.55189 1.75934 -1.50169 1.53484 -0.377316 1.5364 2.58474 1.98217 -1.78946 -0.612365 1.16722 -2.37667 2.0521 1.87444
2.41445 0.640889 -0.55189 1.75934 -1.50169 1.53484 -0.377316 1.5364 2.58474 1.98217 -1.78946 -0.612365 1.16722 -2.37667 2.0521 1.87444
2.41887 0.640889 -0.55189 1.75934 -1.50169 1.53484 -0.377316 1.5364 2.58474 1.98217 -1.78946 -0.612365 1.16722 -2.37667 2.0521 1.87444
2.42504 0.640889 -0.55189 1.75934 -1.50169 1.53484 -0.377316 1.5364 2.58474 1.98217 -1.78946 -0.612365 1.16722 -2.37667 2.0521 1.87444
2.43183 0.640889 -0.55189 1.75934 -1.50169 1.53484 -0.377316 1.5364 2.58474 1.98217 -1.78946 -0.612365 1.16722 -2.37667 2.0521 1.87444
2.43862 0.640889 -0.55189 1.75934 -1.50169 1.53484 -0.377316 1.5364 2.58474 1.98217 -1.78946 -0.612365 1.16722 -2.37667 2.0521 1.87444
2.44661 0.640889 -0.55189 1.75934 -1.50169 1.53484 -0.377316 1.5364 2.58474 1.98217 -1.78946 -0.612365 1.16722 -2.37667 2.0521 1.87444
2.4552 0.640889 -0.55189 1.75934 -1.50169 1.53484 -0.377316 1.5364 2.58474 1.98217 -1.78946 -0.612365 1.16722 -2.37667 2.0521 1.87444
2.46447 0.640889 -0.55189 1.75934 -1.50169 1.53484 -0.377316 1.5364 2.58474 1.98217 -1.78946 -0.612365 1.16722 -2.37667 2.0521 1.87444
2.47452 0.640889 -0.55189 1.75934 -1.50169 1.53484 -0.377316 1.5364 2.58474 1.98217 -1.78946 -0.612365 1.16722 -2.37667 2.0521 1.87444
2.48547 0.640889 -0.55189 1.75934 -1.50169 1.53484 -0.377316 1.5364 2.58474 1.98217 -1.78946 -0.612365 1.16722 -2.37667 2.0521 1.87444
2.49713 0.640889 -0.55189 1.75934 -1.50169 1.53484 -0.377316 1.5364 2.58474 1.98217 -1.78946 -0.612365 1.16722 -2.37667 2.0521 1.87444
2.50942 0.640889 -0.55189 1.75934 -1.50169 1.53484 -0.377316 1.5364 2.58474 1.98217 -1.78946 -0.612365 1.16722 -2.37667 2.0521 1.87444
2.52182 0.640889 -0.55189 1.75934 -1.50169 1.53484 -0.377316 1.5364 2.58474 1.98217 -1.78946 -0.612365 1.16722 -2.37667 2.0521 1.87444
2.53448 0.640889 -0.55189 1.75934 -1.50169 1.53484 -0.377316 1.5364 2.58474 1.98217 -1.78946 -0.612365 1.16722 -2.37667 2.0521 1.87444
2.54783 0.640889 -0.55189 1.75934 -1.50169 1.53484 -0.377316 1.5364 2.58474 1.98217 -1.78946 -0.612365 1.16722 -2.37667 2.0521 1.87444
2.56115 0.640889 -0.55189 1.75934 -1.50169 1.53484 -0.377316 1.5364 2.58474 1.98217 -1.78946 -0.612365 1.16722 -2.37667 2.0521 1.87444
2.57497 0.640889 -0.55189 1.75934 -1.50169 1.53484 -0.377316 1.5364 2.58474 1.98217 -1.78946 -0.612365 1.16722 -2.37667 2.0521 1.87444
2.58942 0.640889 -0.55189 1.75934 -1.50169 1.53484 -0.377316 1.5364 2.58474 1.98217 -1.78946 -0.612365 1.16722 -2.37667 2.0521 1.87444
2.60428 0.640889 -0.55189 1.75934 -1.50169 1.53484 -0.377316 1.5364 2.58474 1.98217 -1.78946 -0.612365 1.16722 -2.37667 2.0521 1.87444
2.61979 0.640889 -0.55189 1.75934 -1.50169 1.53484 -0.377316 1.5364 2.58474 1.98217 -1.78946 -0.612365 1.16722 -2.37667 2.0521 1.87444
2.63608 0.640889 -0.55189 1.75934 -1.50169 1.53484 -0.377316 1.5364 2.58474 1.98217 -1.78946 -0.612365 1.16722 -2.37667 2.0521 1.87444
2.65287 0.640889 -0.55189 1.75934 -1.50169 1.53484 -0.377316 1.5364 2.58474 1.98217 -1.78946 -0.612365 1.16722 -2.37667 2.0521 1.87444
2.67046 0.640889 -0.55189 1.75934 -1.50169 1.53484 -0.377316 1.5364 2.58474 1.98217 -1.78946 -0.612365 1.16722 -2.37667 2.0521 1.87444
