4.241
4.251
4.262
4.272
4.283
4.293
4.303
4.314
4.324
4.336
4.357
4.377
4.398
4.419
4.439
4.46
4.481
4.501
4.522
4.543
4.581
4.62
4.659
4.698
4.738
4.778
4.818
4.857
4.895
4.934
4.973
5.011
5.05
5.091
5.13
5.169
5.207
5.246
5.285
5.324
5.362
5.402
5.441
5.48
5.519
5.558
5.596
5.635
5.674
5.713
5.753
5.794
5.833
5.872
5.911
5.949
5.987
6.026
6.065
6.104
6.145
6.187
6.226
6.264
6.305
6.344
6.382
6.422
6.461
6.5
6.539
6.577
6.616
6.655
6.693
6.732
6.771
6.811
6.85
6.889
6.929
6.967
7.006
7.044
7.083
7.122
7.162
7.202
7.241
7.28
7.322
7.361
7.399
7.438
7.477
8.05
8.061
8.072
8.082
8.094
8.105
8.115
8.126
8.136
8.165
8.207
8.245
8.284
8.326
8.367
8.406
8.445
8.484
8.522
8.561
8.6
8.638
8.677
8.716
8.754
8.793
8.832
8.87
8.909
8.948
8.987
