1.35337 1.5386 -1.65039 0.427752 -1.46546 -0.389962 0.0755519 0.863528 -3.02193 1.90481 -0.621996 0.506652 0.236292 -2.76314 -0.464102 2.07704
1.35337 1.5386 -1.65039 0.427752 -1.46546 -0.389962 0.0755519 0.863528 -3.02193 1.90481 -0.621996 0.506652 0.236292 -2.76314 -0.464102 2.07704
1.35337 1.5386 -1.65039 0.427752 -1.46546 -0.389962 0.0755519 0.863528 -3.02193 1.90481 -0.621996 0.506652 0.236292 -2.76314 -0.464102 2.07704
1.35337 1.5386 -1.65039 0.427752 -1.46546 -0.389962 0.0755519 0.863528 -3.02193 1.90481 -0.621996 0.506652 0.236292 -2.76314 -0.464102 2.07704
1.35337 1.5386 -1.65039 0.427752 -1.46546 -0.389962 0.0755519 0.863528 -3.02193 1.90481 -0.621996 0.506652 0.236292 -2.76314 -0.464102 2.07704
1.35337 1.5386 -1.65039 0.427752 -1.46546 -0.389962 0.0755519 0.863528 -3.02193 1.90481 -0.621996 0.506652 0.236292 -2.76314 -0.464102 2.07704
1.35337 1.5386 -1.65039 0.427752 -1.46546 -0.389962 0.0755519 0.863528 -3.02193 1.90481 -0.621996 0.506652 0.236292 -2.76314 -0.464102 2.07704
1.35337 1.5386 -1.65039 0.427752 -1.46546 -0.389962 0.0755519 0.863528 -3.02193 1.90481 -0.621996 0.506652 0.236292 -2.76314 -0.464102 2.07704
1.35362 1.5386 -1.65039 0.427752 -1.46546 -0.389962 0.0755519 0.863528 -3.02193 1.90481 -0.621996 0.506652 0.236292 -2.76314 -0.464102 2.07704
1.35395 1.5386 -1.65039 0.427752 -1.46546 -0.389962 0.0755519 0.863528 -3.02193 1.90481 -0.621996 0.506652 0.236292 -2.76314 -0.464102 2.07704
1.35428 1.5386 -1.65039 0.427752 -1.46546 -0.389962 0.0755519 0.863528 -3.02193 1.90481 -0.621996 0.506652 0.236292 -2.76314 -0.464102 2.07704
1.3546 1.5386 -1.65039 0.427752 -1.46546 -0.389962 0.0755519 0.863528 -3.02193 1.90481 -0.621996 0.506652 0.236292 -2.76314 -0.464102 2.07704
1.35491 1.5386 -1.65039 0.427752 -1.46546 -0.389962 0.0755519 0.863528 -3.02193 1.90481 -0.621996 0.506652 0.236292 -2.76314 -0.464102 2.07704
1.35523 1.5386 -1.65039 0.427752 -1.46546 -0.389962 0.0755519 0.863528 -3.02193 1.90481 -0.621996 0.506652 0.236292 -2.76314 -0.464102 2.07704
1.35556 1.5386 -1.65039 0.427752 -1.46546 -0.389962 0.0755519 0.863528 -3.02193 1.90481 -0.621996 0.506652 0.236292 -2.76314 -0.464102 2.07704
1.35593 1.5386 -1.65039 0.427752 -1.46546 -0.389962 0.0755519 0.863528 -3.02193 1.90481 -0.621996 0.506652 0.236292 -2.76314 -0.464102 2.07704
1.35634 1.5386 -1.65039 0.427752 -1.46546 -0.389962 0.0755519 0.863528 -3.02193 1.90481 -0.621996 0.506652 0.236292 -2.76314 -0.464102 2.07704
1.3568 1.5386 -1.65039 0.427752 -1.46546 -0.389962 0.0755519 0.863528 -3.02193 1.90481 -0.621996 0.506652 0.236292 -2.76314 -0.464102 2.07704
1.35734 1.5386 -1.65039 0.427752 -1.46546 -0.389962 0.0755519 0.863528 -3.02193 1.90481 -0.621996 0.506652 0.236292 -2.76314 -0.464102 2.07704
1.35792 1.5386 -1.65039 0.427752 -1.46546 -0.389962 0.0755519 0.863528 -3.02193 1.90481 -0.621996 0.506652 0.236292 -2.76314 -0.464102 2.07704
1.35917 1.5386 -1.65039 0.427752 -1.46546 -0.389962 0.0755519 0.863528 -3.02193 1.90481 -0.621996 0.506652 0.236292 -2.76314 -0.464102 2.07704
1.36043 1.5386 -1.65039 0.427752 -1.46546 -0.389962 0.0755519 0.863528 -3.02193 1.90481 -0.621996 0.506652 0.236292 -2.76314 -0.464102 2.07704
1.36176 1.5386 -1.65039 0.427752 -1.46546 -0.389962 0.0755519 0.863528 -3.02193 1.90481 -0.621996 0.506652 0.236292 -2.76314 -0.464102 2.07704
1.36328 1.5386 -1.65039 0.427752 -1.46546 -0.389962 0.0755519 0.863528 -3.02193 1.90481 -0.621996 0.506652 0.236292 -2.76314 -0.464102 2.07704
1.36495 1.5386 -1.65039 0.427752 -1.46546 -0.389962 0.0755519 0.863528 -3.02193 1.90481 -0.621996 0.506652 0.236292 -2.76314 -0.464102 2.07704
1.36676 1.5386 -1.65039 0.427752 -1.46546 -0.389962 0.0755519 0.863528 -3.02193 1.90481 -0.621996 0.506652 0.236292 -2.76314 -0.464102 2.07704
1.36854 1.5386 -1.65039 0.427752 -1.46546 -0.389962 0.0755519 0.863528 -3.02193 1.90481 -0.621996 0.506652 0.236292 -2.76314 -0.464102 2.07704
1.37034 1.5386 -1.65039 0.427752 -1.46546 -0.389962 0.0755519 0.863528 -3.02193 1.90481 -0.621996 0.506652 0.236292 -2.76314 -0.464102 2.07704
1.3721 1.5386 -1.65039 0.427752 -1.46546 -0.389962 0.0755519 0.863528 -3.02193 1.90481 -0.621996 0.506652 0.236292 -2.76314 -0.464102 2.07704
1.37402 1.5386 -1.65039 0.427752 -1.46546 -0.389962 0.0755519 0.863528 -3.02193 1.90481 -0.621996 0.506652 0.236292 -2.76314 -0.464102 2.07704
1.37613 1.5386 -1.65039 0.427752 -1.46546 -0.389962 0.0755519 0.863528 -3.02193 1.90481 -0.621996 0.506652 0.236292 -2.76314 -0.464102 2.07704
1.37825 1.5386 -1.65039 0.427752 -1.46546 -0.389962 0.0755519 0.863528 -3.02193 1.90481 -0.621996 0.506652 0.236292 -2.76314 -0.464102 2.07704
1.38038 1.5386 -1.65039 0.427752 -1.46546 -0.389962 0.0755519 0.863528 -3.02193 1.90481 -0.621996 0.506652 0.236292 -2.76314 -0.464102 2.07704
1.38264 1.5386 -1.65039 0.427752 -1.46546 -0.389962 0.0755519 0.863528 -3.02193 1.90481 -0.621996 0.506652 0.236292 -2.76314 -0.464102 2.07704
1.38498 1.5386 -1.65039 0.427752 -1.46546 -0.389962 0.0755519 0.863528 -3.02193 1.90481 -0.621996 0.506652 0.236292 -2.76314 -0.464102 2.07704
1.38732 1.5386 -1.65039 0.427752 -1.46546 -0.389962 0.0755519 0.863528 -3.02193 1.90481 -0.621996 0.506652 0.236292 -2.76314 -0.464102 2.07704
1.38968 1.5386 -1.65039 0.427752 -1.46546 -0.389962 0.0755519 0.863528 -3.02193 1.90481 -0.621996 0.506652 0.236292 -2.76314 -0.464102 2.07704
1.39203 1.5386 -1.65039 0.427752 -1.46546 -0.389962 0.0755519 0.863528 -3.02193 1.90481 -0.621996 0.506652 0.236292 -2.76314 -0.464102 2.07704
1.39448 1.5386 -1.65039 0.427752 -1.46546 -0.389962 0.0755519 0.863528 -3.02193 1.90481 -0.621996 0.506652 0.236292 -2.76314 -0.464102 2.07704
1.39702 1.5386 -1.65039 0.427752 -1.46546 -0.389962 0.0755519 0.863528 -3.02193 1.90481 -0.621996 0.506652 0.236292 -2.76314 -0.464102 2.07704
1.39978 1.5386 -1.65039 0.427752 -1.46546 -0.389962 0.0755519 0.863528 -3.02193 1.90481 -0.621996 0.506652 0.236292 -2.76314 -0.464102 2.07704
1.40258 1.5386 -1.65039 0.427752 -1.46546 -0.389962 0.0755519 0.863528 -3.02193 1.90481 -0.621996 0.506652 0.236292 -2.76314 -0.464102 2.07704
1.40537 1.5386 -1.65039 0.427752 -1.46546 -0.389962 0.0755519 0.863528 -3.02193 1.90481 -0.621996 0.506652 0.236292 -2.76314 -0.464102 2.07704
1.40828 1.5386 -1.65039 0.427752 -1.46546 -0.389962 0.0755519 0.863528 -3.02193 1.90481 -0.621996 0.506652 0.236292 -2.76314 -0.464102 2.07704
1.41134 1.5386 -1.65039 0.427752 -1.46546 -0.389962 0.0755519 0.863528 -3.02193 1.90481 -0.621996 0.506652 0.236292 -2.76314 -0.464102 2.07704
1.41429 1.5386 -1.65039 0.427752 -1.46546 -0.389962 0.0755519 0.863528 -3.02193 1.90481 -0.621996 0.506652 0.236292 -2.76314 -0.464102 2.07704
1.41736 1.5386 -1.65039 0.427752 -1.46546 -0.389962 0.0755519 0.863528 -3.02193 1.90481 -0.621996 0.506652 0.236292 -2.76314 -0.464102 2.07704
1.42049 1.5386 -1.65039 0.427752 -1.46546 -0.389962 0.0755519 0.863528 -3.02193 1.90481 -0.621996 0.506652 0.236292 -2.76314 -0.464102 2.07704
1.42383 1.5386 -1.65039 0.427752 -1.46546 -0.389962 0.0755519 0.863528 -3.02193 1.90481 -0.621996 0.506652 0.236292 -2.76314 -0.464102 2.07704
1.42734 1.5386 -1.65039 0.427752 -1.46546 -0.389962 0.0755519 0.863528 -3.02193 1.90481 -0.621996 0.506652 0.236292 -2.76314 -0.464102 2.07704
1.43081 1.5386 -1.65039 0.427752 -1.46546 -0.389962 0.0755519 0.863528 -3.02193 1.90481 -0.621996 0.506652 0.236292 -2.76314 -0.464102 2.07704
1.43419 1.5386 -1.65039 0.427752 -1.46546 -0.389962 0.0755519 0.863528 -3.02193 1.90481 -0.621996 0.506652 0.236292 -2.76314 -0.464102 2.07704
1.43786 1.5386 -1.65039 0.427752 -1.46546 -0.389962 0.0755519 0.863528 -3.02193 1.90481 -0.621996 0.506652 0.236292 -2.76314 -0.464102 2.07704
1.44158 1.5386 -1.65039 0.427752 -1.46546 -0.389962 0.0755519 0.863528 -3.02193 1.90481 -0.621996 0.506652 0.236292 -2.76314 -0.464102 2.07704
1.44562 1.5386 -1.65039 0.427752 -1.46546 -0.389962 0.0755519 0.863528 -3.02193 1.90481 -0.621996 0.506652 0.236292 -2.76314 -0.464102 2.07704
1.44962 1.5386 -1.65039 0.427752 -1.46546 -0.389962 0.0755519 0.863528 -3.02193 1.90481 -0.621996 0.506652 0.236292 -2.76314 -0.464102 2.07704
1.45352 1.5386 -1.65039 0.427752 -1.46546 -0.389962 0.0755519 0.863528 -3.02193 1.90481 -0.621996 0.506652 0.236292 -2.76314 -0.464102 2.07704
1.45758 1.5386 -1.65039 0.427752 -1.46546 -0.389962 0.0755519 0.863528 -3.02193 1.90481 -0.621996 0.506652 0.236292 -2.76314 -0.464102 2.07704
1.46185 1.5386 -1.65039 0.427752 -1.46546 -0.389962 0.0755519 0.863528 -3.02193 1.90481 -0.621996 0.506652 0.236292 -2.76314 -0.464102 2.07704
1.46643 1.5386 -1.65039 0.427752 -1.46546 -0.389962 0.0755519 0.863528 -3.02193 1.90481 -0.621996 0.506652 0.236292 -2.76314 -0.464102 2.07704
1.47102 1.5386 -1.65039 0.427752 -1.46546 -0.389962 0.0755519 0.863528 -3.02193 1.90481 -0.621996 0.506652 0.236292 -2.76314 -0.464102 2.07704
1.47555 1.5386 -1.65039 0.427752 -1.46546 -0.389962 0.0755519 0.863528 -3.02193 1.90481 -0.621996 0.506652 0.236292 -2.76314 -0.464102 2.07704
1.48039 1.5386 -1.65039 0.427752 -1.46546 -0.389962 0.0755519 0.863528 -3.02193 1.90481 -0.621996 0.506652 0.236292 -2.76314 -0.464102 2.07704
1.48535 1.5386 -1.65039 0.427752 -1.46546 -0.389962 0.0755519 0.863528 -3.02193 1.90481 -0.621996 0.506652 0.236292 -2.76314 -0.464102 2.07704
1.4904 1.5386 -1.65039 0.427752 -1.46546 -0.389962 0.0755519 0.863528 -3.02193 1.90481 -0.621996 0.506652 0.236292 -2.76314 -0.464102 2.07704
1.49557 1.5386 -1.65039 0.427752 -1.46546 -0.389962 0.0755519 0.863528 -3.02193 1.90481 -0.621996 0.506652 0.236292 -2.76314 -0.464102 2.07704
1.5009 1.5386 -1.65039 0.427752 -1.46546 -0.389962 0.0755519 0.863528 -3.02193 1.90481 -0.621996 0.506652 0.236292 -2.76314 -0.464102 2.07704
1.5066 1.5386 -1.65039 0.427752 -1.46546 -0.389962 0.0755519 0.863528 -3.02193 1.90481 -0.621996 0.506652 0.236292 -2.76314 -0.464102 2.07704
1.51235 1.5386 -1.65039 0.427752 -1.46546 -0.389962 0.0755519 0.863528 -3.02193 1.90481 -0.621996 0.506652 0.236292 -2.76314 -0.464102 2.07704
1.51817 1.5386 -1.65039 0.427752 -1.46546 -0.389962 0.0755519 0.863528 -3.02193 1.90481 -0.621996 0.506652 0.236292 -2.76314 -0.464102 2.07704
1.52542 1.5386 -1.65039 0.427752 -1.46546 -0.389962 0.0755519 0.863528 -3.02193 1.90481 -0.621996 0.506652 0.236292 -2.76314 -0.464102 2.07704
1.52439 1.5386 -1.65039 0.427752 -1.46546 -0.389962 0.0755519 0.863528 -3.02193 1.90481 -0.621996 0.506652 0.236292 -2.76314 -0.464102 2.07704
1.52321 1.5386 -1.65039 0.427752 -1.46546 -0.389962 0.0755519 0.863528 -3.02193 1.90481 -0.621996 0.506652 0.236292 -2.76314 -0.464102 2.07704
1.52196 1.5386 -1.65039 0.427752 -1.46546 -0.389962 0.0755519 0.863528 -3.02193 1.90481 -0.621996 0.506652 0.236292 -2.76314 -0.464102 2.07704
1.52064 1.5386 -1.65039 0.427752 -1.46546 -0.389962 0.0755519 0.863528 -3.02193 1.90481 -0.621996 0.506652 0.236292 -2.76314 -0.464102 2.07704
1.51947 1.5386 -1.65039 0.427752 -1.46546 -0.389962 0.0755519 0.863528 -3.02193 1.90481 -0.621996 0.506652 0.236292 -2.76314 -0.464102 2.07704
1.51827 1.5386 -1.65039 0.427752 -1.46546 -0.389962 0.0755519 0.863528 -3.02193 1.90481 -0.621996 0.506652 0.236292 -2.76314 -0.464102 2.07704
1.51663 1.5386 -1.65039 0.427752 -1.46546 -0.389962 0.0755519 0.863528 -3.02193 1.90481 -0.621996 0.506652 0.236292 -2.76314 -0.464102 2.07704
1.51507 1.5386 -1.65039 0.427752 -1.46546 -0.389962 0.0755519 0.863528 -3.02193 1.90481 -0.621996 0.506652 0.236292 -2.76314 -0.464102 2.07704
1.51322 1.5386 -1.65039 0.427752 -1.46546 -0.389962 0.0755519 0.863528 -3.02193 1.90481 -0.621996 0.506652 0.236292 -2.76314 -0.464102 2.07704
1.51108 1.5386 -1.65039 0.427752 -1.46546 -0.389962 0.0755519 0.863528 -3.02193 1.90481 -0.621996 0.506652 0.236292 -2.76314 -0.464102 2.07704
1.50872 1.5386 -1.65039 0.427752 -1.46546 -0.389962 0.0755519 0.863528 -3.02193 1.90481 -0.621996 0.506652 0.236292 -2.76314 -0.464102 2.07704
1.5064 1.5386 -1.65039 0.427752 -1.46546 -0.389962 0.0755519 0.863528 -3.02193 1.90481 -0.621996 0.506652 0.236292 -2.76314 -0.464102 2.07704
1.50199 1.5386 -1.65039 0.427752 -1.46546 -0.389962 0.0755519 0.863528 -3.02193 1.90481 -0.621996 0.506652 0.236292 -2.76314 -0.464102 2.07704
1.4974 1.5386 -1.65039 0.427752 -1.46546 -0.389962 0.0755519 0.863528 -3.02193 1.90481 -0.621996 0.506652 0.236292 -2.76314 -0.464102 2.07704
1.4927 1.5386 -1.65039 0.427752 -1.46546 -0.389962 0.0755519 0.863528 -3.02193 1.90481 -0.621996 0.506652 0.236292 -2.76314 -0.464102 2.07704
1.48798 1.5386 -1.65039 0.427752 -1.46546 -0.389962 0.0755519 0.863528 -3.02193 1.90481 -0.621996 0.506652 0.236292 -2.76314 -0.464102 2.07704
1.4833 1.5386 -1.65039 0.427752 -1.46546 -0.389962 0.0755519 0.863528 -3.02193 1.90481 -0.621996 0.506652 0.236292 -2.76314 -0.464102 2.07704
1.47862 1.5386 -1.65039 0.427752 -1.46546 -0.389962 0.0755519 0.863528 -3.02193 1.90481 -0.621996 0.506652 0.236292 -2.76314 -0.464102 2.07704
1.47385 1.5386 -1.65039 0.427752 -1.46546 -0.389962 0.0755519 0.863528 -3.02193 1.90481 -0.621996 0.506652 0.236292 -2.76314 -0.464102 2.07704
1.46914 1.5386 -1.65039 0.427752 -1.46546 -0.389962 0.0755519 0.863528 -3.02193 1.90481 -0.621996 0.506652 0.236292 -2.76314 -0.464102 2.07704
1.46443 1.5386 -1.65039 0.427752 -1.46546 -0.389962 0.0755519 0.863528 -3.02193 1.90481 -0.621996 0.506652 0.236292 -2.76314 -0.464102 2.07704
1.45979 1.5386 -1.65039 0.427752 -1.46546 -0.389962 0.0755519 0.863528 -3.02193 1.90481 -0.621996 0.506652 0.236292 -2.76314 -0.464102 2.07704
1.45514 1.5386 -1.65039 0.427752 -1.46546 -0.389962 0.0755519 0.863528 -3.02193 1.90481 -0.621996 0.506652 0.236292 -2.76314 -0.464102 2.07704
1.45035 1.5386 -1.65039 0.427752 -1.46546 -0.389962 0.0755519 0.863528 -3.02193 1.90481 -0.621996 0.506652 0.236292 -2.76314 -0.464102 2.07704
1.44553 1.5386 -1.65039 0.427752 -1.46546 -0.389962 0.0755519 0.863528 -3.02193 1.90481 -0.621996 0.506652 0.236292 -2.76314 -0.464102 2.07704
1.44066 1.5386 -1.65039 0.427752 -1.46546 -0.389962 0.0755519 0.863528 -3.02193 1.90481 -0.621996 0.506652 0.236292 -2.76314 -0.464102 2.07704
1.43585 1.5386 -1.65039 0.427752 -1.46546 -0.389962 0.0755519 0.863528 -3.02193 1.90481 -0.621996 0.506652 0.236292 -2.76314 -0.464102 2.07704
1.43086 1.5386 -1.65039 0.427752 -1.46546 -0.389962 0.0755519 0.863528 -3.02193 1.90481 -0.621996 0.506652 0.236292 -2.76314 -0.464102 2.07704
1.42584 1.5386 -1.65039 0.427752 -1.46546 -0.389962 0.0755519 0.863528 -3.02193 1.90481 -0.621996 0.506652 0.236292 -2.76314 -0.464102 2.07704
1.42093 1.5386 -1.65039 0.427752 -1.46546 -0.389962 0.0755519 0.863528 -3.02193 1.90481 -0.621996 0.506652 0.236292 -2.76314 -0.464102 2.07704
1.41599 1.5386 -1.65039 0.427752 -1.46546 -0.389962 0.0755519 0.863528 -3.02193 1.90481 -0.621996 0.506652 0.236292 -2.76314 -0.464102 2.07704
1.41099 1.5386 -1.65039 0.427752 -1.46546 -0.389962 0.0755519 0.863528 -3.02193 1.90481 -0.621996 0.506652 0.236292 -2.76314 -0.464102 2.07704
1.40598 1.5386 -1.65039 0.427752 -1.46546 -0.389962 0.0755519 0.863528 -3.02193 1.90481 -0.621996 0.506652 0.236292 -2.76314 -0.464102 2.07704
1.40103 1.5386 -1.65039 0.427752 -1.46546 -0.389962 0.0755519 0.863528 -3.02193 1.90481 -0.621996 0.506652 0.236292 -2.76314 -0.464102 2.07704
1.39601 1.5386 -1.65039 0.427752 -1.46546 -0.389962 0.0755519 0.863528 -3.02193 1.90481 -0.621996 0.506652 0.236292 -2.76314 -0.464102 2.07704
1.39087 1.5386 -1.65039 0.427752 -1.46546 -0.389962 0.0755519 0.863528 -3.02193 1.90481 -0.621996 0.506652 0.236292 -2.76314 -0.464102 2.07704
1.3853 1.5386 -1.65039 0.427752 -1.46546 -0.389962 0.0755519 0.863528 -3.02193 1.90481 -0.621996 0.506652 0.236292 -2.76314 -0.464102 2.07704
1.38011 1.5386 -1.65039 0.427752 -1.46546 -0.389962 0.0755519 0.863528 -3.02193 1.90481 -0.621996 0.506652 0.236292 -2.76314 -0.464102 2.07704
1.375 1.5386 -1.65039 0.427752 -1.46546 -0.389962 0.0755519 0.863528 -3.02193 1.90481 -0.621996 0.506652 0.236292 -2.76314 -0.464102 2.07704
1.36978 1.5386 -1.65039 0.427752 -1.46546 -0.389962 0.0755519 0.863528 -3.02193 1.90481 -0.621996 0.506652 0.236292 -2.76314 -0.464102 2.07704
1.36451 1.5386 -1.65039 0.427752 -1.46546 -0.389962 0.0755519 0.863528 -3.02193 1.90481 -0.621996 0.506652 0.236292 -2.76314 -0.464102 2.07704
1.35924 1.5386 -1.65039 0.427752 -1.46546 -0.389962 0.0755519 0.863528 -3.02193 1.90481 -0.621996 0.506652 0.236292 -2.76314 -0.464102 2.07704
1.35391 1.5386 -1.65039 0.427752 -1.46546 -0.389962 0.0755519 0.863528 -3.02193 1.90481 -0.621996 0.506652 0.236292 -2.76314 -0.464102 2.07704
1.34861 1.5386 -1.65039 0.427752 -1.46546 -0.389962 0.0755519 0.863528 -3.02193 1.90481 -0.621996 0.506652 0.236292 -2.76314 -0.464102 2.07704
1.34333 1.5386 -1.65039 0.427752 -1.46546 -0.389962 0.0755519 0.863528 -3.02193 1.90481 -0.621996 0.506652 0.236292 -2.76314 -0.464102 2.07704
1.33794 1.5386 -1.65039 0.427752 -1.46546 -0.389962 0.0755519 0.863528 -3.02193 1.90481 -0.621996 0.506652 0.236292 -2.76314 -0.464102 2.07704
1.33261 1.5386 -1.65039 0.427752 -1.46546 -0.389962 0.0755519 0.863528 -3.02193 1.90481 -0.621996 0.506652 0.236292 -2.76314 -0.464102 2.07704
1.32724 1.5386 -1.65039 0.427752 -1.46546 -0.389962 0.0755519 0.863528 -3.02193 1.90481 -0.621996 0.506652 0.236292 -2.76314 -0.464102 2.07704
1.32191 1.5386 -1.65039 0.427752 -1.46546 -0.389962 0.0755519 0.863528 -3.02193 1.90481 -0.621996 0.506652 0.236292 -2.76314 -0.464102 2.07704
1.31652 1.5386 -1.65039 0.427752 -1.46546 -0.389962 0.0755519 0.863528 -3.02193 1.90481 -0.621996 0.506652 0.236292 -2.76314 -0.464102 2.07704
1.31104 1.5386 -1.65039 0.427752 -1.46546 -0.389962 0.0755519 0.863528 -3.02193 1.90481 -0.621996 0.506652 0.236292 -2.76314 -0.464102 2.07704
1.30554 1.5386 -1.65039 0.427752 -1.46546 -0.389962 0.0755519 0.863528 -3.02193 1.90481 -0.621996 0.506652 0.236292 -2.76314 -0.464102 2.07704
1.30006 1.5386 -1.65039 0.427752 -1.46546 -0.389962 0.0755519 0.863528 -3.02193 1.90481 -0.621996 0.506652 0.236292 -2.76314 -0.464102 2.07704
1.29452 1.5386 -1.65039 0.427752 -1.46546 -0.389962 0.0755519 0.863528 -3.02193 1.90481 -0.621996 0.506652 0.236292 -2.76314 -0.464102 2.07704
