11.997
12.008
12.018
12.028
12.039
12.049
12.06
12.07
12.081
12.092
12.113
12.134
12.154
12.175
12.195
12.216
12.237
12.258
12.278
12.299
12.338
12.377
12.416
12.455
12.495
12.533
12.572
12.61
12.649
12.687
12.726
12.765
12.804
12.843
12.883
12.921
12.96
12.999
13.038
13.076
13.115
13.153
13.192
13.232
13.272
13.311
13.351
13.389
13.427
13.466
13.504
13.545
13.584
13.624
13.663
13.701
13.74
13.778
13.817
13.857
13.895
13.934
13.973
14.012
14.051
14.089
14.128
14.167
14.206
14.246
16.846
16.856
16.867
16.877
16.888
16.898
16.908
16.918
16.929
16.941
16.961
16.982
17.002
17.041
17.081
17.12
17.159
17.198
17.237
17.276
17.315
17.353
17.392
17.431
17.469
17.508
17.547
17.586
17.626
17.664
17.704
17.742
17.781
17.82
17.859
17.898
17.937
17.98
18.018
18.057
18.096
18.136
18.175
18.214
18.254
18.292
18.331
18.37
18.409
18.447
18.486
18.525
18.564
18.602
18.642
