-0.150191
-0.0984943
-0.0465625
-0.027
-0.027
-0.027
-0.027
-0.027
-0.027
-0.027
-0.027
-0.027
-0.027
-0.027
-0.027
-0.027
-0.027
-0.027
-0.027
-0.027
-0.027
-0.027
-0.027
-0.027
-0.027
-0.027
-0.027
-0.027
-0.027
-0.027
-0.027
-0.027
-0.027
-0.027
-0.027
-0.027
-0.027
-0.027
-0.027
-0.027
-0.027
-0.027
-0.027
-0.027
-0.027
-0.027
-0.027
-0.027
-0.027
-0.027
-0.027
-0.027
-0.027
-0.027
-0.027
-0.027
-0.027
-0.027
-0.027
-0.027
-0.027
-0.027
-0.027
-0.027
-0.027
-0.027
-0.027
-0.027
-0.027
-0.027
-0.027
-0.027
-0.027
-0.027
-0.027
-0.027
-0.027
-0.027
-0.027
-0.027
-0.027
-0.027
-0.027
-0.027
-0.027
-0.027
-0.027
-0.027
-2.027
-2.027
-2.027
-2.027
-2.027
-2.027
-2.027
-2.027
-2.027
-2.027
-2.027
-2.027
-2.027
-2.027
-2.027
-2.027
-2.027
-2.027
-2.027
-2.027
-2.027
-2.027
-2.027
-2.027
-2.027
-2.027
-2.027
-2.027
-2.027
-2.027
-2.027
-2.027
-2.027
-2.027
-2.027
-2.027
-2.027
-2.027
-2.027
-2.027
-2.027
-2.027
-2.027
-2.027
-2.027
-2.027
-2.027
-2.027
-2.027
-2.027
-2.027
-2.027
-2.027
-2.027
-2.027
-2.027
-2.027
-2.027
-2.027
-2.027
-2.027
-2.027
-2.027
