2.27537 -1.37924 -0.175762 -0.0831933 -1.62896 -1.31824 0.257354 1.09204 0.862003 2.03573 -0.321987 -2.26266 -0.575294 1.59432 -1.58026 1.69037
2.27537 -1.37924 -0.175762 -0.0831933 -1.62896 -1.31824 0.257354 1.09204 0.862003 2.03573 -0.321987 -2.26266 -0.575294 1.59432 -1.58026 1.69037
2.27537 -1.37924 -0.175762 -0.0831933 -1.62896 -1.31824 0.257354 1.09204 0.862003 2.03573 -0.321987 -2.26266 -0.575294 1.59432 -1.58026 1.69037
2.27537 -1.37924 -0.175762 -0.0831933 -1.62896 -1.31824 0.257354 1.09204 0.862003 2.03573 -0.321987 -2.26266 -0.575294 1.59432 -1.58026 1.69037
2.27537 -1.37924 -0.175762 -0.0831933 -1.62896 -1.31824 0.257354 1.09204 0.862003 2.03573 -0.321987 -2.26266 -0.575294 1.59432 -1.58026 1.69037
2.27537 -1.37924 -0.175762 -0.0831933 -1.62896 -1.31824 0.257354 1.09204 0.862003 2.03573 -0.321987 -2.26266 -0.575294 1.59432 -1.58026 1.69037
2.27537 -1.37924 -0.175762 -0.0831933 -1.62896 -1.31824 0.257354 1.09204 0.862003 2.03573 -0.321987 -2.26266 -0.575294 1.59432 -1.58026 1.69037
2.27558 -1.37924 -0.175762 -0.0831933 -1.62896 -1.31824 0.257354 1.09204 0.862003 2.03573 -0.321987 -2.26266 -0.575294 1.59432 -1.58026 1.69037
2.27573 -1.37924 -0.175762 -0.0831933 -1.62896 -1.31824 0.257354 1.09204 0.862003 2.03573 -0.321987 -2.26266 -0.575294 1.59432 -1.58026 1.69037
2.27591 -1.37924 -0.175762 -0.0831933 -1.62896 -1.31824 0.257354 1.09204 0.862003 2.03573 -0.321987 -2.26266 -0.575294 1.59432 -1.58026 1.69037
2.27604 -1.37924 -0.175762 -0.0831933 -1.62896 -1.31824 0.257354 1.09204 0.862003 2.03573 -0.321987 -2.26266 -0.575294 1.59432 -1.58026 1.69037
2.27623 -1.37924 -0.175762 -0.0831933 -1.62896 -1.31824 0.257354 1.09204 0.862003 2.03573 -0.321987 -2.26266 -0.575294 1.59432 -1.58026 1.69037
2.27644 -1.37924 -0.175762 -0.0831933 -1.62896 -1.31824 0.257354 1.09204 0.862003 2.03573 -0.321987 -2.26266 -0.575294 1.59432 -1.58026 1.69037
2.27667 -1.37924 -0.175762 -0.0831933 -1.62896 -1.31824 0.257354 1.09204 0.862003 2.03573 -0.321987 -2.26266 -0.575294 1.59432 -1.58026 1.69037
2.27689 -1.37924 -0.175762 -0.0831933 -1.62896 -1.31824 0.257354 1.09204 0.862003 2.03573 -0.321987 -2.26266 -0.575294 1.59432 -1.58026 1.69037
2.27713 -1.37924 -0.175762 -0.0831933 -1.62896 -1.31824 0.257354 1.09204 0.862003 2.03573 -0.321987 -2.26266 -0.575294 1.59432 -1.58026 1.69037
2.27736 -1.37924 -0.175762 -0.0831933 -1.62896 -1.31824 0.257354 1.09204 0.862003 2.03573 -0.321987 -2.26266 -0.575294 1.59432 -1.58026 1.69037
2.27758 -1.37924 -0.175762 -0.0831933 -1.62896 -1.31824 0.257354 1.09204 0.862003 2.03573 -0.321987 -2.26266 -0.575294 1.59432 -1.58026 1.69037
2.27782 -1.37924 -0.175762 -0.0831933 -1.62896 -1.31824 0.257354 1.09204 0.862003 2.03573 -0.321987 -2.26266 -0.575294 1.59432 -1.58026 1.69037
2.27809 -1.37924 -0.175762 -0.0831933 -1.62896 -1.31824 0.257354 1.09204 0.862003 2.03573 -0.321987 -2.26266 -0.575294 1.59432 -1.58026 1.69037
2.27868 -1.37924 -0.175762 -0.0831933 -1.62896 -1.31824 0.257354 1.09204 0.862003 2.03573 -0.321987 -2.26266 -0.575294 1.59432 -1.58026 1.69037
2.27939 -1.37924 -0.175762 -0.0831933 -1.62896 -1.31824 0.257354 1.09204 0.862003 2.03573 -0.321987 -2.26266 -0.575294 1.59432 -1.58026 1.69037
2.28022 -1.37924 -0.175762 -0.0831933 -1.62896 -1.31824 0.257354 1.09204 0.862003 2.03573 -0.321987 -2.26266 -0.575294 1.59432 -1.58026 1.69037
2.28114 -1.37924 -0.175762 -0.0831933 -1.62896 -1.31824 0.257354 1.09204 0.862003 2.03573 -0.321987 -2.26266 -0.575294 1.59432 -1.58026 1.69037
2.28219 -1.37924 -0.175762 -0.0831933 -1.62896 -1.31824 0.257354 1.09204 0.862003 2.03573 -0.321987 -2.26266 -0.575294 1.59432 -1.58026 1.69037
2.28333 -1.37924 -0.175762 -0.0831933 -1.62896 -1.31824 0.257354 1.09204 0.862003 2.03573 -0.321987 -2.26266 -0.575294 1.59432 -1.58026 1.69037
2.28456 -1.37924 -0.175762 -0.0831933 -1.62896 -1.31824 0.257354 1.09204 0.862003 2.03573 -0.321987 -2.26266 -0.575294 1.59432 -1.58026 1.69037
2.2858 -1.37924 -0.175762 -0.0831933 -1.62896 -1.31824 0.257354 1.09204 0.862003 2.03573 -0.321987 -2.26266 -0.575294 1.59432 -1.58026 1.69037
2.28698 -1.37924 -0.175762 -0.0831933 -1.62896 -1.31824 0.257354 1.09204 0.862003 2.03573 -0.321987 -2.26266 -0.575294 1.59432 -1.58026 1.69037
2.28822 -1.37924 -0.175762 -0.0831933 -1.62896 -1.31824 0.257354 1.09204 0.862003 2.03573 -0.321987 -2.26266 -0.575294 1.59432 -1.58026 1.69037
2.28967 -1.37924 -0.175762 -0.0831933 -1.62896 -1.31824 0.257354 1.09204 0.862003 2.03573 -0.321987 -2.26266 -0.575294 1.59432 -1.58026 1.69037
2.29123 -1.37924 -0.175762 -0.0831933 -1.62896 -1.31824 0.257354 1.09204 0.862003 2.03573 -0.321987 -2.26266 -0.575294 1.59432 -1.58026 1.69037
2.29292 -1.37924 -0.175762 -0.0831933 -1.62896 -1.31824 0.257354 1.09204 0.862003 2.03573 -0.321987 -2.26266 -0.575294 1.59432 -1.58026 1.69037
2.29457 -1.37924 -0.175762 -0.0831933 -1.62896 -1.31824 0.257354 1.09204 0.862003 2.03573 -0.321987 -2.26266 -0.575294 1.59432 -1.58026 1.69037
2.29627 -1.37924 -0.175762 -0.0831933 -1.62896 -1.31824 0.257354 1.09204 0.862003 2.03573 -0.321987 -2.26266 -0.575294 1.59432 -1.58026 1.69037
2.29793 -1.37924 -0.175762 -0.0831933 -1.62896 -1.31824 0.257354 1.09204 0.862003 2.03573 -0.321987 -2.26266 -0.575294 1.59432 -1.58026 1.69037
2.29966 -1.37924 -0.175762 -0.0831933 -1.62896 -1.31824 0.257354 1.09204 0.862003 2.03573 -0.321987 -2.26266 -0.575294 1.59432 -1.58026 1.69037
2.30142 -1.37924 -0.175762 -0.0831933 -1.62896 -1.31824 0.257354 1.09204 0.862003 2.03573 -0.321987 -2.26266 -0.575294 1.59432 -1.58026 1.69037
2.30315 -1.37924 -0.175762 -0.0831933 -1.62896 -1.31824 0.257354 1.09204 0.862003 2.03573 -0.321987 -2.26266 -0.575294 1.59432 -1.58026 1.69037
2.30503 -1.37924 -0.175762 -0.0831933 -1.62896 -1.31824 0.257354 1.09204 0.862003 2.03573 -0.321987 -2.26266 -0.575294 1.59432 -1.58026 1.69037
2.30694 -1.37924 -0.175762 -0.0831933 -1.62896 -1.31824 0.257354 1.09204 0.862003 2.03573 -0.321987 -2.26266 -0.575294 1.59432 -1.58026 1.69037
2.30892 -1.37924 -0.175762 -0.0831933 -1.62896 -1.31824 0.257354 1.09204 0.862003 2.03573 -0.321987 -2.26266 -0.575294 1.59432 -1.58026 1.69037
2.31093 -1.37924 -0.175762 -0.0831933 -1.62896 -1.31824 0.257354 1.09204 0.862003 2.03573 -0.321987 -2.26266 -0.575294 1.59432 -1.58026 1.69037
2.31296 -1.37924 -0.175762 -0.0831933 -1.62896 -1.31824 0.257354 1.09204 0.862003 2.03573 -0.321987 -2.26266 -0.575294 1.59432 -1.58026 1.69037
2.31502 -1.37924 -0.175762 -0.0831933 -1.62896 -1.31824 0.257354 1.09204 0.862003 2.03573 -0.321987 -2.26266 -0.575294 1.59432 -1.58026 1.69037
2.31726 -1.37924 -0.175762 -0.0831933 -1.62896 -1.31824 0.257354 1.09204 0.862003 2.03573 -0.321987 -2.26266 -0.575294 1.59432 -1.58026 1.69037
2.31942 -1.37924 -0.175762 -0.0831933 -1.62896 -1.31824 0.257354 1.09204 0.862003 2.03573 -0.321987 -2.26266 -0.575294 1.59432 -1.58026 1.69037
2.32162 -1.37924 -0.175762 -0.0831933 -1.62896 -1.31824 0.257354 1.09204 0.862003 2.03573 -0.321987 -2.26266 -0.575294 1.59432 -1.58026 1.69037
2.3241 -1.37924 -0.175762 -0.0831933 -1.62896 -1.31824 0.257354 1.09204 0.862003 2.03573 -0.321987 -2.26266 -0.575294 1.59432 -1.58026 1.69037
2.32661 -1.37924 -0.175762 -0.0831933 -1.62896 -1.31824 0.257354 1.09204 0.862003 2.03573 -0.321987 -2.26266 -0.575294 1.59432 -1.58026 1.69037
2.32903 -1.37924 -0.175762 -0.0831933 -1.62896 -1.31824 0.257354 1.09204 0.862003 2.03573 -0.321987 -2.26266 -0.575294 1.59432 -1.58026 1.69037
2.33156 -1.37924 -0.175762 -0.0831933 -1.62896 -1.31824 0.257354 1.09204 0.862003 2.03573 -0.321987 -2.26266 -0.575294 1.59432 -1.58026 1.69037
2.3343 -1.37924 -0.175762 -0.0831933 -1.62896 -1.31824 0.257354 1.09204 0.862003 2.03573 -0.321987 -2.26266 -0.575294 1.59432 -1.58026 1.69037
2.33683 -1.37924 -0.175762 -0.0831933 -1.62896 -1.31824 0.257354 1.09204 0.862003 2.03573 -0.321987 -2.26266 -0.575294 1.59432 -1.58026 1.69037
2.3395 -1.37924 -0.175762 -0.0831933 -1.62896 -1.31824 0.257354 1.09204 0.862003 2.03573 -0.321987 -2.26266 -0.575294 1.59432 -1.58026 1.69037
2.34229 -1.37924 -0.175762 -0.0831933 -1.62896 -1.31824 0.257354 1.09204 0.862003 2.03573 -0.321987 -2.26266 -0.575294 1.59432 -1.58026 1.69037
2.34505 -1.37924 -0.175762 -0.0831933 -1.62896 -1.31824 0.257354 1.09204 0.862003 2.03573 -0.321987 -2.26266 -0.575294 1.59432 -1.58026 1.69037
2.34795 -1.37924 -0.175762 -0.0831933 -1.62896 -1.31824 0.257354 1.09204 0.862003 2.03573 -0.321987 -2.26266 -0.575294 1.59432 -1.58026 1.69037
2.35089 -1.37924 -0.175762 -0.0831933 -1.62896 -1.31824 0.257354 1.09204 0.862003 2.03573 -0.321987 -2.26266 -0.575294 1.59432 -1.58026 1.69037
2.3538 -1.37924 -0.175762 -0.0831933 -1.62896 -1.31824 0.257354 1.09204 0.862003 2.03573 -0.321987 -2.26266 -0.575294 1.59432 -1.58026 1.69037
2.35675 -1.37924 -0.175762 -0.0831933 -1.62896 -1.31824 0.257354 1.09204 0.862003 2.03573 -0.321987 -2.26266 -0.575294 1.59432 -1.58026 1.69037
2.35991 -1.37924 -0.175762 -0.0831933 -1.62896 -1.31824 0.257354 1.09204 0.862003 2.03573 -0.321987 -2.26266 -0.575294 1.59432 -1.58026 1.69037
2.36304 -1.37924 -0.175762 -0.0831933 -1.62896 -1.31824 0.257354 1.09204 0.862003 2.03573 -0.321987 -2.26266 -0.575294 1.59432 -1.58026 1.69037
2.36629 -1.37924 -0.175762 -0.0831933 -1.62896 -1.31824 0.257354 1.09204 0.862003 2.03573 -0.321987 -2.26266 -0.575294 1.59432 -1.58026 1.69037
2.36967 -1.37924 -0.175762 -0.0831933 -1.62896 -1.31824 0.257354 1.09204 0.862003 2.03573 -0.321987 -2.26266 -0.575294 1.59432 -1.58026 1.69037
2.37311 -1.37924 -0.175762 -0.0831933 -1.62896 -1.31824 0.257354 1.09204 0.862003 2.03573 -0.321987 -2.26266 -0.575294 1.59432 -1.58026 1.69037
2.37665 -1.37924 -0.175762 -0.0831933 -1.62896 -1.31824 0.257354 1.09204 0.862003 2.03573 -0.321987 -2.26266 -0.575294 1.59432 -1.58026 1.69037
2.38029 -1.37924 -0.175762 -0.0831933 -1.62896 -1.31824 0.257354 1.09204 0.862003 2.03573 -0.321987 -2.26266 -0.575294 1.59432 -1.58026 1.69037
2.38402 -1.37924 -0.175762 -0.0831933 -1.62896 -1.31824 0.257354 1.09204 0.862003 2.03573 -0.321987 -2.26266 -0.575294 1.59432 -1.58026 1.69037
2.38776 -1.37924 -0.175762 -0.0831933 -1.62896 -1.31824 0.257354 1.09204 0.862003 2.03573 -0.321987 -2.26266 -0.575294 1.59432 -1.58026 1.69037
2.39172 -1.37924 -0.175762 -0.0831933 -1.62896 -1.31824 0.257354 1.09204 0.862003 2.03573 -0.321987 -2.26266 -0.575294 1.59432 -1.58026 1.69037
2.39576 -1.37924 -0.175762 -0.0831933 -1.62896 -1.31824 0.257354 1.09204 0.862003 2.03573 -0.321987 -2.26266 -0.575294 1.59432 -1.58026 1.69037
2.39999 -1.37924 -0.175762 -0.0831933 -1.62896 -1.31824 0.257354 1.09204 0.862003 2.03573 -0.321987 -2.26266 -0.575294 1.59432 -1.58026 1.69037
2.40415 -1.37924 -0.175762 -0.0831933 -1.62896 -1.31824 0.257354 1.09204 0.862003 2.03573 -0.321987 -2.26266 -0.575294 1.59432 -1.58026 1.69037
2.40845 -1.37924 -0.175762 -0.0831933 -1.62896 -1.31824 0.257354 1.09204 0.862003 2.03573 -0.321987 -2.26266 -0.575294 1.59432 -1.58026 1.69037
2.41299 -1.37924 -0.175762 -0.0831933 -1.62896 -1.31824 0.257354 1.09204 0.862003 2.03573 -0.321987 -2.26266 -0.575294 1.59432 -1.58026 1.69037
2.4176 -1.37924 -0.175762 -0.0831933 -1.62896 -1.31824 0.257354 1.09204 0.862003 2.03573 -0.321987 -2.26266 -0.575294 1.59432 -1.58026 1.69037
2.42247 -1.37924 -0.175762 -0.0831933 -1.62896 -1.31824 0.257354 1.09204 0.862003 2.03573 -0.321987 -2.26266 -0.575294 1.59432 -1.58026 1.69037
2.42716 -1.37924 -0.175762 -0.0831933 -1.62896 -1.31824 0.257354 1.09204 0.862003 2.03573 -0.321987 -2.26266 -0.575294 1.59432 -1.58026 1.69037
2.43194 -1.37924 -0.175762 -0.0831933 -1.62896 -1.31824 0.257354 1.09204 0.862003 2.03573 -0.321987 -2.26266 -0.575294 1.59432 -1.58026 1.69037
2.43675 -1.37924 -0.175762 -0.0831933 -1.62896 -1.31824 0.257354 1.09204 0.862003 2.03573 -0.321987 -2.26266 -0.575294 1.59432 -1.58026 1.69037
2.44184 -1.37924 -0.175762 -0.0831933 -1.62896 -1.31824 0.257354 1.09204 0.862003 2.03573 -0.321987 -2.26266 -0.575294 1.59432 -1.58026 1.69037
2.44706 -1.37924 -0.175762 -0.0831933 -1.62896 -1.31824 0.257354 1.09204 0.862003 2.03573 -0.321987 -2.26266 -0.575294 1.59432 -1.58026 1.69037
2.45232 -1.37924 -0.175762 -0.0831933 -1.62896 -1.31824 0.257354 1.09204 0.862003 2.03573 -0.321987 -2.26266 -0.575294 1.59432 -1.58026 1.69037
2.45786 -1.37924 -0.175762 -0.0831933 -1.62896 -1.31824 0.257354 1.09204 0.862003 2.03573 -0.321987 -2.26266 -0.575294 1.59432 -1.58026 1.69037
2.46361 -1.37924 -0.175762 -0.0831933 -1.62896 -1.31824 0.257354 1.09204 0.862003 2.03573 -0.321987 -2.26266 -0.575294 1.59432 -1.58026 1.69037
2.46932 -1.37924 -0.175762 -0.0831933 -1.62896 -1.31824 0.257354 1.09204 0.862003 2.03573 -0.321987 -2.26266 -0.575294 1.59432 -1.58026 1.69037
2.47514 -1.37924 -0.175762 -0.0831933 -1.62896 -1.31824 0.257354 1.09204 0.862003 2.03573 -0.321987 -2.26266 -0.575294 1.59432 -1.58026 1.69037
2.46996 -1.37924 -0.175762 -0.0831933 -1.62896 -1.31824 0.257354 1.09204 0.862003 2.03573 -0.321987 -2.26266 -0.575294 1.59432 -1.58026 1.69037
2.46786 -1.37924 -0.175762 -0.0831933 -1.62896 -1.31824 0.257354 1.09204 0.862003 2.03573 -0.321987 -2.26266 -0.575294 1.59432 -1.58026 1.69037
2.46584 -1.37924 -0.175762 -0.0831933 -1.62896 -1.31824 0.257354 1.09204 0.862003 2.03573 -0.321987 -2.26266 -0.575294 1.59432 -1.58026 1.69037
2.46354 -1.37924 -0.175762 -0.0831933 -1.62896 -1.31824 0.257354 1.09204 0.862003 2.03573 -0.321987 -2.26266 -0.575294 1.59432 -1.58026 1.69037
2.46125 -1.37924 -0.175762 -0.0831933 -1.62896 -1.31824 0.257354 1.09204 0.862003 2.03573 -0.321987 -2.26266 -0.575294 1.59432 -1.58026 1.69037
2.45892 -1.37924 -0.175762 -0.0831933 -1.62896 -1.31824 0.257354 1.09204 0.862003 2.03573 -0.321987 -2.26266 -0.575294 1.59432 -1.58026 1.69037
2.45654 -1.37924 -0.175762 -0.0831933 -1.62896 -1.31824 0.257354 1.09204 0.862003 2.03573 -0.321987 -2.26266 -0.575294 1.59432 -1.58026 1.69037
2.45419 -1.37924 -0.175762 -0.0831933 -1.62896 -1.31824 0.257354 1.09204 0.862003 2.03573 -0.321987 -2.26266 -0.575294 1.59432 -1.58026 1.69037
2.45177 -1.37924 -0.175762 -0.0831933 -1.62896 -1.31824 0.257354 1.09204 0.862003 2.03573 -0.321987 -2.26266 -0.575294 1.59432 -1.58026 1.69037
2.44941 -1.37924 -0.175762 -0.0831933 -1.62896 -1.31824 0.257354 1.09204 0.862003 2.03573 -0.321987 -2.26266 -0.575294 1.59432 -1.58026 1.69037
2.44702 -1.37924 -0.175762 -0.0831933 -1.62896 -1.31824 0.257354 1.09204 0.862003 2.03573 -0.321987 -2.26266 -0.575294 1.59432 -1.58026 1.69037
2.44467 -1.37924 -0.175762 -0.0831933 -1.62896 -1.31824 0.257354 1.09204 0.862003 2.03573 -0.321987 -2.26266 -0.575294 1.59432 -1.58026 1.69037
2.44014 -1.37924 -0.175762 -0.0831933 -1.62896 -1.31824 0.257354 1.09204 0.862003 2.03573 -0.321987 -2.26266 -0.575294 1.59432 -1.58026 1.69037
2.43551 -1.37924 -0.175762 -0.0831933 -1.62896 -1.31824 0.257354 1.09204 0.862003 2.03573 -0.321987 -2.26266 -0.575294 1.59432 -1.58026 1.69037
2.43079 -1.37924 -0.175762 -0.0831933 -1.62896 -1.31824 0.257354 1.09204 0.862003 2.03573 -0.321987 -2.26266 -0.575294 1.59432 -1.58026 1.69037
2.42606 -1.37924 -0.175762 -0.0831933 -1.62896 -1.31824 0.257354 1.09204 0.862003 2.03573 -0.321987 -2.26266 -0.575294 1.59432 -1.58026 1.69037
2.42146 -1.37924 -0.175762 -0.0831933 -1.62896 -1.31824 0.257354 1.09204 0.862003 2.03573 -0.321987 -2.26266 -0.575294 1.59432 -1.58026 1.69037
2.41685 -1.37924 -0.175762 -0.0831933 -1.62896 -1.31824 0.257354 1.09204 0.862003 2.03573 -0.321987 -2.26266 -0.575294 1.59432 -1.58026 1.69037
2.41192 -1.37924 -0.175762 -0.0831933 -1.62896 -1.31824 0.257354 1.09204 0.862003 2.03573 -0.321987 -2.26266 -0.575294 1.59432 -1.58026 1.69037
2.40691 -1.37924 -0.175762 -0.0831933 -1.62896 -1.31824 0.257354 1.09204 0.862003 2.03573 -0.321987 -2.26266 -0.575294 1.59432 -1.58026 1.69037
2.40205 -1.37924 -0.175762 -0.0831933 -1.62896 -1.31824 0.257354 1.09204 0.862003 2.03573 -0.321987 -2.26266 -0.575294 1.59432 -1.58026 1.69037
2.39722 -1.37924 -0.175762 -0.0831933 -1.62896 -1.31824 0.257354 1.09204 0.862003 2.03573 -0.321987 -2.26266 -0.575294 1.59432 -1.58026 1.69037
2.39252 -1.37924 -0.175762 -0.0831933 -1.62896 -1.31824 0.257354 1.09204 0.862003 2.03573 -0.321987 -2.26266 -0.575294 1.59432 -1.58026 1.69037
2.38774 -1.37924 -0.175762 -0.0831933 -1.62896 -1.31824 0.257354 1.09204 0.862003 2.03573 -0.321987 -2.26266 -0.575294 1.59432 -1.58026 1.69037
2.38292 -1.37924 -0.175762 -0.0831933 -1.62896 -1.31824 0.257354 1.09204 0.862003 2.03573 -0.321987 -2.26266 -0.575294 1.59432 -1.58026 1.69037
2.37817 -1.37924 -0.175762 -0.0831933 -1.62896 -1.31824 0.257354 1.09204 0.862003 2.03573 -0.321987 -2.26266 -0.575294 1.59432 -1.58026 1.69037
2.37341 -1.37924 -0.175762 -0.0831933 -1.62896 -1.31824 0.257354 1.09204 0.862003 2.03573 -0.321987 -2.26266 -0.575294 1.59432 -1.58026 1.69037
2.36853 -1.37924 -0.175762 -0.0831933 -1.62896 -1.31824 0.257354 1.09204 0.862003 2.03573 -0.321987 -2.26266 -0.575294 1.59432 -1.58026 1.69037
2.36368 -1.37924 -0.175762 -0.0831933 -1.62896 -1.31824 0.257354 1.09204 0.862003 2.03573 -0.321987 -2.26266 -0.575294 1.59432 -1.58026 1.69037
2.35879 -1.37924 -0.175762 -0.0831933 -1.62896 -1.31824 0.257354 1.09204 0.862003 2.03573 -0.321987 -2.26266 -0.575294 1.59432 -1.58026 1.69037
2.35381 -1.37924 -0.175762 -0.0831933 -1.62896 -1.31824 0.257354 1.09204 0.862003 2.03573 -0.321987 -2.26266 -0.575294 1.59432 -1.58026 1.69037
2.3486 -1.37924 -0.175762 -0.0831933 -1.62896 -1.31824 0.257354 1.09204 0.862003 2.03573 -0.321987 -2.26266 -0.575294 1.59432 -1.58026 1.69037
2.34351 -1.37924 -0.175762 -0.0831933 -1.62896 -1.31824 0.257354 1.09204 0.862003 2.03573 -0.321987 -2.26266 -0.575294 1.59432 -1.58026 1.69037
2.33843 -1.37924 -0.175762 -0.0831933 -1.62896 -1.31824 0.257354 1.09204 0.862003 2.03573 -0.321987 -2.26266 -0.575294 1.59432 -1.58026 1.69037
2.33336 -1.37924 -0.175762 -0.0831933 -1.62896 -1.31824 0.257354 1.09204 0.862003 2.03573 -0.321987 -2.26266 -0.575294 1.59432 -1.58026 1.69037
2.32831 -1.37924 -0.175762 -0.0831933 -1.62896 -1.31824 0.257354 1.09204 0.862003 2.03573 -0.321987 -2.26266 -0.575294 1.59432 -1.58026 1.69037
2.32328 -1.37924 -0.175762 -0.0831933 -1.62896 -1.31824 0.257354 1.09204 0.862003 2.03573 -0.321987 -2.26266 -0.575294 1.59432 -1.58026 1.69037
2.31827 -1.37924 -0.175762 -0.0831933 -1.62896 -1.31824 0.257354 1.09204 0.862003 2.03573 -0.321987 -2.26266 -0.575294 1.59432 -1.58026 1.69037
2.31322 -1.37924 -0.175762 -0.0831933 -1.62896 -1.31824 0.257354 1.09204 0.862003 2.03573 -0.321987 -2.26266 -0.575294 1.59432 -1.58026 1.69037
2.30812 -1.37924 -0.175762 -0.0831933 -1.62896 -1.31824 0.257354 1.09204 0.862003 2.03573 -0.321987 -2.26266 -0.575294 1.59432 -1.58026 1.69037
2.30282 -1.37924 -0.175762 -0.0831933 -1.62896 -1.31824 0.257354 1.09204 0.862003 2.03573 -0.321987 -2.26266 -0.575294 1.59432 -1.58026 1.69037
2.29737 -1.37924 -0.175762 -0.0831933 -1.62896 -1.31824 0.257354 1.09204 0.862003 2.03573 -0.321987 -2.26266 -0.575294 1.59432 -1.58026 1.69037
2.29222 -1.37924 -0.175762 -0.0831933 -1.62896 -1.31824 0.257354 1.09204 0.862003 2.03573 -0.321987 -2.26266 -0.575294 1.59432 -1.58026 1.69037
2.28707 -1.37924 -0.175762 -0.0831933 -1.62896 -1.31824 0.257354 1.09204 0.862003 2.03573 -0.321987 -2.26266 -0.575294 1.59432 -1.58026 1.69037
2.28186 -1.37924 -0.175762 -0.0831933 -1.62896 -1.31824 0.257354 1.09204 0.862003 2.03573 -0.321987 -2.26266 -0.575294 1.59432 -1.58026 1.69037
2.27657 -1.37924 -0.175762 -0.0831933 -1.62896 -1.31824 0.257354 1.09204 0.862003 2.03573 -0.321987 -2.26266 -0.575294 1.59432 -1.58026 1.69037
2.27112 -1.37924 -0.175762 -0.0831933 -1.62896 -1.31824 0.257354 1.09204 0.862003 2.03573 -0.321987 -2.26266 -0.575294 1.59432 -1.58026 1.69037
2.26567 -1.37924 -0.175762 -0.0831933 -1.62896 -1.31824 0.257354 1.09204 0.862003 2.03573 -0.321987 -2.26266 -0.575294 1.59432 -1.58026 1.69037
2.26022 -1.37924 -0.175762 -0.0831933 -1.62896 -1.31824 0.257354 1.09204 0.862003 2.03573 -0.321987 -2.26266 -0.575294 1.59432 -1.58026 1.69037
2.25491 -1.37924 -0.175762 -0.0831933 -1.62896 -1.31824 0.257354 1.09204 0.862003 2.03573 -0.321987 -2.26266 -0.575294 1.59432 -1.58026 1.69037
2.24952 -1.37924 -0.175762 -0.0831933 -1.62896 -1.31824 0.257354 1.09204 0.862003 2.03573 -0.321987 -2.26266 -0.575294 1.59432 -1.58026 1.69037
2.24414 -1.37924 -0.175762 -0.0831933 -1.62896 -1.31824 0.257354 1.09204 0.862003 2.03573 -0.321987 -2.26266 -0.575294 1.59432 -1.58026 1.69037
2.23878 -1.37924 -0.175762 -0.0831933 -1.62896 -1.31824 0.257354 1.09204 0.862003 2.03573 -0.321987 -2.26266 -0.575294 1.59432 -1.58026 1.69037
2.23341 -1.37924 -0.175762 -0.0831933 -1.62896 -1.31824 0.257354 1.09204 0.862003 2.03573 -0.321987 -2.26266 -0.575294 1.59432 -1.58026 1.69037
2.22792 -1.37924 -0.175762 -0.0831933 -1.62896 -1.31824 0.257354 1.09204 0.862003 2.03573 -0.321987 -2.26266 -0.575294 1.59432 -1.58026 1.69037
2.22235 -1.37924 -0.175762 -0.0831933 -1.62896 -1.31824 0.257354 1.09204 0.862003 2.03573 -0.321987 -2.26266 -0.575294 1.59432 -1.58026 1.69037
2.21674 -1.37924 -0.175762 -0.0831933 -1.62896 -1.31824 0.257354 1.09204 0.862003 2.03573 -0.321987 -2.26266 -0.575294 1.59432 -1.58026 1.69037
2.21062 -1.37924 -0.175762 -0.0831933 -1.62896 -1.31824 0.257354 1.09204 0.862003 2.03573 -0.321987 -2.26266 -0.575294 1.59432 -1.58026 1.69037
2.20497 -1.37924 -0.175762 -0.0831933 -1.62896 -1.31824 0.257354 1.09204 0.862003 2.03573 -0.321987 -2.26266 -0.575294 1.59432 -1.58026 1.69037
2.19931 -1.37924 -0.175762 -0.0831933 -1.62896 -1.31824 0.257354 1.09204 0.862003 2.03573 -0.321987 -2.26266 -0.575294 1.59432 -1.58026 1.69037
2.1936 -1.37924 -0.175762 -0.0831933 -1.62896 -1.31824 0.257354 1.09204 0.862003 2.03573 -0.321987 -2.26266 -0.575294 1.59432 -1.58026 1.69037
2.18786 -1.37924 -0.175762 -0.0831933 -1.62896 -1.31824 0.257354 1.09204 0.862003 2.03573 -0.321987 -2.26266 -0.575294 1.59432 -1.58026 1.69037
2.18214 -1.37924 -0.175762 -0.0831933 -1.62896 -1.31824 0.257354 1.09204 0.862003 2.03573 -0.321987 -2.26266 -0.575294 1.59432 -1.58026 1.69037
