10.495
10.506
10.516
10.527
10.537
10.548
10.558
10.568
10.579
10.591
10.611
10.632
10.653
10.674
10.694
10.715
10.736
10.756
10.777
10.797
10.836
10.875
10.915
10.955
10.997
11.036
11.075
11.113
11.152
11.192
11.23
11.269
11.308
11.349
11.388
11.426
11.465
11.503
11.542
11.581
11.62
11.658
11.696
11.735
11.776
11.815
11.853
11.893
11.932
11.972
12.011
12.053
12.092
12.13
12.168
12.207
12.246
12.284
12.323
12.362
12.4
12.438
12.477
12.515
12.554
12.592
12.632
12.67
12.709
12.748
12.788
12.827
12.866
12.905
12.944
12.984
13.025
13.063
13.102
13.14
13.179
13.217
13.255
13.294
13.334
13.372
13.41
13.449
14.604
14.614
14.625
14.635
14.645
14.656
14.666
14.677
14.687
14.699
14.72
14.74
14.779
14.818
14.857
14.896
14.934
14.972
15.014
15.055
15.094
15.133
15.172
15.21
15.249
15.287
15.325
15.363
15.402
15.441
15.48
15.52
15.56
15.599
15.638
15.677
15.715
15.753
15.792
15.831
15.872
15.911
15.949
15.988
16.026
16.065
16.106
16.145
16.184
16.223
16.262
16.3
16.338
16.377
16.416
16.455
16.497
16.537
16.576
16.616
16.655
16.695
16.734
