1.45174 -1.47934 -0.396115 -2.03598 -2.90801 1.4126 1.33299 -1.24001 0.776258 3.13264 0.69911 -1.96274 -1.39709 1.09924 -1.94905 -0.603762
1.45175 -1.47934 -0.396115 -2.03598 -2.90801 1.4126 1.33299 -1.24001 0.776258 3.13264 0.69911 -1.96274 -1.39709 1.09924 -1.94905 -0.603762
1.45176 -1.47934 -0.396115 -2.03598 -2.90801 1.4126 1.33299 -1.24001 0.776258 3.13264 0.69911 -1.96274 -1.39709 1.09924 -1.94905 -0.603762
1.45177 -1.47934 -0.396115 -2.03598 -2.90801 1.4126 1.33299 -1.24001 0.776258 3.13264 0.69911 -1.96274 -1.39709 1.09924 -1.94905 -0.603762
1.45178 -1.47934 -0.396115 -2.03598 -2.90801 1.4126 1.33299 -1.24001 0.776258 3.13264 0.69911 -1.96274 -1.39709 1.09924 -1.94905 -0.603762
1.45197 -1.47934 -0.396115 -2.03598 -2.90801 1.4126 1.33299 -1.24001 0.776258 3.13264 0.69911 -1.96274 -1.39709 1.09924 -1.94905 -0.603762
1.45307 -1.47934 -0.396115 -2.03598 -2.90801 1.4126 1.33299 -1.24001 0.776258 3.13264 0.69911 -1.96274 -1.39709 1.09924 -1.94905 -0.603762
1.45464 -1.47934 -0.396115 -2.03598 -2.90801 1.4126 1.33299 -1.24001 0.776258 3.13264 0.69911 -1.96274 -1.39709 1.09924 -1.94905 -0.603762
1.45648 -1.47934 -0.396115 -2.03598 -2.90801 1.4126 1.33299 -1.24001 0.776258 3.13264 0.69911 -1.96274 -1.39709 1.09924 -1.94905 -0.603762
1.45837 -1.47934 -0.396115 -2.03598 -2.90801 1.4126 1.33299 -1.24001 0.776258 3.13264 0.69911 -1.96274 -1.39709 1.09924 -1.94905 -0.603762
1.46038 -1.47934 -0.396115 -2.03598 -2.90801 1.4126 1.33299 -1.24001 0.776258 3.13264 0.69911 -1.96274 -1.39709 1.09924 -1.94905 -0.603762
1.4626 -1.47934 -0.396115 -2.03598 -2.90801 1.4126 1.33299 -1.24001 0.776258 3.13264 0.69911 -1.96274 -1.39709 1.09924 -1.94905 -0.603762
1.46491 -1.47934 -0.396115 -2.03598 -2.90801 1.4126 1.33299 -1.24001 0.776258 3.13264 0.69911 -1.96274 -1.39709 1.09924 -1.94905 -0.603762
1.4674 -1.47934 -0.396115 -2.03598 -2.90801 1.4126 1.33299 -1.24001 0.776258 3.13264 0.69911 -1.96274 -1.39709 1.09924 -1.94905 -0.603762
1.47001 -1.47934 -0.396115 -2.03598 -2.90801 1.4126 1.33299 -1.24001 0.776258 3.13264 0.69911 -1.96274 -1.39709 1.09924 -1.94905 -0.603762
1.47283 -1.47934 -0.396115 -2.03598 -2.90801 1.4126 1.33299 -1.24001 0.776258 3.13264 0.69911 -1.96274 -1.39709 1.09924 -1.94905 -0.603762
1.4759 -1.47934 -0.396115 -2.03598 -2.90801 1.4126 1.33299 -1.24001 0.776258 3.13264 0.69911 -1.96274 -1.39709 1.09924 -1.94905 -0.603762
1.4792 -1.47934 -0.396115 -2.03598 -2.90801 1.4126 1.33299 -1.24001 0.776258 3.13264 0.69911 -1.96274 -1.39709 1.09924 -1.94905 -0.603762
1.48275 -1.47934 -0.396115 -2.03598 -2.90801 1.4126 1.33299 -1.24001 0.776258 3.13264 0.69911 -1.96274 -1.39709 1.09924 -1.94905 -0.603762
1.48647 -1.47934 -0.396115 -2.03598 -2.90801 1.4126 1.33299 -1.24001 0.776258 3.13264 0.69911 -1.96274 -1.39709 1.09924 -1.94905 -0.603762
1.49357 -1.47934 -0.396115 -2.03598 -2.90801 1.4126 1.33299 -1.24001 0.776258 3.13264 0.69911 -1.96274 -1.39709 1.09924 -1.94905 -0.603762
1.50096 -1.47934 -0.396115 -2.03598 -2.90801 1.4126 1.33299 -1.24001 0.776258 3.13264 0.69911 -1.96274 -1.39709 1.09924 -1.94905 -0.603762
1.50883 -1.47934 -0.396115 -2.03598 -2.90801 1.4126 1.33299 -1.24001 0.776258 3.13264 0.69911 -1.96274 -1.39709 1.09924 -1.94905 -0.603762
1.51697 -1.47934 -0.396115 -2.03598 -2.90801 1.4126 1.33299 -1.24001 0.776258 3.13264 0.69911 -1.96274 -1.39709 1.09924 -1.94905 -0.603762
1.52553 -1.47934 -0.396115 -2.03598 -2.90801 1.4126 1.33299 -1.24001 0.776258 3.13264 0.69911 -1.96274 -1.39709 1.09924 -1.94905 -0.603762
1.53417 -1.47934 -0.396115 -2.03598 -2.90801 1.4126 1.33299 -1.24001 0.776258 3.13264 0.69911 -1.96274 -1.39709 1.09924 -1.94905 -0.603762
1.54288 -1.47934 -0.396115 -2.03598 -2.90801 1.4126 1.33299 -1.24001 0.776258 3.13264 0.69911 -1.96274 -1.39709 1.09924 -1.94905 -0.603762
1.55182 -1.47934 -0.396115 -2.03598 -2.90801 1.4126 1.33299 -1.24001 0.776258 3.13264 0.69911 -1.96274 -1.39709 1.09924 -1.94905 -0.603762
1.56081 -1.47934 -0.396115 -2.03598 -2.90801 1.4126 1.33299 -1.24001 0.776258 3.13264 0.69911 -1.96274 -1.39709 1.09924 -1.94905 -0.603762
1.57035 -1.47934 -0.396115 -2.03598 -2.90801 1.4126 1.33299 -1.24001 0.776258 3.13264 0.69911 -1.96274 -1.39709 1.09924 -1.94905 -0.603762
1.58011 -1.47934 -0.396115 -2.03598 -2.90801 1.4126 1.33299 -1.24001 0.776258 3.13264 0.69911 -1.96274 -1.39709 1.09924 -1.94905 -0.603762
1.59029 -1.47934 -0.396115 -2.03598 -2.90801 1.4126 1.33299 -1.24001 0.776258 3.13264 0.69911 -1.96274 -1.39709 1.09924 -1.94905 -0.603762
1.60063 -1.47934 -0.396115 -2.03598 -2.90801 1.4126 1.33299 -1.24001 0.776258 3.13264 0.69911 -1.96274 -1.39709 1.09924 -1.94905 -0.603762
1.6115 -1.47934 -0.396115 -2.03598 -2.90801 1.4126 1.33299 -1.24001 0.776258 3.13264 0.69911 -1.96274 -1.39709 1.09924 -1.94905 -0.603762
1.62246 -1.47934 -0.396115 -2.03598 -2.90801 1.4126 1.33299 -1.24001 0.776258 3.13264 0.69911 -1.96274 -1.39709 1.09924 -1.94905 -0.603762
1.63375 -1.47934 -0.396115 -2.03598 -2.90801 1.4126 1.33299 -1.24001 0.776258 3.13264 0.69911 -1.96274 -1.39709 1.09924 -1.94905 -0.603762
1.64517 -1.47934 -0.396115 -2.03598 -2.90801 1.4126 1.33299 -1.24001 0.776258 3.13264 0.69911 -1.96274 -1.39709 1.09924 -1.94905 -0.603762
1.65696 -1.47934 -0.396115 -2.03598 -2.90801 1.4126 1.33299 -1.24001 0.776258 3.13264 0.69911 -1.96274 -1.39709 1.09924 -1.94905 -0.603762
1.65573 -1.47934 -0.396115 -2.03598 -2.90801 1.4126 1.33299 -1.24001 0.776258 3.13264 0.69911 -1.96274 -1.39709 1.09924 -1.94905 -0.603762
1.654 -1.47934 -0.396115 -2.03598 -2.90801 1.4126 1.33299 -1.24001 0.776258 3.13264 0.69911 -1.96274 -1.39709 1.09924 -1.94905 -0.603762
1.65257 -1.47934 -0.396115 -2.03598 -2.90801 1.4126 1.33299 -1.24001 0.776258 3.13264 0.69911 -1.96274 -1.39709 1.09924 -1.94905 -0.603762
1.65095 -1.47934 -0.396115 -2.03598 -2.90801 1.4126 1.33299 -1.24001 0.776258 3.13264 0.69911 -1.96274 -1.39709 1.09924 -1.94905 -0.603762
1.64939 -1.47934 -0.396115 -2.03598 -2.90801 1.4126 1.33299 -1.24001 0.776258 3.13264 0.69911 -1.96274 -1.39709 1.09924 -1.94905 -0.603762
1.64787 -1.47934 -0.396115 -2.03598 -2.90801 1.4126 1.33299 -1.24001 0.776258 3.13264 0.69911 -1.96274 -1.39709 1.09924 -1.94905 -0.603762
1.64644 -1.47934 -0.396115 -2.03598 -2.90801 1.4126 1.33299 -1.24001 0.776258 3.13264 0.69911 -1.96274 -1.39709 1.09924 -1.94905 -0.603762
1.64474 -1.47934 -0.396115 -2.03598 -2.90801 1.4126 1.33299 -1.24001 0.776258 3.13264 0.69911 -1.96274 -1.39709 1.09924 -1.94905 -0.603762
1.64264 -1.47934 -0.396115 -2.03598 -2.90801 1.4126 1.33299 -1.24001 0.776258 3.13264 0.69911 -1.96274 -1.39709 1.09924 -1.94905 -0.603762
1.63877 -1.47934 -0.396115 -2.03598 -2.90801 1.4126 1.33299 -1.24001 0.776258 3.13264 0.69911 -1.96274 -1.39709 1.09924 -1.94905 -0.603762
1.63498 -1.47934 -0.396115 -2.03598 -2.90801 1.4126 1.33299 -1.24001 0.776258 3.13264 0.69911 -1.96274 -1.39709 1.09924 -1.94905 -0.603762
1.63121 -1.47934 -0.396115 -2.03598 -2.90801 1.4126 1.33299 -1.24001 0.776258 3.13264 0.69911 -1.96274 -1.39709 1.09924 -1.94905 -0.603762
1.62749 -1.47934 -0.396115 -2.03598 -2.90801 1.4126 1.33299 -1.24001 0.776258 3.13264 0.69911 -1.96274 -1.39709 1.09924 -1.94905 -0.603762
1.62358 -1.47934 -0.396115 -2.03598 -2.90801 1.4126 1.33299 -1.24001 0.776258 3.13264 0.69911 -1.96274 -1.39709 1.09924 -1.94905 -0.603762
1.6198 -1.47934 -0.396115 -2.03598 -2.90801 1.4126 1.33299 -1.24001 0.776258 3.13264 0.69911 -1.96274 -1.39709 1.09924 -1.94905 -0.603762
1.61596 -1.47934 -0.396115 -2.03598 -2.90801 1.4126 1.33299 -1.24001 0.776258 3.13264 0.69911 -1.96274 -1.39709 1.09924 -1.94905 -0.603762
1.612 -1.47934 -0.396115 -2.03598 -2.90801 1.4126 1.33299 -1.24001 0.776258 3.13264 0.69911 -1.96274 -1.39709 1.09924 -1.94905 -0.603762
1.60802 -1.47934 -0.396115 -2.03598 -2.90801 1.4126 1.33299 -1.24001 0.776258 3.13264 0.69911 -1.96274 -1.39709 1.09924 -1.94905 -0.603762
1.6041 -1.47934 -0.396115 -2.03598 -2.90801 1.4126 1.33299 -1.24001 0.776258 3.13264 0.69911 -1.96274 -1.39709 1.09924 -1.94905 -0.603762
1.60022 -1.47934 -0.396115 -2.03598 -2.90801 1.4126 1.33299 -1.24001 0.776258 3.13264 0.69911 -1.96274 -1.39709 1.09924 -1.94905 -0.603762
1.59618 -1.47934 -0.396115 -2.03598 -2.90801 1.4126 1.33299 -1.24001 0.776258 3.13264 0.69911 -1.96274 -1.39709 1.09924 -1.94905 -0.603762
1.59219 -1.47934 -0.396115 -2.03598 -2.90801 1.4126 1.33299 -1.24001 0.776258 3.13264 0.69911 -1.96274 -1.39709 1.09924 -1.94905 -0.603762
1.58808 -1.47934 -0.396115 -2.03598 -2.90801 1.4126 1.33299 -1.24001 0.776258 3.13264 0.69911 -1.96274 -1.39709 1.09924 -1.94905 -0.603762
1.58403 -1.47934 -0.396115 -2.03598 -2.90801 1.4126 1.33299 -1.24001 0.776258 3.13264 0.69911 -1.96274 -1.39709 1.09924 -1.94905 -0.603762
1.58001 -1.47934 -0.396115 -2.03598 -2.90801 1.4126 1.33299 -1.24001 0.776258 3.13264 0.69911 -1.96274 -1.39709 1.09924 -1.94905 -0.603762
1.57597 -1.47934 -0.396115 -2.03598 -2.90801 1.4126 1.33299 -1.24001 0.776258 3.13264 0.69911 -1.96274 -1.39709 1.09924 -1.94905 -0.603762
1.57193 -1.47934 -0.396115 -2.03598 -2.90801 1.4126 1.33299 -1.24001 0.776258 3.13264 0.69911 -1.96274 -1.39709 1.09924 -1.94905 -0.603762
1.56789 -1.47934 -0.396115 -2.03598 -2.90801 1.4126 1.33299 -1.24001 0.776258 3.13264 0.69911 -1.96274 -1.39709 1.09924 -1.94905 -0.603762
1.56386 -1.47934 -0.396115 -2.03598 -2.90801 1.4126 1.33299 -1.24001 0.776258 3.13264 0.69911 -1.96274 -1.39709 1.09924 -1.94905 -0.603762
1.55981 -1.47934 -0.396115 -2.03598 -2.90801 1.4126 1.33299 -1.24001 0.776258 3.13264 0.69911 -1.96274 -1.39709 1.09924 -1.94905 -0.603762
1.55576 -1.47934 -0.396115 -2.03598 -2.90801 1.4126 1.33299 -1.24001 0.776258 3.13264 0.69911 -1.96274 -1.39709 1.09924 -1.94905 -0.603762
1.55156 -1.47934 -0.396115 -2.03598 -2.90801 1.4126 1.33299 -1.24001 0.776258 3.13264 0.69911 -1.96274 -1.39709 1.09924 -1.94905 -0.603762
1.54743 -1.47934 -0.396115 -2.03598 -2.90801 1.4126 1.33299 -1.24001 0.776258 3.13264 0.69911 -1.96274 -1.39709 1.09924 -1.94905 -0.603762
1.54316 -1.47934 -0.396115 -2.03598 -2.90801 1.4126 1.33299 -1.24001 0.776258 3.13264 0.69911 -1.96274 -1.39709 1.09924 -1.94905 -0.603762
1.53902 -1.47934 -0.396115 -2.03598 -2.90801 1.4126 1.33299 -1.24001 0.776258 3.13264 0.69911 -1.96274 -1.39709 1.09924 -1.94905 -0.603762
1.53484 -1.47934 -0.396115 -2.03598 -2.90801 1.4126 1.33299 -1.24001 0.776258 3.13264 0.69911 -1.96274 -1.39709 1.09924 -1.94905 -0.603762
1.53059 -1.47934 -0.396115 -2.03598 -2.90801 1.4126 1.33299 -1.24001 0.776258 3.13264 0.69911 -1.96274 -1.39709 1.09924 -1.94905 -0.603762
1.52634 -1.47934 -0.396115 -2.03598 -2.90801 1.4126 1.33299 -1.24001 0.776258 3.13264 0.69911 -1.96274 -1.39709 1.09924 -1.94905 -0.603762
1.52216 -1.47934 -0.396115 -2.03598 -2.90801 1.4126 1.33299 -1.24001 0.776258 3.13264 0.69911 -1.96274 -1.39709 1.09924 -1.94905 -0.603762
1.51782 -1.47934 -0.396115 -2.03598 -2.90801 1.4126 1.33299 -1.24001 0.776258 3.13264 0.69911 -1.96274 -1.39709 1.09924 -1.94905 -0.603762
1.51355 -1.47934 -0.396115 -2.03598 -2.90801 1.4126 1.33299 -1.24001 0.776258 3.13264 0.69911 -1.96274 -1.39709 1.09924 -1.94905 -0.603762
1.50927 -1.47934 -0.396115 -2.03598 -2.90801 1.4126 1.33299 -1.24001 0.776258 3.13264 0.69911 -1.96274 -1.39709 1.09924 -1.94905 -0.603762
1.50503 -1.47934 -0.396115 -2.03598 -2.90801 1.4126 1.33299 -1.24001 0.776258 3.13264 0.69911 -1.96274 -1.39709 1.09924 -1.94905 -0.603762
1.50076 -1.47934 -0.396115 -2.03598 -2.90801 1.4126 1.33299 -1.24001 0.776258 3.13264 0.69911 -1.96274 -1.39709 1.09924 -1.94905 -0.603762
1.4965 -1.47934 -0.396115 -2.03598 -2.90801 1.4126 1.33299 -1.24001 0.776258 3.13264 0.69911 -1.96274 -1.39709 1.09924 -1.94905 -0.603762
1.49216 -1.47934 -0.396115 -2.03598 -2.90801 1.4126 1.33299 -1.24001 0.776258 3.13264 0.69911 -1.96274 -1.39709 1.09924 -1.94905 -0.603762
1.48777 -1.47934 -0.396115 -2.03598 -2.90801 1.4126 1.33299 -1.24001 0.776258 3.13264 0.69911 -1.96274 -1.39709 1.09924 -1.94905 -0.603762
1.48332 -1.47934 -0.396115 -2.03598 -2.90801 1.4126 1.33299 -1.24001 0.776258 3.13264 0.69911 -1.96274 -1.39709 1.09924 -1.94905 -0.603762
1.47871 -1.47934 -0.396115 -2.03598 -2.90801 1.4126 1.33299 -1.24001 0.776258 3.13264 0.69911 -1.96274 -1.39709 1.09924 -1.94905 -0.603762
1.47416 -1.47934 -0.396115 -2.03598 -2.90801 1.4126 1.33299 -1.24001 0.776258 3.13264 0.69911 -1.96274 -1.39709 1.09924 -1.94905 -0.603762
1.4697 -1.47934 -0.396115 -2.03598 -2.90801 1.4126 1.33299 -1.24001 0.776258 3.13264 0.69911 -1.96274 -1.39709 1.09924 -1.94905 -0.603762
1.46524 -1.47934 -0.396115 -2.03598 -2.90801 1.4126 1.33299 -1.24001 0.776258 3.13264 0.69911 -1.96274 -1.39709 1.09924 -1.94905 -0.603762
1.46081 -1.47934 -0.396115 -2.03598 -2.90801 1.4126 1.33299 -1.24001 0.776258 3.13264 0.69911 -1.96274 -1.39709 1.09924 -1.94905 -0.603762
1.45636 -1.47934 -0.396115 -2.03598 -2.90801 1.4126 1.33299 -1.24001 0.776258 3.13264 0.69911 -1.96274 -1.39709 1.09924 -1.94905 -0.603762
1.45189 -1.47934 -0.396115 -2.03598 -2.90801 1.4126 1.33299 -1.24001 0.776258 3.13264 0.69911 -1.96274 -1.39709 1.09924 -1.94905 -0.603762
1.44733 -1.47934 -0.396115 -2.03598 -2.90801 1.4126 1.33299 -1.24001 0.776258 3.13264 0.69911 -1.96274 -1.39709 1.09924 -1.94905 -0.603762
1.44278 -1.47934 -0.396115 -2.03598 -2.90801 1.4126 1.33299 -1.24001 0.776258 3.13264 0.69911 -1.96274 -1.39709 1.09924 -1.94905 -0.603762
1.43823 -1.47934 -0.396115 -2.03598 -2.90801 1.4126 1.33299 -1.24001 0.776258 3.13264 0.69911 -1.96274 -1.39709 1.09924 -1.94905 -0.603762
1.43364 -1.47934 -0.396115 -2.03598 -2.90801 1.4126 1.33299 -1.24001 0.776258 3.13264 0.69911 -1.96274 -1.39709 1.09924 -1.94905 -0.603762
1.42905 -1.47934 -0.396115 -2.03598 -2.90801 1.4126 1.33299 -1.24001 0.776258 3.13264 0.69911 -1.96274 -1.39709 1.09924 -1.94905 -0.603762
1.42441 -1.47934 -0.396115 -2.03598 -2.90801 1.4126 1.33299 -1.24001 0.776258 3.13264 0.69911 -1.96274 -1.39709 1.09924 -1.94905 -0.603762
1.41983 -1.47934 -0.396115 -2.03598 -2.90801 1.4126 1.33299 -1.24001 0.776258 3.13264 0.69911 -1.96274 -1.39709 1.09924 -1.94905 -0.603762
1.41521 -1.47934 -0.396115 -2.03598 -2.90801 1.4126 1.33299 -1.24001 0.776258 3.13264 0.69911 -1.96274 -1.39709 1.09924 -1.94905 -0.603762
1.41057 -1.47934 -0.396115 -2.03598 -2.90801 1.4126 1.33299 -1.24001 0.776258 3.13264 0.69911 -1.96274 -1.39709 1.09924 -1.94905 -0.603762
1.40583 -1.47934 -0.396115 -2.03598 -2.90801 1.4126 1.33299 -1.24001 0.776258 3.13264 0.69911 -1.96274 -1.39709 1.09924 -1.94905 -0.603762
1.40109 -1.47934 -0.396115 -2.03598 -2.90801 1.4126 1.33299 -1.24001 0.776258 3.13264 0.69911 -1.96274 -1.39709 1.09924 -1.94905 -0.603762
1.39633 -1.47934 -0.396115 -2.03598 -2.90801 1.4126 1.33299 -1.24001 0.776258 3.13264 0.69911 -1.96274 -1.39709 1.09924 -1.94905 -0.603762
1.39153 -1.47934 -0.396115 -2.03598 -2.90801 1.4126 1.33299 -1.24001 0.776258 3.13264 0.69911 -1.96274 -1.39709 1.09924 -1.94905 -0.603762
1.38681 -1.47934 -0.396115 -2.03598 -2.90801 1.4126 1.33299 -1.24001 0.776258 3.13264 0.69911 -1.96274 -1.39709 1.09924 -1.94905 -0.603762
1.38208 -1.47934 -0.396115 -2.03598 -2.90801 1.4126 1.33299 -1.24001 0.776258 3.13264 0.69911 -1.96274 -1.39709 1.09924 -1.94905 -0.603762
1.37734 -1.47934 -0.396115 -2.03598 -2.90801 1.4126 1.33299 -1.24001 0.776258 3.13264 0.69911 -1.96274 -1.39709 1.09924 -1.94905 -0.603762
1.37255 -1.47934 -0.396115 -2.03598 -2.90801 1.4126 1.33299 -1.24001 0.776258 3.13264 0.69911 -1.96274 -1.39709 1.09924 -1.94905 -0.603762
1.36773 -1.47934 -0.396115 -2.03598 -2.90801 1.4126 1.33299 -1.24001 0.776258 3.13264 0.69911 -1.96274 -1.39709 1.09924 -1.94905 -0.603762
1.36287 -1.47934 -0.396115 -2.03598 -2.90801 1.4126 1.33299 -1.24001 0.776258 3.13264 0.69911 -1.96274 -1.39709 1.09924 -1.94905 -0.603762
1.35795 -1.47934 -0.396115 -2.03598 -2.90801 1.4126 1.33299 -1.24001 0.776258 3.13264 0.69911 -1.96274 -1.39709 1.09924 -1.94905 -0.603762
1.35258 -1.47934 -0.396115 -2.03598 -2.90801 1.4126 1.33299 -1.24001 0.776258 3.13264 0.69911 -1.96274 -1.39709 1.09924 -1.94905 -0.603762
1.34767 -1.47934 -0.396115 -2.03598 -2.90801 1.4126 1.33299 -1.24001 0.776258 3.13264 0.69911 -1.96274 -1.39709 1.09924 -1.94905 -0.603762
1.3428 -1.47934 -0.396115 -2.03598 -2.90801 1.4126 1.33299 -1.24001 0.776258 3.13264 0.69911 -1.96274 -1.39709 1.09924 -1.94905 -0.603762
1.33793 -1.47934 -0.396115 -2.03598 -2.90801 1.4126 1.33299 -1.24001 0.776258 3.13264 0.69911 -1.96274 -1.39709 1.09924 -1.94905 -0.603762
1.333 -1.47934 -0.396115 -2.03598 -2.90801 1.4126 1.33299 -1.24001 0.776258 3.13264 0.69911 -1.96274 -1.39709 1.09924 -1.94905 -0.603762
1.32809 -1.47934 -0.396115 -2.03598 -2.90801 1.4126 1.33299 -1.24001 0.776258 3.13264 0.69911 -1.96274 -1.39709 1.09924 -1.94905 -0.603762
1.32316 -1.47934 -0.396115 -2.03598 -2.90801 1.4126 1.33299 -1.24001 0.776258 3.13264 0.69911 -1.96274 -1.39709 1.09924 -1.94905 -0.603762
1.31816 -1.47934 -0.396115 -2.03598 -2.90801 1.4126 1.33299 -1.24001 0.776258 3.13264 0.69911 -1.96274 -1.39709 1.09924 -1.94905 -0.603762
1.31317 -1.47934 -0.396115 -2.03598 -2.90801 1.4126 1.33299 -1.24001 0.776258 3.13264 0.69911 -1.96274 -1.39709 1.09924 -1.94905 -0.603762
