5.465
5.475
5.485
5.496
5.506
5.517
5.527
5.537
5.548
5.56
5.58
5.601
5.622
5.642
5.663
5.684
5.704
5.725
5.746
5.766
5.804
5.843
5.882
5.922
5.961
6
6.039
6.077
6.116
6.154
6.192
6.231
6.269
6.309
6.347
6.386
6.424
8.477
8.488
8.499
8.509
8.52
8.531
8.541
8.552
8.563
8.576
8.615
8.654
8.693
8.732
8.771
8.809
8.849
8.887
8.926
8.965
9.003
9.044
9.085
9.125
9.163
9.202
9.241
9.28
9.319
9.357
9.396
9.435
9.474
9.514
9.553
9.591
9.631
9.67
9.709
9.748
9.788
9.827
9.865
9.903
9.942
9.981
10.019
10.059
10.099
10.14
10.179
10.218
10.256
10.295
10.334
10.373
10.412
10.451
10.49
10.529
10.568
10.606
10.645
10.684
10.723
10.762
10.802
10.842
10.88
10.919
10.957
10.996
11.035
11.074
11.114
11.156
11.196
11.234
11.273
11.312
11.35
11.389
11.428
11.467
11.505
