-0.0947531
-0.084225
-0.0947531
-0.105281
-0.105281
-0.0947531
-0.0947531
-0.0947531
-0.105281
-0.0947531
-0.0947531
-0.0947531
-0.105281
-0.105281
-0.105281
-0.0947531
-0.105281
-0.105281
-0.0947531
-0.0947531
-0.105281
-0.0947531
-0.0947531
-0.0947531
-0.105281
-0.0947531
-0.115809
-0.105281
-0.105281
-0.105281
-0.0947531
-0.105281
-0.105281
-0.115809
-0.105281
-0.115809
-0.115809
-0.105281
-0.115809
-0.115809
-0.105281
-0.105281
-0.115809
-0.105281
-0.115809
-0.115809
-0.126338
-0.105281
-0.115809
-0.105281
-0.115809
-0.115809
-0.115809
-0.105281
-0.115809
-0.115809
-0.115809
-0.115809
-0.115809
-0.115809
-0.115809
-0.126338
-0.115809
-0.115809
-0.126338
-0.115809
-0.115809
-0.115809
-0.126338
-0.115809
-0.115809
-0.115809
-0.126338
-0.126338
-0.126338
-0.115809
-0.115809
-0.115809
0.0631688
0.0631688
0.0631688
0.0736969
0.084225
0.0947531
0.0947531
0.105281
0.115809
0.115809
0.126338
0.126338
0.126338
0.115809
0.136866
0.136866
0.126338
0.136866
0.16845
0.147394
0.136866
0.178978
0.178978
0.147394
0.178978
0.189506
0.178978
0.189506
0.210563
0.189506
0.221091
0.200034
0.221091
0.231619
0.221091
0.242147
0.231619
0.263203
0.252675
0.273731
