1.98142 1.48 2.08743 -0.450572 -2.18222 -1.51532 -2.59587 -1.58217 -0.929274 0.80327 0.360004 -1.26285 -1.58004 -2.14477 -2.02649 2.36319
1.97947 1.48 2.08743 -0.450572 -2.18222 -1.51532 -2.59587 -1.58217 -0.929274 0.80327 0.360004 -1.26285 -1.58004 -2.14477 -2.02649 2.36319
1.97746 1.48 2.08743 -0.450572 -2.18222 -1.51532 -2.59587 -1.58217 -0.929274 0.80327 0.360004 -1.26285 -1.58004 -2.14477 -2.02649 2.36319
1.97541 1.48 2.08743 -0.450572 -2.18222 -1.51532 -2.59587 -1.58217 -0.929274 0.80327 0.360004 -1.26285 -1.58004 -2.14477 -2.02649 2.36319
1.97335 1.48 2.08743 -0.450572 -2.18222 -1.51532 -2.59587 -1.58217 -0.929274 0.80327 0.360004 -1.26285 -1.58004 -2.14477 -2.02649 2.36319
1.97128 1.48 2.08743 -0.450572 -2.18222 -1.51532 -2.59587 -1.58217 -0.929274 0.80327 0.360004 -1.26285 -1.58004 -2.14477 -2.02649 2.36319
1.96924 1.48 2.08743 -0.450572 -2.18222 -1.51532 -2.59587 -1.58217 -0.929274 0.80327 0.360004 -1.26285 -1.58004 -2.14477 -2.02649 2.36319
1.96721 1.48 2.08743 -0.450572 -2.18222 -1.51532 -2.59587 -1.58217 -0.929274 0.80327 0.360004 -1.26285 -1.58004 -2.14477 -2.02649 2.36319
1.96519 1.48 2.08743 -0.450572 -2.18222 -1.51532 -2.59587 -1.58217 -0.929274 0.80327 0.360004 -1.26285 -1.58004 -2.14477 -2.02649 2.36319
1.96314 1.48 2.08743 -0.450572 -2.18222 -1.51532 -2.59587 -1.58217 -0.929274 0.80327 0.360004 -1.26285 -1.58004 -2.14477 -2.02649 2.36319
1.96114 1.48 2.08743 -0.450572 -2.18222 -1.51532 -2.59587 -1.58217 -0.929274 0.80327 0.360004 -1.26285 -1.58004 -2.14477 -2.02649 2.36319
1.95908 1.48 2.08743 -0.450572 -2.18222 -1.51532 -2.59587 -1.58217 -0.929274 0.80327 0.360004 -1.26285 -1.58004 -2.14477 -2.02649 2.36319
1.95702 1.48 2.08743 -0.450572 -2.18222 -1.51532 -2.59587 -1.58217 -0.929274 0.80327 0.360004 -1.26285 -1.58004 -2.14477 -2.02649 2.36319
1.95498 1.48 2.08743 -0.450572 -2.18222 -1.51532 -2.59587 -1.58217 -0.929274 0.80327 0.360004 -1.26285 -1.58004 -2.14477 -2.02649 2.36319
1.95298 1.48 2.08743 -0.450572 -2.18222 -1.51532 -2.59587 -1.58217 -0.929274 0.80327 0.360004 -1.26285 -1.58004 -2.14477 -2.02649 2.36319
1.95092 1.48 2.08743 -0.450572 -2.18222 -1.51532 -2.59587 -1.58217 -0.929274 0.80327 0.360004 -1.26285 -1.58004 -2.14477 -2.02649 2.36319
1.94888 1.48 2.08743 -0.450572 -2.18222 -1.51532 -2.59587 -1.58217 -0.929274 0.80327 0.360004 -1.26285 -1.58004 -2.14477 -2.02649 2.36319
1.94681 1.48 2.08743 -0.450572 -2.18222 -1.51532 -2.59587 -1.58217 -0.929274 0.80327 0.360004 -1.26285 -1.58004 -2.14477 -2.02649 2.36319
1.94473 1.48 2.08743 -0.450572 -2.18222 -1.51532 -2.59587 -1.58217 -0.929274 0.80327 0.360004 -1.26285 -1.58004 -2.14477 -2.02649 2.36319
1.94263 1.48 2.08743 -0.450572 -2.18222 -1.51532 -2.59587 -1.58217 -0.929274 0.80327 0.360004 -1.26285 -1.58004 -2.14477 -2.02649 2.36319
1.93854 1.48 2.08743 -0.450572 -2.18222 -1.51532 -2.59587 -1.58217 -0.929274 0.80327 0.360004 -1.26285 -1.58004 -2.14477 -2.02649 2.36319
1.9345 1.48 2.08743 -0.450572 -2.18222 -1.51532 -2.59587 -1.58217 -0.929274 0.80327 0.360004 -1.26285 -1.58004 -2.14477 -2.02649 2.36319
1.93052 1.48 2.08743 -0.450572 -2.18222 -1.51532 -2.59587 -1.58217 -0.929274 0.80327 0.360004 -1.26285 -1.58004 -2.14477 -2.02649 2.36319
1.92663 1.48 2.08743 -0.450572 -2.18222 -1.51532 -2.59587 -1.58217 -0.929274 0.80327 0.360004 -1.26285 -1.58004 -2.14477 -2.02649 2.36319
1.9226 1.48 2.08743 -0.450572 -2.18222 -1.51532 -2.59587 -1.58217 -0.929274 0.80327 0.360004 -1.26285 -1.58004 -2.14477 -2.02649 2.36319
1.91863 1.48 2.08743 -0.450572 -2.18222 -1.51532 -2.59587 -1.58217 -0.929274 0.80327 0.360004 -1.26285 -1.58004 -2.14477 -2.02649 2.36319
1.91469 1.48 2.08743 -0.450572 -2.18222 -1.51532 -2.59587 -1.58217 -0.929274 0.80327 0.360004 -1.26285 -1.58004 -2.14477 -2.02649 2.36319
1.91072 1.48 2.08743 -0.450572 -2.18222 -1.51532 -2.59587 -1.58217 -0.929274 0.80327 0.360004 -1.26285 -1.58004 -2.14477 -2.02649 2.36319
1.90659 1.48 2.08743 -0.450572 -2.18222 -1.51532 -2.59587 -1.58217 -0.929274 0.80327 0.360004 -1.26285 -1.58004 -2.14477 -2.02649 2.36319
1.90236 1.48 2.08743 -0.450572 -2.18222 -1.51532 -2.59587 -1.58217 -0.929274 0.80327 0.360004 -1.26285 -1.58004 -2.14477 -2.02649 2.36319
1.89805 1.48 2.08743 -0.450572 -2.18222 -1.51532 -2.59587 -1.58217 -0.929274 0.80327 0.360004 -1.26285 -1.58004 -2.14477 -2.02649 2.36319
1.89396 1.48 2.08743 -0.450572 -2.18222 -1.51532 -2.59587 -1.58217 -0.929274 0.80327 0.360004 -1.26285 -1.58004 -2.14477 -2.02649 2.36319
1.88988 1.48 2.08743 -0.450572 -2.18222 -1.51532 -2.59587 -1.58217 -0.929274 0.80327 0.360004 -1.26285 -1.58004 -2.14477 -2.02649 2.36319
1.88575 1.48 2.08743 -0.450572 -2.18222 -1.51532 -2.59587 -1.58217 -0.929274 0.80327 0.360004 -1.26285 -1.58004 -2.14477 -2.02649 2.36319
1.88163 1.48 2.08743 -0.450572 -2.18222 -1.51532 -2.59587 -1.58217 -0.929274 0.80327 0.360004 -1.26285 -1.58004 -2.14477 -2.02649 2.36319
1.87748 1.48 2.08743 -0.450572 -2.18222 -1.51532 -2.59587 -1.58217 -0.929274 0.80327 0.360004 -1.26285 -1.58004 -2.14477 -2.02649 2.36319
1.87327 1.48 2.08743 -0.450572 -2.18222 -1.51532 -2.59587 -1.58217 -0.929274 0.80327 0.360004 -1.26285 -1.58004 -2.14477 -2.02649 2.36319
1.86911 1.48 2.08743 -0.450572 -2.18222 -1.51532 -2.59587 -1.58217 -0.929274 0.80327 0.360004 -1.26285 -1.58004 -2.14477 -2.02649 2.36319
1.86485 1.48 2.08743 -0.450572 -2.18222 -1.51532 -2.59587 -1.58217 -0.929274 0.80327 0.360004 -1.26285 -1.58004 -2.14477 -2.02649 2.36319
1.8605 1.48 2.08743 -0.450572 -2.18222 -1.51532 -2.59587 -1.58217 -0.929274 0.80327 0.360004 -1.26285 -1.58004 -2.14477 -2.02649 2.36319
1.85623 1.48 2.08743 -0.450572 -2.18222 -1.51532 -2.59587 -1.58217 -0.929274 0.80327 0.360004 -1.26285 -1.58004 -2.14477 -2.02649 2.36319
1.85203 1.48 2.08743 -0.450572 -2.18222 -1.51532 -2.59587 -1.58217 -0.929274 0.80327 0.360004 -1.26285 -1.58004 -2.14477 -2.02649 2.36319
1.84781 1.48 2.08743 -0.450572 -2.18222 -1.51532 -2.59587 -1.58217 -0.929274 0.80327 0.360004 -1.26285 -1.58004 -2.14477 -2.02649 2.36319
1.84354 1.48 2.08743 -0.450572 -2.18222 -1.51532 -2.59587 -1.58217 -0.929274 0.80327 0.360004 -1.26285 -1.58004 -2.14477 -2.02649 2.36319
1.83922 1.48 2.08743 -0.450572 -2.18222 -1.51532 -2.59587 -1.58217 -0.929274 0.80327 0.360004 -1.26285 -1.58004 -2.14477 -2.02649 2.36319
1.83498 1.48 2.08743 -0.450572 -2.18222 -1.51532 -2.59587 -1.58217 -0.929274 0.80327 0.360004 -1.26285 -1.58004 -2.14477 -2.02649 2.36319
1.83074 1.48 2.08743 -0.450572 -2.18222 -1.51532 -2.59587 -1.58217 -0.929274 0.80327 0.360004 -1.26285 -1.58004 -2.14477 -2.02649 2.36319
1.82641 1.48 2.08743 -0.450572 -2.18222 -1.51532 -2.59587 -1.58217 -0.929274 0.80327 0.360004 -1.26285 -1.58004 -2.14477 -2.02649 2.36319
1.82205 1.48 2.08743 -0.450572 -2.18222 -1.51532 -2.59587 -1.58217 -0.929274 0.80327 0.360004 -1.26285 -1.58004 -2.14477 -2.02649 2.36319
1.81767 1.48 2.08743 -0.450572 -2.18222 -1.51532 -2.59587 -1.58217 -0.929274 0.80327 0.360004 -1.26285 -1.58004 -2.14477 -2.02649 2.36319
1.81332 1.48 2.08743 -0.450572 -2.18222 -1.51532 -2.59587 -1.58217 -0.929274 0.80327 0.360004 -1.26285 -1.58004 -2.14477 -2.02649 2.36319
1.80893 1.48 2.08743 -0.450572 -2.18222 -1.51532 -2.59587 -1.58217 -0.929274 0.80327 0.360004 -1.26285 -1.58004 -2.14477 -2.02649 2.36319
1.80453 1.48 2.08743 -0.450572 -2.18222 -1.51532 -2.59587 -1.58217 -0.929274 0.80327 0.360004 -1.26285 -1.58004 -2.14477 -2.02649 2.36319
1.80004 1.48 2.08743 -0.450572 -2.18222 -1.51532 -2.59587 -1.58217 -0.929274 0.80327 0.360004 -1.26285 -1.58004 -2.14477 -2.02649 2.36319
1.79534 1.48 2.08743 -0.450572 -2.18222 -1.51532 -2.59587 -1.58217 -0.929274 0.80327 0.360004 -1.26285 -1.58004 -2.14477 -2.02649 2.36319
1.79075 1.48 2.08743 -0.450572 -2.18222 -1.51532 -2.59587 -1.58217 -0.929274 0.80327 0.360004 -1.26285 -1.58004 -2.14477 -2.02649 2.36319
1.78616 1.48 2.08743 -0.450572 -2.18222 -1.51532 -2.59587 -1.58217 -0.929274 0.80327 0.360004 -1.26285 -1.58004 -2.14477 -2.02649 2.36319
1.78149 1.48 2.08743 -0.450572 -2.18222 -1.51532 -2.59587 -1.58217 -0.929274 0.80327 0.360004 -1.26285 -1.58004 -2.14477 -2.02649 2.36319
1.77697 1.48 2.08743 -0.450572 -2.18222 -1.51532 -2.59587 -1.58217 -0.929274 0.80327 0.360004 -1.26285 -1.58004 -2.14477 -2.02649 2.36319
1.77247 1.48 2.08743 -0.450572 -2.18222 -1.51532 -2.59587 -1.58217 -0.929274 0.80327 0.360004 -1.26285 -1.58004 -2.14477 -2.02649 2.36319
1.76799 1.48 2.08743 -0.450572 -2.18222 -1.51532 -2.59587 -1.58217 -0.929274 0.80327 0.360004 -1.26285 -1.58004 -2.14477 -2.02649 2.36319
1.76345 1.48 2.08743 -0.450572 -2.18222 -1.51532 -2.59587 -1.58217 -0.929274 0.80327 0.360004 -1.26285 -1.58004 -2.14477 -2.02649 2.36319
1.75879 1.48 2.08743 -0.450572 -2.18222 -1.51532 -2.59587 -1.58217 -0.929274 0.80327 0.360004 -1.26285 -1.58004 -2.14477 -2.02649 2.36319
1.75421 1.48 2.08743 -0.450572 -2.18222 -1.51532 -2.59587 -1.58217 -0.929274 0.80327 0.360004 -1.26285 -1.58004 -2.14477 -2.02649 2.36319
1.74961 1.48 2.08743 -0.450572 -2.18222 -1.51532 -2.59587 -1.58217 -0.929274 0.80327 0.360004 -1.26285 -1.58004 -2.14477 -2.02649 2.36319
1.74498 1.48 2.08743 -0.450572 -2.18222 -1.51532 -2.59587 -1.58217 -0.929274 0.80327 0.360004 -1.26285 -1.58004 -2.14477 -2.02649 2.36319
1.7401 1.48 2.08743 -0.450572 -2.18222 -1.51532 -2.59587 -1.58217 -0.929274 0.80327 0.360004 -1.26285 -1.58004 -2.14477 -2.02649 2.36319
1.7354 1.48 2.08743 -0.450572 -2.18222 -1.51532 -2.59587 -1.58217 -0.929274 0.80327 0.360004 -1.26285 -1.58004 -2.14477 -2.02649 2.36319
1.73079 1.48 2.08743 -0.450572 -2.18222 -1.51532 -2.59587 -1.58217 -0.929274 0.80327 0.360004 -1.26285 -1.58004 -2.14477 -2.02649 2.36319
1.72606 1.48 2.08743 -0.450572 -2.18222 -1.51532 -2.59587 -1.58217 -0.929274 0.80327 0.360004 -1.26285 -1.58004 -2.14477 -2.02649 2.36319
1.72136 1.48 2.08743 -0.450572 -2.18222 -1.51532 -2.59587 -1.58217 -0.929274 0.80327 0.360004 -1.26285 -1.58004 -2.14477 -2.02649 2.36319
1.71672 1.48 2.08743 -0.450572 -2.18222 -1.51532 -2.59587 -1.58217 -0.929274 0.80327 0.360004 -1.26285 -1.58004 -2.14477 -2.02649 2.36319
1.71197 1.48 2.08743 -0.450572 -2.18222 -1.51532 -2.59587 -1.58217 -0.929274 0.80327 0.360004 -1.26285 -1.58004 -2.14477 -2.02649 2.36319
1.70719 1.48 2.08743 -0.450572 -2.18222 -1.51532 -2.59587 -1.58217 -0.929274 0.80327 0.360004 -1.26285 -1.58004 -2.14477 -2.02649 2.36319
1.7024 1.48 2.08743 -0.450572 -2.18222 -1.51532 -2.59587 -1.58217 -0.929274 0.80327 0.360004 -1.26285 -1.58004 -2.14477 -2.02649 2.36319
1.6976 1.48 2.08743 -0.450572 -2.18222 -1.51532 -2.59587 -1.58217 -0.929274 0.80327 0.360004 -1.26285 -1.58004 -2.14477 -2.02649 2.36319
1.69274 1.48 2.08743 -0.450572 -2.18222 -1.51532 -2.59587 -1.58217 -0.929274 0.80327 0.360004 -1.26285 -1.58004 -2.14477 -2.02649 2.36319
1.68788 1.48 2.08743 -0.450572 -2.18222 -1.51532 -2.59587 -1.58217 -0.929274 0.80327 0.360004 -1.26285 -1.58004 -2.14477 -2.02649 2.36319
1.67643 1.48 2.08743 -0.450572 -2.18222 -1.51532 -2.59587 -1.58217 -0.929274 0.80327 0.360004 -1.26285 -1.58004 -2.14477 -2.02649 2.36319
1.67761 1.48 2.08743 -0.450572 -2.18222 -1.51532 -2.59587 -1.58217 -0.929274 0.80327 0.360004 -1.26285 -1.58004 -2.14477 -2.02649 2.36319
1.67887 1.48 2.08743 -0.450572 -2.18222 -1.51532 -2.59587 -1.58217 -0.929274 0.80327 0.360004 -1.26285 -1.58004 -2.14477 -2.02649 2.36319
1.68033 1.48 2.08743 -0.450572 -2.18222 -1.51532 -2.59587 -1.58217 -0.929274 0.80327 0.360004 -1.26285 -1.58004 -2.14477 -2.02649 2.36319
1.68195 1.48 2.08743 -0.450572 -2.18222 -1.51532 -2.59587 -1.58217 -0.929274 0.80327 0.360004 -1.26285 -1.58004 -2.14477 -2.02649 2.36319
1.68383 1.48 2.08743 -0.450572 -2.18222 -1.51532 -2.59587 -1.58217 -0.929274 0.80327 0.360004 -1.26285 -1.58004 -2.14477 -2.02649 2.36319
1.68592 1.48 2.08743 -0.450572 -2.18222 -1.51532 -2.59587 -1.58217 -0.929274 0.80327 0.360004 -1.26285 -1.58004 -2.14477 -2.02649 2.36319
1.68821 1.48 2.08743 -0.450572 -2.18222 -1.51532 -2.59587 -1.58217 -0.929274 0.80327 0.360004 -1.26285 -1.58004 -2.14477 -2.02649 2.36319
1.69064 1.48 2.08743 -0.450572 -2.18222 -1.51532 -2.59587 -1.58217 -0.929274 0.80327 0.360004 -1.26285 -1.58004 -2.14477 -2.02649 2.36319
1.69315 1.48 2.08743 -0.450572 -2.18222 -1.51532 -2.59587 -1.58217 -0.929274 0.80327 0.360004 -1.26285 -1.58004 -2.14477 -2.02649 2.36319
1.69796 1.48 2.08743 -0.450572 -2.18222 -1.51532 -2.59587 -1.58217 -0.929274 0.80327 0.360004 -1.26285 -1.58004 -2.14477 -2.02649 2.36319
1.7029 1.48 2.08743 -0.450572 -2.18222 -1.51532 -2.59587 -1.58217 -0.929274 0.80327 0.360004 -1.26285 -1.58004 -2.14477 -2.02649 2.36319
1.70789 1.48 2.08743 -0.450572 -2.18222 -1.51532 -2.59587 -1.58217 -0.929274 0.80327 0.360004 -1.26285 -1.58004 -2.14477 -2.02649 2.36319
1.7129 1.48 2.08743 -0.450572 -2.18222 -1.51532 -2.59587 -1.58217 -0.929274 0.80327 0.360004 -1.26285 -1.58004 -2.14477 -2.02649 2.36319
1.71796 1.48 2.08743 -0.450572 -2.18222 -1.51532 -2.59587 -1.58217 -0.929274 0.80327 0.360004 -1.26285 -1.58004 -2.14477 -2.02649 2.36319
1.7232 1.48 2.08743 -0.450572 -2.18222 -1.51532 -2.59587 -1.58217 -0.929274 0.80327 0.360004 -1.26285 -1.58004 -2.14477 -2.02649 2.36319
1.72893 1.48 2.08743 -0.450572 -2.18222 -1.51532 -2.59587 -1.58217 -0.929274 0.80327 0.360004 -1.26285 -1.58004 -2.14477 -2.02649 2.36319
1.7345 1.48 2.08743 -0.450572 -2.18222 -1.51532 -2.59587 -1.58217 -0.929274 0.80327 0.360004 -1.26285 -1.58004 -2.14477 -2.02649 2.36319
1.74065 1.48 2.08743 -0.450572 -2.18222 -1.51532 -2.59587 -1.58217 -0.929274 0.80327 0.360004 -1.26285 -1.58004 -2.14477 -2.02649 2.36319
1.747 1.48 2.08743 -0.450572 -2.18222 -1.51532 -2.59587 -1.58217 -0.929274 0.80327 0.360004 -1.26285 -1.58004 -2.14477 -2.02649 2.36319
1.753 1.48 2.08743 -0.450572 -2.18222 -1.51532 -2.59587 -1.58217 -0.929274 0.80327 0.360004 -1.26285 -1.58004 -2.14477 -2.02649 2.36319
1.75926 1.48 2.08743 -0.450572 -2.18222 -1.51532 -2.59587 -1.58217 -0.929274 0.80327 0.360004 -1.26285 -1.58004 -2.14477 -2.02649 2.36319
1.76558 1.48 2.08743 -0.450572 -2.18222 -1.51532 -2.59587 -1.58217 -0.929274 0.80327 0.360004 -1.26285 -1.58004 -2.14477 -2.02649 2.36319
1.77191 1.48 2.08743 -0.450572 -2.18222 -1.51532 -2.59587 -1.58217 -0.929274 0.80327 0.360004 -1.26285 -1.58004 -2.14477 -2.02649 2.36319
1.77855 1.48 2.08743 -0.450572 -2.18222 -1.51532 -2.59587 -1.58217 -0.929274 0.80327 0.360004 -1.26285 -1.58004 -2.14477 -2.02649 2.36319
1.78528 1.48 2.08743 -0.450572 -2.18222 -1.51532 -2.59587 -1.58217 -0.929274 0.80327 0.360004 -1.26285 -1.58004 -2.14477 -2.02649 2.36319
1.7923 1.48 2.08743 -0.450572 -2.18222 -1.51532 -2.59587 -1.58217 -0.929274 0.80327 0.360004 -1.26285 -1.58004 -2.14477 -2.02649 2.36319
1.79964 1.48 2.08743 -0.450572 -2.18222 -1.51532 -2.59587 -1.58217 -0.929274 0.80327 0.360004 -1.26285 -1.58004 -2.14477 -2.02649 2.36319
1.80705 1.48 2.08743 -0.450572 -2.18222 -1.51532 -2.59587 -1.58217 -0.929274 0.80327 0.360004 -1.26285 -1.58004 -2.14477 -2.02649 2.36319
1.8146 1.48 2.08743 -0.450572 -2.18222 -1.51532 -2.59587 -1.58217 -0.929274 0.80327 0.360004 -1.26285 -1.58004 -2.14477 -2.02649 2.36319
1.82262 1.48 2.08743 -0.450572 -2.18222 -1.51532 -2.59587 -1.58217 -0.929274 0.80327 0.360004 -1.26285 -1.58004 -2.14477 -2.02649 2.36319
1.83071 1.48 2.08743 -0.450572 -2.18222 -1.51532 -2.59587 -1.58217 -0.929274 0.80327 0.360004 -1.26285 -1.58004 -2.14477 -2.02649 2.36319
1.83893 1.48 2.08743 -0.450572 -2.18222 -1.51532 -2.59587 -1.58217 -0.929274 0.80327 0.360004 -1.26285 -1.58004 -2.14477 -2.02649 2.36319
1.84742 1.48 2.08743 -0.450572 -2.18222 -1.51532 -2.59587 -1.58217 -0.929274 0.80327 0.360004 -1.26285 -1.58004 -2.14477 -2.02649 2.36319
1.85601 1.48 2.08743 -0.450572 -2.18222 -1.51532 -2.59587 -1.58217 -0.929274 0.80327 0.360004 -1.26285 -1.58004 -2.14477 -2.02649 2.36319
1.86485 1.48 2.08743 -0.450572 -2.18222 -1.51532 -2.59587 -1.58217 -0.929274 0.80327 0.360004 -1.26285 -1.58004 -2.14477 -2.02649 2.36319
1.87422 1.48 2.08743 -0.450572 -2.18222 -1.51532 -2.59587 -1.58217 -0.929274 0.80327 0.360004 -1.26285 -1.58004 -2.14477 -2.02649 2.36319
1.88362 1.48 2.08743 -0.450572 -2.18222 -1.51532 -2.59587 -1.58217 -0.929274 0.80327 0.360004 -1.26285 -1.58004 -2.14477 -2.02649 2.36319
1.89318 1.48 2.08743 -0.450572 -2.18222 -1.51532 -2.59587 -1.58217 -0.929274 0.80327 0.360004 -1.26285 -1.58004 -2.14477 -2.02649 2.36319
1.90316 1.48 2.08743 -0.450572 -2.18222 -1.51532 -2.59587 -1.58217 -0.929274 0.80327 0.360004 -1.26285 -1.58004 -2.14477 -2.02649 2.36319
