11.284
11.295
11.305
11.316
11.326
11.336
11.347
11.357
11.368
11.38
11.4
11.421
11.442
11.462
11.483
11.503
11.524
11.545
11.566
11.586
11.626
11.665
11.703
11.742
11.781
11.819
11.858
11.896
11.936
11.977
12.016
12.055
12.094
12.133
12.171
12.21
12.249
12.288
12.328
12.367
12.405
12.444
12.483
12.521
12.56
12.598
12.637
12.675
12.714
12.753
12.792
12.831
12.869
12.908
12.95
12.991
13.031
13.07
13.109
13.147
13.186
13.225
13.263
13.302
13.341
13.381
13.421
13.46
13.499
13.537
13.576
13.614
13.653
13.692
13.731
13.77
13.809
13.848
14.655
14.665
14.676
14.687
14.697
14.708
14.719
14.729
14.74
14.753
14.793
14.832
14.87
14.909
14.948
14.99
15.03
15.072
15.113
15.152
15.191
15.23
15.268
15.307
15.346
15.384
15.423
15.462
15.501
15.54
15.58
15.619
15.658
15.697
15.735
15.774
15.813
15.852
15.89
15.929
