1.33053 1.48982 2.2175 1.02075 -0.734182 -1.44645 0.74421 1.26553 -1.58756 0.600793 -1.60603 -1.86894 2.05244 1.03296 -2.05261 -1.79037
1.33053 1.48982 2.2175 1.02075 -0.734182 -1.44645 0.74421 1.26553 -1.58756 0.600793 -1.60603 -1.86894 2.05244 1.03296 -2.05261 -1.79037
1.33053 1.48982 2.2175 1.02075 -0.734182 -1.44645 0.74421 1.26553 -1.58756 0.600793 -1.60603 -1.86894 2.05244 1.03296 -2.05261 -1.79037
1.33092 1.48982 2.2175 1.02075 -0.734182 -1.44645 0.74421 1.26553 -1.58756 0.600793 -1.60603 -1.86894 2.05244 1.03296 -2.05261 -1.79037
1.33149 1.48982 2.2175 1.02075 -0.734182 -1.44645 0.74421 1.26553 -1.58756 0.600793 -1.60603 -1.86894 2.05244 1.03296 -2.05261 -1.79037
1.3321 1.48982 2.2175 1.02075 -0.734182 -1.44645 0.74421 1.26553 -1.58756 0.600793 -1.60603 -1.86894 2.05244 1.03296 -2.05261 -1.79037
1.33268 1.48982 2.2175 1.02075 -0.734182 -1.44645 0.74421 1.26553 -1.58756 0.600793 -1.60603 -1.86894 2.05244 1.03296 -2.05261 -1.79037
1.33326 1.48982 2.2175 1.02075 -0.734182 -1.44645 0.74421 1.26553 -1.58756 0.600793 -1.60603 -1.86894 2.05244 1.03296 -2.05261 -1.79037
1.3339 1.48982 2.2175 1.02075 -0.734182 -1.44645 0.74421 1.26553 -1.58756 0.600793 -1.60603 -1.86894 2.05244 1.03296 -2.05261 -1.79037
1.33464 1.48982 2.2175 1.02075 -0.734182 -1.44645 0.74421 1.26553 -1.58756 0.600793 -1.60603 -1.86894 2.05244 1.03296 -2.05261 -1.79037
1.33547 1.48982 2.2175 1.02075 -0.734182 -1.44645 0.74421 1.26553 -1.58756 0.600793 -1.60603 -1.86894 2.05244 1.03296 -2.05261 -1.79037
1.33633 1.48982 2.2175 1.02075 -0.734182 -1.44645 0.74421 1.26553 -1.58756 0.600793 -1.60603 -1.86894 2.05244 1.03296 -2.05261 -1.79037
1.33726 1.48982 2.2175 1.02075 -0.734182 -1.44645 0.74421 1.26553 -1.58756 0.600793 -1.60603 -1.86894 2.05244 1.03296 -2.05261 -1.79037
1.33826 1.48982 2.2175 1.02075 -0.734182 -1.44645 0.74421 1.26553 -1.58756 0.600793 -1.60603 -1.86894 2.05244 1.03296 -2.05261 -1.79037
1.33936 1.48982 2.2175 1.02075 -0.734182 -1.44645 0.74421 1.26553 -1.58756 0.600793 -1.60603 -1.86894 2.05244 1.03296 -2.05261 -1.79037
1.34051 1.48982 2.2175 1.02075 -0.734182 -1.44645 0.74421 1.26553 -1.58756 0.600793 -1.60603 -1.86894 2.05244 1.03296 -2.05261 -1.79037
1.34172 1.48982 2.2175 1.02075 -0.734182 -1.44645 0.74421 1.26553 -1.58756 0.600793 -1.60603 -1.86894 2.05244 1.03296 -2.05261 -1.79037
1.34302 1.48982 2.2175 1.02075 -0.734182 -1.44645 0.74421 1.26553 -1.58756 0.600793 -1.60603 -1.86894 2.05244 1.03296 -2.05261 -1.79037
1.34439 1.48982 2.2175 1.02075 -0.734182 -1.44645 0.74421 1.26553 -1.58756 0.600793 -1.60603 -1.86894 2.05244 1.03296 -2.05261 -1.79037
1.34584 1.48982 2.2175 1.02075 -0.734182 -1.44645 0.74421 1.26553 -1.58756 0.600793 -1.60603 -1.86894 2.05244 1.03296 -2.05261 -1.79037
1.34864 1.48982 2.2175 1.02075 -0.734182 -1.44645 0.74421 1.26553 -1.58756 0.600793 -1.60603 -1.86894 2.05244 1.03296 -2.05261 -1.79037
1.35138 1.48982 2.2175 1.02075 -0.734182 -1.44645 0.74421 1.26553 -1.58756 0.600793 -1.60603 -1.86894 2.05244 1.03296 -2.05261 -1.79037
1.3539 1.48982 2.2175 1.02075 -0.734182 -1.44645 0.74421 1.26553 -1.58756 0.600793 -1.60603 -1.86894 2.05244 1.03296 -2.05261 -1.79037
1.35676 1.48982 2.2175 1.02075 -0.734182 -1.44645 0.74421 1.26553 -1.58756 0.600793 -1.60603 -1.86894 2.05244 1.03296 -2.05261 -1.79037
1.35982 1.48982 2.2175 1.02075 -0.734182 -1.44645 0.74421 1.26553 -1.58756 0.600793 -1.60603 -1.86894 2.05244 1.03296 -2.05261 -1.79037
1.36296 1.48982 2.2175 1.02075 -0.734182 -1.44645 0.74421 1.26553 -1.58756 0.600793 -1.60603 -1.86894 2.05244 1.03296 -2.05261 -1.79037
1.36626 1.48982 2.2175 1.02075 -0.734182 -1.44645 0.74421 1.26553 -1.58756 0.600793 -1.60603 -1.86894 2.05244 1.03296 -2.05261 -1.79037
1.36949 1.48982 2.2175 1.02075 -0.734182 -1.44645 0.74421 1.26553 -1.58756 0.600793 -1.60603 -1.86894 2.05244 1.03296 -2.05261 -1.79037
1.37254 1.48982 2.2175 1.02075 -0.734182 -1.44645 0.74421 1.26553 -1.58756 0.600793 -1.60603 -1.86894 2.05244 1.03296 -2.05261 -1.79037
1.37571 1.48982 2.2175 1.02075 -0.734182 -1.44645 0.74421 1.26553 -1.58756 0.600793 -1.60603 -1.86894 2.05244 1.03296 -2.05261 -1.79037
1.37918 1.48982 2.2175 1.02075 -0.734182 -1.44645 0.74421 1.26553 -1.58756 0.600793 -1.60603 -1.86894 2.05244 1.03296 -2.05261 -1.79037
1.3828 1.48982 2.2175 1.02075 -0.734182 -1.44645 0.74421 1.26553 -1.58756 0.600793 -1.60603 -1.86894 2.05244 1.03296 -2.05261 -1.79037
1.38663 1.48982 2.2175 1.02075 -0.734182 -1.44645 0.74421 1.26553 -1.58756 0.600793 -1.60603 -1.86894 2.05244 1.03296 -2.05261 -1.79037
1.39064 1.48982 2.2175 1.02075 -0.734182 -1.44645 0.74421 1.26553 -1.58756 0.600793 -1.60603 -1.86894 2.05244 1.03296 -2.05261 -1.79037
1.39492 1.48982 2.2175 1.02075 -0.734182 -1.44645 0.74421 1.26553 -1.58756 0.600793 -1.60603 -1.86894 2.05244 1.03296 -2.05261 -1.79037
1.39903 1.48982 2.2175 1.02075 -0.734182 -1.44645 0.74421 1.26553 -1.58756 0.600793 -1.60603 -1.86894 2.05244 1.03296 -2.05261 -1.79037
1.40331 1.48982 2.2175 1.02075 -0.734182 -1.44645 0.74421 1.26553 -1.58756 0.600793 -1.60603 -1.86894 2.05244 1.03296 -2.05261 -1.79037
1.40769 1.48982 2.2175 1.02075 -0.734182 -1.44645 0.74421 1.26553 -1.58756 0.600793 -1.60603 -1.86894 2.05244 1.03296 -2.05261 -1.79037
1.41206 1.48982 2.2175 1.02075 -0.734182 -1.44645 0.74421 1.26553 -1.58756 0.600793 -1.60603 -1.86894 2.05244 1.03296 -2.05261 -1.79037
1.41651 1.48982 2.2175 1.02075 -0.734182 -1.44645 0.74421 1.26553 -1.58756 0.600793 -1.60603 -1.86894 2.05244 1.03296 -2.05261 -1.79037
1.42094 1.48982 2.2175 1.02075 -0.734182 -1.44645 0.74421 1.26553 -1.58756 0.600793 -1.60603 -1.86894 2.05244 1.03296 -2.05261 -1.79037
1.42591 1.48982 2.2175 1.02075 -0.734182 -1.44645 0.74421 1.26553 -1.58756 0.600793 -1.60603 -1.86894 2.05244 1.03296 -2.05261 -1.79037
1.43079 1.48982 2.2175 1.02075 -0.734182 -1.44645 0.74421 1.26553 -1.58756 0.600793 -1.60603 -1.86894 2.05244 1.03296 -2.05261 -1.79037
1.43562 1.48982 2.2175 1.02075 -0.734182 -1.44645 0.74421 1.26553 -1.58756 0.600793 -1.60603 -1.86894 2.05244 1.03296 -2.05261 -1.79037
1.44053 1.48982 2.2175 1.02075 -0.734182 -1.44645 0.74421 1.26553 -1.58756 0.600793 -1.60603 -1.86894 2.05244 1.03296 -2.05261 -1.79037
1.44573 1.48982 2.2175 1.02075 -0.734182 -1.44645 0.74421 1.26553 -1.58756 0.600793 -1.60603 -1.86894 2.05244 1.03296 -2.05261 -1.79037
1.45104 1.48982 2.2175 1.02075 -0.734182 -1.44645 0.74421 1.26553 -1.58756 0.600793 -1.60603 -1.86894 2.05244 1.03296 -2.05261 -1.79037
1.4564 1.48982 2.2175 1.02075 -0.734182 -1.44645 0.74421 1.26553 -1.58756 0.600793 -1.60603 -1.86894 2.05244 1.03296 -2.05261 -1.79037
1.46195 1.48982 2.2175 1.02075 -0.734182 -1.44645 0.74421 1.26553 -1.58756 0.600793 -1.60603 -1.86894 2.05244 1.03296 -2.05261 -1.79037
1.46806 1.48982 2.2175 1.02075 -0.734182 -1.44645 0.74421 1.26553 -1.58756 0.600793 -1.60603 -1.86894 2.05244 1.03296 -2.05261 -1.79037
1.47394 1.48982 2.2175 1.02075 -0.734182 -1.44645 0.74421 1.26553 -1.58756 0.600793 -1.60603 -1.86894 2.05244 1.03296 -2.05261 -1.79037
1.47992 1.48982 2.2175 1.02075 -0.734182 -1.44645 0.74421 1.26553 -1.58756 0.600793 -1.60603 -1.86894 2.05244 1.03296 -2.05261 -1.79037
1.48618 1.48982 2.2175 1.02075 -0.734182 -1.44645 0.74421 1.26553 -1.58756 0.600793 -1.60603 -1.86894 2.05244 1.03296 -2.05261 -1.79037
1.49265 1.48982 2.2175 1.02075 -0.734182 -1.44645 0.74421 1.26553 -1.58756 0.600793 -1.60603 -1.86894 2.05244 1.03296 -2.05261 -1.79037
1.49927 1.48982 2.2175 1.02075 -0.734182 -1.44645 0.74421 1.26553 -1.58756 0.600793 -1.60603 -1.86894 2.05244 1.03296 -2.05261 -1.79037
1.6201 1.48982 2.2175 1.02075 -0.734182 -1.44645 0.74421 1.26553 -1.58756 0.600793 -1.60603 -1.86894 2.05244 1.03296 -2.05261 -1.79037
1.61856 1.48982 2.2175 1.02075 -0.734182 -1.44645 0.74421 1.26553 -1.58756 0.600793 -1.60603 -1.86894 2.05244 1.03296 -2.05261 -1.79037
1.61661 1.48982 2.2175 1.02075 -0.734182 -1.44645 0.74421 1.26553 -1.58756 0.600793 -1.60603 -1.86894 2.05244 1.03296 -2.05261 -1.79037
1.61456 1.48982 2.2175 1.02075 -0.734182 -1.44645 0.74421 1.26553 -1.58756 0.600793 -1.60603 -1.86894 2.05244 1.03296 -2.05261 -1.79037
1.61248 1.48982 2.2175 1.02075 -0.734182 -1.44645 0.74421 1.26553 -1.58756 0.600793 -1.60603 -1.86894 2.05244 1.03296 -2.05261 -1.79037
1.61034 1.48982 2.2175 1.02075 -0.734182 -1.44645 0.74421 1.26553 -1.58756 0.600793 -1.60603 -1.86894 2.05244 1.03296 -2.05261 -1.79037
1.60823 1.48982 2.2175 1.02075 -0.734182 -1.44645 0.74421 1.26553 -1.58756 0.600793 -1.60603 -1.86894 2.05244 1.03296 -2.05261 -1.79037
1.60612 1.48982 2.2175 1.02075 -0.734182 -1.44645 0.74421 1.26553 -1.58756 0.600793 -1.60603 -1.86894 2.05244 1.03296 -2.05261 -1.79037
1.60403 1.48982 2.2175 1.02075 -0.734182 -1.44645 0.74421 1.26553 -1.58756 0.600793 -1.60603 -1.86894 2.05244 1.03296 -2.05261 -1.79037
1.60197 1.48982 2.2175 1.02075 -0.734182 -1.44645 0.74421 1.26553 -1.58756 0.600793 -1.60603 -1.86894 2.05244 1.03296 -2.05261 -1.79037
1.59986 1.48982 2.2175 1.02075 -0.734182 -1.44645 0.74421 1.26553 -1.58756 0.600793 -1.60603 -1.86894 2.05244 1.03296 -2.05261 -1.79037
1.59776 1.48982 2.2175 1.02075 -0.734182 -1.44645 0.74421 1.26553 -1.58756 0.600793 -1.60603 -1.86894 2.05244 1.03296 -2.05261 -1.79037
1.59561 1.48982 2.2175 1.02075 -0.734182 -1.44645 0.74421 1.26553 -1.58756 0.600793 -1.60603 -1.86894 2.05244 1.03296 -2.05261 -1.79037
1.59346 1.48982 2.2175 1.02075 -0.734182 -1.44645 0.74421 1.26553 -1.58756 0.600793 -1.60603 -1.86894 2.05244 1.03296 -2.05261 -1.79037
1.58944 1.48982 2.2175 1.02075 -0.734182 -1.44645 0.74421 1.26553 -1.58756 0.600793 -1.60603 -1.86894 2.05244 1.03296 -2.05261 -1.79037
1.58525 1.48982 2.2175 1.02075 -0.734182 -1.44645 0.74421 1.26553 -1.58756 0.600793 -1.60603 -1.86894 2.05244 1.03296 -2.05261 -1.79037
1.58121 1.48982 2.2175 1.02075 -0.734182 -1.44645 0.74421 1.26553 -1.58756 0.600793 -1.60603 -1.86894 2.05244 1.03296 -2.05261 -1.79037
1.57709 1.48982 2.2175 1.02075 -0.734182 -1.44645 0.74421 1.26553 -1.58756 0.600793 -1.60603 -1.86894 2.05244 1.03296 -2.05261 -1.79037
1.57303 1.48982 2.2175 1.02075 -0.734182 -1.44645 0.74421 1.26553 -1.58756 0.600793 -1.60603 -1.86894 2.05244 1.03296 -2.05261 -1.79037
1.56895 1.48982 2.2175 1.02075 -0.734182 -1.44645 0.74421 1.26553 -1.58756 0.600793 -1.60603 -1.86894 2.05244 1.03296 -2.05261 -1.79037
1.56484 1.48982 2.2175 1.02075 -0.734182 -1.44645 0.74421 1.26553 -1.58756 0.600793 -1.60603 -1.86894 2.05244 1.03296 -2.05261 -1.79037
1.56074 1.48982 2.2175 1.02075 -0.734182 -1.44645 0.74421 1.26553 -1.58756 0.600793 -1.60603 -1.86894 2.05244 1.03296 -2.05261 -1.79037
1.55654 1.48982 2.2175 1.02075 -0.734182 -1.44645 0.74421 1.26553 -1.58756 0.600793 -1.60603 -1.86894 2.05244 1.03296 -2.05261 -1.79037
1.55226 1.48982 2.2175 1.02075 -0.734182 -1.44645 0.74421 1.26553 -1.58756 0.600793 -1.60603 -1.86894 2.05244 1.03296 -2.05261 -1.79037
1.54797 1.48982 2.2175 1.02075 -0.734182 -1.44645 0.74421 1.26553 -1.58756 0.600793 -1.60603 -1.86894 2.05244 1.03296 -2.05261 -1.79037
1.54371 1.48982 2.2175 1.02075 -0.734182 -1.44645 0.74421 1.26553 -1.58756 0.600793 -1.60603 -1.86894 2.05244 1.03296 -2.05261 -1.79037
1.53954 1.48982 2.2175 1.02075 -0.734182 -1.44645 0.74421 1.26553 -1.58756 0.600793 -1.60603 -1.86894 2.05244 1.03296 -2.05261 -1.79037
1.53531 1.48982 2.2175 1.02075 -0.734182 -1.44645 0.74421 1.26553 -1.58756 0.600793 -1.60603 -1.86894 2.05244 1.03296 -2.05261 -1.79037
1.53101 1.48982 2.2175 1.02075 -0.734182 -1.44645 0.74421 1.26553 -1.58756 0.600793 -1.60603 -1.86894 2.05244 1.03296 -2.05261 -1.79037
1.52668 1.48982 2.2175 1.02075 -0.734182 -1.44645 0.74421 1.26553 -1.58756 0.600793 -1.60603 -1.86894 2.05244 1.03296 -2.05261 -1.79037
1.52234 1.48982 2.2175 1.02075 -0.734182 -1.44645 0.74421 1.26553 -1.58756 0.600793 -1.60603 -1.86894 2.05244 1.03296 -2.05261 -1.79037
1.5181 1.48982 2.2175 1.02075 -0.734182 -1.44645 0.74421 1.26553 -1.58756 0.600793 -1.60603 -1.86894 2.05244 1.03296 -2.05261 -1.79037
1.51368 1.48982 2.2175 1.02075 -0.734182 -1.44645 0.74421 1.26553 -1.58756 0.600793 -1.60603 -1.86894 2.05244 1.03296 -2.05261 -1.79037
1.50933 1.48982 2.2175 1.02075 -0.734182 -1.44645 0.74421 1.26553 -1.58756 0.600793 -1.60603 -1.86894 2.05244 1.03296 -2.05261 -1.79037
1.50487 1.48982 2.2175 1.02075 -0.734182 -1.44645 0.74421 1.26553 -1.58756 0.600793 -1.60603 -1.86894 2.05244 1.03296 -2.05261 -1.79037
1.50056 1.48982 2.2175 1.02075 -0.734182 -1.44645 0.74421 1.26553 -1.58756 0.600793 -1.60603 -1.86894 2.05244 1.03296 -2.05261 -1.79037
1.49623 1.48982 2.2175 1.02075 -0.734182 -1.44645 0.74421 1.26553 -1.58756 0.600793 -1.60603 -1.86894 2.05244 1.03296 -2.05261 -1.79037
1.49179 1.48982 2.2175 1.02075 -0.734182 -1.44645 0.74421 1.26553 -1.58756 0.600793 -1.60603 -1.86894 2.05244 1.03296 -2.05261 -1.79037
1.48738 1.48982 2.2175 1.02075 -0.734182 -1.44645 0.74421 1.26553 -1.58756 0.600793 -1.60603 -1.86894 2.05244 1.03296 -2.05261 -1.79037
1.48296 1.48982 2.2175 1.02075 -0.734182 -1.44645 0.74421 1.26553 -1.58756 0.600793 -1.60603 -1.86894 2.05244 1.03296 -2.05261 -1.79037
1.47854 1.48982 2.2175 1.02075 -0.734182 -1.44645 0.74421 1.26553 -1.58756 0.600793 -1.60603 -1.86894 2.05244 1.03296 -2.05261 -1.79037
1.47408 1.48982 2.2175 1.02075 -0.734182 -1.44645 0.74421 1.26553 -1.58756 0.600793 -1.60603 -1.86894 2.05244 1.03296 -2.05261 -1.79037
1.46961 1.48982 2.2175 1.02075 -0.734182 -1.44645 0.74421 1.26553 -1.58756 0.600793 -1.60603 -1.86894 2.05244 1.03296 -2.05261 -1.79037
1.46513 1.48982 2.2175 1.02075 -0.734182 -1.44645 0.74421 1.26553 -1.58756 0.600793 -1.60603 -1.86894 2.05244 1.03296 -2.05261 -1.79037
1.46061 1.48982 2.2175 1.02075 -0.734182 -1.44645 0.74421 1.26553 -1.58756 0.600793 -1.60603 -1.86894 2.05244 1.03296 -2.05261 -1.79037
1.45602 1.48982 2.2175 1.02075 -0.734182 -1.44645 0.74421 1.26553 -1.58756 0.600793 -1.60603 -1.86894 2.05244 1.03296 -2.05261 -1.79037
1.45143 1.48982 2.2175 1.02075 -0.734182 -1.44645 0.74421 1.26553 -1.58756 0.600793 -1.60603 -1.86894 2.05244 1.03296 -2.05261 -1.79037
1.44682 1.48982 2.2175 1.02075 -0.734182 -1.44645 0.74421 1.26553 -1.58756 0.600793 -1.60603 -1.86894 2.05244 1.03296 -2.05261 -1.79037
1.44217 1.48982 2.2175 1.02075 -0.734182 -1.44645 0.74421 1.26553 -1.58756 0.600793 -1.60603 -1.86894 2.05244 1.03296 -2.05261 -1.79037
1.43746 1.48982 2.2175 1.02075 -0.734182 -1.44645 0.74421 1.26553 -1.58756 0.600793 -1.60603 -1.86894 2.05244 1.03296 -2.05261 -1.79037
1.43247 1.48982 2.2175 1.02075 -0.734182 -1.44645 0.74421 1.26553 -1.58756 0.600793 -1.60603 -1.86894 2.05244 1.03296 -2.05261 -1.79037
1.4277 1.48982 2.2175 1.02075 -0.734182 -1.44645 0.74421 1.26553 -1.58756 0.600793 -1.60603 -1.86894 2.05244 1.03296 -2.05261 -1.79037
1.42298 1.48982 2.2175 1.02075 -0.734182 -1.44645 0.74421 1.26553 -1.58756 0.600793 -1.60603 -1.86894 2.05244 1.03296 -2.05261 -1.79037
1.41814 1.48982 2.2175 1.02075 -0.734182 -1.44645 0.74421 1.26553 -1.58756 0.600793 -1.60603 -1.86894 2.05244 1.03296 -2.05261 -1.79037
1.4134 1.48982 2.2175 1.02075 -0.734182 -1.44645 0.74421 1.26553 -1.58756 0.600793 -1.60603 -1.86894 2.05244 1.03296 -2.05261 -1.79037
1.40859 1.48982 2.2175 1.02075 -0.734182 -1.44645 0.74421 1.26553 -1.58756 0.600793 -1.60603 -1.86894 2.05244 1.03296 -2.05261 -1.79037
1.40387 1.48982 2.2175 1.02075 -0.734182 -1.44645 0.74421 1.26553 -1.58756 0.600793 -1.60603 -1.86894 2.05244 1.03296 -2.05261 -1.79037
1.39915 1.48982 2.2175 1.02075 -0.734182 -1.44645 0.74421 1.26553 -1.58756 0.600793 -1.60603 -1.86894 2.05244 1.03296 -2.05261 -1.79037
1.39437 1.48982 2.2175 1.02075 -0.734182 -1.44645 0.74421 1.26553 -1.58756 0.600793 -1.60603 -1.86894 2.05244 1.03296 -2.05261 -1.79037
1.38957 1.48982 2.2175 1.02075 -0.734182 -1.44645 0.74421 1.26553 -1.58756 0.600793 -1.60603 -1.86894 2.05244 1.03296 -2.05261 -1.79037
1.38472 1.48982 2.2175 1.02075 -0.734182 -1.44645 0.74421 1.26553 -1.58756 0.600793 -1.60603 -1.86894 2.05244 1.03296 -2.05261 -1.79037
1.37991 1.48982 2.2175 1.02075 -0.734182 -1.44645 0.74421 1.26553 -1.58756 0.600793 -1.60603 -1.86894 2.05244 1.03296 -2.05261 -1.79037
1.375 1.48982 2.2175 1.02075 -0.734182 -1.44645 0.74421 1.26553 -1.58756 0.600793 -1.60603 -1.86894 2.05244 1.03296 -2.05261 -1.79037
1.3701 1.48982 2.2175 1.02075 -0.734182 -1.44645 0.74421 1.26553 -1.58756 0.600793 -1.60603 -1.86894 2.05244 1.03296 -2.05261 -1.79037
1.36517 1.48982 2.2175 1.02075 -0.734182 -1.44645 0.74421 1.26553 -1.58756 0.600793 -1.60603 -1.86894 2.05244 1.03296 -2.05261 -1.79037
1.3603 1.48982 2.2175 1.02075 -0.734182 -1.44645 0.74421 1.26553 -1.58756 0.600793 -1.60603 -1.86894 2.05244 1.03296 -2.05261 -1.79037
1.35533 1.48982 2.2175 1.02075 -0.734182 -1.44645 0.74421 1.26553 -1.58756 0.600793 -1.60603 -1.86894 2.05244 1.03296 -2.05261 -1.79037
1.35034 1.48982 2.2175 1.02075 -0.734182 -1.44645 0.74421 1.26553 -1.58756 0.600793 -1.60603 -1.86894 2.05244 1.03296 -2.05261 -1.79037
1.34534 1.48982 2.2175 1.02075 -0.734182 -1.44645 0.74421 1.26553 -1.58756 0.600793 -1.60603 -1.86894 2.05244 1.03296 -2.05261 -1.79037
1.34032 1.48982 2.2175 1.02075 -0.734182 -1.44645 0.74421 1.26553 -1.58756 0.600793 -1.60603 -1.86894 2.05244 1.03296 -2.05261 -1.79037
1.33526 1.48982 2.2175 1.02075 -0.734182 -1.44645 0.74421 1.26553 -1.58756 0.600793 -1.60603 -1.86894 2.05244 1.03296 -2.05261 -1.79037
1.33016 1.48982 2.2175 1.02075 -0.734182 -1.44645 0.74421 1.26553 -1.58756 0.600793 -1.60603 -1.86894 2.05244 1.03296 -2.05261 -1.79037
1.32487 1.48982 2.2175 1.02075 -0.734182 -1.44645 0.74421 1.26553 -1.58756 0.600793 -1.60603 -1.86894 2.05244 1.03296 -2.05261 -1.79037
1.31975 1.48982 2.2175 1.02075 -0.734182 -1.44645 0.74421 1.26553 -1.58756 0.600793 -1.60603 -1.86894 2.05244 1.03296 -2.05261 -1.79037
1.3145 1.48982 2.2175 1.02075 -0.734182 -1.44645 0.74421 1.26553 -1.58756 0.600793 -1.60603 -1.86894 2.05244 1.03296 -2.05261 -1.79037
1.30919 1.48982 2.2175 1.02075 -0.734182 -1.44645 0.74421 1.26553 -1.58756 0.600793 -1.60603 -1.86894 2.05244 1.03296 -2.05261 -1.79037
1.30386 1.48982 2.2175 1.02075 -0.734182 -1.44645 0.74421 1.26553 -1.58756 0.600793 -1.60603 -1.86894 2.05244 1.03296 -2.05261 -1.79037
1.29852 1.48982 2.2175 1.02075 -0.734182 -1.44645 0.74421 1.26553 -1.58756 0.600793 -1.60603 -1.86894 2.05244 1.03296 -2.05261 -1.79037
1.29331 1.48982 2.2175 1.02075 -0.734182 -1.44645 0.74421 1.26553 -1.58756 0.600793 -1.60603 -1.86894 2.05244 1.03296 -2.05261 -1.79037
1.2881 1.48982 2.2175 1.02075 -0.734182 -1.44645 0.74421 1.26553 -1.58756 0.600793 -1.60603 -1.86894 2.05244 1.03296 -2.05261 -1.79037
1.28281 1.48982 2.2175 1.02075 -0.734182 -1.44645 0.74421 1.26553 -1.58756 0.600793 -1.60603 -1.86894 2.05244 1.03296 -2.05261 -1.79037
1.27745 1.48982 2.2175 1.02075 -0.734182 -1.44645 0.74421 1.26553 -1.58756 0.600793 -1.60603 -1.86894 2.05244 1.03296 -2.05261 -1.79037
1.27183 1.48982 2.2175 1.02075 -0.734182 -1.44645 0.74421 1.26553 -1.58756 0.600793 -1.60603 -1.86894 2.05244 1.03296 -2.05261 -1.79037
1.2663 1.48982 2.2175 1.02075 -0.734182 -1.44645 0.74421 1.26553 -1.58756 0.600793 -1.60603 -1.86894 2.05244 1.03296 -2.05261 -1.79037
