14.998
15.009
15.019
15.03
15.04
15.051
15.061
15.071
15.082
15.094
15.114
15.135
15.156
15.176
15.197
15.218
15.238
15.259
15.28
15.3
15.339
15.378
15.417
15.457
15.496
15.535
15.574
15.612
15.65
15.689
15.728
15.766
15.805
15.845
15.891
15.93
15.971
16.01
16.049
16.088
16.129
16.167
16.206
16.244
16.283
16.321
16.36
16.399
16.438
16.478
16.516
16.555
16.594
16.633
16.672
23.576
23.586
23.597
23.607
23.618
23.628
23.639
23.649
23.66
23.671
23.692
23.713
23.733
23.754
23.793
23.831
23.87
23.909
23.947
23.986
24.024
24.063
24.103
24.142
24.181
24.22
24.258
24.296
24.335
24.374
24.414
24.453
24.491
24.53
24.569
24.607
24.646
24.684
24.722
24.761
24.799
24.837
24.875
24.914
24.953
24.992
25.03
25.069
25.108
25.15
25.189
25.229
25.269
25.308
25.346
25.385
25.424
25.462
25.5
25.539
25.577
25.616
25.654
25.693
25.732
25.77
25.809
25.847
25.886
25.925
25.964
26.003
26.043
26.082
26.122
26.162
26.202
26.241
26.279
26.317
26.357
26.398
26.436
26.478
