0
-0.0210563
-0.0421125
-0.0421125
-0.0421125
-0.0631688
-0.0631688
-0.0631688
-0.0631688
-0.0736969
-0.0736969
-0.0736969
-0.0631688
-0.0736969
-0.0736969
-0.0736969
-0.0736969
-0.0736969
-0.084225
-0.0736969
-0.084225
-0.084225
-0.084225
-0.0736969
-0.0736969
-0.0736969
-0.0631688
-0.0736969
-0.084225
-0.084225
-0.0736969
-0.084225
-0.084225
-0.084225
-0.084225
-0.084225
-0.0736969
-0.084225
-0.084225
-0.0736969
-0.084225
-0.084225
-0.0947531
-0.084225
-0.084225
-0.0947531
-0.084225
-0.084225
-0.0947531
-0.084225
-0.084225
-0.084225
-0.0947531
-0.084225
-0.084225
-0.0947531
-0.0947531
-0.0947531
-0.0947531
-0.0947531
-0.084225
-0.084225
-0.0947531
-0.0947531
-0.0947531
-0.084225
-0.105281
-0.0947531
-0.105281
-0.105281
-0.084225
-0.105281
-0.0947531
-0.0947531
-0.0947531
-0.0947531
-0.0947531
-0.105281
-0.115809
-0.105281
-0.105281
-0.0947531
-0.105281
-0.105281
0.084225
0.105281
0.126338
0.126338
0.126338
0.147394
0.084225
0.0736969
0.0631688
0.0631688
0.0631688
0.0631688
0.136866
0.200034
0.231619
0.242147
0.263203
0.242147
0.284259
0.273731
0.305316
0.326372
0.347428
0.379013
0.421125
0.431653
0.452709
0.463238
