2.74867 0.340016 -1.84928 0.676985 0.864902 1.87632 0.172964 -0.902878 -0.369695 -2.22122 0.929913 0.436022 1.90365 0.490561 -1.14214 -0.589059
2.74837 0.340016 -1.84928 0.676985 0.864902 1.87632 0.172964 -0.902878 -0.369695 -2.22122 0.929913 0.436022 1.90365 0.490561 -1.14214 -0.589059
2.74773 0.340016 -1.84928 0.676985 0.864902 1.87632 0.172964 -0.902878 -0.369695 -2.22122 0.929913 0.436022 1.90365 0.490561 -1.14214 -0.589059
2.74683 0.340016 -1.84928 0.676985 0.864902 1.87632 0.172964 -0.902878 -0.369695 -2.22122 0.929913 0.436022 1.90365 0.490561 -1.14214 -0.589059
2.74576 0.340016 -1.84928 0.676985 0.864902 1.87632 0.172964 -0.902878 -0.369695 -2.22122 0.929913 0.436022 1.90365 0.490561 -1.14214 -0.589059
2.74455 0.340016 -1.84928 0.676985 0.864902 1.87632 0.172964 -0.902878 -0.369695 -2.22122 0.929913 0.436022 1.90365 0.490561 -1.14214 -0.589059
2.7432 0.340016 -1.84928 0.676985 0.864902 1.87632 0.172964 -0.902878 -0.369695 -2.22122 0.929913 0.436022 1.90365 0.490561 -1.14214 -0.589059
2.74186 0.340016 -1.84928 0.676985 0.864902 1.87632 0.172964 -0.902878 -0.369695 -2.22122 0.929913 0.436022 1.90365 0.490561 -1.14214 -0.589059
2.74051 0.340016 -1.84928 0.676985 0.864902 1.87632 0.172964 -0.902878 -0.369695 -2.22122 0.929913 0.436022 1.90365 0.490561 -1.14214 -0.589059
2.73908 0.340016 -1.84928 0.676985 0.864902 1.87632 0.172964 -0.902878 -0.369695 -2.22122 0.929913 0.436022 1.90365 0.490561 -1.14214 -0.589059
2.73757 0.340016 -1.84928 0.676985 0.864902 1.87632 0.172964 -0.902878 -0.369695 -2.22122 0.929913 0.436022 1.90365 0.490561 -1.14214 -0.589059
2.7361 0.340016 -1.84928 0.676985 0.864902 1.87632 0.172964 -0.902878 -0.369695 -2.22122 0.929913 0.436022 1.90365 0.490561 -1.14214 -0.589059
2.73459 0.340016 -1.84928 0.676985 0.864902 1.87632 0.172964 -0.902878 -0.369695 -2.22122 0.929913 0.436022 1.90365 0.490561 -1.14214 -0.589059
2.7331 0.340016 -1.84928 0.676985 0.864902 1.87632 0.172964 -0.902878 -0.369695 -2.22122 0.929913 0.436022 1.90365 0.490561 -1.14214 -0.589059
2.73161 0.340016 -1.84928 0.676985 0.864902 1.87632 0.172964 -0.902878 -0.369695 -2.22122 0.929913 0.436022 1.90365 0.490561 -1.14214 -0.589059
2.73008 0.340016 -1.84928 0.676985 0.864902 1.87632 0.172964 -0.902878 -0.369695 -2.22122 0.929913 0.436022 1.90365 0.490561 -1.14214 -0.589059
2.72855 0.340016 -1.84928 0.676985 0.864902 1.87632 0.172964 -0.902878 -0.369695 -2.22122 0.929913 0.436022 1.90365 0.490561 -1.14214 -0.589059
2.72696 0.340016 -1.84928 0.676985 0.864902 1.87632 0.172964 -0.902878 -0.369695 -2.22122 0.929913 0.436022 1.90365 0.490561 -1.14214 -0.589059
2.72531 0.340016 -1.84928 0.676985 0.864902 1.87632 0.172964 -0.902878 -0.369695 -2.22122 0.929913 0.436022 1.90365 0.490561 -1.14214 -0.589059
2.72368 0.340016 -1.84928 0.676985 0.864902 1.87632 0.172964 -0.902878 -0.369695 -2.22122 0.929913 0.436022 1.90365 0.490561 -1.14214 -0.589059
2.72063 0.340016 -1.84928 0.676985 0.864902 1.87632 0.172964 -0.902878 -0.369695 -2.22122 0.929913 0.436022 1.90365 0.490561 -1.14214 -0.589059
2.71758 0.340016 -1.84928 0.676985 0.864902 1.87632 0.172964 -0.902878 -0.369695 -2.22122 0.929913 0.436022 1.90365 0.490561 -1.14214 -0.589059
2.71452 0.340016 -1.84928 0.676985 0.864902 1.87632 0.172964 -0.902878 -0.369695 -2.22122 0.929913 0.436022 1.90365 0.490561 -1.14214 -0.589059
2.71156 0.340016 -1.84928 0.676985 0.864902 1.87632 0.172964 -0.902878 -0.369695 -2.22122 0.929913 0.436022 1.90365 0.490561 -1.14214 -0.589059
2.70859 0.340016 -1.84928 0.676985 0.864902 1.87632 0.172964 -0.902878 -0.369695 -2.22122 0.929913 0.436022 1.90365 0.490561 -1.14214 -0.589059
2.70558 0.340016 -1.84928 0.676985 0.864902 1.87632 0.172964 -0.902878 -0.369695 -2.22122 0.929913 0.436022 1.90365 0.490561 -1.14214 -0.589059
2.70253 0.340016 -1.84928 0.676985 0.864902 1.87632 0.172964 -0.902878 -0.369695 -2.22122 0.929913 0.436022 1.90365 0.490561 -1.14214 -0.589059
2.69955 0.340016 -1.84928 0.676985 0.864902 1.87632 0.172964 -0.902878 -0.369695 -2.22122 0.929913 0.436022 1.90365 0.490561 -1.14214 -0.589059
2.69653 0.340016 -1.84928 0.676985 0.864902 1.87632 0.172964 -0.902878 -0.369695 -2.22122 0.929913 0.436022 1.90365 0.490561 -1.14214 -0.589059
2.69342 0.340016 -1.84928 0.676985 0.864902 1.87632 0.172964 -0.902878 -0.369695 -2.22122 0.929913 0.436022 1.90365 0.490561 -1.14214 -0.589059
2.69034 0.340016 -1.84928 0.676985 0.864902 1.87632 0.172964 -0.902878 -0.369695 -2.22122 0.929913 0.436022 1.90365 0.490561 -1.14214 -0.589059
2.68719 0.340016 -1.84928 0.676985 0.864902 1.87632 0.172964 -0.902878 -0.369695 -2.22122 0.929913 0.436022 1.90365 0.490561 -1.14214 -0.589059
2.68407 0.340016 -1.84928 0.676985 0.864902 1.87632 0.172964 -0.902878 -0.369695 -2.22122 0.929913 0.436022 1.90365 0.490561 -1.14214 -0.589059
2.68095 0.340016 -1.84928 0.676985 0.864902 1.87632 0.172964 -0.902878 -0.369695 -2.22122 0.929913 0.436022 1.90365 0.490561 -1.14214 -0.589059
2.6778 0.340016 -1.84928 0.676985 0.864902 1.87632 0.172964 -0.902878 -0.369695 -2.22122 0.929913 0.436022 1.90365 0.490561 -1.14214 -0.589059
2.67465 0.340016 -1.84928 0.676985 0.864902 1.87632 0.172964 -0.902878 -0.369695 -2.22122 0.929913 0.436022 1.90365 0.490561 -1.14214 -0.589059
2.67137 0.340016 -1.84928 0.676985 0.864902 1.87632 0.172964 -0.902878 -0.369695 -2.22122 0.929913 0.436022 1.90365 0.490561 -1.14214 -0.589059
2.66806 0.340016 -1.84928 0.676985 0.864902 1.87632 0.172964 -0.902878 -0.369695 -2.22122 0.929913 0.436022 1.90365 0.490561 -1.14214 -0.589059
2.66478 0.340016 -1.84928 0.676985 0.864902 1.87632 0.172964 -0.902878 -0.369695 -2.22122 0.929913 0.436022 1.90365 0.490561 -1.14214 -0.589059
2.66144 0.340016 -1.84928 0.676985 0.864902 1.87632 0.172964 -0.902878 -0.369695 -2.22122 0.929913 0.436022 1.90365 0.490561 -1.14214 -0.589059
2.65825 0.340016 -1.84928 0.676985 0.864902 1.87632 0.172964 -0.902878 -0.369695 -2.22122 0.929913 0.436022 1.90365 0.490561 -1.14214 -0.589059
2.655 0.340016 -1.84928 0.676985 0.864902 1.87632 0.172964 -0.902878 -0.369695 -2.22122 0.929913 0.436022 1.90365 0.490561 -1.14214 -0.589059
2.65175 0.340016 -1.84928 0.676985 0.864902 1.87632 0.172964 -0.902878 -0.369695 -2.22122 0.929913 0.436022 1.90365 0.490561 -1.14214 -0.589059
2.64852 0.340016 -1.84928 0.676985 0.864902 1.87632 0.172964 -0.902878 -0.369695 -2.22122 0.929913 0.436022 1.90365 0.490561 -1.14214 -0.589059
2.64517 0.340016 -1.84928 0.676985 0.864902 1.87632 0.172964 -0.902878 -0.369695 -2.22122 0.929913 0.436022 1.90365 0.490561 -1.14214 -0.589059
2.64189 0.340016 -1.84928 0.676985 0.864902 1.87632 0.172964 -0.902878 -0.369695 -2.22122 0.929913 0.436022 1.90365 0.490561 -1.14214 -0.589059
2.63858 0.340016 -1.84928 0.676985 0.864902 1.87632 0.172964 -0.902878 -0.369695 -2.22122 0.929913 0.436022 1.90365 0.490561 -1.14214 -0.589059
2.63529 0.340016 -1.84928 0.676985 0.864902 1.87632 0.172964 -0.902878 -0.369695 -2.22122 0.929913 0.436022 1.90365 0.490561 -1.14214 -0.589059
2.63192 0.340016 -1.84928 0.676985 0.864902 1.87632 0.172964 -0.902878 -0.369695 -2.22122 0.929913 0.436022 1.90365 0.490561 -1.14214 -0.589059
2.62849 0.340016 -1.84928 0.676985 0.864902 1.87632 0.172964 -0.902878 -0.369695 -2.22122 0.929913 0.436022 1.90365 0.490561 -1.14214 -0.589059
2.62501 0.340016 -1.84928 0.676985 0.864902 1.87632 0.172964 -0.902878 -0.369695 -2.22122 0.929913 0.436022 1.90365 0.490561 -1.14214 -0.589059
2.62164 0.340016 -1.84928 0.676985 0.864902 1.87632 0.172964 -0.902878 -0.369695 -2.22122 0.929913 0.436022 1.90365 0.490561 -1.14214 -0.589059
2.61826 0.340016 -1.84928 0.676985 0.864902 1.87632 0.172964 -0.902878 -0.369695 -2.22122 0.929913 0.436022 1.90365 0.490561 -1.14214 -0.589059
2.61487 0.340016 -1.84928 0.676985 0.864902 1.87632 0.172964 -0.902878 -0.369695 -2.22122 0.929913 0.436022 1.90365 0.490561 -1.14214 -0.589059
2.61136 0.340016 -1.84928 0.676985 0.864902 1.87632 0.172964 -0.902878 -0.369695 -2.22122 0.929913 0.436022 1.90365 0.490561 -1.14214 -0.589059
2.60791 0.340016 -1.84928 0.676985 0.864902 1.87632 0.172964 -0.902878 -0.369695 -2.22122 0.929913 0.436022 1.90365 0.490561 -1.14214 -0.589059
2.60443 0.340016 -1.84928 0.676985 0.864902 1.87632 0.172964 -0.902878 -0.369695 -2.22122 0.929913 0.436022 1.90365 0.490561 -1.14214 -0.589059
2.60095 0.340016 -1.84928 0.676985 0.864902 1.87632 0.172964 -0.902878 -0.369695 -2.22122 0.929913 0.436022 1.90365 0.490561 -1.14214 -0.589059
2.59745 0.340016 -1.84928 0.676985 0.864902 1.87632 0.172964 -0.902878 -0.369695 -2.22122 0.929913 0.436022 1.90365 0.490561 -1.14214 -0.589059
2.59386 0.340016 -1.84928 0.676985 0.864902 1.87632 0.172964 -0.902878 -0.369695 -2.22122 0.929913 0.436022 1.90365 0.490561 -1.14214 -0.589059
2.59034 0.340016 -1.84928 0.676985 0.864902 1.87632 0.172964 -0.902878 -0.369695 -2.22122 0.929913 0.436022 1.90365 0.490561 -1.14214 -0.589059
2.58676 0.340016 -1.84928 0.676985 0.864902 1.87632 0.172964 -0.902878 -0.369695 -2.22122 0.929913 0.436022 1.90365 0.490561 -1.14214 -0.589059
2.58319 0.340016 -1.84928 0.676985 0.864902 1.87632 0.172964 -0.902878 -0.369695 -2.22122 0.929913 0.436022 1.90365 0.490561 -1.14214 -0.589059
2.57949 0.340016 -1.84928 0.676985 0.864902 1.87632 0.172964 -0.902878 -0.369695 -2.22122 0.929913 0.436022 1.90365 0.490561 -1.14214 -0.589059
2.57565 0.340016 -1.84928 0.676985 0.864902 1.87632 0.172964 -0.902878 -0.369695 -2.22122 0.929913 0.436022 1.90365 0.490561 -1.14214 -0.589059
2.57191 0.340016 -1.84928 0.676985 0.864902 1.87632 0.172964 -0.902878 -0.369695 -2.22122 0.929913 0.436022 1.90365 0.490561 -1.14214 -0.589059
2.56799 0.340016 -1.84928 0.676985 0.864902 1.87632 0.172964 -0.902878 -0.369695 -2.22122 0.929913 0.436022 1.90365 0.490561 -1.14214 -0.589059
2.56434 0.340016 -1.84928 0.676985 0.864902 1.87632 0.172964 -0.902878 -0.369695 -2.22122 0.929913 0.436022 1.90365 0.490561 -1.14214 -0.589059
2.56061 0.340016 -1.84928 0.676985 0.864902 1.87632 0.172964 -0.902878 -0.369695 -2.22122 0.929913 0.436022 1.90365 0.490561 -1.14214 -0.589059
2.55692 0.340016 -1.84928 0.676985 0.864902 1.87632 0.172964 -0.902878 -0.369695 -2.22122 0.929913 0.436022 1.90365 0.490561 -1.14214 -0.589059
2.55324 0.340016 -1.84928 0.676985 0.864902 1.87632 0.172964 -0.902878 -0.369695 -2.22122 0.929913 0.436022 1.90365 0.490561 -1.14214 -0.589059
2.54951 0.340016 -1.84928 0.676985 0.864902 1.87632 0.172964 -0.902878 -0.369695 -2.22122 0.929913 0.436022 1.90365 0.490561 -1.14214 -0.589059
2.54559 0.340016 -1.84928 0.676985 0.864902 1.87632 0.172964 -0.902878 -0.369695 -2.22122 0.929913 0.436022 1.90365 0.490561 -1.14214 -0.589059
2.54183 0.340016 -1.84928 0.676985 0.864902 1.87632 0.172964 -0.902878 -0.369695 -2.22122 0.929913 0.436022 1.90365 0.490561 -1.14214 -0.589059
2.53804 0.340016 -1.84928 0.676985 0.864902 1.87632 0.172964 -0.902878 -0.369695 -2.22122 0.929913 0.436022 1.90365 0.490561 -1.14214 -0.589059
2.53426 0.340016 -1.84928 0.676985 0.864902 1.87632 0.172964 -0.902878 -0.369695 -2.22122 0.929913 0.436022 1.90365 0.490561 -1.14214 -0.589059
2.53038 0.340016 -1.84928 0.676985 0.864902 1.87632 0.172964 -0.902878 -0.369695 -2.22122 0.929913 0.436022 1.90365 0.490561 -1.14214 -0.589059
2.5265 0.340016 -1.84928 0.676985 0.864902 1.87632 0.172964 -0.902878 -0.369695 -2.22122 0.929913 0.436022 1.90365 0.490561 -1.14214 -0.589059
2.52263 0.340016 -1.84928 0.676985 0.864902 1.87632 0.172964 -0.902878 -0.369695 -2.22122 0.929913 0.436022 1.90365 0.490561 -1.14214 -0.589059
2.51874 0.340016 -1.84928 0.676985 0.864902 1.87632 0.172964 -0.902878 -0.369695 -2.22122 0.929913 0.436022 1.90365 0.490561 -1.14214 -0.589059
2.5149 0.340016 -1.84928 0.676985 0.864902 1.87632 0.172964 -0.902878 -0.369695 -2.22122 0.929913 0.436022 1.90365 0.490561 -1.14214 -0.589059
2.51105 0.340016 -1.84928 0.676985 0.864902 1.87632 0.172964 -0.902878 -0.369695 -2.22122 0.929913 0.436022 1.90365 0.490561 -1.14214 -0.589059
2.507 0.340016 -1.84928 0.676985 0.864902 1.87632 0.172964 -0.902878 -0.369695 -2.22122 0.929913 0.436022 1.90365 0.490561 -1.14214 -0.589059
2.50295 0.340016 -1.84928 0.676985 0.864902 1.87632 0.172964 -0.902878 -0.369695 -2.22122 0.929913 0.436022 1.90365 0.490561 -1.14214 -0.589059
2.48795 0.340016 -1.84928 0.676985 0.864902 1.87632 0.172964 -0.902878 -0.369695 -2.22122 0.929913 0.436022 1.90365 0.490561 -1.14214 -0.589059
2.4899 0.340016 -1.84928 0.676985 0.864902 1.87632 0.172964 -0.902878 -0.369695 -2.22122 0.929913 0.436022 1.90365 0.490561 -1.14214 -0.589059
2.49229 0.340016 -1.84928 0.676985 0.864902 1.87632 0.172964 -0.902878 -0.369695 -2.22122 0.929913 0.436022 1.90365 0.490561 -1.14214 -0.589059
2.49508 0.340016 -1.84928 0.676985 0.864902 1.87632 0.172964 -0.902878 -0.369695 -2.22122 0.929913 0.436022 1.90365 0.490561 -1.14214 -0.589059
2.49805 0.340016 -1.84928 0.676985 0.864902 1.87632 0.172964 -0.902878 -0.369695 -2.22122 0.929913 0.436022 1.90365 0.490561 -1.14214 -0.589059
2.50134 0.340016 -1.84928 0.676985 0.864902 1.87632 0.172964 -0.902878 -0.369695 -2.22122 0.929913 0.436022 1.90365 0.490561 -1.14214 -0.589059
2.50381 0.340016 -1.84928 0.676985 0.864902 1.87632 0.172964 -0.902878 -0.369695 -2.22122 0.929913 0.436022 1.90365 0.490561 -1.14214 -0.589059
2.50542 0.340016 -1.84928 0.676985 0.864902 1.87632 0.172964 -0.902878 -0.369695 -2.22122 0.929913 0.436022 1.90365 0.490561 -1.14214 -0.589059
2.50678 0.340016 -1.84928 0.676985 0.864902 1.87632 0.172964 -0.902878 -0.369695 -2.22122 0.929913 0.436022 1.90365 0.490561 -1.14214 -0.589059
2.50804 0.340016 -1.84928 0.676985 0.864902 1.87632 0.172964 -0.902878 -0.369695 -2.22122 0.929913 0.436022 1.90365 0.490561 -1.14214 -0.589059
2.51041 0.340016 -1.84928 0.676985 0.864902 1.87632 0.172964 -0.902878 -0.369695 -2.22122 0.929913 0.436022 1.90365 0.490561 -1.14214 -0.589059
2.5128 0.340016 -1.84928 0.676985 0.864902 1.87632 0.172964 -0.902878 -0.369695 -2.22122 0.929913 0.436022 1.90365 0.490561 -1.14214 -0.589059
2.5173 0.340016 -1.84928 0.676985 0.864902 1.87632 0.172964 -0.902878 -0.369695 -2.22122 0.929913 0.436022 1.90365 0.490561 -1.14214 -0.589059
2.5243 0.340016 -1.84928 0.676985 0.864902 1.87632 0.172964 -0.902878 -0.369695 -2.22122 0.929913 0.436022 1.90365 0.490561 -1.14214 -0.589059
2.53254 0.340016 -1.84928 0.676985 0.864902 1.87632 0.172964 -0.902878 -0.369695 -2.22122 0.929913 0.436022 1.90365 0.490561 -1.14214 -0.589059
2.54258 0.340016 -1.84928 0.676985 0.864902 1.87632 0.172964 -0.902878 -0.369695 -2.22122 0.929913 0.436022 1.90365 0.490561 -1.14214 -0.589059
2.55288 0.340016 -1.84928 0.676985 0.864902 1.87632 0.172964 -0.902878 -0.369695 -2.22122 0.929913 0.436022 1.90365 0.490561 -1.14214 -0.589059
2.56289 0.340016 -1.84928 0.676985 0.864902 1.87632 0.172964 -0.902878 -0.369695 -2.22122 0.929913 0.436022 1.90365 0.490561 -1.14214 -0.589059
2.57358 0.340016 -1.84928 0.676985 0.864902 1.87632 0.172964 -0.902878 -0.369695 -2.22122 0.929913 0.436022 1.90365 0.490561 -1.14214 -0.589059
2.58434 0.340016 -1.84928 0.676985 0.864902 1.87632 0.172964 -0.902878 -0.369695 -2.22122 0.929913 0.436022 1.90365 0.490561 -1.14214 -0.589059
2.59571 0.340016 -1.84928 0.676985 0.864902 1.87632 0.172964 -0.902878 -0.369695 -2.22122 0.929913 0.436022 1.90365 0.490561 -1.14214 -0.589059
2.60777 0.340016 -1.84928 0.676985 0.864902 1.87632 0.172964 -0.902878 -0.369695 -2.22122 0.929913 0.436022 1.90365 0.490561 -1.14214 -0.589059
2.62082 0.340016 -1.84928 0.676985 0.864902 1.87632 0.172964 -0.902878 -0.369695 -2.22122 0.929913 0.436022 1.90365 0.490561 -1.14214 -0.589059
2.63497 0.340016 -1.84928 0.676985 0.864902 1.87632 0.172964 -0.902878 -0.369695 -2.22122 0.929913 0.436022 1.90365 0.490561 -1.14214 -0.589059
2.65047 0.340016 -1.84928 0.676985 0.864902 1.87632 0.172964 -0.902878 -0.369695 -2.22122 0.929913 0.436022 1.90365 0.490561 -1.14214 -0.589059
2.66659 0.340016 -1.84928 0.676985 0.864902 1.87632 0.172964 -0.902878 -0.369695 -2.22122 0.929913 0.436022 1.90365 0.490561 -1.14214 -0.589059
2.68344 0.340016 -1.84928 0.676985 0.864902 1.87632 0.172964 -0.902878 -0.369695 -2.22122 0.929913 0.436022 1.90365 0.490561 -1.14214 -0.589059
2.70127 0.340016 -1.84928 0.676985 0.864902 1.87632 0.172964 -0.902878 -0.369695 -2.22122 0.929913 0.436022 1.90365 0.490561 -1.14214 -0.589059
