7.985
7.996
8.006
8.016
8.027
8.037
8.048
8.058
8.068
8.08
8.101
8.121
8.143
8.163
8.184
8.205
8.225
8.245
8.266
8.287
8.325
8.364
8.403
8.441
8.48
8.518
8.558
8.596
8.636
8.675
8.714
8.752
8.79
8.828
8.866
8.906
8.947
8.986
9.027
9.065
9.104
9.143
9.181
9.219
9.258
9.296
9.335
9.373
9.412
9.451
9.491
9.529
9.568
9.606
9.645
9.683
9.722
9.76
9.799
9.838
9.876
9.914
9.953
9.994
10.035
10.076
10.114
10.153
10.192
10.23
10.269
10.308
10.347
10.386
10.424
10.463
10.503
10.541
10.58
10.618
10.656
10.695
10.734
10.776
11.746
11.757
11.768
11.779
11.789
11.8
11.811
11.822
11.833
11.846
11.885
11.924
11.962
12.001
12.043
12.082
12.123
12.163
12.202
12.241
12.28
12.319
12.357
12.396
12.434
12.473
12.511
12.55
