1.39717 -0.721045 1.59441 -1.5148 -1.33222 1.08827 3.05676 0.927396 -1.57217 -0.598229 1.32425 1.40513 -1.73759 -0.869424 -1.85117 1.56054
1.39802 -0.721045 1.59441 -1.5148 -1.33222 1.08827 3.05676 0.927396 -1.57217 -0.598229 1.32425 1.40513 -1.73759 -0.869424 -1.85117 1.56054
1.3989 -0.721045 1.59441 -1.5148 -1.33222 1.08827 3.05676 0.927396 -1.57217 -0.598229 1.32425 1.40513 -1.73759 -0.869424 -1.85117 1.56054
1.3998 -0.721045 1.59441 -1.5148 -1.33222 1.08827 3.05676 0.927396 -1.57217 -0.598229 1.32425 1.40513 -1.73759 -0.869424 -1.85117 1.56054
1.40078 -0.721045 1.59441 -1.5148 -1.33222 1.08827 3.05676 0.927396 -1.57217 -0.598229 1.32425 1.40513 -1.73759 -0.869424 -1.85117 1.56054
1.40177 -0.721045 1.59441 -1.5148 -1.33222 1.08827 3.05676 0.927396 -1.57217 -0.598229 1.32425 1.40513 -1.73759 -0.869424 -1.85117 1.56054
1.40286 -0.721045 1.59441 -1.5148 -1.33222 1.08827 3.05676 0.927396 -1.57217 -0.598229 1.32425 1.40513 -1.73759 -0.869424 -1.85117 1.56054
1.40405 -0.721045 1.59441 -1.5148 -1.33222 1.08827 3.05676 0.927396 -1.57217 -0.598229 1.32425 1.40513 -1.73759 -0.869424 -1.85117 1.56054
1.4054 -0.721045 1.59441 -1.5148 -1.33222 1.08827 3.05676 0.927396 -1.57217 -0.598229 1.32425 1.40513 -1.73759 -0.869424 -1.85117 1.56054
1.40688 -0.721045 1.59441 -1.5148 -1.33222 1.08827 3.05676 0.927396 -1.57217 -0.598229 1.32425 1.40513 -1.73759 -0.869424 -1.85117 1.56054
1.40847 -0.721045 1.59441 -1.5148 -1.33222 1.08827 3.05676 0.927396 -1.57217 -0.598229 1.32425 1.40513 -1.73759 -0.869424 -1.85117 1.56054
1.41018 -0.721045 1.59441 -1.5148 -1.33222 1.08827 3.05676 0.927396 -1.57217 -0.598229 1.32425 1.40513 -1.73759 -0.869424 -1.85117 1.56054
1.41193 -0.721045 1.59441 -1.5148 -1.33222 1.08827 3.05676 0.927396 -1.57217 -0.598229 1.32425 1.40513 -1.73759 -0.869424 -1.85117 1.56054
1.41375 -0.721045 1.59441 -1.5148 -1.33222 1.08827 3.05676 0.927396 -1.57217 -0.598229 1.32425 1.40513 -1.73759 -0.869424 -1.85117 1.56054
1.41563 -0.721045 1.59441 -1.5148 -1.33222 1.08827 3.05676 0.927396 -1.57217 -0.598229 1.32425 1.40513 -1.73759 -0.869424 -1.85117 1.56054
1.41749 -0.721045 1.59441 -1.5148 -1.33222 1.08827 3.05676 0.927396 -1.57217 -0.598229 1.32425 1.40513 -1.73759 -0.869424 -1.85117 1.56054
1.41937 -0.721045 1.59441 -1.5148 -1.33222 1.08827 3.05676 0.927396 -1.57217 -0.598229 1.32425 1.40513 -1.73759 -0.869424 -1.85117 1.56054
1.42138 -0.721045 1.59441 -1.5148 -1.33222 1.08827 3.05676 0.927396 -1.57217 -0.598229 1.32425 1.40513 -1.73759 -0.869424 -1.85117 1.56054
1.42343 -0.721045 1.59441 -1.5148 -1.33222 1.08827 3.05676 0.927396 -1.57217 -0.598229 1.32425 1.40513 -1.73759 -0.869424 -1.85117 1.56054
1.42746 -0.721045 1.59441 -1.5148 -1.33222 1.08827 3.05676 0.927396 -1.57217 -0.598229 1.32425 1.40513 -1.73759 -0.869424 -1.85117 1.56054
1.43146 -0.721045 1.59441 -1.5148 -1.33222 1.08827 3.05676 0.927396 -1.57217 -0.598229 1.32425 1.40513 -1.73759 -0.869424 -1.85117 1.56054
1.43547 -0.721045 1.59441 -1.5148 -1.33222 1.08827 3.05676 0.927396 -1.57217 -0.598229 1.32425 1.40513 -1.73759 -0.869424 -1.85117 1.56054
1.43957 -0.721045 1.59441 -1.5148 -1.33222 1.08827 3.05676 0.927396 -1.57217 -0.598229 1.32425 1.40513 -1.73759 -0.869424 -1.85117 1.56054
1.44404 -0.721045 1.59441 -1.5148 -1.33222 1.08827 3.05676 0.927396 -1.57217 -0.598229 1.32425 1.40513 -1.73759 -0.869424 -1.85117 1.56054
1.44879 -0.721045 1.59441 -1.5148 -1.33222 1.08827 3.05676 0.927396 -1.57217 -0.598229 1.32425 1.40513 -1.73759 -0.869424 -1.85117 1.56054
1.45354 -0.721045 1.59441 -1.5148 -1.33222 1.08827 3.05676 0.927396 -1.57217 -0.598229 1.32425 1.40513 -1.73759 -0.869424 -1.85117 1.56054
1.45853 -0.721045 1.59441 -1.5148 -1.33222 1.08827 3.05676 0.927396 -1.57217 -0.598229 1.32425 1.40513 -1.73759 -0.869424 -1.85117 1.56054
1.46362 -0.721045 1.59441 -1.5148 -1.33222 1.08827 3.05676 0.927396 -1.57217 -0.598229 1.32425 1.40513 -1.73759 -0.869424 -1.85117 1.56054
1.46901 -0.721045 1.59441 -1.5148 -1.33222 1.08827 3.05676 0.927396 -1.57217 -0.598229 1.32425 1.40513 -1.73759 -0.869424 -1.85117 1.56054
1.47437 -0.721045 1.59441 -1.5148 -1.33222 1.08827 3.05676 0.927396 -1.57217 -0.598229 1.32425 1.40513 -1.73759 -0.869424 -1.85117 1.56054
1.47992 -0.721045 1.59441 -1.5148 -1.33222 1.08827 3.05676 0.927396 -1.57217 -0.598229 1.32425 1.40513 -1.73759 -0.869424 -1.85117 1.56054
1.4857 -0.721045 1.59441 -1.5148 -1.33222 1.08827 3.05676 0.927396 -1.57217 -0.598229 1.32425 1.40513 -1.73759 -0.869424 -1.85117 1.56054
1.49162 -0.721045 1.59441 -1.5148 -1.33222 1.08827 3.05676 0.927396 -1.57217 -0.598229 1.32425 1.40513 -1.73759 -0.869424 -1.85117 1.56054
1.49776 -0.721045 1.59441 -1.5148 -1.33222 1.08827 3.05676 0.927396 -1.57217 -0.598229 1.32425 1.40513 -1.73759 -0.869424 -1.85117 1.56054
1.50411 -0.721045 1.59441 -1.5148 -1.33222 1.08827 3.05676 0.927396 -1.57217 -0.598229 1.32425 1.40513 -1.73759 -0.869424 -1.85117 1.56054
1.51076 -0.721045 1.59441 -1.5148 -1.33222 1.08827 3.05676 0.927396 -1.57217 -0.598229 1.32425 1.40513 -1.73759 -0.869424 -1.85117 1.56054
1.51775 -0.721045 1.59441 -1.5148 -1.33222 1.08827 3.05676 0.927396 -1.57217 -0.598229 1.32425 1.40513 -1.73759 -0.869424 -1.85117 1.56054
1.52506 -0.721045 1.59441 -1.5148 -1.33222 1.08827 3.05676 0.927396 -1.57217 -0.598229 1.32425 1.40513 -1.73759 -0.869424 -1.85117 1.56054
1.53288 -0.721045 1.59441 -1.5148 -1.33222 1.08827 3.05676 0.927396 -1.57217 -0.598229 1.32425 1.40513 -1.73759 -0.869424 -1.85117 1.56054
1.54059 -0.721045 1.59441 -1.5148 -1.33222 1.08827 3.05676 0.927396 -1.57217 -0.598229 1.32425 1.40513 -1.73759 -0.869424 -1.85117 1.56054
1.54844 -0.721045 1.59441 -1.5148 -1.33222 1.08827 3.05676 0.927396 -1.57217 -0.598229 1.32425 1.40513 -1.73759 -0.869424 -1.85117 1.56054
1.55648 -0.721045 1.59441 -1.5148 -1.33222 1.08827 3.05676 0.927396 -1.57217 -0.598229 1.32425 1.40513 -1.73759 -0.869424 -1.85117 1.56054
1.56481 -0.721045 1.59441 -1.5148 -1.33222 1.08827 3.05676 0.927396 -1.57217 -0.598229 1.32425 1.40513 -1.73759 -0.869424 -1.85117 1.56054
1.57331 -0.721045 1.59441 -1.5148 -1.33222 1.08827 3.05676 0.927396 -1.57217 -0.598229 1.32425 1.40513 -1.73759 -0.869424 -1.85117 1.56054
1.58227 -0.721045 1.59441 -1.5148 -1.33222 1.08827 3.05676 0.927396 -1.57217 -0.598229 1.32425 1.40513 -1.73759 -0.869424 -1.85117 1.56054
1.58568 -0.721045 1.59441 -1.5148 -1.33222 1.08827 3.05676 0.927396 -1.57217 -0.598229 1.32425 1.40513 -1.73759 -0.869424 -1.85117 1.56054
1.58427 -0.721045 1.59441 -1.5148 -1.33222 1.08827 3.05676 0.927396 -1.57217 -0.598229 1.32425 1.40513 -1.73759 -0.869424 -1.85117 1.56054
1.5828 -0.721045 1.59441 -1.5148 -1.33222 1.08827 3.05676 0.927396 -1.57217 -0.598229 1.32425 1.40513 -1.73759 -0.869424 -1.85117 1.56054
1.58155 -0.721045 1.59441 -1.5148 -1.33222 1.08827 3.05676 0.927396 -1.57217 -0.598229 1.32425 1.40513 -1.73759 -0.869424 -1.85117 1.56054
1.58025 -0.721045 1.59441 -1.5148 -1.33222 1.08827 3.05676 0.927396 -1.57217 -0.598229 1.32425 1.40513 -1.73759 -0.869424 -1.85117 1.56054
1.57878 -0.721045 1.59441 -1.5148 -1.33222 1.08827 3.05676 0.927396 -1.57217 -0.598229 1.32425 1.40513 -1.73759 -0.869424 -1.85117 1.56054
1.57694 -0.721045 1.59441 -1.5148 -1.33222 1.08827 3.05676 0.927396 -1.57217 -0.598229 1.32425 1.40513 -1.73759 -0.869424 -1.85117 1.56054
1.57488 -0.721045 1.59441 -1.5148 -1.33222 1.08827 3.05676 0.927396 -1.57217 -0.598229 1.32425 1.40513 -1.73759 -0.869424 -1.85117 1.56054
1.57268 -0.721045 1.59441 -1.5148 -1.33222 1.08827 3.05676 0.927396 -1.57217 -0.598229 1.32425 1.40513 -1.73759 -0.869424 -1.85117 1.56054
1.57045 -0.721045 1.59441 -1.5148 -1.33222 1.08827 3.05676 0.927396 -1.57217 -0.598229 1.32425 1.40513 -1.73759 -0.869424 -1.85117 1.56054
1.56633 -0.721045 1.59441 -1.5148 -1.33222 1.08827 3.05676 0.927396 -1.57217 -0.598229 1.32425 1.40513 -1.73759 -0.869424 -1.85117 1.56054
1.56217 -0.721045 1.59441 -1.5148 -1.33222 1.08827 3.05676 0.927396 -1.57217 -0.598229 1.32425 1.40513 -1.73759 -0.869424 -1.85117 1.56054
1.55805 -0.721045 1.59441 -1.5148 -1.33222 1.08827 3.05676 0.927396 -1.57217 -0.598229 1.32425 1.40513 -1.73759 -0.869424 -1.85117 1.56054
1.55394 -0.721045 1.59441 -1.5148 -1.33222 1.08827 3.05676 0.927396 -1.57217 -0.598229 1.32425 1.40513 -1.73759 -0.869424 -1.85117 1.56054
1.54976 -0.721045 1.59441 -1.5148 -1.33222 1.08827 3.05676 0.927396 -1.57217 -0.598229 1.32425 1.40513 -1.73759 -0.869424 -1.85117 1.56054
1.54556 -0.721045 1.59441 -1.5148 -1.33222 1.08827 3.05676 0.927396 -1.57217 -0.598229 1.32425 1.40513 -1.73759 -0.869424 -1.85117 1.56054
1.54145 -0.721045 1.59441 -1.5148 -1.33222 1.08827 3.05676 0.927396 -1.57217 -0.598229 1.32425 1.40513 -1.73759 -0.869424 -1.85117 1.56054
1.53725 -0.721045 1.59441 -1.5148 -1.33222 1.08827 3.05676 0.927396 -1.57217 -0.598229 1.32425 1.40513 -1.73759 -0.869424 -1.85117 1.56054
1.53309 -0.721045 1.59441 -1.5148 -1.33222 1.08827 3.05676 0.927396 -1.57217 -0.598229 1.32425 1.40513 -1.73759 -0.869424 -1.85117 1.56054
1.52887 -0.721045 1.59441 -1.5148 -1.33222 1.08827 3.05676 0.927396 -1.57217 -0.598229 1.32425 1.40513 -1.73759 -0.869424 -1.85117 1.56054
1.52453 -0.721045 1.59441 -1.5148 -1.33222 1.08827 3.05676 0.927396 -1.57217 -0.598229 1.32425 1.40513 -1.73759 -0.869424 -1.85117 1.56054
1.52025 -0.721045 1.59441 -1.5148 -1.33222 1.08827 3.05676 0.927396 -1.57217 -0.598229 1.32425 1.40513 -1.73759 -0.869424 -1.85117 1.56054
1.51597 -0.721045 1.59441 -1.5148 -1.33222 1.08827 3.05676 0.927396 -1.57217 -0.598229 1.32425 1.40513 -1.73759 -0.869424 -1.85117 1.56054
1.5116 -0.721045 1.59441 -1.5148 -1.33222 1.08827 3.05676 0.927396 -1.57217 -0.598229 1.32425 1.40513 -1.73759 -0.869424 -1.85117 1.56054
1.50726 -0.721045 1.59441 -1.5148 -1.33222 1.08827 3.05676 0.927396 -1.57217 -0.598229 1.32425 1.40513 -1.73759 -0.869424 -1.85117 1.56054
1.50289 -0.721045 1.59441 -1.5148 -1.33222 1.08827 3.05676 0.927396 -1.57217 -0.598229 1.32425 1.40513 -1.73759 -0.869424 -1.85117 1.56054
1.49845 -0.721045 1.59441 -1.5148 -1.33222 1.08827 3.05676 0.927396 -1.57217 -0.598229 1.32425 1.40513 -1.73759 -0.869424 -1.85117 1.56054
1.49405 -0.721045 1.59441 -1.5148 -1.33222 1.08827 3.05676 0.927396 -1.57217 -0.598229 1.32425 1.40513 -1.73759 -0.869424 -1.85117 1.56054
1.48955 -0.721045 1.59441 -1.5148 -1.33222 1.08827 3.05676 0.927396 -1.57217 -0.598229 1.32425 1.40513 -1.73759 -0.869424 -1.85117 1.56054
1.48506 -0.721045 1.59441 -1.5148 -1.33222 1.08827 3.05676 0.927396 -1.57217 -0.598229 1.32425 1.40513 -1.73759 -0.869424 -1.85117 1.56054
1.47982 -0.721045 1.59441 -1.5148 -1.33222 1.08827 3.05676 0.927396 -1.57217 -0.598229 1.32425 1.40513 -1.73759 -0.869424 -1.85117 1.56054
1.47515 -0.721045 1.59441 -1.5148 -1.33222 1.08827 3.05676 0.927396 -1.57217 -0.598229 1.32425 1.40513 -1.73759 -0.869424 -1.85117 1.56054
1.47051 -0.721045 1.59441 -1.5148 -1.33222 1.08827 3.05676 0.927396 -1.57217 -0.598229 1.32425 1.40513 -1.73759 -0.869424 -1.85117 1.56054
1.46565 -0.721045 1.59441 -1.5148 -1.33222 1.08827 3.05676 0.927396 -1.57217 -0.598229 1.32425 1.40513 -1.73759 -0.869424 -1.85117 1.56054
1.46109 -0.721045 1.59441 -1.5148 -1.33222 1.08827 3.05676 0.927396 -1.57217 -0.598229 1.32425 1.40513 -1.73759 -0.869424 -1.85117 1.56054
1.45648 -0.721045 1.59441 -1.5148 -1.33222 1.08827 3.05676 0.927396 -1.57217 -0.598229 1.32425 1.40513 -1.73759 -0.869424 -1.85117 1.56054
1.45183 -0.721045 1.59441 -1.5148 -1.33222 1.08827 3.05676 0.927396 -1.57217 -0.598229 1.32425 1.40513 -1.73759 -0.869424 -1.85117 1.56054
1.44723 -0.721045 1.59441 -1.5148 -1.33222 1.08827 3.05676 0.927396 -1.57217 -0.598229 1.32425 1.40513 -1.73759 -0.869424 -1.85117 1.56054
1.44247 -0.721045 1.59441 -1.5148 -1.33222 1.08827 3.05676 0.927396 -1.57217 -0.598229 1.32425 1.40513 -1.73759 -0.869424 -1.85117 1.56054
1.43782 -0.721045 1.59441 -1.5148 -1.33222 1.08827 3.05676 0.927396 -1.57217 -0.598229 1.32425 1.40513 -1.73759 -0.869424 -1.85117 1.56054
1.43311 -0.721045 1.59441 -1.5148 -1.33222 1.08827 3.05676 0.927396 -1.57217 -0.598229 1.32425 1.40513 -1.73759 -0.869424 -1.85117 1.56054
1.42833 -0.721045 1.59441 -1.5148 -1.33222 1.08827 3.05676 0.927396 -1.57217 -0.598229 1.32425 1.40513 -1.73759 -0.869424 -1.85117 1.56054
1.42356 -0.721045 1.59441 -1.5148 -1.33222 1.08827 3.05676 0.927396 -1.57217 -0.598229 1.32425 1.40513 -1.73759 -0.869424 -1.85117 1.56054
1.41882 -0.721045 1.59441 -1.5148 -1.33222 1.08827 3.05676 0.927396 -1.57217 -0.598229 1.32425 1.40513 -1.73759 -0.869424 -1.85117 1.56054
1.41401 -0.721045 1.59441 -1.5148 -1.33222 1.08827 3.05676 0.927396 -1.57217 -0.598229 1.32425 1.40513 -1.73759 -0.869424 -1.85117 1.56054
1.40918 -0.721045 1.59441 -1.5148 -1.33222 1.08827 3.05676 0.927396 -1.57217 -0.598229 1.32425 1.40513 -1.73759 -0.869424 -1.85117 1.56054
1.40434 -0.721045 1.59441 -1.5148 -1.33222 1.08827 3.05676 0.927396 -1.57217 -0.598229 1.32425 1.40513 -1.73759 -0.869424 -1.85117 1.56054
1.39944 -0.721045 1.59441 -1.5148 -1.33222 1.08827 3.05676 0.927396 -1.57217 -0.598229 1.32425 1.40513 -1.73759 -0.869424 -1.85117 1.56054
1.39442 -0.721045 1.59441 -1.5148 -1.33222 1.08827 3.05676 0.927396 -1.57217 -0.598229 1.32425 1.40513 -1.73759 -0.869424 -1.85117 1.56054
1.38948 -0.721045 1.59441 -1.5148 -1.33222 1.08827 3.05676 0.927396 -1.57217 -0.598229 1.32425 1.40513 -1.73759 -0.869424 -1.85117 1.56054
1.38446 -0.721045 1.59441 -1.5148 -1.33222 1.08827 3.05676 0.927396 -1.57217 -0.598229 1.32425 1.40513 -1.73759 -0.869424 -1.85117 1.56054
1.37943 -0.721045 1.59441 -1.5148 -1.33222 1.08827 3.05676 0.927396 -1.57217 -0.598229 1.32425 1.40513 -1.73759 -0.869424 -1.85117 1.56054
1.37438 -0.721045 1.59441 -1.5148 -1.33222 1.08827 3.05676 0.927396 -1.57217 -0.598229 1.32425 1.40513 -1.73759 -0.869424 -1.85117 1.56054
1.36927 -0.721045 1.59441 -1.5148 -1.33222 1.08827 3.05676 0.927396 -1.57217 -0.598229 1.32425 1.40513 -1.73759 -0.869424 -1.85117 1.56054
1.36414 -0.721045 1.59441 -1.5148 -1.33222 1.08827 3.05676 0.927396 -1.57217 -0.598229 1.32425 1.40513 -1.73759 -0.869424 -1.85117 1.56054
1.35904 -0.721045 1.59441 -1.5148 -1.33222 1.08827 3.05676 0.927396 -1.57217 -0.598229 1.32425 1.40513 -1.73759 -0.869424 -1.85117 1.56054
1.35397 -0.721045 1.59441 -1.5148 -1.33222 1.08827 3.05676 0.927396 -1.57217 -0.598229 1.32425 1.40513 -1.73759 -0.869424 -1.85117 1.56054
1.34868 -0.721045 1.59441 -1.5148 -1.33222 1.08827 3.05676 0.927396 -1.57217 -0.598229 1.32425 1.40513 -1.73759 -0.869424 -1.85117 1.56054
1.34331 -0.721045 1.59441 -1.5148 -1.33222 1.08827 3.05676 0.927396 -1.57217 -0.598229 1.32425 1.40513 -1.73759 -0.869424 -1.85117 1.56054
1.33807 -0.721045 1.59441 -1.5148 -1.33222 1.08827 3.05676 0.927396 -1.57217 -0.598229 1.32425 1.40513 -1.73759 -0.869424 -1.85117 1.56054
1.33282 -0.721045 1.59441 -1.5148 -1.33222 1.08827 3.05676 0.927396 -1.57217 -0.598229 1.32425 1.40513 -1.73759 -0.869424 -1.85117 1.56054
1.32757 -0.721045 1.59441 -1.5148 -1.33222 1.08827 3.05676 0.927396 -1.57217 -0.598229 1.32425 1.40513 -1.73759 -0.869424 -1.85117 1.56054
1.32227 -0.721045 1.59441 -1.5148 -1.33222 1.08827 3.05676 0.927396 -1.57217 -0.598229 1.32425 1.40513 -1.73759 -0.869424 -1.85117 1.56054
1.31692 -0.721045 1.59441 -1.5148 -1.33222 1.08827 3.05676 0.927396 -1.57217 -0.598229 1.32425 1.40513 -1.73759 -0.869424 -1.85117 1.56054
1.31158 -0.721045 1.59441 -1.5148 -1.33222 1.08827 3.05676 0.927396 -1.57217 -0.598229 1.32425 1.40513 -1.73759 -0.869424 -1.85117 1.56054
1.30624 -0.721045 1.59441 -1.5148 -1.33222 1.08827 3.05676 0.927396 -1.57217 -0.598229 1.32425 1.40513 -1.73759 -0.869424 -1.85117 1.56054
1.30085 -0.721045 1.59441 -1.5148 -1.33222 1.08827 3.05676 0.927396 -1.57217 -0.598229 1.32425 1.40513 -1.73759 -0.869424 -1.85117 1.56054
1.29524 -0.721045 1.59441 -1.5148 -1.33222 1.08827 3.05676 0.927396 -1.57217 -0.598229 1.32425 1.40513 -1.73759 -0.869424 -1.85117 1.56054
1.28981 -0.721045 1.59441 -1.5148 -1.33222 1.08827 3.05676 0.927396 -1.57217 -0.598229 1.32425 1.40513 -1.73759 -0.869424 -1.85117 1.56054
1.28434 -0.721045 1.59441 -1.5148 -1.33222 1.08827 3.05676 0.927396 -1.57217 -0.598229 1.32425 1.40513 -1.73759 -0.869424 -1.85117 1.56054
1.27885 -0.721045 1.59441 -1.5148 -1.33222 1.08827 3.05676 0.927396 -1.57217 -0.598229 1.32425 1.40513 -1.73759 -0.869424 -1.85117 1.56054
1.2733 -0.721045 1.59441 -1.5148 -1.33222 1.08827 3.05676 0.927396 -1.57217 -0.598229 1.32425 1.40513 -1.73759 -0.869424 -1.85117 1.56054
1.26769 -0.721045 1.59441 -1.5148 -1.33222 1.08827 3.05676 0.927396 -1.57217 -0.598229 1.32425 1.40513 -1.73759 -0.869424 -1.85117 1.56054
1.26206 -0.721045 1.59441 -1.5148 -1.33222 1.08827 3.05676 0.927396 -1.57217 -0.598229 1.32425 1.40513 -1.73759 -0.869424 -1.85117 1.56054
1.25643 -0.721045 1.59441 -1.5148 -1.33222 1.08827 3.05676 0.927396 -1.57217 -0.598229 1.32425 1.40513 -1.73759 -0.869424 -1.85117 1.56054
1.25067 -0.721045 1.59441 -1.5148 -1.33222 1.08827 3.05676 0.927396 -1.57217 -0.598229 1.32425 1.40513 -1.73759 -0.869424 -1.85117 1.56054
1.24483 -0.721045 1.59441 -1.5148 -1.33222 1.08827 3.05676 0.927396 -1.57217 -0.598229 1.32425 1.40513 -1.73759 -0.869424 -1.85117 1.56054
