19.198
19.208
19.218
19.229
19.239
19.249
19.26
19.27
19.282
19.303
19.324
19.344
19.365
19.385
19.406
19.426
19.448
19.468
19.489
19.528
19.566
19.604
19.643
19.682
19.72
19.759
19.798
19.837
19.875
19.914
19.952
19.991
20.029
20.068
20.106
20.145
20.185
20.226
20.268
20.307
20.345
20.384
20.422
20.46
20.499
23.395
23.406
23.417
23.428
23.438
23.449
23.46
23.47
23.481
23.494
23.533
23.572
23.611
23.65
23.688
23.726
23.765
23.803
23.842
23.88
23.92
23.958
23.996
24.035
24.073
24.112
24.151
24.19
24.23
24.27
24.315
24.355
24.396
24.434
24.473
24.512
24.55
24.589
24.628
24.666
24.705
24.744
24.783
24.821
24.859
24.898
24.937
24.975
25.015
25.053
25.092
25.131
25.17
25.21
25.249
25.287
25.326
25.366
25.405
25.444
25.483
25.521
25.56
25.599
25.638
25.676
25.715
25.755
25.793
25.832
25.871
25.909
25.948
25.987
26.026
26.065
26.105
