2.79299 -0.226128 0.652702 -1.21918 1.81387 0.922938 2.98348 -0.855486 2.51857 1.37203 -1.43169 0.205047 1.69116 2.79259 -0.174011 -0.993937
2.79204 -0.226128 0.652702 -1.21918 1.81387 0.922938 2.98348 -0.855486 2.51857 1.37203 -1.43169 0.205047 1.69116 2.79259 -0.174011 -0.993937
2.79103 -0.226128 0.652702 -1.21918 1.81387 0.922938 2.98348 -0.855486 2.51857 1.37203 -1.43169 0.205047 1.69116 2.79259 -0.174011 -0.993937
2.78981 -0.226128 0.652702 -1.21918 1.81387 0.922938 2.98348 -0.855486 2.51857 1.37203 -1.43169 0.205047 1.69116 2.79259 -0.174011 -0.993937
2.78849 -0.226128 0.652702 -1.21918 1.81387 0.922938 2.98348 -0.855486 2.51857 1.37203 -1.43169 0.205047 1.69116 2.79259 -0.174011 -0.993937
2.78715 -0.226128 0.652702 -1.21918 1.81387 0.922938 2.98348 -0.855486 2.51857 1.37203 -1.43169 0.205047 1.69116 2.79259 -0.174011 -0.993937
2.78587 -0.226128 0.652702 -1.21918 1.81387 0.922938 2.98348 -0.855486 2.51857 1.37203 -1.43169 0.205047 1.69116 2.79259 -0.174011 -0.993937
2.78441 -0.226128 0.652702 -1.21918 1.81387 0.922938 2.98348 -0.855486 2.51857 1.37203 -1.43169 0.205047 1.69116 2.79259 -0.174011 -0.993937
2.78296 -0.226128 0.652702 -1.21918 1.81387 0.922938 2.98348 -0.855486 2.51857 1.37203 -1.43169 0.205047 1.69116 2.79259 -0.174011 -0.993937
2.78158 -0.226128 0.652702 -1.21918 1.81387 0.922938 2.98348 -0.855486 2.51857 1.37203 -1.43169 0.205047 1.69116 2.79259 -0.174011 -0.993937
2.78017 -0.226128 0.652702 -1.21918 1.81387 0.922938 2.98348 -0.855486 2.51857 1.37203 -1.43169 0.205047 1.69116 2.79259 -0.174011 -0.993937
2.7788 -0.226128 0.652702 -1.21918 1.81387 0.922938 2.98348 -0.855486 2.51857 1.37203 -1.43169 0.205047 1.69116 2.79259 -0.174011 -0.993937
2.77738 -0.226128 0.652702 -1.21918 1.81387 0.922938 2.98348 -0.855486 2.51857 1.37203 -1.43169 0.205047 1.69116 2.79259 -0.174011 -0.993937
2.77591 -0.226128 0.652702 -1.21918 1.81387 0.922938 2.98348 -0.855486 2.51857 1.37203 -1.43169 0.205047 1.69116 2.79259 -0.174011 -0.993937
2.77444 -0.226128 0.652702 -1.21918 1.81387 0.922938 2.98348 -0.855486 2.51857 1.37203 -1.43169 0.205047 1.69116 2.79259 -0.174011 -0.993937
2.77292 -0.226128 0.652702 -1.21918 1.81387 0.922938 2.98348 -0.855486 2.51857 1.37203 -1.43169 0.205047 1.69116 2.79259 -0.174011 -0.993937
2.77141 -0.226128 0.652702 -1.21918 1.81387 0.922938 2.98348 -0.855486 2.51857 1.37203 -1.43169 0.205047 1.69116 2.79259 -0.174011 -0.993937
2.76989 -0.226128 0.652702 -1.21918 1.81387 0.922938 2.98348 -0.855486 2.51857 1.37203 -1.43169 0.205047 1.69116 2.79259 -0.174011 -0.993937
2.7684 -0.226128 0.652702 -1.21918 1.81387 0.922938 2.98348 -0.855486 2.51857 1.37203 -1.43169 0.205047 1.69116 2.79259 -0.174011 -0.993937
2.76692 -0.226128 0.652702 -1.21918 1.81387 0.922938 2.98348 -0.855486 2.51857 1.37203 -1.43169 0.205047 1.69116 2.79259 -0.174011 -0.993937
2.76408 -0.226128 0.652702 -1.21918 1.81387 0.922938 2.98348 -0.855486 2.51857 1.37203 -1.43169 0.205047 1.69116 2.79259 -0.174011 -0.993937
2.76126 -0.226128 0.652702 -1.21918 1.81387 0.922938 2.98348 -0.855486 2.51857 1.37203 -1.43169 0.205047 1.69116 2.79259 -0.174011 -0.993937
2.75846 -0.226128 0.652702 -1.21918 1.81387 0.922938 2.98348 -0.855486 2.51857 1.37203 -1.43169 0.205047 1.69116 2.79259 -0.174011 -0.993937
2.75567 -0.226128 0.652702 -1.21918 1.81387 0.922938 2.98348 -0.855486 2.51857 1.37203 -1.43169 0.205047 1.69116 2.79259 -0.174011 -0.993937
2.7529 -0.226128 0.652702 -1.21918 1.81387 0.922938 2.98348 -0.855486 2.51857 1.37203 -1.43169 0.205047 1.69116 2.79259 -0.174011 -0.993937
2.75012 -0.226128 0.652702 -1.21918 1.81387 0.922938 2.98348 -0.855486 2.51857 1.37203 -1.43169 0.205047 1.69116 2.79259 -0.174011 -0.993937
2.7473 -0.226128 0.652702 -1.21918 1.81387 0.922938 2.98348 -0.855486 2.51857 1.37203 -1.43169 0.205047 1.69116 2.79259 -0.174011 -0.993937
2.74439 -0.226128 0.652702 -1.21918 1.81387 0.922938 2.98348 -0.855486 2.51857 1.37203 -1.43169 0.205047 1.69116 2.79259 -0.174011 -0.993937
2.74136 -0.226128 0.652702 -1.21918 1.81387 0.922938 2.98348 -0.855486 2.51857 1.37203 -1.43169 0.205047 1.69116 2.79259 -0.174011 -0.993937
2.73851 -0.226128 0.652702 -1.21918 1.81387 0.922938 2.98348 -0.855486 2.51857 1.37203 -1.43169 0.205047 1.69116 2.79259 -0.174011 -0.993937
2.73565 -0.226128 0.652702 -1.21918 1.81387 0.922938 2.98348 -0.855486 2.51857 1.37203 -1.43169 0.205047 1.69116 2.79259 -0.174011 -0.993937
2.73274 -0.226128 0.652702 -1.21918 1.81387 0.922938 2.98348 -0.855486 2.51857 1.37203 -1.43169 0.205047 1.69116 2.79259 -0.174011 -0.993937
2.7299 -0.226128 0.652702 -1.21918 1.81387 0.922938 2.98348 -0.855486 2.51857 1.37203 -1.43169 0.205047 1.69116 2.79259 -0.174011 -0.993937
2.727 -0.226128 0.652702 -1.21918 1.81387 0.922938 2.98348 -0.855486 2.51857 1.37203 -1.43169 0.205047 1.69116 2.79259 -0.174011 -0.993937
2.72407 -0.226128 0.652702 -1.21918 1.81387 0.922938 2.98348 -0.855486 2.51857 1.37203 -1.43169 0.205047 1.69116 2.79259 -0.174011 -0.993937
2.72111 -0.226128 0.652702 -1.21918 1.81387 0.922938 2.98348 -0.855486 2.51857 1.37203 -1.43169 0.205047 1.69116 2.79259 -0.174011 -0.993937
2.71815 -0.226128 0.652702 -1.21918 1.81387 0.922938 2.98348 -0.855486 2.51857 1.37203 -1.43169 0.205047 1.69116 2.79259 -0.174011 -0.993937
2.71519 -0.226128 0.652702 -1.21918 1.81387 0.922938 2.98348 -0.855486 2.51857 1.37203 -1.43169 0.205047 1.69116 2.79259 -0.174011 -0.993937
2.71221 -0.226128 0.652702 -1.21918 1.81387 0.922938 2.98348 -0.855486 2.51857 1.37203 -1.43169 0.205047 1.69116 2.79259 -0.174011 -0.993937
2.70924 -0.226128 0.652702 -1.21918 1.81387 0.922938 2.98348 -0.855486 2.51857 1.37203 -1.43169 0.205047 1.69116 2.79259 -0.174011 -0.993937
2.70609 -0.226128 0.652702 -1.21918 1.81387 0.922938 2.98348 -0.855486 2.51857 1.37203 -1.43169 0.205047 1.69116 2.79259 -0.174011 -0.993937
2.70293 -0.226128 0.652702 -1.21918 1.81387 0.922938 2.98348 -0.855486 2.51857 1.37203 -1.43169 0.205047 1.69116 2.79259 -0.174011 -0.993937
2.69986 -0.226128 0.652702 -1.21918 1.81387 0.922938 2.98348 -0.855486 2.51857 1.37203 -1.43169 0.205047 1.69116 2.79259 -0.174011 -0.993937
2.69685 -0.226128 0.652702 -1.21918 1.81387 0.922938 2.98348 -0.855486 2.51857 1.37203 -1.43169 0.205047 1.69116 2.79259 -0.174011 -0.993937
2.69381 -0.226128 0.652702 -1.21918 1.81387 0.922938 2.98348 -0.855486 2.51857 1.37203 -1.43169 0.205047 1.69116 2.79259 -0.174011 -0.993937
2.69084 -0.226128 0.652702 -1.21918 1.81387 0.922938 2.98348 -0.855486 2.51857 1.37203 -1.43169 0.205047 1.69116 2.79259 -0.174011 -0.993937
2.68777 -0.226128 0.652702 -1.21918 1.81387 0.922938 2.98348 -0.855486 2.51857 1.37203 -1.43169 0.205047 1.69116 2.79259 -0.174011 -0.993937
2.68465 -0.226128 0.652702 -1.21918 1.81387 0.922938 2.98348 -0.855486 2.51857 1.37203 -1.43169 0.205047 1.69116 2.79259 -0.174011 -0.993937
2.68161 -0.226128 0.652702 -1.21918 1.81387 0.922938 2.98348 -0.855486 2.51857 1.37203 -1.43169 0.205047 1.69116 2.79259 -0.174011 -0.993937
2.67841 -0.226128 0.652702 -1.21918 1.81387 0.922938 2.98348 -0.855486 2.51857 1.37203 -1.43169 0.205047 1.69116 2.79259 -0.174011 -0.993937
2.67526 -0.226128 0.652702 -1.21918 1.81387 0.922938 2.98348 -0.855486 2.51857 1.37203 -1.43169 0.205047 1.69116 2.79259 -0.174011 -0.993937
2.67217 -0.226128 0.652702 -1.21918 1.81387 0.922938 2.98348 -0.855486 2.51857 1.37203 -1.43169 0.205047 1.69116 2.79259 -0.174011 -0.993937
2.66908 -0.226128 0.652702 -1.21918 1.81387 0.922938 2.98348 -0.855486 2.51857 1.37203 -1.43169 0.205047 1.69116 2.79259 -0.174011 -0.993937
2.66585 -0.226128 0.652702 -1.21918 1.81387 0.922938 2.98348 -0.855486 2.51857 1.37203 -1.43169 0.205047 1.69116 2.79259 -0.174011 -0.993937
2.66266 -0.226128 0.652702 -1.21918 1.81387 0.922938 2.98348 -0.855486 2.51857 1.37203 -1.43169 0.205047 1.69116 2.79259 -0.174011 -0.993937
2.65947 -0.226128 0.652702 -1.21918 1.81387 0.922938 2.98348 -0.855486 2.51857 1.37203 -1.43169 0.205047 1.69116 2.79259 -0.174011 -0.993937
2.65632 -0.226128 0.652702 -1.21918 1.81387 0.922938 2.98348 -0.855486 2.51857 1.37203 -1.43169 0.205047 1.69116 2.79259 -0.174011 -0.993937
2.65319 -0.226128 0.652702 -1.21918 1.81387 0.922938 2.98348 -0.855486 2.51857 1.37203 -1.43169 0.205047 1.69116 2.79259 -0.174011 -0.993937
2.64989 -0.226128 0.652702 -1.21918 1.81387 0.922938 2.98348 -0.855486 2.51857 1.37203 -1.43169 0.205047 1.69116 2.79259 -0.174011 -0.993937
2.64657 -0.226128 0.652702 -1.21918 1.81387 0.922938 2.98348 -0.855486 2.51857 1.37203 -1.43169 0.205047 1.69116 2.79259 -0.174011 -0.993937
2.64323 -0.226128 0.652702 -1.21918 1.81387 0.922938 2.98348 -0.855486 2.51857 1.37203 -1.43169 0.205047 1.69116 2.79259 -0.174011 -0.993937
2.63993 -0.226128 0.652702 -1.21918 1.81387 0.922938 2.98348 -0.855486 2.51857 1.37203 -1.43169 0.205047 1.69116 2.79259 -0.174011 -0.993937
2.63662 -0.226128 0.652702 -1.21918 1.81387 0.922938 2.98348 -0.855486 2.51857 1.37203 -1.43169 0.205047 1.69116 2.79259 -0.174011 -0.993937
2.63334 -0.226128 0.652702 -1.21918 1.81387 0.922938 2.98348 -0.855486 2.51857 1.37203 -1.43169 0.205047 1.69116 2.79259 -0.174011 -0.993937
2.63005 -0.226128 0.652702 -1.21918 1.81387 0.922938 2.98348 -0.855486 2.51857 1.37203 -1.43169 0.205047 1.69116 2.79259 -0.174011 -0.993937
2.62669 -0.226128 0.652702 -1.21918 1.81387 0.922938 2.98348 -0.855486 2.51857 1.37203 -1.43169 0.205047 1.69116 2.79259 -0.174011 -0.993937
2.623 -0.226128 0.652702 -1.21918 1.81387 0.922938 2.98348 -0.855486 2.51857 1.37203 -1.43169 0.205047 1.69116 2.79259 -0.174011 -0.993937
2.6197 -0.226128 0.652702 -1.21918 1.81387 0.922938 2.98348 -0.855486 2.51857 1.37203 -1.43169 0.205047 1.69116 2.79259 -0.174011 -0.993937
2.61641 -0.226128 0.652702 -1.21918 1.81387 0.922938 2.98348 -0.855486 2.51857 1.37203 -1.43169 0.205047 1.69116 2.79259 -0.174011 -0.993937
2.61312 -0.226128 0.652702 -1.21918 1.81387 0.922938 2.98348 -0.855486 2.51857 1.37203 -1.43169 0.205047 1.69116 2.79259 -0.174011 -0.993937
2.60973 -0.226128 0.652702 -1.21918 1.81387 0.922938 2.98348 -0.855486 2.51857 1.37203 -1.43169 0.205047 1.69116 2.79259 -0.174011 -0.993937
2.60635 -0.226128 0.652702 -1.21918 1.81387 0.922938 2.98348 -0.855486 2.51857 1.37203 -1.43169 0.205047 1.69116 2.79259 -0.174011 -0.993937
2.60295 -0.226128 0.652702 -1.21918 1.81387 0.922938 2.98348 -0.855486 2.51857 1.37203 -1.43169 0.205047 1.69116 2.79259 -0.174011 -0.993937
2.5996 -0.226128 0.652702 -1.21918 1.81387 0.922938 2.98348 -0.855486 2.51857 1.37203 -1.43169 0.205047 1.69116 2.79259 -0.174011 -0.993937
2.59622 -0.226128 0.652702 -1.21918 1.81387 0.922938 2.98348 -0.855486 2.51857 1.37203 -1.43169 0.205047 1.69116 2.79259 -0.174011 -0.993937
2.59287 -0.226128 0.652702 -1.21918 1.81387 0.922938 2.98348 -0.855486 2.51857 1.37203 -1.43169 0.205047 1.69116 2.79259 -0.174011 -0.993937
2.58935 -0.226128 0.652702 -1.21918 1.81387 0.922938 2.98348 -0.855486 2.51857 1.37203 -1.43169 0.205047 1.69116 2.79259 -0.174011 -0.993937
2.5859 -0.226128 0.652702 -1.21918 1.81387 0.922938 2.98348 -0.855486 2.51857 1.37203 -1.43169 0.205047 1.69116 2.79259 -0.174011 -0.993937
2.58247 -0.226128 0.652702 -1.21918 1.81387 0.922938 2.98348 -0.855486 2.51857 1.37203 -1.43169 0.205047 1.69116 2.79259 -0.174011 -0.993937
2.57903 -0.226128 0.652702 -1.21918 1.81387 0.922938 2.98348 -0.855486 2.51857 1.37203 -1.43169 0.205047 1.69116 2.79259 -0.174011 -0.993937
2.57555 -0.226128 0.652702 -1.21918 1.81387 0.922938 2.98348 -0.855486 2.51857 1.37203 -1.43169 0.205047 1.69116 2.79259 -0.174011 -0.993937
2.57209 -0.226128 0.652702 -1.21918 1.81387 0.922938 2.98348 -0.855486 2.51857 1.37203 -1.43169 0.205047 1.69116 2.79259 -0.174011 -0.993937
2.56858 -0.226128 0.652702 -1.21918 1.81387 0.922938 2.98348 -0.855486 2.51857 1.37203 -1.43169 0.205047 1.69116 2.79259 -0.174011 -0.993937
2.565 -0.226128 0.652702 -1.21918 1.81387 0.922938 2.98348 -0.855486 2.51857 1.37203 -1.43169 0.205047 1.69116 2.79259 -0.174011 -0.993937
2.56145 -0.226128 0.652702 -1.21918 1.81387 0.922938 2.98348 -0.855486 2.51857 1.37203 -1.43169 0.205047 1.69116 2.79259 -0.174011 -0.993937
2.5578 -0.226128 0.652702 -1.21918 1.81387 0.922938 2.98348 -0.855486 2.51857 1.37203 -1.43169 0.205047 1.69116 2.79259 -0.174011 -0.993937
2.55424 -0.226128 0.652702 -1.21918 1.81387 0.922938 2.98348 -0.855486 2.51857 1.37203 -1.43169 0.205047 1.69116 2.79259 -0.174011 -0.993937
2.55065 -0.226128 0.652702 -1.21918 1.81387 0.922938 2.98348 -0.855486 2.51857 1.37203 -1.43169 0.205047 1.69116 2.79259 -0.174011 -0.993937
2.54696 -0.226128 0.652702 -1.21918 1.81387 0.922938 2.98348 -0.855486 2.51857 1.37203 -1.43169 0.205047 1.69116 2.79259 -0.174011 -0.993937
2.54333 -0.226128 0.652702 -1.21918 1.81387 0.922938 2.98348 -0.855486 2.51857 1.37203 -1.43169 0.205047 1.69116 2.79259 -0.174011 -0.993937
2.53975 -0.226128 0.652702 -1.21918 1.81387 0.922938 2.98348 -0.855486 2.51857 1.37203 -1.43169 0.205047 1.69116 2.79259 -0.174011 -0.993937
2.53615 -0.226128 0.652702 -1.21918 1.81387 0.922938 2.98348 -0.855486 2.51857 1.37203 -1.43169 0.205047 1.69116 2.79259 -0.174011 -0.993937
2.53252 -0.226128 0.652702 -1.21918 1.81387 0.922938 2.98348 -0.855486 2.51857 1.37203 -1.43169 0.205047 1.69116 2.79259 -0.174011 -0.993937
2.52877 -0.226128 0.652702 -1.21918 1.81387 0.922938 2.98348 -0.855486 2.51857 1.37203 -1.43169 0.205047 1.69116 2.79259 -0.174011 -0.993937
2.52465 -0.226128 0.652702 -1.21918 1.81387 0.922938 2.98348 -0.855486 2.51857 1.37203 -1.43169 0.205047 1.69116 2.79259 -0.174011 -0.993937
2.52095 -0.226128 0.652702 -1.21918 1.81387 0.922938 2.98348 -0.855486 2.51857 1.37203 -1.43169 0.205047 1.69116 2.79259 -0.174011 -0.993937
2.51723 -0.226128 0.652702 -1.21918 1.81387 0.922938 2.98348 -0.855486 2.51857 1.37203 -1.43169 0.205047 1.69116 2.79259 -0.174011 -0.993937
2.51358 -0.226128 0.652702 -1.21918 1.81387 0.922938 2.98348 -0.855486 2.51857 1.37203 -1.43169 0.205047 1.69116 2.79259 -0.174011 -0.993937
2.50983 -0.226128 0.652702 -1.21918 1.81387 0.922938 2.98348 -0.855486 2.51857 1.37203 -1.43169 0.205047 1.69116 2.79259 -0.174011 -0.993937
2.50606 -0.226128 0.652702 -1.21918 1.81387 0.922938 2.98348 -0.855486 2.51857 1.37203 -1.43169 0.205047 1.69116 2.79259 -0.174011 -0.993937
2.50235 -0.226128 0.652702 -1.21918 1.81387 0.922938 2.98348 -0.855486 2.51857 1.37203 -1.43169 0.205047 1.69116 2.79259 -0.174011 -0.993937
2.49861 -0.226128 0.652702 -1.21918 1.81387 0.922938 2.98348 -0.855486 2.51857 1.37203 -1.43169 0.205047 1.69116 2.79259 -0.174011 -0.993937
2.49484 -0.226128 0.652702 -1.21918 1.81387 0.922938 2.98348 -0.855486 2.51857 1.37203 -1.43169 0.205047 1.69116 2.79259 -0.174011 -0.993937
2.49097 -0.226128 0.652702 -1.21918 1.81387 0.922938 2.98348 -0.855486 2.51857 1.37203 -1.43169 0.205047 1.69116 2.79259 -0.174011 -0.993937
2.48707 -0.226128 0.652702 -1.21918 1.81387 0.922938 2.98348 -0.855486 2.51857 1.37203 -1.43169 0.205047 1.69116 2.79259 -0.174011 -0.993937
2.4832 -0.226128 0.652702 -1.21918 1.81387 0.922938 2.98348 -0.855486 2.51857 1.37203 -1.43169 0.205047 1.69116 2.79259 -0.174011 -0.993937
2.47938 -0.226128 0.652702 -1.21918 1.81387 0.922938 2.98348 -0.855486 2.51857 1.37203 -1.43169 0.205047 1.69116 2.79259 -0.174011 -0.993937
2.47549 -0.226128 0.652702 -1.21918 1.81387 0.922938 2.98348 -0.855486 2.51857 1.37203 -1.43169 0.205047 1.69116 2.79259 -0.174011 -0.993937
2.47158 -0.226128 0.652702 -1.21918 1.81387 0.922938 2.98348 -0.855486 2.51857 1.37203 -1.43169 0.205047 1.69116 2.79259 -0.174011 -0.993937
2.46764 -0.226128 0.652702 -1.21918 1.81387 0.922938 2.98348 -0.855486 2.51857 1.37203 -1.43169 0.205047 1.69116 2.79259 -0.174011 -0.993937
2.46374 -0.226128 0.652702 -1.21918 1.81387 0.922938 2.98348 -0.855486 2.51857 1.37203 -1.43169 0.205047 1.69116 2.79259 -0.174011 -0.993937
2.45978 -0.226128 0.652702 -1.21918 1.81387 0.922938 2.98348 -0.855486 2.51857 1.37203 -1.43169 0.205047 1.69116 2.79259 -0.174011 -0.993937
2.4558 -0.226128 0.652702 -1.21918 1.81387 0.922938 2.98348 -0.855486 2.51857 1.37203 -1.43169 0.205047 1.69116 2.79259 -0.174011 -0.993937
2.45174 -0.226128 0.652702 -1.21918 1.81387 0.922938 2.98348 -0.855486 2.51857 1.37203 -1.43169 0.205047 1.69116 2.79259 -0.174011 -0.993937
2.44766 -0.226128 0.652702 -1.21918 1.81387 0.922938 2.98348 -0.855486 2.51857 1.37203 -1.43169 0.205047 1.69116 2.79259 -0.174011 -0.993937
2.44365 -0.226128 0.652702 -1.21918 1.81387 0.922938 2.98348 -0.855486 2.51857 1.37203 -1.43169 0.205047 1.69116 2.79259 -0.174011 -0.993937
2.43969 -0.226128 0.652702 -1.21918 1.81387 0.922938 2.98348 -0.855486 2.51857 1.37203 -1.43169 0.205047 1.69116 2.79259 -0.174011 -0.993937
2.43573 -0.226128 0.652702 -1.21918 1.81387 0.922938 2.98348 -0.855486 2.51857 1.37203 -1.43169 0.205047 1.69116 2.79259 -0.174011 -0.993937
2.43164 -0.226128 0.652702 -1.21918 1.81387 0.922938 2.98348 -0.855486 2.51857 1.37203 -1.43169 0.205047 1.69116 2.79259 -0.174011 -0.993937
2.42749 -0.226128 0.652702 -1.21918 1.81387 0.922938 2.98348 -0.855486 2.51857 1.37203 -1.43169 0.205047 1.69116 2.79259 -0.174011 -0.993937
2.42322 -0.226128 0.652702 -1.21918 1.81387 0.922938 2.98348 -0.855486 2.51857 1.37203 -1.43169 0.205047 1.69116 2.79259 -0.174011 -0.993937
2.41915 -0.226128 0.652702 -1.21918 1.81387 0.922938 2.98348 -0.855486 2.51857 1.37203 -1.43169 0.205047 1.69116 2.79259 -0.174011 -0.993937
2.41509 -0.226128 0.652702 -1.21918 1.81387 0.922938 2.98348 -0.855486 2.51857 1.37203 -1.43169 0.205047 1.69116 2.79259 -0.174011 -0.993937
2.41097 -0.226128 0.652702 -1.21918 1.81387 0.922938 2.98348 -0.855486 2.51857 1.37203 -1.43169 0.205047 1.69116 2.79259 -0.174011 -0.993937
2.40682 -0.226128 0.652702 -1.21918 1.81387 0.922938 2.98348 -0.855486 2.51857 1.37203 -1.43169 0.205047 1.69116 2.79259 -0.174011 -0.993937
2.40272 -0.226128 0.652702 -1.21918 1.81387 0.922938 2.98348 -0.855486 2.51857 1.37203 -1.43169 0.205047 1.69116 2.79259 -0.174011 -0.993937
2.39861 -0.226128 0.652702 -1.21918 1.81387 0.922938 2.98348 -0.855486 2.51857 1.37203 -1.43169 0.205047 1.69116 2.79259 -0.174011 -0.993937
2.39447 -0.226128 0.652702 -1.21918 1.81387 0.922938 2.98348 -0.855486 2.51857 1.37203 -1.43169 0.205047 1.69116 2.79259 -0.174011 -0.993937
2.39028 -0.226128 0.652702 -1.21918 1.81387 0.922938 2.98348 -0.855486 2.51857 1.37203 -1.43169 0.205047 1.69116 2.79259 -0.174011 -0.993937
2.38613 -0.226128 0.652702 -1.21918 1.81387 0.922938 2.98348 -0.855486 2.51857 1.37203 -1.43169 0.205047 1.69116 2.79259 -0.174011 -0.993937
2.38181 -0.226128 0.652702 -1.21918 1.81387 0.922938 2.98348 -0.855486 2.51857 1.37203 -1.43169 0.205047 1.69116 2.79259 -0.174011 -0.993937
2.37757 -0.226128 0.652702 -1.21918 1.81387 0.922938 2.98348 -0.855486 2.51857 1.37203 -1.43169 0.205047 1.69116 2.79259 -0.174011 -0.993937
2.37329 -0.226128 0.652702 -1.21918 1.81387 0.922938 2.98348 -0.855486 2.51857 1.37203 -1.43169 0.205047 1.69116 2.79259 -0.174011 -0.993937
2.36904 -0.226128 0.652702 -1.21918 1.81387 0.922938 2.98348 -0.855486 2.51857 1.37203 -1.43169 0.205047 1.69116 2.79259 -0.174011 -0.993937
2.36471 -0.226128 0.652702 -1.21918 1.81387 0.922938 2.98348 -0.855486 2.51857 1.37203 -1.43169 0.205047 1.69116 2.79259 -0.174011 -0.993937
2.36043 -0.226128 0.652702 -1.21918 1.81387 0.922938 2.98348 -0.855486 2.51857 1.37203 -1.43169 0.205047 1.69116 2.79259 -0.174011 -0.993937
2.35611 -0.226128 0.652702 -1.21918 1.81387 0.922938 2.98348 -0.855486 2.51857 1.37203 -1.43169 0.205047 1.69116 2.79259 -0.174011 -0.993937
2.35171 -0.226128 0.652702 -1.21918 1.81387 0.922938 2.98348 -0.855486 2.51857 1.37203 -1.43169 0.205047 1.69116 2.79259 -0.174011 -0.993937
2.34734 -0.226128 0.652702 -1.21918 1.81387 0.922938 2.98348 -0.855486 2.51857 1.37203 -1.43169 0.205047 1.69116 2.79259 -0.174011 -0.993937
2.34287 -0.226128 0.652702 -1.21918 1.81387 0.922938 2.98348 -0.855486 2.51857 1.37203 -1.43169 0.205047 1.69116 2.79259 -0.174011 -0.993937
2.3385 -0.226128 0.652702 -1.21918 1.81387 0.922938 2.98348 -0.855486 2.51857 1.37203 -1.43169 0.205047 1.69116 2.79259 -0.174011 -0.993937
2.33413 -0.226128 0.652702 -1.21918 1.81387 0.922938 2.98348 -0.855486 2.51857 1.37203 -1.43169 0.205047 1.69116 2.79259 -0.174011 -0.993937
2.31944 -0.226128 0.652702 -1.21918 1.81387 0.922938 2.98348 -0.855486 2.51857 1.37203 -1.43169 0.205047 1.69116 2.79259 -0.174011 -0.993937
2.31944 -0.226128 0.652702 -1.21918 1.81387 0.922938 2.98348 -0.855486 2.51857 1.37203 -1.43169 0.205047 1.69116 2.79259 -0.174011 -0.993937
2.32013 -0.226128 0.652702 -1.21918 1.81387 0.922938 2.98348 -0.855486 2.51857 1.37203 -1.43169 0.205047 1.69116 2.79259 -0.174011 -0.993937
2.3216 -0.226128 0.652702 -1.21918 1.81387 0.922938 2.98348 -0.855486 2.51857 1.37203 -1.43169 0.205047 1.69116 2.79259 -0.174011 -0.993937
2.32341 -0.226128 0.652702 -1.21918 1.81387 0.922938 2.98348 -0.855486 2.51857 1.37203 -1.43169 0.205047 1.69116 2.79259 -0.174011 -0.993937
2.32558 -0.226128 0.652702 -1.21918 1.81387 0.922938 2.98348 -0.855486 2.51857 1.37203 -1.43169 0.205047 1.69116 2.79259 -0.174011 -0.993937
2.32796 -0.226128 0.652702 -1.21918 1.81387 0.922938 2.98348 -0.855486 2.51857 1.37203 -1.43169 0.205047 1.69116 2.79259 -0.174011 -0.993937
2.33056 -0.226128 0.652702 -1.21918 1.81387 0.922938 2.98348 -0.855486 2.51857 1.37203 -1.43169 0.205047 1.69116 2.79259 -0.174011 -0.993937
2.33339 -0.226128 0.652702 -1.21918 1.81387 0.922938 2.98348 -0.855486 2.51857 1.37203 -1.43169 0.205047 1.69116 2.79259 -0.174011 -0.993937
2.33647 -0.226128 0.652702 -1.21918 1.81387 0.922938 2.98348 -0.855486 2.51857 1.37203 -1.43169 0.205047 1.69116 2.79259 -0.174011 -0.993937
2.3425 -0.226128 0.652702 -1.21918 1.81387 0.922938 2.98348 -0.855486 2.51857 1.37203 -1.43169 0.205047 1.69116 2.79259 -0.174011 -0.993937
2.34898 -0.226128 0.652702 -1.21918 1.81387 0.922938 2.98348 -0.855486 2.51857 1.37203 -1.43169 0.205047 1.69116 2.79259 -0.174011 -0.993937
2.35601 -0.226128 0.652702 -1.21918 1.81387 0.922938 2.98348 -0.855486 2.51857 1.37203 -1.43169 0.205047 1.69116 2.79259 -0.174011 -0.993937
2.3638 -0.226128 0.652702 -1.21918 1.81387 0.922938 2.98348 -0.855486 2.51857 1.37203 -1.43169 0.205047 1.69116 2.79259 -0.174011 -0.993937
2.37225 -0.226128 0.652702 -1.21918 1.81387 0.922938 2.98348 -0.855486 2.51857 1.37203 -1.43169 0.205047 1.69116 2.79259 -0.174011 -0.993937
2.38129 -0.226128 0.652702 -1.21918 1.81387 0.922938 2.98348 -0.855486 2.51857 1.37203 -1.43169 0.205047 1.69116 2.79259 -0.174011 -0.993937
2.39082 -0.226128 0.652702 -1.21918 1.81387 0.922938 2.98348 -0.855486 2.51857 1.37203 -1.43169 0.205047 1.69116 2.79259 -0.174011 -0.993937
2.40146 -0.226128 0.652702 -1.21918 1.81387 0.922938 2.98348 -0.855486 2.51857 1.37203 -1.43169 0.205047 1.69116 2.79259 -0.174011 -0.993937
2.41183 -0.226128 0.652702 -1.21918 1.81387 0.922938 2.98348 -0.855486 2.51857 1.37203 -1.43169 0.205047 1.69116 2.79259 -0.174011 -0.993937
2.4226 -0.226128 0.652702 -1.21918 1.81387 0.922938 2.98348 -0.855486 2.51857 1.37203 -1.43169 0.205047 1.69116 2.79259 -0.174011 -0.993937
2.43335 -0.226128 0.652702 -1.21918 1.81387 0.922938 2.98348 -0.855486 2.51857 1.37203 -1.43169 0.205047 1.69116 2.79259 -0.174011 -0.993937
2.44428 -0.226128 0.652702 -1.21918 1.81387 0.922938 2.98348 -0.855486 2.51857 1.37203 -1.43169 0.205047 1.69116 2.79259 -0.174011 -0.993937
2.45569 -0.226128 0.652702 -1.21918 1.81387 0.922938 2.98348 -0.855486 2.51857 1.37203 -1.43169 0.205047 1.69116 2.79259 -0.174011 -0.993937
2.46763 -0.226128 0.652702 -1.21918 1.81387 0.922938 2.98348 -0.855486 2.51857 1.37203 -1.43169 0.205047 1.69116 2.79259 -0.174011 -0.993937
2.48005 -0.226128 0.652702 -1.21918 1.81387 0.922938 2.98348 -0.855486 2.51857 1.37203 -1.43169 0.205047 1.69116 2.79259 -0.174011 -0.993937
2.49301 -0.226128 0.652702 -1.21918 1.81387 0.922938 2.98348 -0.855486 2.51857 1.37203 -1.43169 0.205047 1.69116 2.79259 -0.174011 -0.993937
2.50653 -0.226128 0.652702 -1.21918 1.81387 0.922938 2.98348 -0.855486 2.51857 1.37203 -1.43169 0.205047 1.69116 2.79259 -0.174011 -0.993937
2.52076 -0.226128 0.652702 -1.21918 1.81387 0.922938 2.98348 -0.855486 2.51857 1.37203 -1.43169 0.205047 1.69116 2.79259 -0.174011 -0.993937
2.53521 -0.226128 0.652702 -1.21918 1.81387 0.922938 2.98348 -0.855486 2.51857 1.37203 -1.43169 0.205047 1.69116 2.79259 -0.174011 -0.993937
2.55002 -0.226128 0.652702 -1.21918 1.81387 0.922938 2.98348 -0.855486 2.51857 1.37203 -1.43169 0.205047 1.69116 2.79259 -0.174011 -0.993937
2.56528 -0.226128 0.652702 -1.21918 1.81387 0.922938 2.98348 -0.855486 2.51857 1.37203 -1.43169 0.205047 1.69116 2.79259 -0.174011 -0.993937
