6.602
6.612
6.623
6.633
6.644
6.654
6.664
6.674
6.685
6.697
6.717
6.738
6.758
6.779
6.8
6.821
6.841
6.862
6.882
6.903
6.942
6.981
7.02
7.058
7.097
7.135
7.174
7.215
7.253
7.292
7.331
7.37
7.408
7.446
7.485
7.524
7.562
7.601
7.64
7.68
7.72
7.762
7.8
7.839
7.878
7.916
7.955
7.993
8.032
8.071
8.111
8.149
8.188
8.227
8.266
8.304
8.343
8.381
8.421
8.46
8.499
8.538
8.577
8.617
8.656
8.697
8.737
8.776
8.814
8.853
8.892
8.931
8.969
9.008
9.046
9.085
9.125
9.163
9.202
9.24
9.279
9.317
9.356
9.395
9.434
9.474
9.513
9.553
9.592
9.631
9.669
9.707
9.746
9.789
9.829
9.867
9.906
9.944
9.983
10.022
10.06
10.099
10.137
10.177
10.216
10.254
10.293
10.332
10.371
10.41
10.449
10.488
10.528
10.567
10.607
10.646
10.684
10.723
10.763
10.804
10.844
10.883
10.921
10.96
10.999
11.038
11.076
11.115
11.154
11.193
11.232
11.271
11.31
11.348
11.387
11.426
11.465
11.504
11.544
11.583
11.621
11.66
12.464
12.475
12.486
12.496
12.507
12.518
12.529
12.539
12.55
12.563
12.603
12.642
12.681
12.72
12.758
12.798
12.839
12.878
12.917
12.956
12.995
13.034
13.073
13.112
13.151
13.19
13.23
13.27
13.309
13.347
13.386
