1.65845 -1.41177 2.01099 1.54893 2.0403 1.93484 1.62761 1.46058 0.644527 0.505071 -1.63126 -0.882699 1.71894 -2.36003 1.43285 -2.78723
1.65845 -1.41177 2.01099 1.54893 2.0403 1.93484 1.62761 1.46058 0.644527 0.505071 -1.63126 -0.882699 1.71894 -2.36003 1.43285 -2.78723
1.65845 -1.41177 2.01099 1.54893 2.0403 1.93484 1.62761 1.46058 0.644527 0.505071 -1.63126 -0.882699 1.71894 -2.36003 1.43285 -2.78723
1.65845 -1.41177 2.01099 1.54893 2.0403 1.93484 1.62761 1.46058 0.644527 0.505071 -1.63126 -0.882699 1.71894 -2.36003 1.43285 -2.78723
1.65845 -1.41177 2.01099 1.54893 2.0403 1.93484 1.62761 1.46058 0.644527 0.505071 -1.63126 -0.882699 1.71894 -2.36003 1.43285 -2.78723
1.65845 -1.41177 2.01099 1.54893 2.0403 1.93484 1.62761 1.46058 0.644527 0.505071 -1.63126 -0.882699 1.71894 -2.36003 1.43285 -2.78723
1.65845 -1.41177 2.01099 1.54893 2.0403 1.93484 1.62761 1.46058 0.644527 0.505071 -1.63126 -0.882699 1.71894 -2.36003 1.43285 -2.78723
1.65845 -1.41177 2.01099 1.54893 2.0403 1.93484 1.62761 1.46058 0.644527 0.505071 -1.63126 -0.882699 1.71894 -2.36003 1.43285 -2.78723
1.65891 -1.41177 2.01099 1.54893 2.0403 1.93484 1.62761 1.46058 0.644527 0.505071 -1.63126 -0.882699 1.71894 -2.36003 1.43285 -2.78723
1.6597 -1.41177 2.01099 1.54893 2.0403 1.93484 1.62761 1.46058 0.644527 0.505071 -1.63126 -0.882699 1.71894 -2.36003 1.43285 -2.78723
1.66062 -1.41177 2.01099 1.54893 2.0403 1.93484 1.62761 1.46058 0.644527 0.505071 -1.63126 -0.882699 1.71894 -2.36003 1.43285 -2.78723
1.66159 -1.41177 2.01099 1.54893 2.0403 1.93484 1.62761 1.46058 0.644527 0.505071 -1.63126 -0.882699 1.71894 -2.36003 1.43285 -2.78723
1.66254 -1.41177 2.01099 1.54893 2.0403 1.93484 1.62761 1.46058 0.644527 0.505071 -1.63126 -0.882699 1.71894 -2.36003 1.43285 -2.78723
1.66354 -1.41177 2.01099 1.54893 2.0403 1.93484 1.62761 1.46058 0.644527 0.505071 -1.63126 -0.882699 1.71894 -2.36003 1.43285 -2.78723
1.66455 -1.41177 2.01099 1.54893 2.0403 1.93484 1.62761 1.46058 0.644527 0.505071 -1.63126 -0.882699 1.71894 -2.36003 1.43285 -2.78723
1.66555 -1.41177 2.01099 1.54893 2.0403 1.93484 1.62761 1.46058 0.644527 0.505071 -1.63126 -0.882699 1.71894 -2.36003 1.43285 -2.78723
1.66667 -1.41177 2.01099 1.54893 2.0403 1.93484 1.62761 1.46058 0.644527 0.505071 -1.63126 -0.882699 1.71894 -2.36003 1.43285 -2.78723
1.66787 -1.41177 2.01099 1.54893 2.0403 1.93484 1.62761 1.46058 0.644527 0.505071 -1.63126 -0.882699 1.71894 -2.36003 1.43285 -2.78723
1.66922 -1.41177 2.01099 1.54893 2.0403 1.93484 1.62761 1.46058 0.644527 0.505071 -1.63126 -0.882699 1.71894 -2.36003 1.43285 -2.78723
1.67201 -1.41177 2.01099 1.54893 2.0403 1.93484 1.62761 1.46058 0.644527 0.505071 -1.63126 -0.882699 1.71894 -2.36003 1.43285 -2.78723
1.67516 -1.41177 2.01099 1.54893 2.0403 1.93484 1.62761 1.46058 0.644527 0.505071 -1.63126 -0.882699 1.71894 -2.36003 1.43285 -2.78723
1.67852 -1.41177 2.01099 1.54893 2.0403 1.93484 1.62761 1.46058 0.644527 0.505071 -1.63126 -0.882699 1.71894 -2.36003 1.43285 -2.78723
1.68206 -1.41177 2.01099 1.54893 2.0403 1.93484 1.62761 1.46058 0.644527 0.505071 -1.63126 -0.882699 1.71894 -2.36003 1.43285 -2.78723
1.68577 -1.41177 2.01099 1.54893 2.0403 1.93484 1.62761 1.46058 0.644527 0.505071 -1.63126 -0.882699 1.71894 -2.36003 1.43285 -2.78723
1.68941 -1.41177 2.01099 1.54893 2.0403 1.93484 1.62761 1.46058 0.644527 0.505071 -1.63126 -0.882699 1.71894 -2.36003 1.43285 -2.78723
1.69321 -1.41177 2.01099 1.54893 2.0403 1.93484 1.62761 1.46058 0.644527 0.505071 -1.63126 -0.882699 1.71894 -2.36003 1.43285 -2.78723
1.69719 -1.41177 2.01099 1.54893 2.0403 1.93484 1.62761 1.46058 0.644527 0.505071 -1.63126 -0.882699 1.71894 -2.36003 1.43285 -2.78723
1.70124 -1.41177 2.01099 1.54893 2.0403 1.93484 1.62761 1.46058 0.644527 0.505071 -1.63126 -0.882699 1.71894 -2.36003 1.43285 -2.78723
1.70555 -1.41177 2.01099 1.54893 2.0403 1.93484 1.62761 1.46058 0.644527 0.505071 -1.63126 -0.882699 1.71894 -2.36003 1.43285 -2.78723
1.70987 -1.41177 2.01099 1.54893 2.0403 1.93484 1.62761 1.46058 0.644527 0.505071 -1.63126 -0.882699 1.71894 -2.36003 1.43285 -2.78723
1.71427 -1.41177 2.01099 1.54893 2.0403 1.93484 1.62761 1.46058 0.644527 0.505071 -1.63126 -0.882699 1.71894 -2.36003 1.43285 -2.78723
1.71895 -1.41177 2.01099 1.54893 2.0403 1.93484 1.62761 1.46058 0.644527 0.505071 -1.63126 -0.882699 1.71894 -2.36003 1.43285 -2.78723
1.7238 -1.41177 2.01099 1.54893 2.0403 1.93484 1.62761 1.46058 0.644527 0.505071 -1.63126 -0.882699 1.71894 -2.36003 1.43285 -2.78723
1.72858 -1.41177 2.01099 1.54893 2.0403 1.93484 1.62761 1.46058 0.644527 0.505071 -1.63126 -0.882699 1.71894 -2.36003 1.43285 -2.78723
1.73344 -1.41177 2.01099 1.54893 2.0403 1.93484 1.62761 1.46058 0.644527 0.505071 -1.63126 -0.882699 1.71894 -2.36003 1.43285 -2.78723
1.73909 -1.41177 2.01099 1.54893 2.0403 1.93484 1.62761 1.46058 0.644527 0.505071 -1.63126 -0.882699 1.71894 -2.36003 1.43285 -2.78723
1.74483 -1.41177 2.01099 1.54893 2.0403 1.93484 1.62761 1.46058 0.644527 0.505071 -1.63126 -0.882699 1.71894 -2.36003 1.43285 -2.78723
1.75037 -1.41177 2.01099 1.54893 2.0403 1.93484 1.62761 1.46058 0.644527 0.505071 -1.63126 -0.882699 1.71894 -2.36003 1.43285 -2.78723
1.75584 -1.41177 2.01099 1.54893 2.0403 1.93484 1.62761 1.46058 0.644527 0.505071 -1.63126 -0.882699 1.71894 -2.36003 1.43285 -2.78723
1.76162 -1.41177 2.01099 1.54893 2.0403 1.93484 1.62761 1.46058 0.644527 0.505071 -1.63126 -0.882699 1.71894 -2.36003 1.43285 -2.78723
1.76751 -1.41177 2.01099 1.54893 2.0403 1.93484 1.62761 1.46058 0.644527 0.505071 -1.63126 -0.882699 1.71894 -2.36003 1.43285 -2.78723
1.77354 -1.41177 2.01099 1.54893 2.0403 1.93484 1.62761 1.46058 0.644527 0.505071 -1.63126 -0.882699 1.71894 -2.36003 1.43285 -2.78723
1.77985 -1.41177 2.01099 1.54893 2.0403 1.93484 1.62761 1.46058 0.644527 0.505071 -1.63126 -0.882699 1.71894 -2.36003 1.43285 -2.78723
1.78638 -1.41177 2.01099 1.54893 2.0403 1.93484 1.62761 1.46058 0.644527 0.505071 -1.63126 -0.882699 1.71894 -2.36003 1.43285 -2.78723
1.793 -1.41177 2.01099 1.54893 2.0403 1.93484 1.62761 1.46058 0.644527 0.505071 -1.63126 -0.882699 1.71894 -2.36003 1.43285 -2.78723
1.80014 -1.41177 2.01099 1.54893 2.0403 1.93484 1.62761 1.46058 0.644527 0.505071 -1.63126 -0.882699 1.71894 -2.36003 1.43285 -2.78723
1.80758 -1.41177 2.01099 1.54893 2.0403 1.93484 1.62761 1.46058 0.644527 0.505071 -1.63126 -0.882699 1.71894 -2.36003 1.43285 -2.78723
1.81486 -1.41177 2.01099 1.54893 2.0403 1.93484 1.62761 1.46058 0.644527 0.505071 -1.63126 -0.882699 1.71894 -2.36003 1.43285 -2.78723
1.82247 -1.41177 2.01099 1.54893 2.0403 1.93484 1.62761 1.46058 0.644527 0.505071 -1.63126 -0.882699 1.71894 -2.36003 1.43285 -2.78723
1.83022 -1.41177 2.01099 1.54893 2.0403 1.93484 1.62761 1.46058 0.644527 0.505071 -1.63126 -0.882699 1.71894 -2.36003 1.43285 -2.78723
1.83822 -1.41177 2.01099 1.54893 2.0403 1.93484 1.62761 1.46058 0.644527 0.505071 -1.63126 -0.882699 1.71894 -2.36003 1.43285 -2.78723
1.84642 -1.41177 2.01099 1.54893 2.0403 1.93484 1.62761 1.46058 0.644527 0.505071 -1.63126 -0.882699 1.71894 -2.36003 1.43285 -2.78723
1.85472 -1.41177 2.01099 1.54893 2.0403 1.93484 1.62761 1.46058 0.644527 0.505071 -1.63126 -0.882699 1.71894 -2.36003 1.43285 -2.78723
1.86349 -1.41177 2.01099 1.54893 2.0403 1.93484 1.62761 1.46058 0.644527 0.505071 -1.63126 -0.882699 1.71894 -2.36003 1.43285 -2.78723
1.87251 -1.41177 2.01099 1.54893 2.0403 1.93484 1.62761 1.46058 0.644527 0.505071 -1.63126 -0.882699 1.71894 -2.36003 1.43285 -2.78723
1.88168 -1.41177 2.01099 1.54893 2.0403 1.93484 1.62761 1.46058 0.644527 0.505071 -1.63126 -0.882699 1.71894 -2.36003 1.43285 -2.78723
1.87342 -1.41177 2.01099 1.54893 2.0403 1.93484 1.62761 1.46058 0.644527 0.505071 -1.63126 -0.882699 1.71894 -2.36003 1.43285 -2.78723
1.8712 -1.41177 2.01099 1.54893 2.0403 1.93484 1.62761 1.46058 0.644527 0.505071 -1.63126 -0.882699 1.71894 -2.36003 1.43285 -2.78723
1.86895 -1.41177 2.01099 1.54893 2.0403 1.93484 1.62761 1.46058 0.644527 0.505071 -1.63126 -0.882699 1.71894 -2.36003 1.43285 -2.78723
1.86669 -1.41177 2.01099 1.54893 2.0403 1.93484 1.62761 1.46058 0.644527 0.505071 -1.63126 -0.882699 1.71894 -2.36003 1.43285 -2.78723
1.86445 -1.41177 2.01099 1.54893 2.0403 1.93484 1.62761 1.46058 0.644527 0.505071 -1.63126 -0.882699 1.71894 -2.36003 1.43285 -2.78723
1.86213 -1.41177 2.01099 1.54893 2.0403 1.93484 1.62761 1.46058 0.644527 0.505071 -1.63126 -0.882699 1.71894 -2.36003 1.43285 -2.78723
1.85988 -1.41177 2.01099 1.54893 2.0403 1.93484 1.62761 1.46058 0.644527 0.505071 -1.63126 -0.882699 1.71894 -2.36003 1.43285 -2.78723
1.85759 -1.41177 2.01099 1.54893 2.0403 1.93484 1.62761 1.46058 0.644527 0.505071 -1.63126 -0.882699 1.71894 -2.36003 1.43285 -2.78723
1.85529 -1.41177 2.01099 1.54893 2.0403 1.93484 1.62761 1.46058 0.644527 0.505071 -1.63126 -0.882699 1.71894 -2.36003 1.43285 -2.78723
1.85298 -1.41177 2.01099 1.54893 2.0403 1.93484 1.62761 1.46058 0.644527 0.505071 -1.63126 -0.882699 1.71894 -2.36003 1.43285 -2.78723
1.84884 -1.41177 2.01099 1.54893 2.0403 1.93484 1.62761 1.46058 0.644527 0.505071 -1.63126 -0.882699 1.71894 -2.36003 1.43285 -2.78723
1.8446 -1.41177 2.01099 1.54893 2.0403 1.93484 1.62761 1.46058 0.644527 0.505071 -1.63126 -0.882699 1.71894 -2.36003 1.43285 -2.78723
1.84026 -1.41177 2.01099 1.54893 2.0403 1.93484 1.62761 1.46058 0.644527 0.505071 -1.63126 -0.882699 1.71894 -2.36003 1.43285 -2.78723
1.83593 -1.41177 2.01099 1.54893 2.0403 1.93484 1.62761 1.46058 0.644527 0.505071 -1.63126 -0.882699 1.71894 -2.36003 1.43285 -2.78723
1.8315 -1.41177 2.01099 1.54893 2.0403 1.93484 1.62761 1.46058 0.644527 0.505071 -1.63126 -0.882699 1.71894 -2.36003 1.43285 -2.78723
1.82707 -1.41177 2.01099 1.54893 2.0403 1.93484 1.62761 1.46058 0.644527 0.505071 -1.63126 -0.882699 1.71894 -2.36003 1.43285 -2.78723
1.82267 -1.41177 2.01099 1.54893 2.0403 1.93484 1.62761 1.46058 0.644527 0.505071 -1.63126 -0.882699 1.71894 -2.36003 1.43285 -2.78723
1.81839 -1.41177 2.01099 1.54893 2.0403 1.93484 1.62761 1.46058 0.644527 0.505071 -1.63126 -0.882699 1.71894 -2.36003 1.43285 -2.78723
1.81413 -1.41177 2.01099 1.54893 2.0403 1.93484 1.62761 1.46058 0.644527 0.505071 -1.63126 -0.882699 1.71894 -2.36003 1.43285 -2.78723
1.80975 -1.41177 2.01099 1.54893 2.0403 1.93484 1.62761 1.46058 0.644527 0.505071 -1.63126 -0.882699 1.71894 -2.36003 1.43285 -2.78723
1.80541 -1.41177 2.01099 1.54893 2.0403 1.93484 1.62761 1.46058 0.644527 0.505071 -1.63126 -0.882699 1.71894 -2.36003 1.43285 -2.78723
1.80097 -1.41177 2.01099 1.54893 2.0403 1.93484 1.62761 1.46058 0.644527 0.505071 -1.63126 -0.882699 1.71894 -2.36003 1.43285 -2.78723
1.79634 -1.41177 2.01099 1.54893 2.0403 1.93484 1.62761 1.46058 0.644527 0.505071 -1.63126 -0.882699 1.71894 -2.36003 1.43285 -2.78723
1.79144 -1.41177 2.01099 1.54893 2.0403 1.93484 1.62761 1.46058 0.644527 0.505071 -1.63126 -0.882699 1.71894 -2.36003 1.43285 -2.78723
1.78696 -1.41177 2.01099 1.54893 2.0403 1.93484 1.62761 1.46058 0.644527 0.505071 -1.63126 -0.882699 1.71894 -2.36003 1.43285 -2.78723
1.7824 -1.41177 2.01099 1.54893 2.0403 1.93484 1.62761 1.46058 0.644527 0.505071 -1.63126 -0.882699 1.71894 -2.36003 1.43285 -2.78723
1.77787 -1.41177 2.01099 1.54893 2.0403 1.93484 1.62761 1.46058 0.644527 0.505071 -1.63126 -0.882699 1.71894 -2.36003 1.43285 -2.78723
1.77339 -1.41177 2.01099 1.54893 2.0403 1.93484 1.62761 1.46058 0.644527 0.505071 -1.63126 -0.882699 1.71894 -2.36003 1.43285 -2.78723
1.76888 -1.41177 2.01099 1.54893 2.0403 1.93484 1.62761 1.46058 0.644527 0.505071 -1.63126 -0.882699 1.71894 -2.36003 1.43285 -2.78723
1.76435 -1.41177 2.01099 1.54893 2.0403 1.93484 1.62761 1.46058 0.644527 0.505071 -1.63126 -0.882699 1.71894 -2.36003 1.43285 -2.78723
1.7598 -1.41177 2.01099 1.54893 2.0403 1.93484 1.62761 1.46058 0.644527 0.505071 -1.63126 -0.882699 1.71894 -2.36003 1.43285 -2.78723
1.75523 -1.41177 2.01099 1.54893 2.0403 1.93484 1.62761 1.46058 0.644527 0.505071 -1.63126 -0.882699 1.71894 -2.36003 1.43285 -2.78723
1.75057 -1.41177 2.01099 1.54893 2.0403 1.93484 1.62761 1.46058 0.644527 0.505071 -1.63126 -0.882699 1.71894 -2.36003 1.43285 -2.78723
1.74597 -1.41177 2.01099 1.54893 2.0403 1.93484 1.62761 1.46058 0.644527 0.505071 -1.63126 -0.882699 1.71894 -2.36003 1.43285 -2.78723
1.74134 -1.41177 2.01099 1.54893 2.0403 1.93484 1.62761 1.46058 0.644527 0.505071 -1.63126 -0.882699 1.71894 -2.36003 1.43285 -2.78723
1.73672 -1.41177 2.01099 1.54893 2.0403 1.93484 1.62761 1.46058 0.644527 0.505071 -1.63126 -0.882699 1.71894 -2.36003 1.43285 -2.78723
1.73206 -1.41177 2.01099 1.54893 2.0403 1.93484 1.62761 1.46058 0.644527 0.505071 -1.63126 -0.882699 1.71894 -2.36003 1.43285 -2.78723
1.72731 -1.41177 2.01099 1.54893 2.0403 1.93484 1.62761 1.46058 0.644527 0.505071 -1.63126 -0.882699 1.71894 -2.36003 1.43285 -2.78723
1.72258 -1.41177 2.01099 1.54893 2.0403 1.93484 1.62761 1.46058 0.644527 0.505071 -1.63126 -0.882699 1.71894 -2.36003 1.43285 -2.78723
1.71781 -1.41177 2.01099 1.54893 2.0403 1.93484 1.62761 1.46058 0.644527 0.505071 -1.63126 -0.882699 1.71894 -2.36003 1.43285 -2.78723
1.71301 -1.41177 2.01099 1.54893 2.0403 1.93484 1.62761 1.46058 0.644527 0.505071 -1.63126 -0.882699 1.71894 -2.36003 1.43285 -2.78723
1.70806 -1.41177 2.01099 1.54893 2.0403 1.93484 1.62761 1.46058 0.644527 0.505071 -1.63126 -0.882699 1.71894 -2.36003 1.43285 -2.78723
1.70312 -1.41177 2.01099 1.54893 2.0403 1.93484 1.62761 1.46058 0.644527 0.505071 -1.63126 -0.882699 1.71894 -2.36003 1.43285 -2.78723
1.69829 -1.41177 2.01099 1.54893 2.0403 1.93484 1.62761 1.46058 0.644527 0.505071 -1.63126 -0.882699 1.71894 -2.36003 1.43285 -2.78723
1.69347 -1.41177 2.01099 1.54893 2.0403 1.93484 1.62761 1.46058 0.644527 0.505071 -1.63126 -0.882699 1.71894 -2.36003 1.43285 -2.78723
1.68865 -1.41177 2.01099 1.54893 2.0403 1.93484 1.62761 1.46058 0.644527 0.505071 -1.63126 -0.882699 1.71894 -2.36003 1.43285 -2.78723
1.68374 -1.41177 2.01099 1.54893 2.0403 1.93484 1.62761 1.46058 0.644527 0.505071 -1.63126 -0.882699 1.71894 -2.36003 1.43285 -2.78723
1.67886 -1.41177 2.01099 1.54893 2.0403 1.93484 1.62761 1.46058 0.644527 0.505071 -1.63126 -0.882699 1.71894 -2.36003 1.43285 -2.78723
1.67392 -1.41177 2.01099 1.54893 2.0403 1.93484 1.62761 1.46058 0.644527 0.505071 -1.63126 -0.882699 1.71894 -2.36003 1.43285 -2.78723
1.66896 -1.41177 2.01099 1.54893 2.0403 1.93484 1.62761 1.46058 0.644527 0.505071 -1.63126 -0.882699 1.71894 -2.36003 1.43285 -2.78723
1.6638 -1.41177 2.01099 1.54893 2.0403 1.93484 1.62761 1.46058 0.644527 0.505071 -1.63126 -0.882699 1.71894 -2.36003 1.43285 -2.78723
1.6586 -1.41177 2.01099 1.54893 2.0403 1.93484 1.62761 1.46058 0.644527 0.505071 -1.63126 -0.882699 1.71894 -2.36003 1.43285 -2.78723
1.65361 -1.41177 2.01099 1.54893 2.0403 1.93484 1.62761 1.46058 0.644527 0.505071 -1.63126 -0.882699 1.71894 -2.36003 1.43285 -2.78723
1.64864 -1.41177 2.01099 1.54893 2.0403 1.93484 1.62761 1.46058 0.644527 0.505071 -1.63126 -0.882699 1.71894 -2.36003 1.43285 -2.78723
1.64356 -1.41177 2.01099 1.54893 2.0403 1.93484 1.62761 1.46058 0.644527 0.505071 -1.63126 -0.882699 1.71894 -2.36003 1.43285 -2.78723
1.63852 -1.41177 2.01099 1.54893 2.0403 1.93484 1.62761 1.46058 0.644527 0.505071 -1.63126 -0.882699 1.71894 -2.36003 1.43285 -2.78723
1.6334 -1.41177 2.01099 1.54893 2.0403 1.93484 1.62761 1.46058 0.644527 0.505071 -1.63126 -0.882699 1.71894 -2.36003 1.43285 -2.78723
1.62826 -1.41177 2.01099 1.54893 2.0403 1.93484 1.62761 1.46058 0.644527 0.505071 -1.63126 -0.882699 1.71894 -2.36003 1.43285 -2.78723
1.62312 -1.41177 2.01099 1.54893 2.0403 1.93484 1.62761 1.46058 0.644527 0.505071 -1.63126 -0.882699 1.71894 -2.36003 1.43285 -2.78723
1.61761 -1.41177 2.01099 1.54893 2.0403 1.93484 1.62761 1.46058 0.644527 0.505071 -1.63126 -0.882699 1.71894 -2.36003 1.43285 -2.78723
1.61233 -1.41177 2.01099 1.54893 2.0403 1.93484 1.62761 1.46058 0.644527 0.505071 -1.63126 -0.882699 1.71894 -2.36003 1.43285 -2.78723
1.60713 -1.41177 2.01099 1.54893 2.0403 1.93484 1.62761 1.46058 0.644527 0.505071 -1.63126 -0.882699 1.71894 -2.36003 1.43285 -2.78723
1.60188 -1.41177 2.01099 1.54893 2.0403 1.93484 1.62761 1.46058 0.644527 0.505071 -1.63126 -0.882699 1.71894 -2.36003 1.43285 -2.78723
1.59667 -1.41177 2.01099 1.54893 2.0403 1.93484 1.62761 1.46058 0.644527 0.505071 -1.63126 -0.882699 1.71894 -2.36003 1.43285 -2.78723
1.59113 -1.41177 2.01099 1.54893 2.0403 1.93484 1.62761 1.46058 0.644527 0.505071 -1.63126 -0.882699 1.71894 -2.36003 1.43285 -2.78723
1.58586 -1.41177 2.01099 1.54893 2.0403 1.93484 1.62761 1.46058 0.644527 0.505071 -1.63126 -0.882699 1.71894 -2.36003 1.43285 -2.78723
1.58047 -1.41177 2.01099 1.54893 2.0403 1.93484 1.62761 1.46058 0.644527 0.505071 -1.63126 -0.882699 1.71894 -2.36003 1.43285 -2.78723
1.57511 -1.41177 2.01099 1.54893 2.0403 1.93484 1.62761 1.46058 0.644527 0.505071 -1.63126 -0.882699 1.71894 -2.36003 1.43285 -2.78723
1.56961 -1.41177 2.01099 1.54893 2.0403 1.93484 1.62761 1.46058 0.644527 0.505071 -1.63126 -0.882699 1.71894 -2.36003 1.43285 -2.78723
1.56408 -1.41177 2.01099 1.54893 2.0403 1.93484 1.62761 1.46058 0.644527 0.505071 -1.63126 -0.882699 1.71894 -2.36003 1.43285 -2.78723
1.55853 -1.41177 2.01099 1.54893 2.0403 1.93484 1.62761 1.46058 0.644527 0.505071 -1.63126 -0.882699 1.71894 -2.36003 1.43285 -2.78723
