4.712
4.723
4.733
4.743
4.754
4.764
4.775
4.785
4.797
4.817
4.838
4.858
4.879
4.899
4.921
4.94
4.962
4.982
5.004
5.043
5.081
5.119
5.158
5.197
5.235
5.274
5.313
5.352
5.391
5.43
5.468
5.507
5.546
5.585
5.626
5.667
5.707
5.746
5.784
5.823
5.862
5.9
5.939
5.978
6.018
6.059
6.098
6.138
6.177
6.216
6.254
6.293
6.331
6.37
6.409
6.447
8.089
8.1
8.111
8.121
8.132
8.143
8.154
8.164
8.175
8.188
8.227
8.266
8.305
8.344
8.384
8.423
8.462
8.5
8.539
8.577
8.616
8.654
8.698
8.737
8.776
8.815
8.854
8.892
8.931
8.969
9.007
9.046
9.085
9.123
9.162
9.2
9.239
9.278
9.316
9.356
9.395
9.436
9.475
9.514
9.552
9.591
9.629
9.668
9.707
9.746
9.787
9.826
9.864
9.903
9.941
9.98
10.019
10.057
10.098
10.138
10.177
10.215
10.254
10.294
10.333
10.371
10.41
10.449
10.488
10.528
10.568
