1.4715 1.5038 1.66829 0.377333 -1.47083 0.547434 -2.5342 -0.0353372 -2.5235 2.25136 0.107134 -1.63601 1.83191 0.47619 -0.208057 -3.12143
1.4715 1.5038 1.66829 0.377333 -1.47083 0.547434 -2.5342 -0.0353372 -2.5235 2.25136 0.107134 -1.63601 1.83191 0.47619 -0.208057 -3.12143
1.4715 1.5038 1.66829 0.377333 -1.47083 0.547434 -2.5342 -0.0353372 -2.5235 2.25136 0.107134 -1.63601 1.83191 0.47619 -0.208057 -3.12143
1.4715 1.5038 1.66829 0.377333 -1.47083 0.547434 -2.5342 -0.0353372 -2.5235 2.25136 0.107134 -1.63601 1.83191 0.47619 -0.208057 -3.12143
1.4715 1.5038 1.66829 0.377333 -1.47083 0.547434 -2.5342 -0.0353372 -2.5235 2.25136 0.107134 -1.63601 1.83191 0.47619 -0.208057 -3.12143
1.4715 1.5038 1.66829 0.377333 -1.47083 0.547434 -2.5342 -0.0353372 -2.5235 2.25136 0.107134 -1.63601 1.83191 0.47619 -0.208057 -3.12143
1.4715 1.5038 1.66829 0.377333 -1.47083 0.547434 -2.5342 -0.0353372 -2.5235 2.25136 0.107134 -1.63601 1.83191 0.47619 -0.208057 -3.12143
1.4715 1.5038 1.66829 0.377333 -1.47083 0.547434 -2.5342 -0.0353372 -2.5235 2.25136 0.107134 -1.63601 1.83191 0.47619 -0.208057 -3.12143
1.4715 1.5038 1.66829 0.377333 -1.47083 0.547434 -2.5342 -0.0353372 -2.5235 2.25136 0.107134 -1.63601 1.83191 0.47619 -0.208057 -3.12143
1.4715 1.5038 1.66829 0.377333 -1.47083 0.547434 -2.5342 -0.0353372 -2.5235 2.25136 0.107134 -1.63601 1.83191 0.47619 -0.208057 -3.12143
1.4715 1.5038 1.66829 0.377333 -1.47083 0.547434 -2.5342 -0.0353372 -2.5235 2.25136 0.107134 -1.63601 1.83191 0.47619 -0.208057 -3.12143
1.47149 1.5038 1.66829 0.377333 -1.47083 0.547434 -2.5342 -0.0353372 -2.5235 2.25136 0.107134 -1.63601 1.83191 0.47619 -0.208057 -3.12143
1.47136 1.5038 1.66829 0.377333 -1.47083 0.547434 -2.5342 -0.0353372 -2.5235 2.25136 0.107134 -1.63601 1.83191 0.47619 -0.208057 -3.12143
1.47114 1.5038 1.66829 0.377333 -1.47083 0.547434 -2.5342 -0.0353372 -2.5235 2.25136 0.107134 -1.63601 1.83191 0.47619 -0.208057 -3.12143
1.47049 1.5038 1.66829 0.377333 -1.47083 0.547434 -2.5342 -0.0353372 -2.5235 2.25136 0.107134 -1.63601 1.83191 0.47619 -0.208057 -3.12143
1.4696 1.5038 1.66829 0.377333 -1.47083 0.547434 -2.5342 -0.0353372 -2.5235 2.25136 0.107134 -1.63601 1.83191 0.47619 -0.208057 -3.12143
1.46842 1.5038 1.66829 0.377333 -1.47083 0.547434 -2.5342 -0.0353372 -2.5235 2.25136 0.107134 -1.63601 1.83191 0.47619 -0.208057 -3.12143
1.46703 1.5038 1.66829 0.377333 -1.47083 0.547434 -2.5342 -0.0353372 -2.5235 2.25136 0.107134 -1.63601 1.83191 0.47619 -0.208057 -3.12143
1.46529 1.5038 1.66829 0.377333 -1.47083 0.547434 -2.5342 -0.0353372 -2.5235 2.25136 0.107134 -1.63601 1.83191 0.47619 -0.208057 -3.12143
1.46382 1.5038 1.66829 0.377333 -1.47083 0.547434 -2.5342 -0.0353372 -2.5235 2.25136 0.107134 -1.63601 1.83191 0.47619 -0.208057 -3.12143
1.46148 1.5038 1.66829 0.377333 -1.47083 0.547434 -2.5342 -0.0353372 -2.5235 2.25136 0.107134 -1.63601 1.83191 0.47619 -0.208057 -3.12143
1.45895 1.5038 1.66829 0.377333 -1.47083 0.547434 -2.5342 -0.0353372 -2.5235 2.25136 0.107134 -1.63601 1.83191 0.47619 -0.208057 -3.12143
1.45549 1.5038 1.66829 0.377333 -1.47083 0.547434 -2.5342 -0.0353372 -2.5235 2.25136 0.107134 -1.63601 1.83191 0.47619 -0.208057 -3.12143
1.45113 1.5038 1.66829 0.377333 -1.47083 0.547434 -2.5342 -0.0353372 -2.5235 2.25136 0.107134 -1.63601 1.83191 0.47619 -0.208057 -3.12143
1.44651 1.5038 1.66829 0.377333 -1.47083 0.547434 -2.5342 -0.0353372 -2.5235 2.25136 0.107134 -1.63601 1.83191 0.47619 -0.208057 -3.12143
1.44205 1.5038 1.66829 0.377333 -1.47083 0.547434 -2.5342 -0.0353372 -2.5235 2.25136 0.107134 -1.63601 1.83191 0.47619 -0.208057 -3.12143
1.43764 1.5038 1.66829 0.377333 -1.47083 0.547434 -2.5342 -0.0353372 -2.5235 2.25136 0.107134 -1.63601 1.83191 0.47619 -0.208057 -3.12143
1.43311 1.5038 1.66829 0.377333 -1.47083 0.547434 -2.5342 -0.0353372 -2.5235 2.25136 0.107134 -1.63601 1.83191 0.47619 -0.208057 -3.12143
1.42853 1.5038 1.66829 0.377333 -1.47083 0.547434 -2.5342 -0.0353372 -2.5235 2.25136 0.107134 -1.63601 1.83191 0.47619 -0.208057 -3.12143
1.42397 1.5038 1.66829 0.377333 -1.47083 0.547434 -2.5342 -0.0353372 -2.5235 2.25136 0.107134 -1.63601 1.83191 0.47619 -0.208057 -3.12143
1.41938 1.5038 1.66829 0.377333 -1.47083 0.547434 -2.5342 -0.0353372 -2.5235 2.25136 0.107134 -1.63601 1.83191 0.47619 -0.208057 -3.12143
1.41469 1.5038 1.66829 0.377333 -1.47083 0.547434 -2.5342 -0.0353372 -2.5235 2.25136 0.107134 -1.63601 1.83191 0.47619 -0.208057 -3.12143
1.40997 1.5038 1.66829 0.377333 -1.47083 0.547434 -2.5342 -0.0353372 -2.5235 2.25136 0.107134 -1.63601 1.83191 0.47619 -0.208057 -3.12143
1.40532 1.5038 1.66829 0.377333 -1.47083 0.547434 -2.5342 -0.0353372 -2.5235 2.25136 0.107134 -1.63601 1.83191 0.47619 -0.208057 -3.12143
1.40067 1.5038 1.66829 0.377333 -1.47083 0.547434 -2.5342 -0.0353372 -2.5235 2.25136 0.107134 -1.63601 1.83191 0.47619 -0.208057 -3.12143
1.39589 1.5038 1.66829 0.377333 -1.47083 0.547434 -2.5342 -0.0353372 -2.5235 2.25136 0.107134 -1.63601 1.83191 0.47619 -0.208057 -3.12143
1.39114 1.5038 1.66829 0.377333 -1.47083 0.547434 -2.5342 -0.0353372 -2.5235 2.25136 0.107134 -1.63601 1.83191 0.47619 -0.208057 -3.12143
1.38636 1.5038 1.66829 0.377333 -1.47083 0.547434 -2.5342 -0.0353372 -2.5235 2.25136 0.107134 -1.63601 1.83191 0.47619 -0.208057 -3.12143
1.38152 1.5038 1.66829 0.377333 -1.47083 0.547434 -2.5342 -0.0353372 -2.5235 2.25136 0.107134 -1.63601 1.83191 0.47619 -0.208057 -3.12143
1.37673 1.5038 1.66829 0.377333 -1.47083 0.547434 -2.5342 -0.0353372 -2.5235 2.25136 0.107134 -1.63601 1.83191 0.47619 -0.208057 -3.12143
1.37174 1.5038 1.66829 0.377333 -1.47083 0.547434 -2.5342 -0.0353372 -2.5235 2.25136 0.107134 -1.63601 1.83191 0.47619 -0.208057 -3.12143
1.36695 1.5038 1.66829 0.377333 -1.47083 0.547434 -2.5342 -0.0353372 -2.5235 2.25136 0.107134 -1.63601 1.83191 0.47619 -0.208057 -3.12143
1.36212 1.5038 1.66829 0.377333 -1.47083 0.547434 -2.5342 -0.0353372 -2.5235 2.25136 0.107134 -1.63601 1.83191 0.47619 -0.208057 -3.12143
1.35731 1.5038 1.66829 0.377333 -1.47083 0.547434 -2.5342 -0.0353372 -2.5235 2.25136 0.107134 -1.63601 1.83191 0.47619 -0.208057 -3.12143
1.3525 1.5038 1.66829 0.377333 -1.47083 0.547434 -2.5342 -0.0353372 -2.5235 2.25136 0.107134 -1.63601 1.83191 0.47619 -0.208057 -3.12143
1.34762 1.5038 1.66829 0.377333 -1.47083 0.547434 -2.5342 -0.0353372 -2.5235 2.25136 0.107134 -1.63601 1.83191 0.47619 -0.208057 -3.12143
1.34279 1.5038 1.66829 0.377333 -1.47083 0.547434 -2.5342 -0.0353372 -2.5235 2.25136 0.107134 -1.63601 1.83191 0.47619 -0.208057 -3.12143
1.3379 1.5038 1.66829 0.377333 -1.47083 0.547434 -2.5342 -0.0353372 -2.5235 2.25136 0.107134 -1.63601 1.83191 0.47619 -0.208057 -3.12143
1.33299 1.5038 1.66829 0.377333 -1.47083 0.547434 -2.5342 -0.0353372 -2.5235 2.25136 0.107134 -1.63601 1.83191 0.47619 -0.208057 -3.12143
1.32807 1.5038 1.66829 0.377333 -1.47083 0.547434 -2.5342 -0.0353372 -2.5235 2.25136 0.107134 -1.63601 1.83191 0.47619 -0.208057 -3.12143
1.32306 1.5038 1.66829 0.377333 -1.47083 0.547434 -2.5342 -0.0353372 -2.5235 2.25136 0.107134 -1.63601 1.83191 0.47619 -0.208057 -3.12143
1.31807 1.5038 1.66829 0.377333 -1.47083 0.547434 -2.5342 -0.0353372 -2.5235 2.25136 0.107134 -1.63601 1.83191 0.47619 -0.208057 -3.12143
1.31309 1.5038 1.66829 0.377333 -1.47083 0.547434 -2.5342 -0.0353372 -2.5235 2.25136 0.107134 -1.63601 1.83191 0.47619 -0.208057 -3.12143
1.30812 1.5038 1.66829 0.377333 -1.47083 0.547434 -2.5342 -0.0353372 -2.5235 2.25136 0.107134 -1.63601 1.83191 0.47619 -0.208057 -3.12143
1.30316 1.5038 1.66829 0.377333 -1.47083 0.547434 -2.5342 -0.0353372 -2.5235 2.25136 0.107134 -1.63601 1.83191 0.47619 -0.208057 -3.12143
1.29814 1.5038 1.66829 0.377333 -1.47083 0.547434 -2.5342 -0.0353372 -2.5235 2.25136 0.107134 -1.63601 1.83191 0.47619 -0.208057 -3.12143
1.29303 1.5038 1.66829 0.377333 -1.47083 0.547434 -2.5342 -0.0353372 -2.5235 2.25136 0.107134 -1.63601 1.83191 0.47619 -0.208057 -3.12143
1.28798 1.5038 1.66829 0.377333 -1.47083 0.547434 -2.5342 -0.0353372 -2.5235 2.25136 0.107134 -1.63601 1.83191 0.47619 -0.208057 -3.12143
1.28295 1.5038 1.66829 0.377333 -1.47083 0.547434 -2.5342 -0.0353372 -2.5235 2.25136 0.107134 -1.63601 1.83191 0.47619 -0.208057 -3.12143
1.27788 1.5038 1.66829 0.377333 -1.47083 0.547434 -2.5342 -0.0353372 -2.5235 2.25136 0.107134 -1.63601 1.83191 0.47619 -0.208057 -3.12143
1.27261 1.5038 1.66829 0.377333 -1.47083 0.547434 -2.5342 -0.0353372 -2.5235 2.25136 0.107134 -1.63601 1.83191 0.47619 -0.208057 -3.12143
1.26745 1.5038 1.66829 0.377333 -1.47083 0.547434 -2.5342 -0.0353372 -2.5235 2.25136 0.107134 -1.63601 1.83191 0.47619 -0.208057 -3.12143
1.26226 1.5038 1.66829 0.377333 -1.47083 0.547434 -2.5342 -0.0353372 -2.5235 2.25136 0.107134 -1.63601 1.83191 0.47619 -0.208057 -3.12143
1.25701 1.5038 1.66829 0.377333 -1.47083 0.547434 -2.5342 -0.0353372 -2.5235 2.25136 0.107134 -1.63601 1.83191 0.47619 -0.208057 -3.12143
1.25172 1.5038 1.66829 0.377333 -1.47083 0.547434 -2.5342 -0.0353372 -2.5235 2.25136 0.107134 -1.63601 1.83191 0.47619 -0.208057 -3.12143
1.23937 1.5038 1.66829 0.377333 -1.47083 0.547434 -2.5342 -0.0353372 -2.5235 2.25136 0.107134 -1.63601 1.83191 0.47619 -0.208057 -3.12143
1.23937 1.5038 1.66829 0.377333 -1.47083 0.547434 -2.5342 -0.0353372 -2.5235 2.25136 0.107134 -1.63601 1.83191 0.47619 -0.208057 -3.12143
1.23937 1.5038 1.66829 0.377333 -1.47083 0.547434 -2.5342 -0.0353372 -2.5235 2.25136 0.107134 -1.63601 1.83191 0.47619 -0.208057 -3.12143
1.23937 1.5038 1.66829 0.377333 -1.47083 0.547434 -2.5342 -0.0353372 -2.5235 2.25136 0.107134 -1.63601 1.83191 0.47619 -0.208057 -3.12143
1.23937 1.5038 1.66829 0.377333 -1.47083 0.547434 -2.5342 -0.0353372 -2.5235 2.25136 0.107134 -1.63601 1.83191 0.47619 -0.208057 -3.12143
1.23937 1.5038 1.66829 0.377333 -1.47083 0.547434 -2.5342 -0.0353372 -2.5235 2.25136 0.107134 -1.63601 1.83191 0.47619 -0.208057 -3.12143
1.23937 1.5038 1.66829 0.377333 -1.47083 0.547434 -2.5342 -0.0353372 -2.5235 2.25136 0.107134 -1.63601 1.83191 0.47619 -0.208057 -3.12143
1.23937 1.5038 1.66829 0.377333 -1.47083 0.547434 -2.5342 -0.0353372 -2.5235 2.25136 0.107134 -1.63601 1.83191 0.47619 -0.208057 -3.12143
1.23937 1.5038 1.66829 0.377333 -1.47083 0.547434 -2.5342 -0.0353372 -2.5235 2.25136 0.107134 -1.63601 1.83191 0.47619 -0.208057 -3.12143
1.23937 1.5038 1.66829 0.377333 -1.47083 0.547434 -2.5342 -0.0353372 -2.5235 2.25136 0.107134 -1.63601 1.83191 0.47619 -0.208057 -3.12143
1.23937 1.5038 1.66829 0.377333 -1.47083 0.547434 -2.5342 -0.0353372 -2.5235 2.25136 0.107134 -1.63601 1.83191 0.47619 -0.208057 -3.12143
1.23937 1.5038 1.66829 0.377333 -1.47083 0.547434 -2.5342 -0.0353372 -2.5235 2.25136 0.107134 -1.63601 1.83191 0.47619 -0.208057 -3.12143
1.23936 1.5038 1.66829 0.377333 -1.47083 0.547434 -2.5342 -0.0353372 -2.5235 2.25136 0.107134 -1.63601 1.83191 0.47619 -0.208057 -3.12143
1.23936 1.5038 1.66829 0.377333 -1.47083 0.547434 -2.5342 -0.0353372 -2.5235 2.25136 0.107134 -1.63601 1.83191 0.47619 -0.208057 -3.12143
1.23993 1.5038 1.66829 0.377333 -1.47083 0.547434 -2.5342 -0.0353372 -2.5235 2.25136 0.107134 -1.63601 1.83191 0.47619 -0.208057 -3.12143
1.24073 1.5038 1.66829 0.377333 -1.47083 0.547434 -2.5342 -0.0353372 -2.5235 2.25136 0.107134 -1.63601 1.83191 0.47619 -0.208057 -3.12143
1.24177 1.5038 1.66829 0.377333 -1.47083 0.547434 -2.5342 -0.0353372 -2.5235 2.25136 0.107134 -1.63601 1.83191 0.47619 -0.208057 -3.12143
1.24327 1.5038 1.66829 0.377333 -1.47083 0.547434 -2.5342 -0.0353372 -2.5235 2.25136 0.107134 -1.63601 1.83191 0.47619 -0.208057 -3.12143
1.24536 1.5038 1.66829 0.377333 -1.47083 0.547434 -2.5342 -0.0353372 -2.5235 2.25136 0.107134 -1.63601 1.83191 0.47619 -0.208057 -3.12143
1.24794 1.5038 1.66829 0.377333 -1.47083 0.547434 -2.5342 -0.0353372 -2.5235 2.25136 0.107134 -1.63601 1.83191 0.47619 -0.208057 -3.12143
1.25079 1.5038 1.66829 0.377333 -1.47083 0.547434 -2.5342 -0.0353372 -2.5235 2.25136 0.107134 -1.63601 1.83191 0.47619 -0.208057 -3.12143
1.25352 1.5038 1.66829 0.377333 -1.47083 0.547434 -2.5342 -0.0353372 -2.5235 2.25136 0.107134 -1.63601 1.83191 0.47619 -0.208057 -3.12143
1.25609 1.5038 1.66829 0.377333 -1.47083 0.547434 -2.5342 -0.0353372 -2.5235 2.25136 0.107134 -1.63601 1.83191 0.47619 -0.208057 -3.12143
1.25871 1.5038 1.66829 0.377333 -1.47083 0.547434 -2.5342 -0.0353372 -2.5235 2.25136 0.107134 -1.63601 1.83191 0.47619 -0.208057 -3.12143
1.26142 1.5038 1.66829 0.377333 -1.47083 0.547434 -2.5342 -0.0353372 -2.5235 2.25136 0.107134 -1.63601 1.83191 0.47619 -0.208057 -3.12143
1.2643 1.5038 1.66829 0.377333 -1.47083 0.547434 -2.5342 -0.0353372 -2.5235 2.25136 0.107134 -1.63601 1.83191 0.47619 -0.208057 -3.12143
1.26739 1.5038 1.66829 0.377333 -1.47083 0.547434 -2.5342 -0.0353372 -2.5235 2.25136 0.107134 -1.63601 1.83191 0.47619 -0.208057 -3.12143
1.27057 1.5038 1.66829 0.377333 -1.47083 0.547434 -2.5342 -0.0353372 -2.5235 2.25136 0.107134 -1.63601 1.83191 0.47619 -0.208057 -3.12143
1.27356 1.5038 1.66829 0.377333 -1.47083 0.547434 -2.5342 -0.0353372 -2.5235 2.25136 0.107134 -1.63601 1.83191 0.47619 -0.208057 -3.12143
1.27647 1.5038 1.66829 0.377333 -1.47083 0.547434 -2.5342 -0.0353372 -2.5235 2.25136 0.107134 -1.63601 1.83191 0.47619 -0.208057 -3.12143
1.27945 1.5038 1.66829 0.377333 -1.47083 0.547434 -2.5342 -0.0353372 -2.5235 2.25136 0.107134 -1.63601 1.83191 0.47619 -0.208057 -3.12143
1.28259 1.5038 1.66829 0.377333 -1.47083 0.547434 -2.5342 -0.0353372 -2.5235 2.25136 0.107134 -1.63601 1.83191 0.47619 -0.208057 -3.12143
1.28592 1.5038 1.66829 0.377333 -1.47083 0.547434 -2.5342 -0.0353372 -2.5235 2.25136 0.107134 -1.63601 1.83191 0.47619 -0.208057 -3.12143
1.28937 1.5038 1.66829 0.377333 -1.47083 0.547434 -2.5342 -0.0353372 -2.5235 2.25136 0.107134 -1.63601 1.83191 0.47619 -0.208057 -3.12143
1.29277 1.5038 1.66829 0.377333 -1.47083 0.547434 -2.5342 -0.0353372 -2.5235 2.25136 0.107134 -1.63601 1.83191 0.47619 -0.208057 -3.12143
1.29603 1.5038 1.66829 0.377333 -1.47083 0.547434 -2.5342 -0.0353372 -2.5235 2.25136 0.107134 -1.63601 1.83191 0.47619 -0.208057 -3.12143
1.29938 1.5038 1.66829 0.377333 -1.47083 0.547434 -2.5342 -0.0353372 -2.5235 2.25136 0.107134 -1.63601 1.83191 0.47619 -0.208057 -3.12143
1.30286 1.5038 1.66829 0.377333 -1.47083 0.547434 -2.5342 -0.0353372 -2.5235 2.25136 0.107134 -1.63601 1.83191 0.47619 -0.208057 -3.12143
1.3067 1.5038 1.66829 0.377333 -1.47083 0.547434 -2.5342 -0.0353372 -2.5235 2.25136 0.107134 -1.63601 1.83191 0.47619 -0.208057 -3.12143
1.31087 1.5038 1.66829 0.377333 -1.47083 0.547434 -2.5342 -0.0353372 -2.5235 2.25136 0.107134 -1.63601 1.83191 0.47619 -0.208057 -3.12143
1.31497 1.5038 1.66829 0.377333 -1.47083 0.547434 -2.5342 -0.0353372 -2.5235 2.25136 0.107134 -1.63601 1.83191 0.47619 -0.208057 -3.12143
1.31882 1.5038 1.66829 0.377333 -1.47083 0.547434 -2.5342 -0.0353372 -2.5235 2.25136 0.107134 -1.63601 1.83191 0.47619 -0.208057 -3.12143
1.32276 1.5038 1.66829 0.377333 -1.47083 0.547434 -2.5342 -0.0353372 -2.5235 2.25136 0.107134 -1.63601 1.83191 0.47619 -0.208057 -3.12143
1.32706 1.5038 1.66829 0.377333 -1.47083 0.547434 -2.5342 -0.0353372 -2.5235 2.25136 0.107134 -1.63601 1.83191 0.47619 -0.208057 -3.12143
1.33162 1.5038 1.66829 0.377333 -1.47083 0.547434 -2.5342 -0.0353372 -2.5235 2.25136 0.107134 -1.63601 1.83191 0.47619 -0.208057 -3.12143
1.33611 1.5038 1.66829 0.377333 -1.47083 0.547434 -2.5342 -0.0353372 -2.5235 2.25136 0.107134 -1.63601 1.83191 0.47619 -0.208057 -3.12143
1.34053 1.5038 1.66829 0.377333 -1.47083 0.547434 -2.5342 -0.0353372 -2.5235 2.25136 0.107134 -1.63601 1.83191 0.47619 -0.208057 -3.12143
1.3452 1.5038 1.66829 0.377333 -1.47083 0.547434 -2.5342 -0.0353372 -2.5235 2.25136 0.107134 -1.63601 1.83191 0.47619 -0.208057 -3.12143
1.35041 1.5038 1.66829 0.377333 -1.47083 0.547434 -2.5342 -0.0353372 -2.5235 2.25136 0.107134 -1.63601 1.83191 0.47619 -0.208057 -3.12143
1.35538 1.5038 1.66829 0.377333 -1.47083 0.547434 -2.5342 -0.0353372 -2.5235 2.25136 0.107134 -1.63601 1.83191 0.47619 -0.208057 -3.12143
1.36043 1.5038 1.66829 0.377333 -1.47083 0.547434 -2.5342 -0.0353372 -2.5235 2.25136 0.107134 -1.63601 1.83191 0.47619 -0.208057 -3.12143
1.36564 1.5038 1.66829 0.377333 -1.47083 0.547434 -2.5342 -0.0353372 -2.5235 2.25136 0.107134 -1.63601 1.83191 0.47619 -0.208057 -3.12143
1.37108 1.5038 1.66829 0.377333 -1.47083 0.547434 -2.5342 -0.0353372 -2.5235 2.25136 0.107134 -1.63601 1.83191 0.47619 -0.208057 -3.12143
1.37653 1.5038 1.66829 0.377333 -1.47083 0.547434 -2.5342 -0.0353372 -2.5235 2.25136 0.107134 -1.63601 1.83191 0.47619 -0.208057 -3.12143
1.38201 1.5038 1.66829 0.377333 -1.47083 0.547434 -2.5342 -0.0353372 -2.5235 2.25136 0.107134 -1.63601 1.83191 0.47619 -0.208057 -3.12143
1.38768 1.5038 1.66829 0.377333 -1.47083 0.547434 -2.5342 -0.0353372 -2.5235 2.25136 0.107134 -1.63601 1.83191 0.47619 -0.208057 -3.12143
1.39358 1.5038 1.66829 0.377333 -1.47083 0.547434 -2.5342 -0.0353372 -2.5235 2.25136 0.107134 -1.63601 1.83191 0.47619 -0.208057 -3.12143
1.3997 1.5038 1.66829 0.377333 -1.47083 0.547434 -2.5342 -0.0353372 -2.5235 2.25136 0.107134 -1.63601 1.83191 0.47619 -0.208057 -3.12143
1.40582 1.5038 1.66829 0.377333 -1.47083 0.547434 -2.5342 -0.0353372 -2.5235 2.25136 0.107134 -1.63601 1.83191 0.47619 -0.208057 -3.12143
1.4122 1.5038 1.66829 0.377333 -1.47083 0.547434 -2.5342 -0.0353372 -2.5235 2.25136 0.107134 -1.63601 1.83191 0.47619 -0.208057 -3.12143
