34.748
34.758
34.769
34.779
34.79
34.8
34.81
34.821
34.831
34.843
34.863
34.884
34.904
34.925
34.946
34.966
34.987
35.007
35.028
35.048
35.087
35.127
35.165
35.203
35.242
35.28
35.318
35.357
35.395
35.434
35.472
35.511
35.55
35.588
35.627
35.666
35.705
35.745
35.784
35.824
35.863
35.902
35.941
35.979
36.017
36.056
36.095
36.133
36.171
36.211
36.25
36.288
36.327
36.365
36.404
36.442
36.481
36.519
36.558
36.596
36.636
36.675
36.714
36.753
36.792
37.135
37.146
37.156
37.167
37.178
37.188
37.199
37.21
37.221
37.234
37.273
37.311
37.349
37.388
37.427
37.465
37.504
37.542
37.581
37.62
37.659
37.698
37.736
37.775
37.814
37.853
37.893
37.932
37.971
38.01
38.048
38.087
38.126
38.165
38.203
38.242
38.28
38.319
38.358
38.397
38.436
38.474
38.513
38.552
38.59
38.628
38.667
38.706
38.746
38.785
38.825
38.864
38.902
38.941
38.979
39.017
39.056
39.095
39.134
39.172
