1.38015 0.541562 -3.13481 -0.72333 1.57234 1.74906 2.26988 1.14361 1.00222 -0.685471 1.3091 2.94961 1.43107 -2.31193 0.537053 -1.84603
1.38047 0.541562 -3.13481 -0.72333 1.57234 1.74906 2.26988 1.14361 1.00222 -0.685471 1.3091 2.94961 1.43107 -2.31193 0.537053 -1.84603
1.38093 0.541562 -3.13481 -0.72333 1.57234 1.74906 2.26988 1.14361 1.00222 -0.685471 1.3091 2.94961 1.43107 -2.31193 0.537053 -1.84603
1.38142 0.541562 -3.13481 -0.72333 1.57234 1.74906 2.26988 1.14361 1.00222 -0.685471 1.3091 2.94961 1.43107 -2.31193 0.537053 -1.84603
1.3819 0.541562 -3.13481 -0.72333 1.57234 1.74906 2.26988 1.14361 1.00222 -0.685471 1.3091 2.94961 1.43107 -2.31193 0.537053 -1.84603
1.38236 0.541562 -3.13481 -0.72333 1.57234 1.74906 2.26988 1.14361 1.00222 -0.685471 1.3091 2.94961 1.43107 -2.31193 0.537053 -1.84603
1.38283 0.541562 -3.13481 -0.72333 1.57234 1.74906 2.26988 1.14361 1.00222 -0.685471 1.3091 2.94961 1.43107 -2.31193 0.537053 -1.84603
1.38334 0.541562 -3.13481 -0.72333 1.57234 1.74906 2.26988 1.14361 1.00222 -0.685471 1.3091 2.94961 1.43107 -2.31193 0.537053 -1.84603
1.38386 0.541562 -3.13481 -0.72333 1.57234 1.74906 2.26988 1.14361 1.00222 -0.685471 1.3091 2.94961 1.43107 -2.31193 0.537053 -1.84603
1.38443 0.541562 -3.13481 -0.72333 1.57234 1.74906 2.26988 1.14361 1.00222 -0.685471 1.3091 2.94961 1.43107 -2.31193 0.537053 -1.84603
1.38506 0.541562 -3.13481 -0.72333 1.57234 1.74906 2.26988 1.14361 1.00222 -0.685471 1.3091 2.94961 1.43107 -2.31193 0.537053 -1.84603
1.38575 0.541562 -3.13481 -0.72333 1.57234 1.74906 2.26988 1.14361 1.00222 -0.685471 1.3091 2.94961 1.43107 -2.31193 0.537053 -1.84603
1.3865 0.541562 -3.13481 -0.72333 1.57234 1.74906 2.26988 1.14361 1.00222 -0.685471 1.3091 2.94961 1.43107 -2.31193 0.537053 -1.84603
1.3873 0.541562 -3.13481 -0.72333 1.57234 1.74906 2.26988 1.14361 1.00222 -0.685471 1.3091 2.94961 1.43107 -2.31193 0.537053 -1.84603
1.38815 0.541562 -3.13481 -0.72333 1.57234 1.74906 2.26988 1.14361 1.00222 -0.685471 1.3091 2.94961 1.43107 -2.31193 0.537053 -1.84603
1.38904 0.541562 -3.13481 -0.72333 1.57234 1.74906 2.26988 1.14361 1.00222 -0.685471 1.3091 2.94961 1.43107 -2.31193 0.537053 -1.84603
1.38993 0.541562 -3.13481 -0.72333 1.57234 1.74906 2.26988 1.14361 1.00222 -0.685471 1.3091 2.94961 1.43107 -2.31193 0.537053 -1.84603
1.39082 0.541562 -3.13481 -0.72333 1.57234 1.74906 2.26988 1.14361 1.00222 -0.685471 1.3091 2.94961 1.43107 -2.31193 0.537053 -1.84603
1.39171 0.541562 -3.13481 -0.72333 1.57234 1.74906 2.26988 1.14361 1.00222 -0.685471 1.3091 2.94961 1.43107 -2.31193 0.537053 -1.84603
1.39259 0.541562 -3.13481 -0.72333 1.57234 1.74906 2.26988 1.14361 1.00222 -0.685471 1.3091 2.94961 1.43107 -2.31193 0.537053 -1.84603
1.39434 0.541562 -3.13481 -0.72333 1.57234 1.74906 2.26988 1.14361 1.00222 -0.685471 1.3091 2.94961 1.43107 -2.31193 0.537053 -1.84603
1.39616 0.541562 -3.13481 -0.72333 1.57234 1.74906 2.26988 1.14361 1.00222 -0.685471 1.3091 2.94961 1.43107 -2.31193 0.537053 -1.84603
1.39807 0.541562 -3.13481 -0.72333 1.57234 1.74906 2.26988 1.14361 1.00222 -0.685471 1.3091 2.94961 1.43107 -2.31193 0.537053 -1.84603
1.40005 0.541562 -3.13481 -0.72333 1.57234 1.74906 2.26988 1.14361 1.00222 -0.685471 1.3091 2.94961 1.43107 -2.31193 0.537053 -1.84603
1.40198 0.541562 -3.13481 -0.72333 1.57234 1.74906 2.26988 1.14361 1.00222 -0.685471 1.3091 2.94961 1.43107 -2.31193 0.537053 -1.84603
1.40393 0.541562 -3.13481 -0.72333 1.57234 1.74906 2.26988 1.14361 1.00222 -0.685471 1.3091 2.94961 1.43107 -2.31193 0.537053 -1.84603
1.40596 0.541562 -3.13481 -0.72333 1.57234 1.74906 2.26988 1.14361 1.00222 -0.685471 1.3091 2.94961 1.43107 -2.31193 0.537053 -1.84603
1.40819 0.541562 -3.13481 -0.72333 1.57234 1.74906 2.26988 1.14361 1.00222 -0.685471 1.3091 2.94961 1.43107 -2.31193 0.537053 -1.84603
1.41043 0.541562 -3.13481 -0.72333 1.57234 1.74906 2.26988 1.14361 1.00222 -0.685471 1.3091 2.94961 1.43107 -2.31193 0.537053 -1.84603
1.41264 0.541562 -3.13481 -0.72333 1.57234 1.74906 2.26988 1.14361 1.00222 -0.685471 1.3091 2.94961 1.43107 -2.31193 0.537053 -1.84603
1.41501 0.541562 -3.13481 -0.72333 1.57234 1.74906 2.26988 1.14361 1.00222 -0.685471 1.3091 2.94961 1.43107 -2.31193 0.537053 -1.84603
1.41738 0.541562 -3.13481 -0.72333 1.57234 1.74906 2.26988 1.14361 1.00222 -0.685471 1.3091 2.94961 1.43107 -2.31193 0.537053 -1.84603
1.41982 0.541562 -3.13481 -0.72333 1.57234 1.74906 2.26988 1.14361 1.00222 -0.685471 1.3091 2.94961 1.43107 -2.31193 0.537053 -1.84603
1.42246 0.541562 -3.13481 -0.72333 1.57234 1.74906 2.26988 1.14361 1.00222 -0.685471 1.3091 2.94961 1.43107 -2.31193 0.537053 -1.84603
1.42529 0.541562 -3.13481 -0.72333 1.57234 1.74906 2.26988 1.14361 1.00222 -0.685471 1.3091 2.94961 1.43107 -2.31193 0.537053 -1.84603
1.42827 0.541562 -3.13481 -0.72333 1.57234 1.74906 2.26988 1.14361 1.00222 -0.685471 1.3091 2.94961 1.43107 -2.31193 0.537053 -1.84603
1.43108 0.541562 -3.13481 -0.72333 1.57234 1.74906 2.26988 1.14361 1.00222 -0.685471 1.3091 2.94961 1.43107 -2.31193 0.537053 -1.84603
1.43384 0.541562 -3.13481 -0.72333 1.57234 1.74906 2.26988 1.14361 1.00222 -0.685471 1.3091 2.94961 1.43107 -2.31193 0.537053 -1.84603
1.43669 0.541562 -3.13481 -0.72333 1.57234 1.74906 2.26988 1.14361 1.00222 -0.685471 1.3091 2.94961 1.43107 -2.31193 0.537053 -1.84603
1.43975 0.541562 -3.13481 -0.72333 1.57234 1.74906 2.26988 1.14361 1.00222 -0.685471 1.3091 2.94961 1.43107 -2.31193 0.537053 -1.84603
1.44312 0.541562 -3.13481 -0.72333 1.57234 1.74906 2.26988 1.14361 1.00222 -0.685471 1.3091 2.94961 1.43107 -2.31193 0.537053 -1.84603
1.44651 0.541562 -3.13481 -0.72333 1.57234 1.74906 2.26988 1.14361 1.00222 -0.685471 1.3091 2.94961 1.43107 -2.31193 0.537053 -1.84603
1.44991 0.541562 -3.13481 -0.72333 1.57234 1.74906 2.26988 1.14361 1.00222 -0.685471 1.3091 2.94961 1.43107 -2.31193 0.537053 -1.84603
1.45312 0.541562 -3.13481 -0.72333 1.57234 1.74906 2.26988 1.14361 1.00222 -0.685471 1.3091 2.94961 1.43107 -2.31193 0.537053 -1.84603
1.45652 0.541562 -3.13481 -0.72333 1.57234 1.74906 2.26988 1.14361 1.00222 -0.685471 1.3091 2.94961 1.43107 -2.31193 0.537053 -1.84603
1.46012 0.541562 -3.13481 -0.72333 1.57234 1.74906 2.26988 1.14361 1.00222 -0.685471 1.3091 2.94961 1.43107 -2.31193 0.537053 -1.84603
1.46411 0.541562 -3.13481 -0.72333 1.57234 1.74906 2.26988 1.14361 1.00222 -0.685471 1.3091 2.94961 1.43107 -2.31193 0.537053 -1.84603
1.46815 0.541562 -3.13481 -0.72333 1.57234 1.74906 2.26988 1.14361 1.00222 -0.685471 1.3091 2.94961 1.43107 -2.31193 0.537053 -1.84603
1.47192 0.541562 -3.13481 -0.72333 1.57234 1.74906 2.26988 1.14361 1.00222 -0.685471 1.3091 2.94961 1.43107 -2.31193 0.537053 -1.84603
1.47589 0.541562 -3.13481 -0.72333 1.57234 1.74906 2.26988 1.14361 1.00222 -0.685471 1.3091 2.94961 1.43107 -2.31193 0.537053 -1.84603
1.48005 0.541562 -3.13481 -0.72333 1.57234 1.74906 2.26988 1.14361 1.00222 -0.685471 1.3091 2.94961 1.43107 -2.31193 0.537053 -1.84603
1.48454 0.541562 -3.13481 -0.72333 1.57234 1.74906 2.26988 1.14361 1.00222 -0.685471 1.3091 2.94961 1.43107 -2.31193 0.537053 -1.84603
1.4893 0.541562 -3.13481 -0.72333 1.57234 1.74906 2.26988 1.14361 1.00222 -0.685471 1.3091 2.94961 1.43107 -2.31193 0.537053 -1.84603
1.49384 0.541562 -3.13481 -0.72333 1.57234 1.74906 2.26988 1.14361 1.00222 -0.685471 1.3091 2.94961 1.43107 -2.31193 0.537053 -1.84603
1.49854 0.541562 -3.13481 -0.72333 1.57234 1.74906 2.26988 1.14361 1.00222 -0.685471 1.3091 2.94961 1.43107 -2.31193 0.537053 -1.84603
1.50343 0.541562 -3.13481 -0.72333 1.57234 1.74906 2.26988 1.14361 1.00222 -0.685471 1.3091 2.94961 1.43107 -2.31193 0.537053 -1.84603
1.50856 0.541562 -3.13481 -0.72333 1.57234 1.74906 2.26988 1.14361 1.00222 -0.685471 1.3091 2.94961 1.43107 -2.31193 0.537053 -1.84603
1.51368 0.541562 -3.13481 -0.72333 1.57234 1.74906 2.26988 1.14361 1.00222 -0.685471 1.3091 2.94961 1.43107 -2.31193 0.537053 -1.84603
1.51892 0.541562 -3.13481 -0.72333 1.57234 1.74906 2.26988 1.14361 1.00222 -0.685471 1.3091 2.94961 1.43107 -2.31193 0.537053 -1.84603
1.52448 0.541562 -3.13481 -0.72333 1.57234 1.74906 2.26988 1.14361 1.00222 -0.685471 1.3091 2.94961 1.43107 -2.31193 0.537053 -1.84603
1.53017 0.541562 -3.13481 -0.72333 1.57234 1.74906 2.26988 1.14361 1.00222 -0.685471 1.3091 2.94961 1.43107 -2.31193 0.537053 -1.84603
1.53605 0.541562 -3.13481 -0.72333 1.57234 1.74906 2.26988 1.14361 1.00222 -0.685471 1.3091 2.94961 1.43107 -2.31193 0.537053 -1.84603
1.54219 0.541562 -3.13481 -0.72333 1.57234 1.74906 2.26988 1.14361 1.00222 -0.685471 1.3091 2.94961 1.43107 -2.31193 0.537053 -1.84603
1.54847 0.541562 -3.13481 -0.72333 1.57234 1.74906 2.26988 1.14361 1.00222 -0.685471 1.3091 2.94961 1.43107 -2.31193 0.537053 -1.84603
1.55465 0.541562 -3.13481 -0.72333 1.57234 1.74906 2.26988 1.14361 1.00222 -0.685471 1.3091 2.94961 1.43107 -2.31193 0.537053 -1.84603
1.5612 0.541562 -3.13481 -0.72333 1.57234 1.74906 2.26988 1.14361 1.00222 -0.685471 1.3091 2.94961 1.43107 -2.31193 0.537053 -1.84603
1.56813 0.541562 -3.13481 -0.72333 1.57234 1.74906 2.26988 1.14361 1.00222 -0.685471 1.3091 2.94961 1.43107 -2.31193 0.537053 -1.84603
1.57503 0.541562 -3.13481 -0.72333 1.57234 1.74906 2.26988 1.14361 1.00222 -0.685471 1.3091 2.94961 1.43107 -2.31193 0.537053 -1.84603
1.58266 0.541562 -3.13481 -0.72333 1.57234 1.74906 2.26988 1.14361 1.00222 -0.685471 1.3091 2.94961 1.43107 -2.31193 0.537053 -1.84603
1.59024 0.541562 -3.13481 -0.72333 1.57234 1.74906 2.26988 1.14361 1.00222 -0.685471 1.3091 2.94961 1.43107 -2.31193 0.537053 -1.84603
1.59793 0.541562 -3.13481 -0.72333 1.57234 1.74906 2.26988 1.14361 1.00222 -0.685471 1.3091 2.94961 1.43107 -2.31193 0.537053 -1.84603
1.60597 0.541562 -3.13481 -0.72333 1.57234 1.74906 2.26988 1.14361 1.00222 -0.685471 1.3091 2.94961 1.43107 -2.31193 0.537053 -1.84603
1.61412 0.541562 -3.13481 -0.72333 1.57234 1.74906 2.26988 1.14361 1.00222 -0.685471 1.3091 2.94961 1.43107 -2.31193 0.537053 -1.84603
1.62267 0.541562 -3.13481 -0.72333 1.57234 1.74906 2.26988 1.14361 1.00222 -0.685471 1.3091 2.94961 1.43107 -2.31193 0.537053 -1.84603
1.63152 0.541562 -3.13481 -0.72333 1.57234 1.74906 2.26988 1.14361 1.00222 -0.685471 1.3091 2.94961 1.43107 -2.31193 0.537053 -1.84603
1.6387 0.541562 -3.13481 -0.72333 1.57234 1.74906 2.26988 1.14361 1.00222 -0.685471 1.3091 2.94961 1.43107 -2.31193 0.537053 -1.84603
1.63734 0.541562 -3.13481 -0.72333 1.57234 1.74906 2.26988 1.14361 1.00222 -0.685471 1.3091 2.94961 1.43107 -2.31193 0.537053 -1.84603
1.63583 0.541562 -3.13481 -0.72333 1.57234 1.74906 2.26988 1.14361 1.00222 -0.685471 1.3091 2.94961 1.43107 -2.31193 0.537053 -1.84603
1.63401 0.541562 -3.13481 -0.72333 1.57234 1.74906 2.26988 1.14361 1.00222 -0.685471 1.3091 2.94961 1.43107 -2.31193 0.537053 -1.84603
1.6322 0.541562 -3.13481 -0.72333 1.57234 1.74906 2.26988 1.14361 1.00222 -0.685471 1.3091 2.94961 1.43107 -2.31193 0.537053 -1.84603
1.62996 0.541562 -3.13481 -0.72333 1.57234 1.74906 2.26988 1.14361 1.00222 -0.685471 1.3091 2.94961 1.43107 -2.31193 0.537053 -1.84603
1.62751 0.541562 -3.13481 -0.72333 1.57234 1.74906 2.26988 1.14361 1.00222 -0.685471 1.3091 2.94961 1.43107 -2.31193 0.537053 -1.84603
1.62529 0.541562 -3.13481 -0.72333 1.57234 1.74906 2.26988 1.14361 1.00222 -0.685471 1.3091 2.94961 1.43107 -2.31193 0.537053 -1.84603
1.62307 0.541562 -3.13481 -0.72333 1.57234 1.74906 2.26988 1.14361 1.00222 -0.685471 1.3091 2.94961 1.43107 -2.31193 0.537053 -1.84603
1.62088 0.541562 -3.13481 -0.72333 1.57234 1.74906 2.26988 1.14361 1.00222 -0.685471 1.3091 2.94961 1.43107 -2.31193 0.537053 -1.84603
1.6168 0.541562 -3.13481 -0.72333 1.57234 1.74906 2.26988 1.14361 1.00222 -0.685471 1.3091 2.94961 1.43107 -2.31193 0.537053 -1.84603
1.61264 0.541562 -3.13481 -0.72333 1.57234 1.74906 2.26988 1.14361 1.00222 -0.685471 1.3091 2.94961 1.43107 -2.31193 0.537053 -1.84603
1.60813 0.541562 -3.13481 -0.72333 1.57234 1.74906 2.26988 1.14361 1.00222 -0.685471 1.3091 2.94961 1.43107 -2.31193 0.537053 -1.84603
1.60386 0.541562 -3.13481 -0.72333 1.57234 1.74906 2.26988 1.14361 1.00222 -0.685471 1.3091 2.94961 1.43107 -2.31193 0.537053 -1.84603
1.59961 0.541562 -3.13481 -0.72333 1.57234 1.74906 2.26988 1.14361 1.00222 -0.685471 1.3091 2.94961 1.43107 -2.31193 0.537053 -1.84603
1.59527 0.541562 -3.13481 -0.72333 1.57234 1.74906 2.26988 1.14361 1.00222 -0.685471 1.3091 2.94961 1.43107 -2.31193 0.537053 -1.84603
1.59096 0.541562 -3.13481 -0.72333 1.57234 1.74906 2.26988 1.14361 1.00222 -0.685471 1.3091 2.94961 1.43107 -2.31193 0.537053 -1.84603
1.5867 0.541562 -3.13481 -0.72333 1.57234 1.74906 2.26988 1.14361 1.00222 -0.685471 1.3091 2.94961 1.43107 -2.31193 0.537053 -1.84603
1.58208 0.541562 -3.13481 -0.72333 1.57234 1.74906 2.26988 1.14361 1.00222 -0.685471 1.3091 2.94961 1.43107 -2.31193 0.537053 -1.84603
1.57779 0.541562 -3.13481 -0.72333 1.57234 1.74906 2.26988 1.14361 1.00222 -0.685471 1.3091 2.94961 1.43107 -2.31193 0.537053 -1.84603
1.57286 0.541562 -3.13481 -0.72333 1.57234 1.74906 2.26988 1.14361 1.00222 -0.685471 1.3091 2.94961 1.43107 -2.31193 0.537053 -1.84603
1.56847 0.541562 -3.13481 -0.72333 1.57234 1.74906 2.26988 1.14361 1.00222 -0.685471 1.3091 2.94961 1.43107 -2.31193 0.537053 -1.84603
1.56395 0.541562 -3.13481 -0.72333 1.57234 1.74906 2.26988 1.14361 1.00222 -0.685471 1.3091 2.94961 1.43107 -2.31193 0.537053 -1.84603
1.55943 0.541562 -3.13481 -0.72333 1.57234 1.74906 2.26988 1.14361 1.00222 -0.685471 1.3091 2.94961 1.43107 -2.31193 0.537053 -1.84603
1.5551 0.541562 -3.13481 -0.72333 1.57234 1.74906 2.26988 1.14361 1.00222 -0.685471 1.3091 2.94961 1.43107 -2.31193 0.537053 -1.84603
1.5504 0.541562 -3.13481 -0.72333 1.57234 1.74906 2.26988 1.14361 1.00222 -0.685471 1.3091 2.94961 1.43107 -2.31193 0.537053 -1.84603
1.54589 0.541562 -3.13481 -0.72333 1.57234 1.74906 2.26988 1.14361 1.00222 -0.685471 1.3091 2.94961 1.43107 -2.31193 0.537053 -1.84603
1.54144 0.541562 -3.13481 -0.72333 1.57234 1.74906 2.26988 1.14361 1.00222 -0.685471 1.3091 2.94961 1.43107 -2.31193 0.537053 -1.84603
1.537 0.541562 -3.13481 -0.72333 1.57234 1.74906 2.26988 1.14361 1.00222 -0.685471 1.3091 2.94961 1.43107 -2.31193 0.537053 -1.84603
1.53252 0.541562 -3.13481 -0.72333 1.57234 1.74906 2.26988 1.14361 1.00222 -0.685471 1.3091 2.94961 1.43107 -2.31193 0.537053 -1.84603
1.52802 0.541562 -3.13481 -0.72333 1.57234 1.74906 2.26988 1.14361 1.00222 -0.685471 1.3091 2.94961 1.43107 -2.31193 0.537053 -1.84603
1.52347 0.541562 -3.13481 -0.72333 1.57234 1.74906 2.26988 1.14361 1.00222 -0.685471 1.3091 2.94961 1.43107 -2.31193 0.537053 -1.84603
1.51875 0.541562 -3.13481 -0.72333 1.57234 1.74906 2.26988 1.14361 1.00222 -0.685471 1.3091 2.94961 1.43107 -2.31193 0.537053 -1.84603
1.51416 0.541562 -3.13481 -0.72333 1.57234 1.74906 2.26988 1.14361 1.00222 -0.685471 1.3091 2.94961 1.43107 -2.31193 0.537053 -1.84603
1.5095 0.541562 -3.13481 -0.72333 1.57234 1.74906 2.26988 1.14361 1.00222 -0.685471 1.3091 2.94961 1.43107 -2.31193 0.537053 -1.84603
1.50491 0.541562 -3.13481 -0.72333 1.57234 1.74906 2.26988 1.14361 1.00222 -0.685471 1.3091 2.94961 1.43107 -2.31193 0.537053 -1.84603
1.5003 0.541562 -3.13481 -0.72333 1.57234 1.74906 2.26988 1.14361 1.00222 -0.685471 1.3091 2.94961 1.43107 -2.31193 0.537053 -1.84603
1.49554 0.541562 -3.13481 -0.72333 1.57234 1.74906 2.26988 1.14361 1.00222 -0.685471 1.3091 2.94961 1.43107 -2.31193 0.537053 -1.84603
1.4908 0.541562 -3.13481 -0.72333 1.57234 1.74906 2.26988 1.14361 1.00222 -0.685471 1.3091 2.94961 1.43107 -2.31193 0.537053 -1.84603
1.48601 0.541562 -3.13481 -0.72333 1.57234 1.74906 2.26988 1.14361 1.00222 -0.685471 1.3091 2.94961 1.43107 -2.31193 0.537053 -1.84603
1.48092 0.541562 -3.13481 -0.72333 1.57234 1.74906 2.26988 1.14361 1.00222 -0.685471 1.3091 2.94961 1.43107 -2.31193 0.537053 -1.84603
1.47592 0.541562 -3.13481 -0.72333 1.57234 1.74906 2.26988 1.14361 1.00222 -0.685471 1.3091 2.94961 1.43107 -2.31193 0.537053 -1.84603
1.47109 0.541562 -3.13481 -0.72333 1.57234 1.74906 2.26988 1.14361 1.00222 -0.685471 1.3091 2.94961 1.43107 -2.31193 0.537053 -1.84603
1.46626 0.541562 -3.13481 -0.72333 1.57234 1.74906 2.26988 1.14361 1.00222 -0.685471 1.3091 2.94961 1.43107 -2.31193 0.537053 -1.84603
1.46145 0.541562 -3.13481 -0.72333 1.57234 1.74906 2.26988 1.14361 1.00222 -0.685471 1.3091 2.94961 1.43107 -2.31193 0.537053 -1.84603
1.45667 0.541562 -3.13481 -0.72333 1.57234 1.74906 2.26988 1.14361 1.00222 -0.685471 1.3091 2.94961 1.43107 -2.31193 0.537053 -1.84603
1.4518 0.541562 -3.13481 -0.72333 1.57234 1.74906 2.26988 1.14361 1.00222 -0.685471 1.3091 2.94961 1.43107 -2.31193 0.537053 -1.84603
1.44675 0.541562 -3.13481 -0.72333 1.57234 1.74906 2.26988 1.14361 1.00222 -0.685471 1.3091 2.94961 1.43107 -2.31193 0.537053 -1.84603
1.44174 0.541562 -3.13481 -0.72333 1.57234 1.74906 2.26988 1.14361 1.00222 -0.685471 1.3091 2.94961 1.43107 -2.31193 0.537053 -1.84603
1.43653 0.541562 -3.13481 -0.72333 1.57234 1.74906 2.26988 1.14361 1.00222 -0.685471 1.3091 2.94961 1.43107 -2.31193 0.537053 -1.84603
1.4315 0.541562 -3.13481 -0.72333 1.57234 1.74906 2.26988 1.14361 1.00222 -0.685471 1.3091 2.94961 1.43107 -2.31193 0.537053 -1.84603
1.42656 0.541562 -3.13481 -0.72333 1.57234 1.74906 2.26988 1.14361 1.00222 -0.685471 1.3091 2.94961 1.43107 -2.31193 0.537053 -1.84603
1.42158 0.541562 -3.13481 -0.72333 1.57234 1.74906 2.26988 1.14361 1.00222 -0.685471 1.3091 2.94961 1.43107 -2.31193 0.537053 -1.84603
1.41654 0.541562 -3.13481 -0.72333 1.57234 1.74906 2.26988 1.14361 1.00222 -0.685471 1.3091 2.94961 1.43107 -2.31193 0.537053 -1.84603
1.41148 0.541562 -3.13481 -0.72333 1.57234 1.74906 2.26988 1.14361 1.00222 -0.685471 1.3091 2.94961 1.43107 -2.31193 0.537053 -1.84603
1.40641 0.541562 -3.13481 -0.72333 1.57234 1.74906 2.26988 1.14361 1.00222 -0.685471 1.3091 2.94961 1.43107 -2.31193 0.537053 -1.84603
1.40126 0.541562 -3.13481 -0.72333 1.57234 1.74906 2.26988 1.14361 1.00222 -0.685471 1.3091 2.94961 1.43107 -2.31193 0.537053 -1.84603
1.39615 0.541562 -3.13481 -0.72333 1.57234 1.74906 2.26988 1.14361 1.00222 -0.685471 1.3091 2.94961 1.43107 -2.31193 0.537053 -1.84603
1.39104 0.541562 -3.13481 -0.72333 1.57234 1.74906 2.26988 1.14361 1.00222 -0.685471 1.3091 2.94961 1.43107 -2.31193 0.537053 -1.84603
1.38577 0.541562 -3.13481 -0.72333 1.57234 1.74906 2.26988 1.14361 1.00222 -0.685471 1.3091 2.94961 1.43107 -2.31193 0.537053 -1.84603
1.38051 0.541562 -3.13481 -0.72333 1.57234 1.74906 2.26988 1.14361 1.00222 -0.685471 1.3091 2.94961 1.43107 -2.31193 0.537053 -1.84603
1.375 0.541562 -3.13481 -0.72333 1.57234 1.74906 2.26988 1.14361 1.00222 -0.685471 1.3091 2.94961 1.43107 -2.31193 0.537053 -1.84603
1.36974 0.541562 -3.13481 -0.72333 1.57234 1.74906 2.26988 1.14361 1.00222 -0.685471 1.3091 2.94961 1.43107 -2.31193 0.537053 -1.84603
1.36429 0.541562 -3.13481 -0.72333 1.57234 1.74906 2.26988 1.14361 1.00222 -0.685471 1.3091 2.94961 1.43107 -2.31193 0.537053 -1.84603
1.35896 0.541562 -3.13481 -0.72333 1.57234 1.74906 2.26988 1.14361 1.00222 -0.685471 1.3091 2.94961 1.43107 -2.31193 0.537053 -1.84603
1.35357 0.541562 -3.13481 -0.72333 1.57234 1.74906 2.26988 1.14361 1.00222 -0.685471 1.3091 2.94961 1.43107 -2.31193 0.537053 -1.84603
