13.035
13.045
13.056
13.066
13.077
13.087
13.098
13.108
13.118
13.13
13.151
13.171
13.192
13.212
13.233
13.254
13.274
13.295
13.316
13.336
13.376
13.416
13.454
13.493
13.532
13.571
13.61
13.649
13.688
13.726
13.765
13.804
13.843
13.882
13.924
13.962
14.001
14.041
14.08
14.119
14.158
14.197
14.237
14.276
14.314
14.353
14.394
14.432
14.471
14.51
14.549
14.591
14.63
14.669
14.707
14.746
14.785
14.824
14.863
14.902
14.941
14.982
15.021
15.06
15.098
15.137
15.176
15.216
15.256
15.295
15.334
15.373
15.413
15.451
15.49
16.887
16.897
16.91
16.921
16.931
16.942
16.953
16.963
16.974
16.987
17.026
17.068
17.106
17.145
17.183
17.223
17.261
17.302
17.342
17.382
17.424
17.464
17.503
17.542
17.583
17.622
17.66
17.699
17.737
17.776
17.814
17.853
17.892
17.931
17.97
18.008
18.047
18.086
18.125
18.166
18.207
18.246
18.285
18.323
18.362
18.4
18.439
18.479
18.52
18.559
18.598
18.636
18.675
18.714
18.752
18.791
18.83
18.868
18.907
18.946
18.987
19.025
19.065
19.104
19.143
19.182
