-0.0210563
-0.0315844
-0.0526406
-0.0421125
-0.0631688
-0.0631688
-0.0631688
-0.084225
-0.0631688
-0.084225
-0.0736969
-0.084225
-0.084225
-0.084225
-0.084225
-0.0736969
-0.084225
-0.0736969
-0.0736969
-0.084225
-0.084225
-0.084225
-0.084225
-0.084225
-0.084225
-0.084225
-0.084225
-0.0947531
-0.084225
-0.084225
-0.084225
-0.0947531
-0.0947531
-0.0947531
-0.0947531
-0.084225
-0.084225
-0.084225
-0.0947531
-0.084225
-0.084225
-0.0947531
-0.0947531
-0.0947531
-0.0947531
-0.084225
-0.084225
-0.0947531
-0.0947531
-0.0947531
-0.0947531
-0.0947531
-0.0947531
-0.0947531
-0.084225
-0.105281
-0.084225
-0.084225
-0.084225
-0.0947531
-0.105281
-0.105281
-0.105281
-0.0947531
-0.0947531
-0.0947531
-0.105281
-0.0947531
-0.0947531
-0.0947531
-0.0947531
-0.105281
-0.105281
-0.105281
-0.105281
-0.105281
-0.105281
-0.0947531
-0.0947531
-0.105281
-0.115809
-0.0947531
-0.105281
-0.105281
-0.105281
-0.105281
-0.105281
-0.105281
-0.0947531
-0.105281
-0.105281
-0.115809
-0.105281
-0.105281
-0.115809
-0.105281
-0.105281
-0.115809
-0.115809
-0.115809
-0.115809
-0.115809
-0.115809
-0.115809
-0.115809
-0.115809
-0.115809
-0.115809
-0.115809
-0.115809
-0.115809
-0.115809
-0.115809
-0.126338
0.0631688
0.084225
0.105281
0.115809
0.115809
0.115809
0.105281
0.0421125
0.0315844
0.0210563
0
0.084225
0.115809
0.126338
0.115809
0.147394
0.16845
0.157922
0.16845
0.200034
0.16845
0.178978
0.231619
0.210563
0.263203
0.242147
0.252675
0.252675
0.273731
0.263203
0.284259
0.284259
0.315844
0.305316
0.326372
0.3369
0.347428
0.347428
0.379013
0.368484
0.379013
0.400069
0.431653
0.431653
0.463238
