2.74826 -0.152068 3.00663 0.26903 -0.324911 -1.53224 2.54855 1.89801 3.12213 -1.43416 0.0792189 0.638277 1.14163 -1.96503 -1.41614 0.377012
2.7477 -0.152068 3.00663 0.26903 -0.324911 -1.53224 2.54855 1.89801 3.12213 -1.43416 0.0792189 0.638277 1.14163 -1.96503 -1.41614 0.377012
2.74679 -0.152068 3.00663 0.26903 -0.324911 -1.53224 2.54855 1.89801 3.12213 -1.43416 0.0792189 0.638277 1.14163 -1.96503 -1.41614 0.377012
2.74562 -0.152068 3.00663 0.26903 -0.324911 -1.53224 2.54855 1.89801 3.12213 -1.43416 0.0792189 0.638277 1.14163 -1.96503 -1.41614 0.377012
2.74437 -0.152068 3.00663 0.26903 -0.324911 -1.53224 2.54855 1.89801 3.12213 -1.43416 0.0792189 0.638277 1.14163 -1.96503 -1.41614 0.377012
2.7429 -0.152068 3.00663 0.26903 -0.324911 -1.53224 2.54855 1.89801 3.12213 -1.43416 0.0792189 0.638277 1.14163 -1.96503 -1.41614 0.377012
2.74151 -0.152068 3.00663 0.26903 -0.324911 -1.53224 2.54855 1.89801 3.12213 -1.43416 0.0792189 0.638277 1.14163 -1.96503 -1.41614 0.377012
2.74002 -0.152068 3.00663 0.26903 -0.324911 -1.53224 2.54855 1.89801 3.12213 -1.43416 0.0792189 0.638277 1.14163 -1.96503 -1.41614 0.377012
2.73861 -0.152068 3.00663 0.26903 -0.324911 -1.53224 2.54855 1.89801 3.12213 -1.43416 0.0792189 0.638277 1.14163 -1.96503 -1.41614 0.377012
2.7371 -0.152068 3.00663 0.26903 -0.324911 -1.53224 2.54855 1.89801 3.12213 -1.43416 0.0792189 0.638277 1.14163 -1.96503 -1.41614 0.377012
2.73548 -0.152068 3.00663 0.26903 -0.324911 -1.53224 2.54855 1.89801 3.12213 -1.43416 0.0792189 0.638277 1.14163 -1.96503 -1.41614 0.377012
2.73385 -0.152068 3.00663 0.26903 -0.324911 -1.53224 2.54855 1.89801 3.12213 -1.43416 0.0792189 0.638277 1.14163 -1.96503 -1.41614 0.377012
2.73221 -0.152068 3.00663 0.26903 -0.324911 -1.53224 2.54855 1.89801 3.12213 -1.43416 0.0792189 0.638277 1.14163 -1.96503 -1.41614 0.377012
2.73052 -0.152068 3.00663 0.26903 -0.324911 -1.53224 2.54855 1.89801 3.12213 -1.43416 0.0792189 0.638277 1.14163 -1.96503 -1.41614 0.377012
2.72885 -0.152068 3.00663 0.26903 -0.324911 -1.53224 2.54855 1.89801 3.12213 -1.43416 0.0792189 0.638277 1.14163 -1.96503 -1.41614 0.377012
2.72714 -0.152068 3.00663 0.26903 -0.324911 -1.53224 2.54855 1.89801 3.12213 -1.43416 0.0792189 0.638277 1.14163 -1.96503 -1.41614 0.377012
2.72541 -0.152068 3.00663 0.26903 -0.324911 -1.53224 2.54855 1.89801 3.12213 -1.43416 0.0792189 0.638277 1.14163 -1.96503 -1.41614 0.377012
2.72372 -0.152068 3.00663 0.26903 -0.324911 -1.53224 2.54855 1.89801 3.12213 -1.43416 0.0792189 0.638277 1.14163 -1.96503 -1.41614 0.377012
2.72203 -0.152068 3.00663 0.26903 -0.324911 -1.53224 2.54855 1.89801 3.12213 -1.43416 0.0792189 0.638277 1.14163 -1.96503 -1.41614 0.377012
2.72037 -0.152068 3.00663 0.26903 -0.324911 -1.53224 2.54855 1.89801 3.12213 -1.43416 0.0792189 0.638277 1.14163 -1.96503 -1.41614 0.377012
2.71711 -0.152068 3.00663 0.26903 -0.324911 -1.53224 2.54855 1.89801 3.12213 -1.43416 0.0792189 0.638277 1.14163 -1.96503 -1.41614 0.377012
2.71384 -0.152068 3.00663 0.26903 -0.324911 -1.53224 2.54855 1.89801 3.12213 -1.43416 0.0792189 0.638277 1.14163 -1.96503 -1.41614 0.377012
2.71063 -0.152068 3.00663 0.26903 -0.324911 -1.53224 2.54855 1.89801 3.12213 -1.43416 0.0792189 0.638277 1.14163 -1.96503 -1.41614 0.377012
2.70736 -0.152068 3.00663 0.26903 -0.324911 -1.53224 2.54855 1.89801 3.12213 -1.43416 0.0792189 0.638277 1.14163 -1.96503 -1.41614 0.377012
2.70412 -0.152068 3.00663 0.26903 -0.324911 -1.53224 2.54855 1.89801 3.12213 -1.43416 0.0792189 0.638277 1.14163 -1.96503 -1.41614 0.377012
2.70092 -0.152068 3.00663 0.26903 -0.324911 -1.53224 2.54855 1.89801 3.12213 -1.43416 0.0792189 0.638277 1.14163 -1.96503 -1.41614 0.377012
2.6977 -0.152068 3.00663 0.26903 -0.324911 -1.53224 2.54855 1.89801 3.12213 -1.43416 0.0792189 0.638277 1.14163 -1.96503 -1.41614 0.377012
2.69441 -0.152068 3.00663 0.26903 -0.324911 -1.53224 2.54855 1.89801 3.12213 -1.43416 0.0792189 0.638277 1.14163 -1.96503 -1.41614 0.377012
2.69113 -0.152068 3.00663 0.26903 -0.324911 -1.53224 2.54855 1.89801 3.12213 -1.43416 0.0792189 0.638277 1.14163 -1.96503 -1.41614 0.377012
2.68784 -0.152068 3.00663 0.26903 -0.324911 -1.53224 2.54855 1.89801 3.12213 -1.43416 0.0792189 0.638277 1.14163 -1.96503 -1.41614 0.377012
2.6845 -0.152068 3.00663 0.26903 -0.324911 -1.53224 2.54855 1.89801 3.12213 -1.43416 0.0792189 0.638277 1.14163 -1.96503 -1.41614 0.377012
2.68118 -0.152068 3.00663 0.26903 -0.324911 -1.53224 2.54855 1.89801 3.12213 -1.43416 0.0792189 0.638277 1.14163 -1.96503 -1.41614 0.377012
2.67782 -0.152068 3.00663 0.26903 -0.324911 -1.53224 2.54855 1.89801 3.12213 -1.43416 0.0792189 0.638277 1.14163 -1.96503 -1.41614 0.377012
2.67446 -0.152068 3.00663 0.26903 -0.324911 -1.53224 2.54855 1.89801 3.12213 -1.43416 0.0792189 0.638277 1.14163 -1.96503 -1.41614 0.377012
2.671 -0.152068 3.00663 0.26903 -0.324911 -1.53224 2.54855 1.89801 3.12213 -1.43416 0.0792189 0.638277 1.14163 -1.96503 -1.41614 0.377012
2.66759 -0.152068 3.00663 0.26903 -0.324911 -1.53224 2.54855 1.89801 3.12213 -1.43416 0.0792189 0.638277 1.14163 -1.96503 -1.41614 0.377012
2.66416 -0.152068 3.00663 0.26903 -0.324911 -1.53224 2.54855 1.89801 3.12213 -1.43416 0.0792189 0.638277 1.14163 -1.96503 -1.41614 0.377012
2.66077 -0.152068 3.00663 0.26903 -0.324911 -1.53224 2.54855 1.89801 3.12213 -1.43416 0.0792189 0.638277 1.14163 -1.96503 -1.41614 0.377012
2.65739 -0.152068 3.00663 0.26903 -0.324911 -1.53224 2.54855 1.89801 3.12213 -1.43416 0.0792189 0.638277 1.14163 -1.96503 -1.41614 0.377012
2.65397 -0.152068 3.00663 0.26903 -0.324911 -1.53224 2.54855 1.89801 3.12213 -1.43416 0.0792189 0.638277 1.14163 -1.96503 -1.41614 0.377012
2.65056 -0.152068 3.00663 0.26903 -0.324911 -1.53224 2.54855 1.89801 3.12213 -1.43416 0.0792189 0.638277 1.14163 -1.96503 -1.41614 0.377012
2.64709 -0.152068 3.00663 0.26903 -0.324911 -1.53224 2.54855 1.89801 3.12213 -1.43416 0.0792189 0.638277 1.14163 -1.96503 -1.41614 0.377012
2.6436 -0.152068 3.00663 0.26903 -0.324911 -1.53224 2.54855 1.89801 3.12213 -1.43416 0.0792189 0.638277 1.14163 -1.96503 -1.41614 0.377012
2.64006 -0.152068 3.00663 0.26903 -0.324911 -1.53224 2.54855 1.89801 3.12213 -1.43416 0.0792189 0.638277 1.14163 -1.96503 -1.41614 0.377012
2.6366 -0.152068 3.00663 0.26903 -0.324911 -1.53224 2.54855 1.89801 3.12213 -1.43416 0.0792189 0.638277 1.14163 -1.96503 -1.41614 0.377012
2.63299 -0.152068 3.00663 0.26903 -0.324911 -1.53224 2.54855 1.89801 3.12213 -1.43416 0.0792189 0.638277 1.14163 -1.96503 -1.41614 0.377012
2.62926 -0.152068 3.00663 0.26903 -0.324911 -1.53224 2.54855 1.89801 3.12213 -1.43416 0.0792189 0.638277 1.14163 -1.96503 -1.41614 0.377012
2.62556 -0.152068 3.00663 0.26903 -0.324911 -1.53224 2.54855 1.89801 3.12213 -1.43416 0.0792189 0.638277 1.14163 -1.96503 -1.41614 0.377012
2.62182 -0.152068 3.00663 0.26903 -0.324911 -1.53224 2.54855 1.89801 3.12213 -1.43416 0.0792189 0.638277 1.14163 -1.96503 -1.41614 0.377012
2.61826 -0.152068 3.00663 0.26903 -0.324911 -1.53224 2.54855 1.89801 3.12213 -1.43416 0.0792189 0.638277 1.14163 -1.96503 -1.41614 0.377012
2.61462 -0.152068 3.00663 0.26903 -0.324911 -1.53224 2.54855 1.89801 3.12213 -1.43416 0.0792189 0.638277 1.14163 -1.96503 -1.41614 0.377012
2.61105 -0.152068 3.00663 0.26903 -0.324911 -1.53224 2.54855 1.89801 3.12213 -1.43416 0.0792189 0.638277 1.14163 -1.96503 -1.41614 0.377012
2.60741 -0.152068 3.00663 0.26903 -0.324911 -1.53224 2.54855 1.89801 3.12213 -1.43416 0.0792189 0.638277 1.14163 -1.96503 -1.41614 0.377012
2.60376 -0.152068 3.00663 0.26903 -0.324911 -1.53224 2.54855 1.89801 3.12213 -1.43416 0.0792189 0.638277 1.14163 -1.96503 -1.41614 0.377012
2.60017 -0.152068 3.00663 0.26903 -0.324911 -1.53224 2.54855 1.89801 3.12213 -1.43416 0.0792189 0.638277 1.14163 -1.96503 -1.41614 0.377012
2.59658 -0.152068 3.00663 0.26903 -0.324911 -1.53224 2.54855 1.89801 3.12213 -1.43416 0.0792189 0.638277 1.14163 -1.96503 -1.41614 0.377012
2.59296 -0.152068 3.00663 0.26903 -0.324911 -1.53224 2.54855 1.89801 3.12213 -1.43416 0.0792189 0.638277 1.14163 -1.96503 -1.41614 0.377012
2.58933 -0.152068 3.00663 0.26903 -0.324911 -1.53224 2.54855 1.89801 3.12213 -1.43416 0.0792189 0.638277 1.14163 -1.96503 -1.41614 0.377012
2.58561 -0.152068 3.00663 0.26903 -0.324911 -1.53224 2.54855 1.89801 3.12213 -1.43416 0.0792189 0.638277 1.14163 -1.96503 -1.41614 0.377012
2.58186 -0.152068 3.00663 0.26903 -0.324911 -1.53224 2.54855 1.89801 3.12213 -1.43416 0.0792189 0.638277 1.14163 -1.96503 -1.41614 0.377012
2.57802 -0.152068 3.00663 0.26903 -0.324911 -1.53224 2.54855 1.89801 3.12213 -1.43416 0.0792189 0.638277 1.14163 -1.96503 -1.41614 0.377012
2.57425 -0.152068 3.00663 0.26903 -0.324911 -1.53224 2.54855 1.89801 3.12213 -1.43416 0.0792189 0.638277 1.14163 -1.96503 -1.41614 0.377012
2.57045 -0.152068 3.00663 0.26903 -0.324911 -1.53224 2.54855 1.89801 3.12213 -1.43416 0.0792189 0.638277 1.14163 -1.96503 -1.41614 0.377012
2.56666 -0.152068 3.00663 0.26903 -0.324911 -1.53224 2.54855 1.89801 3.12213 -1.43416 0.0792189 0.638277 1.14163 -1.96503 -1.41614 0.377012
2.56288 -0.152068 3.00663 0.26903 -0.324911 -1.53224 2.54855 1.89801 3.12213 -1.43416 0.0792189 0.638277 1.14163 -1.96503 -1.41614 0.377012
2.5591 -0.152068 3.00663 0.26903 -0.324911 -1.53224 2.54855 1.89801 3.12213 -1.43416 0.0792189 0.638277 1.14163 -1.96503 -1.41614 0.377012
2.55536 -0.152068 3.00663 0.26903 -0.324911 -1.53224 2.54855 1.89801 3.12213 -1.43416 0.0792189 0.638277 1.14163 -1.96503 -1.41614 0.377012
2.55158 -0.152068 3.00663 0.26903 -0.324911 -1.53224 2.54855 1.89801 3.12213 -1.43416 0.0792189 0.638277 1.14163 -1.96503 -1.41614 0.377012
2.54769 -0.152068 3.00663 0.26903 -0.324911 -1.53224 2.54855 1.89801 3.12213 -1.43416 0.0792189 0.638277 1.14163 -1.96503 -1.41614 0.377012
2.54376 -0.152068 3.00663 0.26903 -0.324911 -1.53224 2.54855 1.89801 3.12213 -1.43416 0.0792189 0.638277 1.14163 -1.96503 -1.41614 0.377012
2.5399 -0.152068 3.00663 0.26903 -0.324911 -1.53224 2.54855 1.89801 3.12213 -1.43416 0.0792189 0.638277 1.14163 -1.96503 -1.41614 0.377012
2.53604 -0.152068 3.00663 0.26903 -0.324911 -1.53224 2.54855 1.89801 3.12213 -1.43416 0.0792189 0.638277 1.14163 -1.96503 -1.41614 0.377012
2.53189 -0.152068 3.00663 0.26903 -0.324911 -1.53224 2.54855 1.89801 3.12213 -1.43416 0.0792189 0.638277 1.14163 -1.96503 -1.41614 0.377012
2.52787 -0.152068 3.00663 0.26903 -0.324911 -1.53224 2.54855 1.89801 3.12213 -1.43416 0.0792189 0.638277 1.14163 -1.96503 -1.41614 0.377012
2.52373 -0.152068 3.00663 0.26903 -0.324911 -1.53224 2.54855 1.89801 3.12213 -1.43416 0.0792189 0.638277 1.14163 -1.96503 -1.41614 0.377012
2.51983 -0.152068 3.00663 0.26903 -0.324911 -1.53224 2.54855 1.89801 3.12213 -1.43416 0.0792189 0.638277 1.14163 -1.96503 -1.41614 0.377012
2.5159 -0.152068 3.00663 0.26903 -0.324911 -1.53224 2.54855 1.89801 3.12213 -1.43416 0.0792189 0.638277 1.14163 -1.96503 -1.41614 0.377012
2.51185 -0.152068 3.00663 0.26903 -0.324911 -1.53224 2.54855 1.89801 3.12213 -1.43416 0.0792189 0.638277 1.14163 -1.96503 -1.41614 0.377012
2.50783 -0.152068 3.00663 0.26903 -0.324911 -1.53224 2.54855 1.89801 3.12213 -1.43416 0.0792189 0.638277 1.14163 -1.96503 -1.41614 0.377012
2.50382 -0.152068 3.00663 0.26903 -0.324911 -1.53224 2.54855 1.89801 3.12213 -1.43416 0.0792189 0.638277 1.14163 -1.96503 -1.41614 0.377012
2.49985 -0.152068 3.00663 0.26903 -0.324911 -1.53224 2.54855 1.89801 3.12213 -1.43416 0.0792189 0.638277 1.14163 -1.96503 -1.41614 0.377012
2.49586 -0.152068 3.00663 0.26903 -0.324911 -1.53224 2.54855 1.89801 3.12213 -1.43416 0.0792189 0.638277 1.14163 -1.96503 -1.41614 0.377012
2.49185 -0.152068 3.00663 0.26903 -0.324911 -1.53224 2.54855 1.89801 3.12213 -1.43416 0.0792189 0.638277 1.14163 -1.96503 -1.41614 0.377012
2.48777 -0.152068 3.00663 0.26903 -0.324911 -1.53224 2.54855 1.89801 3.12213 -1.43416 0.0792189 0.638277 1.14163 -1.96503 -1.41614 0.377012
2.48369 -0.152068 3.00663 0.26903 -0.324911 -1.53224 2.54855 1.89801 3.12213 -1.43416 0.0792189 0.638277 1.14163 -1.96503 -1.41614 0.377012
2.47958 -0.152068 3.00663 0.26903 -0.324911 -1.53224 2.54855 1.89801 3.12213 -1.43416 0.0792189 0.638277 1.14163 -1.96503 -1.41614 0.377012
2.47551 -0.152068 3.00663 0.26903 -0.324911 -1.53224 2.54855 1.89801 3.12213 -1.43416 0.0792189 0.638277 1.14163 -1.96503 -1.41614 0.377012
2.47121 -0.152068 3.00663 0.26903 -0.324911 -1.53224 2.54855 1.89801 3.12213 -1.43416 0.0792189 0.638277 1.14163 -1.96503 -1.41614 0.377012
2.46699 -0.152068 3.00663 0.26903 -0.324911 -1.53224 2.54855 1.89801 3.12213 -1.43416 0.0792189 0.638277 1.14163 -1.96503 -1.41614 0.377012
2.46282 -0.152068 3.00663 0.26903 -0.324911 -1.53224 2.54855 1.89801 3.12213 -1.43416 0.0792189 0.638277 1.14163 -1.96503 -1.41614 0.377012
2.45865 -0.152068 3.00663 0.26903 -0.324911 -1.53224 2.54855 1.89801 3.12213 -1.43416 0.0792189 0.638277 1.14163 -1.96503 -1.41614 0.377012
2.45452 -0.152068 3.00663 0.26903 -0.324911 -1.53224 2.54855 1.89801 3.12213 -1.43416 0.0792189 0.638277 1.14163 -1.96503 -1.41614 0.377012
2.45035 -0.152068 3.00663 0.26903 -0.324911 -1.53224 2.54855 1.89801 3.12213 -1.43416 0.0792189 0.638277 1.14163 -1.96503 -1.41614 0.377012
2.44612 -0.152068 3.00663 0.26903 -0.324911 -1.53224 2.54855 1.89801 3.12213 -1.43416 0.0792189 0.638277 1.14163 -1.96503 -1.41614 0.377012
2.44193 -0.152068 3.00663 0.26903 -0.324911 -1.53224 2.54855 1.89801 3.12213 -1.43416 0.0792189 0.638277 1.14163 -1.96503 -1.41614 0.377012
2.43773 -0.152068 3.00663 0.26903 -0.324911 -1.53224 2.54855 1.89801 3.12213 -1.43416 0.0792189 0.638277 1.14163 -1.96503 -1.41614 0.377012
2.43347 -0.152068 3.00663 0.26903 -0.324911 -1.53224 2.54855 1.89801 3.12213 -1.43416 0.0792189 0.638277 1.14163 -1.96503 -1.41614 0.377012
2.42892 -0.152068 3.00663 0.26903 -0.324911 -1.53224 2.54855 1.89801 3.12213 -1.43416 0.0792189 0.638277 1.14163 -1.96503 -1.41614 0.377012
2.42418 -0.152068 3.00663 0.26903 -0.324911 -1.53224 2.54855 1.89801 3.12213 -1.43416 0.0792189 0.638277 1.14163 -1.96503 -1.41614 0.377012
2.41984 -0.152068 3.00663 0.26903 -0.324911 -1.53224 2.54855 1.89801 3.12213 -1.43416 0.0792189 0.638277 1.14163 -1.96503 -1.41614 0.377012
2.4153 -0.152068 3.00663 0.26903 -0.324911 -1.53224 2.54855 1.89801 3.12213 -1.43416 0.0792189 0.638277 1.14163 -1.96503 -1.41614 0.377012
2.41092 -0.152068 3.00663 0.26903 -0.324911 -1.53224 2.54855 1.89801 3.12213 -1.43416 0.0792189 0.638277 1.14163 -1.96503 -1.41614 0.377012
2.40651 -0.152068 3.00663 0.26903 -0.324911 -1.53224 2.54855 1.89801 3.12213 -1.43416 0.0792189 0.638277 1.14163 -1.96503 -1.41614 0.377012
2.4021 -0.152068 3.00663 0.26903 -0.324911 -1.53224 2.54855 1.89801 3.12213 -1.43416 0.0792189 0.638277 1.14163 -1.96503 -1.41614 0.377012
2.39758 -0.152068 3.00663 0.26903 -0.324911 -1.53224 2.54855 1.89801 3.12213 -1.43416 0.0792189 0.638277 1.14163 -1.96503 -1.41614 0.377012
2.39291 -0.152068 3.00663 0.26903 -0.324911 -1.53224 2.54855 1.89801 3.12213 -1.43416 0.0792189 0.638277 1.14163 -1.96503 -1.41614 0.377012
2.38844 -0.152068 3.00663 0.26903 -0.324911 -1.53224 2.54855 1.89801 3.12213 -1.43416 0.0792189 0.638277 1.14163 -1.96503 -1.41614 0.377012
2.38399 -0.152068 3.00663 0.26903 -0.324911 -1.53224 2.54855 1.89801 3.12213 -1.43416 0.0792189 0.638277 1.14163 -1.96503 -1.41614 0.377012
2.37947 -0.152068 3.00663 0.26903 -0.324911 -1.53224 2.54855 1.89801 3.12213 -1.43416 0.0792189 0.638277 1.14163 -1.96503 -1.41614 0.377012
2.375 -0.152068 3.00663 0.26903 -0.324911 -1.53224 2.54855 1.89801 3.12213 -1.43416 0.0792189 0.638277 1.14163 -1.96503 -1.41614 0.377012
2.3705 -0.152068 3.00663 0.26903 -0.324911 -1.53224 2.54855 1.89801 3.12213 -1.43416 0.0792189 0.638277 1.14163 -1.96503 -1.41614 0.377012
2.36592 -0.152068 3.00663 0.26903 -0.324911 -1.53224 2.54855 1.89801 3.12213 -1.43416 0.0792189 0.638277 1.14163 -1.96503 -1.41614 0.377012
2.36133 -0.152068 3.00663 0.26903 -0.324911 -1.53224 2.54855 1.89801 3.12213 -1.43416 0.0792189 0.638277 1.14163 -1.96503 -1.41614 0.377012
2.35668 -0.152068 3.00663 0.26903 -0.324911 -1.53224 2.54855 1.89801 3.12213 -1.43416 0.0792189 0.638277 1.14163 -1.96503 -1.41614 0.377012
2.34689 -0.152068 3.00663 0.26903 -0.324911 -1.53224 2.54855 1.89801 3.12213 -1.43416 0.0792189 0.638277 1.14163 -1.96503 -1.41614 0.377012
2.34859 -0.152068 3.00663 0.26903 -0.324911 -1.53224 2.54855 1.89801 3.12213 -1.43416 0.0792189 0.638277 1.14163 -1.96503 -1.41614 0.377012
2.35057 -0.152068 3.00663 0.26903 -0.324911 -1.53224 2.54855 1.89801 3.12213 -1.43416 0.0792189 0.638277 1.14163 -1.96503 -1.41614 0.377012
2.35274 -0.152068 3.00663 0.26903 -0.324911 -1.53224 2.54855 1.89801 3.12213 -1.43416 0.0792189 0.638277 1.14163 -1.96503 -1.41614 0.377012
2.35498 -0.152068 3.00663 0.26903 -0.324911 -1.53224 2.54855 1.89801 3.12213 -1.43416 0.0792189 0.638277 1.14163 -1.96503 -1.41614 0.377012
2.35737 -0.152068 3.00663 0.26903 -0.324911 -1.53224 2.54855 1.89801 3.12213 -1.43416 0.0792189 0.638277 1.14163 -1.96503 -1.41614 0.377012
2.35983 -0.152068 3.00663 0.26903 -0.324911 -1.53224 2.54855 1.89801 3.12213 -1.43416 0.0792189 0.638277 1.14163 -1.96503 -1.41614 0.377012
2.36148 -0.152068 3.00663 0.26903 -0.324911 -1.53224 2.54855 1.89801 3.12213 -1.43416 0.0792189 0.638277 1.14163 -1.96503 -1.41614 0.377012
2.36216 -0.152068 3.00663 0.26903 -0.324911 -1.53224 2.54855 1.89801 3.12213 -1.43416 0.0792189 0.638277 1.14163 -1.96503 -1.41614 0.377012
2.36248 -0.152068 3.00663 0.26903 -0.324911 -1.53224 2.54855 1.89801 3.12213 -1.43416 0.0792189 0.638277 1.14163 -1.96503 -1.41614 0.377012
2.36274 -0.152068 3.00663 0.26903 -0.324911 -1.53224 2.54855 1.89801 3.12213 -1.43416 0.0792189 0.638277 1.14163 -1.96503 -1.41614 0.377012
2.36509 -0.152068 3.00663 0.26903 -0.324911 -1.53224 2.54855 1.89801 3.12213 -1.43416 0.0792189 0.638277 1.14163 -1.96503 -1.41614 0.377012
2.36918 -0.152068 3.00663 0.26903 -0.324911 -1.53224 2.54855 1.89801 3.12213 -1.43416 0.0792189 0.638277 1.14163 -1.96503 -1.41614 0.377012
2.37392 -0.152068 3.00663 0.26903 -0.324911 -1.53224 2.54855 1.89801 3.12213 -1.43416 0.0792189 0.638277 1.14163 -1.96503 -1.41614 0.377012
2.37893 -0.152068 3.00663 0.26903 -0.324911 -1.53224 2.54855 1.89801 3.12213 -1.43416 0.0792189 0.638277 1.14163 -1.96503 -1.41614 0.377012
2.38464 -0.152068 3.00663 0.26903 -0.324911 -1.53224 2.54855 1.89801 3.12213 -1.43416 0.0792189 0.638277 1.14163 -1.96503 -1.41614 0.377012
2.39067 -0.152068 3.00663 0.26903 -0.324911 -1.53224 2.54855 1.89801 3.12213 -1.43416 0.0792189 0.638277 1.14163 -1.96503 -1.41614 0.377012
2.39708 -0.152068 3.00663 0.26903 -0.324911 -1.53224 2.54855 1.89801 3.12213 -1.43416 0.0792189 0.638277 1.14163 -1.96503 -1.41614 0.377012
2.40395 -0.152068 3.00663 0.26903 -0.324911 -1.53224 2.54855 1.89801 3.12213 -1.43416 0.0792189 0.638277 1.14163 -1.96503 -1.41614 0.377012
2.41129 -0.152068 3.00663 0.26903 -0.324911 -1.53224 2.54855 1.89801 3.12213 -1.43416 0.0792189 0.638277 1.14163 -1.96503 -1.41614 0.377012
2.41852 -0.152068 3.00663 0.26903 -0.324911 -1.53224 2.54855 1.89801 3.12213 -1.43416 0.0792189 0.638277 1.14163 -1.96503 -1.41614 0.377012
2.42574 -0.152068 3.00663 0.26903 -0.324911 -1.53224 2.54855 1.89801 3.12213 -1.43416 0.0792189 0.638277 1.14163 -1.96503 -1.41614 0.377012
2.43343 -0.152068 3.00663 0.26903 -0.324911 -1.53224 2.54855 1.89801 3.12213 -1.43416 0.0792189 0.638277 1.14163 -1.96503 -1.41614 0.377012
2.44176 -0.152068 3.00663 0.26903 -0.324911 -1.53224 2.54855 1.89801 3.12213 -1.43416 0.0792189 0.638277 1.14163 -1.96503 -1.41614 0.377012
2.45123 -0.152068 3.00663 0.26903 -0.324911 -1.53224 2.54855 1.89801 3.12213 -1.43416 0.0792189 0.638277 1.14163 -1.96503 -1.41614 0.377012
2.46086 -0.152068 3.00663 0.26903 -0.324911 -1.53224 2.54855 1.89801 3.12213 -1.43416 0.0792189 0.638277 1.14163 -1.96503 -1.41614 0.377012
2.47027 -0.152068 3.00663 0.26903 -0.324911 -1.53224 2.54855 1.89801 3.12213 -1.43416 0.0792189 0.638277 1.14163 -1.96503 -1.41614 0.377012
2.48077 -0.152068 3.00663 0.26903 -0.324911 -1.53224 2.54855 1.89801 3.12213 -1.43416 0.0792189 0.638277 1.14163 -1.96503 -1.41614 0.377012
2.49212 -0.152068 3.00663 0.26903 -0.324911 -1.53224 2.54855 1.89801 3.12213 -1.43416 0.0792189 0.638277 1.14163 -1.96503 -1.41614 0.377012
2.50264 -0.152068 3.00663 0.26903 -0.324911 -1.53224 2.54855 1.89801 3.12213 -1.43416 0.0792189 0.638277 1.14163 -1.96503 -1.41614 0.377012
2.51332 -0.152068 3.00663 0.26903 -0.324911 -1.53224 2.54855 1.89801 3.12213 -1.43416 0.0792189 0.638277 1.14163 -1.96503 -1.41614 0.377012
2.5244 -0.152068 3.00663 0.26903 -0.324911 -1.53224 2.54855 1.89801 3.12213 -1.43416 0.0792189 0.638277 1.14163 -1.96503 -1.41614 0.377012
2.5365 -0.152068 3.00663 0.26903 -0.324911 -1.53224 2.54855 1.89801 3.12213 -1.43416 0.0792189 0.638277 1.14163 -1.96503 -1.41614 0.377012
2.54824 -0.152068 3.00663 0.26903 -0.324911 -1.53224 2.54855 1.89801 3.12213 -1.43416 0.0792189 0.638277 1.14163 -1.96503 -1.41614 0.377012
2.5602 -0.152068 3.00663 0.26903 -0.324911 -1.53224 2.54855 1.89801 3.12213 -1.43416 0.0792189 0.638277 1.14163 -1.96503 -1.41614 0.377012
2.57282 -0.152068 3.00663 0.26903 -0.324911 -1.53224 2.54855 1.89801 3.12213 -1.43416 0.0792189 0.638277 1.14163 -1.96503 -1.41614 0.377012
2.58571 -0.152068 3.00663 0.26903 -0.324911 -1.53224 2.54855 1.89801 3.12213 -1.43416 0.0792189 0.638277 1.14163 -1.96503 -1.41614 0.377012
2.59916 -0.152068 3.00663 0.26903 -0.324911 -1.53224 2.54855 1.89801 3.12213 -1.43416 0.0792189 0.638277 1.14163 -1.96503 -1.41614 0.377012
2.61305 -0.152068 3.00663 0.26903 -0.324911 -1.53224 2.54855 1.89801 3.12213 -1.43416 0.0792189 0.638277 1.14163 -1.96503 -1.41614 0.377012
2.62735 -0.152068 3.00663 0.26903 -0.324911 -1.53224 2.54855 1.89801 3.12213 -1.43416 0.0792189 0.638277 1.14163 -1.96503 -1.41614 0.377012
2.64246 -0.152068 3.00663 0.26903 -0.324911 -1.53224 2.54855 1.89801 3.12213 -1.43416 0.0792189 0.638277 1.14163 -1.96503 -1.41614 0.377012
2.65776 -0.152068 3.00663 0.26903 -0.324911 -1.53224 2.54855 1.89801 3.12213 -1.43416 0.0792189 0.638277 1.14163 -1.96503 -1.41614 0.377012
2.67348 -0.152068 3.00663 0.26903 -0.324911 -1.53224 2.54855 1.89801 3.12213 -1.43416 0.0792189 0.638277 1.14163 -1.96503 -1.41614 0.377012
2.68984 -0.152068 3.00663 0.26903 -0.324911 -1.53224 2.54855 1.89801 3.12213 -1.43416 0.0792189 0.638277 1.14163 -1.96503 -1.41614 0.377012
2.70669 -0.152068 3.00663 0.26903 -0.324911 -1.53224 2.54855 1.89801 3.12213 -1.43416 0.0792189 0.638277 1.14163 -1.96503 -1.41614 0.377012
