4.609
4.619
4.629
4.64
4.65
4.661
4.671
4.681
4.692
4.704
4.724
4.745
4.766
4.787
4.807
4.829
4.849
4.869
4.89
4.91
4.952
4.99
5.029
5.068
5.107
5.146
5.185
5.224
5.262
5.301
5.34
5.378
5.417
5.457
5.497
5.537
5.576
5.614
5.653
5.692
5.73
5.769
5.808
5.847
5.886
5.927
5.969
6.01
6.049
6.088
6.127
6.166
6.205
6.244
6.282
6.321
6.359
6.397
6.436
6.476
6.516
6.555
6.594
6.633
6.671
6.71
6.748
6.787
6.826
6.865
6.904
6.945
6.985
7.026
7.064
7.102
7.141
7.181
7.219
7.258
7.297
7.335
7.374
7.412
7.451
7.49
7.53
7.57
7.609
7.647
7.686
7.724
7.763
7.801
7.84
7.878
7.917
7.961
8.001
8.041
8.08
8.119
8.158
8.197
8.238
8.277
8.315
8.354
8.393
8.431
8.47
8.509
8.548
8.588
9.204
9.215
9.226
9.236
9.247
9.258
9.269
9.279
9.29
9.303
9.341
9.38
9.419
9.457
9.497
9.535
9.574
9.613
9.652
9.691
9.73
9.769
9.807
9.847
9.886
9.924
9.965
10.01
10.051
10.089
10.129
10.17
10.208
10.246
10.285
10.324
10.362
10.4
10.439
10.478
10.517
10.556
10.594
10.633
10.671
