1.42867 -1.48915 -1.99272 -1.86562 -2.08842 -0.244423 -0.340379 0.229689 -3.08457 0.475524 0.838876 -0.8633 -0.799108 -0.905052 1.83627 -2.37896
1.42867 -1.48915 -1.99272 -1.86562 -2.08842 -0.244423 -0.340379 0.229689 -3.08457 0.475524 0.838876 -0.8633 -0.799108 -0.905052 1.83627 -2.37896
1.42867 -1.48915 -1.99272 -1.86562 -2.08842 -0.244423 -0.340379 0.229689 -3.08457 0.475524 0.838876 -0.8633 -0.799108 -0.905052 1.83627 -2.37896
1.42867 -1.48915 -1.99272 -1.86562 -2.08842 -0.244423 -0.340379 0.229689 -3.08457 0.475524 0.838876 -0.8633 -0.799108 -0.905052 1.83627 -2.37896
1.42867 -1.48915 -1.99272 -1.86562 -2.08842 -0.244423 -0.340379 0.229689 -3.08457 0.475524 0.838876 -0.8633 -0.799108 -0.905052 1.83627 -2.37896
1.42867 -1.48915 -1.99272 -1.86562 -2.08842 -0.244423 -0.340379 0.229689 -3.08457 0.475524 0.838876 -0.8633 -0.799108 -0.905052 1.83627 -2.37896
1.42867 -1.48915 -1.99272 -1.86562 -2.08842 -0.244423 -0.340379 0.229689 -3.08457 0.475524 0.838876 -0.8633 -0.799108 -0.905052 1.83627 -2.37896
1.42867 -1.48915 -1.99272 -1.86562 -2.08842 -0.244423 -0.340379 0.229689 -3.08457 0.475524 0.838876 -0.8633 -0.799108 -0.905052 1.83627 -2.37896
1.42867 -1.48915 -1.99272 -1.86562 -2.08842 -0.244423 -0.340379 0.229689 -3.08457 0.475524 0.838876 -0.8633 -0.799108 -0.905052 1.83627 -2.37896
1.42867 -1.48915 -1.99272 -1.86562 -2.08842 -0.244423 -0.340379 0.229689 -3.08457 0.475524 0.838876 -0.8633 -0.799108 -0.905052 1.83627 -2.37896
1.42867 -1.48915 -1.99272 -1.86562 -2.08842 -0.244423 -0.340379 0.229689 -3.08457 0.475524 0.838876 -0.8633 -0.799108 -0.905052 1.83627 -2.37896
1.42867 -1.48915 -1.99272 -1.86562 -2.08842 -0.244423 -0.340379 0.229689 -3.08457 0.475524 0.838876 -0.8633 -0.799108 -0.905052 1.83627 -2.37896
1.42867 -1.48915 -1.99272 -1.86562 -2.08842 -0.244423 -0.340379 0.229689 -3.08457 0.475524 0.838876 -0.8633 -0.799108 -0.905052 1.83627 -2.37896
1.42867 -1.48915 -1.99272 -1.86562 -2.08842 -0.244423 -0.340379 0.229689 -3.08457 0.475524 0.838876 -0.8633 -0.799108 -0.905052 1.83627 -2.37896
1.42867 -1.48915 -1.99272 -1.86562 -2.08842 -0.244423 -0.340379 0.229689 -3.08457 0.475524 0.838876 -0.8633 -0.799108 -0.905052 1.83627 -2.37896
1.42867 -1.48915 -1.99272 -1.86562 -2.08842 -0.244423 -0.340379 0.229689 -3.08457 0.475524 0.838876 -0.8633 -0.799108 -0.905052 1.83627 -2.37896
1.42867 -1.48915 -1.99272 -1.86562 -2.08842 -0.244423 -0.340379 0.229689 -3.08457 0.475524 0.838876 -0.8633 -0.799108 -0.905052 1.83627 -2.37896
1.42867 -1.48915 -1.99272 -1.86562 -2.08842 -0.244423 -0.340379 0.229689 -3.08457 0.475524 0.838876 -0.8633 -0.799108 -0.905052 1.83627 -2.37896
1.42867 -1.48915 -1.99272 -1.86562 -2.08842 -0.244423 -0.340379 0.229689 -3.08457 0.475524 0.838876 -0.8633 -0.799108 -0.905052 1.83627 -2.37896
1.42867 -1.48915 -1.99272 -1.86562 -2.08842 -0.244423 -0.340379 0.229689 -3.08457 0.475524 0.838876 -0.8633 -0.799108 -0.905052 1.83627 -2.37896
1.42972 -1.48915 -1.99272 -1.86562 -2.08842 -0.244423 -0.340379 0.229689 -3.08457 0.475524 0.838876 -0.8633 -0.799108 -0.905052 1.83627 -2.37896
1.43145 -1.48915 -1.99272 -1.86562 -2.08842 -0.244423 -0.340379 0.229689 -3.08457 0.475524 0.838876 -0.8633 -0.799108 -0.905052 1.83627 -2.37896
1.43336 -1.48915 -1.99272 -1.86562 -2.08842 -0.244423 -0.340379 0.229689 -3.08457 0.475524 0.838876 -0.8633 -0.799108 -0.905052 1.83627 -2.37896
1.43538 -1.48915 -1.99272 -1.86562 -2.08842 -0.244423 -0.340379 0.229689 -3.08457 0.475524 0.838876 -0.8633 -0.799108 -0.905052 1.83627 -2.37896
1.43775 -1.48915 -1.99272 -1.86562 -2.08842 -0.244423 -0.340379 0.229689 -3.08457 0.475524 0.838876 -0.8633 -0.799108 -0.905052 1.83627 -2.37896
1.44056 -1.48915 -1.99272 -1.86562 -2.08842 -0.244423 -0.340379 0.229689 -3.08457 0.475524 0.838876 -0.8633 -0.799108 -0.905052 1.83627 -2.37896
1.44384 -1.48915 -1.99272 -1.86562 -2.08842 -0.244423 -0.340379 0.229689 -3.08457 0.475524 0.838876 -0.8633 -0.799108 -0.905052 1.83627 -2.37896
1.44737 -1.48915 -1.99272 -1.86562 -2.08842 -0.244423 -0.340379 0.229689 -3.08457 0.475524 0.838876 -0.8633 -0.799108 -0.905052 1.83627 -2.37896
1.45079 -1.48915 -1.99272 -1.86562 -2.08842 -0.244423 -0.340379 0.229689 -3.08457 0.475524 0.838876 -0.8633 -0.799108 -0.905052 1.83627 -2.37896
1.45412 -1.48915 -1.99272 -1.86562 -2.08842 -0.244423 -0.340379 0.229689 -3.08457 0.475524 0.838876 -0.8633 -0.799108 -0.905052 1.83627 -2.37896
1.45761 -1.48915 -1.99272 -1.86562 -2.08842 -0.244423 -0.340379 0.229689 -3.08457 0.475524 0.838876 -0.8633 -0.799108 -0.905052 1.83627 -2.37896
1.46136 -1.48915 -1.99272 -1.86562 -2.08842 -0.244423 -0.340379 0.229689 -3.08457 0.475524 0.838876 -0.8633 -0.799108 -0.905052 1.83627 -2.37896
1.46533 -1.48915 -1.99272 -1.86562 -2.08842 -0.244423 -0.340379 0.229689 -3.08457 0.475524 0.838876 -0.8633 -0.799108 -0.905052 1.83627 -2.37896
1.46914 -1.48915 -1.99272 -1.86562 -2.08842 -0.244423 -0.340379 0.229689 -3.08457 0.475524 0.838876 -0.8633 -0.799108 -0.905052 1.83627 -2.37896
1.47277 -1.48915 -1.99272 -1.86562 -2.08842 -0.244423 -0.340379 0.229689 -3.08457 0.475524 0.838876 -0.8633 -0.799108 -0.905052 1.83627 -2.37896
1.47662 -1.48915 -1.99272 -1.86562 -2.08842 -0.244423 -0.340379 0.229689 -3.08457 0.475524 0.838876 -0.8633 -0.799108 -0.905052 1.83627 -2.37896
1.48065 -1.48915 -1.99272 -1.86562 -2.08842 -0.244423 -0.340379 0.229689 -3.08457 0.475524 0.838876 -0.8633 -0.799108 -0.905052 1.83627 -2.37896
1.48494 -1.48915 -1.99272 -1.86562 -2.08842 -0.244423 -0.340379 0.229689 -3.08457 0.475524 0.838876 -0.8633 -0.799108 -0.905052 1.83627 -2.37896
1.48928 -1.48915 -1.99272 -1.86562 -2.08842 -0.244423 -0.340379 0.229689 -3.08457 0.475524 0.838876 -0.8633 -0.799108 -0.905052 1.83627 -2.37896
1.49358 -1.48915 -1.99272 -1.86562 -2.08842 -0.244423 -0.340379 0.229689 -3.08457 0.475524 0.838876 -0.8633 -0.799108 -0.905052 1.83627 -2.37896
1.49815 -1.48915 -1.99272 -1.86562 -2.08842 -0.244423 -0.340379 0.229689 -3.08457 0.475524 0.838876 -0.8633 -0.799108 -0.905052 1.83627 -2.37896
1.50273 -1.48915 -1.99272 -1.86562 -2.08842 -0.244423 -0.340379 0.229689 -3.08457 0.475524 0.838876 -0.8633 -0.799108 -0.905052 1.83627 -2.37896
1.50737 -1.48915 -1.99272 -1.86562 -2.08842 -0.244423 -0.340379 0.229689 -3.08457 0.475524 0.838876 -0.8633 -0.799108 -0.905052 1.83627 -2.37896
1.51197 -1.48915 -1.99272 -1.86562 -2.08842 -0.244423 -0.340379 0.229689 -3.08457 0.475524 0.838876 -0.8633 -0.799108 -0.905052 1.83627 -2.37896
1.51667 -1.48915 -1.99272 -1.86562 -2.08842 -0.244423 -0.340379 0.229689 -3.08457 0.475524 0.838876 -0.8633 -0.799108 -0.905052 1.83627 -2.37896
1.5214 -1.48915 -1.99272 -1.86562 -2.08842 -0.244423 -0.340379 0.229689 -3.08457 0.475524 0.838876 -0.8633 -0.799108 -0.905052 1.83627 -2.37896
1.52636 -1.48915 -1.99272 -1.86562 -2.08842 -0.244423 -0.340379 0.229689 -3.08457 0.475524 0.838876 -0.8633 -0.799108 -0.905052 1.83627 -2.37896
1.53167 -1.48915 -1.99272 -1.86562 -2.08842 -0.244423 -0.340379 0.229689 -3.08457 0.475524 0.838876 -0.8633 -0.799108 -0.905052 1.83627 -2.37896
1.53665 -1.48915 -1.99272 -1.86562 -2.08842 -0.244423 -0.340379 0.229689 -3.08457 0.475524 0.838876 -0.8633 -0.799108 -0.905052 1.83627 -2.37896
1.54193 -1.48915 -1.99272 -1.86562 -2.08842 -0.244423 -0.340379 0.229689 -3.08457 0.475524 0.838876 -0.8633 -0.799108 -0.905052 1.83627 -2.37896
1.54737 -1.48915 -1.99272 -1.86562 -2.08842 -0.244423 -0.340379 0.229689 -3.08457 0.475524 0.838876 -0.8633 -0.799108 -0.905052 1.83627 -2.37896
1.55275 -1.48915 -1.99272 -1.86562 -2.08842 -0.244423 -0.340379 0.229689 -3.08457 0.475524 0.838876 -0.8633 -0.799108 -0.905052 1.83627 -2.37896
1.55859 -1.48915 -1.99272 -1.86562 -2.08842 -0.244423 -0.340379 0.229689 -3.08457 0.475524 0.838876 -0.8633 -0.799108 -0.905052 1.83627 -2.37896
1.56433 -1.48915 -1.99272 -1.86562 -2.08842 -0.244423 -0.340379 0.229689 -3.08457 0.475524 0.838876 -0.8633 -0.799108 -0.905052 1.83627 -2.37896
1.57009 -1.48915 -1.99272 -1.86562 -2.08842 -0.244423 -0.340379 0.229689 -3.08457 0.475524 0.838876 -0.8633 -0.799108 -0.905052 1.83627 -2.37896
1.57589 -1.48915 -1.99272 -1.86562 -2.08842 -0.244423 -0.340379 0.229689 -3.08457 0.475524 0.838876 -0.8633 -0.799108 -0.905052 1.83627 -2.37896
1.58203 -1.48915 -1.99272 -1.86562 -2.08842 -0.244423 -0.340379 0.229689 -3.08457 0.475524 0.838876 -0.8633 -0.799108 -0.905052 1.83627 -2.37896
1.58824 -1.48915 -1.99272 -1.86562 -2.08842 -0.244423 -0.340379 0.229689 -3.08457 0.475524 0.838876 -0.8633 -0.799108 -0.905052 1.83627 -2.37896
1.59446 -1.48915 -1.99272 -1.86562 -2.08842 -0.244423 -0.340379 0.229689 -3.08457 0.475524 0.838876 -0.8633 -0.799108 -0.905052 1.83627 -2.37896
1.60094 -1.48915 -1.99272 -1.86562 -2.08842 -0.244423 -0.340379 0.229689 -3.08457 0.475524 0.838876 -0.8633 -0.799108 -0.905052 1.83627 -2.37896
1.60766 -1.48915 -1.99272 -1.86562 -2.08842 -0.244423 -0.340379 0.229689 -3.08457 0.475524 0.838876 -0.8633 -0.799108 -0.905052 1.83627 -2.37896
1.61436 -1.48915 -1.99272 -1.86562 -2.08842 -0.244423 -0.340379 0.229689 -3.08457 0.475524 0.838876 -0.8633 -0.799108 -0.905052 1.83627 -2.37896
1.62111 -1.48915 -1.99272 -1.86562 -2.08842 -0.244423 -0.340379 0.229689 -3.08457 0.475524 0.838876 -0.8633 -0.799108 -0.905052 1.83627 -2.37896
1.62831 -1.48915 -1.99272 -1.86562 -2.08842 -0.244423 -0.340379 0.229689 -3.08457 0.475524 0.838876 -0.8633 -0.799108 -0.905052 1.83627 -2.37896
1.63553 -1.48915 -1.99272 -1.86562 -2.08842 -0.244423 -0.340379 0.229689 -3.08457 0.475524 0.838876 -0.8633 -0.799108 -0.905052 1.83627 -2.37896
1.64345 -1.48915 -1.99272 -1.86562 -2.08842 -0.244423 -0.340379 0.229689 -3.08457 0.475524 0.838876 -0.8633 -0.799108 -0.905052 1.83627 -2.37896
1.65133 -1.48915 -1.99272 -1.86562 -2.08842 -0.244423 -0.340379 0.229689 -3.08457 0.475524 0.838876 -0.8633 -0.799108 -0.905052 1.83627 -2.37896
1.65891 -1.48915 -1.99272 -1.86562 -2.08842 -0.244423 -0.340379 0.229689 -3.08457 0.475524 0.838876 -0.8633 -0.799108 -0.905052 1.83627 -2.37896
1.66687 -1.48915 -1.99272 -1.86562 -2.08842 -0.244423 -0.340379 0.229689 -3.08457 0.475524 0.838876 -0.8633 -0.799108 -0.905052 1.83627 -2.37896
1.67476 -1.48915 -1.99272 -1.86562 -2.08842 -0.244423 -0.340379 0.229689 -3.08457 0.475524 0.838876 -0.8633 -0.799108 -0.905052 1.83627 -2.37896
1.68292 -1.48915 -1.99272 -1.86562 -2.08842 -0.244423 -0.340379 0.229689 -3.08457 0.475524 0.838876 -0.8633 -0.799108 -0.905052 1.83627 -2.37896
1.69119 -1.48915 -1.99272 -1.86562 -2.08842 -0.244423 -0.340379 0.229689 -3.08457 0.475524 0.838876 -0.8633 -0.799108 -0.905052 1.83627 -2.37896
1.69959 -1.48915 -1.99272 -1.86562 -2.08842 -0.244423 -0.340379 0.229689 -3.08457 0.475524 0.838876 -0.8633 -0.799108 -0.905052 1.83627 -2.37896
1.69862 -1.48915 -1.99272 -1.86562 -2.08842 -0.244423 -0.340379 0.229689 -3.08457 0.475524 0.838876 -0.8633 -0.799108 -0.905052 1.83627 -2.37896
1.69712 -1.48915 -1.99272 -1.86562 -2.08842 -0.244423 -0.340379 0.229689 -3.08457 0.475524 0.838876 -0.8633 -0.799108 -0.905052 1.83627 -2.37896
1.69584 -1.48915 -1.99272 -1.86562 -2.08842 -0.244423 -0.340379 0.229689 -3.08457 0.475524 0.838876 -0.8633 -0.799108 -0.905052 1.83627 -2.37896
1.69451 -1.48915 -1.99272 -1.86562 -2.08842 -0.244423 -0.340379 0.229689 -3.08457 0.475524 0.838876 -0.8633 -0.799108 -0.905052 1.83627 -2.37896
1.69325 -1.48915 -1.99272 -1.86562 -2.08842 -0.244423 -0.340379 0.229689 -3.08457 0.475524 0.838876 -0.8633 -0.799108 -0.905052 1.83627 -2.37896
1.69168 -1.48915 -1.99272 -1.86562 -2.08842 -0.244423 -0.340379 0.229689 -3.08457 0.475524 0.838876 -0.8633 -0.799108 -0.905052 1.83627 -2.37896
1.68955 -1.48915 -1.99272 -1.86562 -2.08842 -0.244423 -0.340379 0.229689 -3.08457 0.475524 0.838876 -0.8633 -0.799108 -0.905052 1.83627 -2.37896
1.68727 -1.48915 -1.99272 -1.86562 -2.08842 -0.244423 -0.340379 0.229689 -3.08457 0.475524 0.838876 -0.8633 -0.799108 -0.905052 1.83627 -2.37896
1.68499 -1.48915 -1.99272 -1.86562 -2.08842 -0.244423 -0.340379 0.229689 -3.08457 0.475524 0.838876 -0.8633 -0.799108 -0.905052 1.83627 -2.37896
1.68277 -1.48915 -1.99272 -1.86562 -2.08842 -0.244423 -0.340379 0.229689 -3.08457 0.475524 0.838876 -0.8633 -0.799108 -0.905052 1.83627 -2.37896
1.67861 -1.48915 -1.99272 -1.86562 -2.08842 -0.244423 -0.340379 0.229689 -3.08457 0.475524 0.838876 -0.8633 -0.799108 -0.905052 1.83627 -2.37896
1.67449 -1.48915 -1.99272 -1.86562 -2.08842 -0.244423 -0.340379 0.229689 -3.08457 0.475524 0.838876 -0.8633 -0.799108 -0.905052 1.83627 -2.37896
1.67021 -1.48915 -1.99272 -1.86562 -2.08842 -0.244423 -0.340379 0.229689 -3.08457 0.475524 0.838876 -0.8633 -0.799108 -0.905052 1.83627 -2.37896
1.66573 -1.48915 -1.99272 -1.86562 -2.08842 -0.244423 -0.340379 0.229689 -3.08457 0.475524 0.838876 -0.8633 -0.799108 -0.905052 1.83627 -2.37896
1.66143 -1.48915 -1.99272 -1.86562 -2.08842 -0.244423 -0.340379 0.229689 -3.08457 0.475524 0.838876 -0.8633 -0.799108 -0.905052 1.83627 -2.37896
1.65725 -1.48915 -1.99272 -1.86562 -2.08842 -0.244423 -0.340379 0.229689 -3.08457 0.475524 0.838876 -0.8633 -0.799108 -0.905052 1.83627 -2.37896
1.65302 -1.48915 -1.99272 -1.86562 -2.08842 -0.244423 -0.340379 0.229689 -3.08457 0.475524 0.838876 -0.8633 -0.799108 -0.905052 1.83627 -2.37896
1.64877 -1.48915 -1.99272 -1.86562 -2.08842 -0.244423 -0.340379 0.229689 -3.08457 0.475524 0.838876 -0.8633 -0.799108 -0.905052 1.83627 -2.37896
1.64445 -1.48915 -1.99272 -1.86562 -2.08842 -0.244423 -0.340379 0.229689 -3.08457 0.475524 0.838876 -0.8633 -0.799108 -0.905052 1.83627 -2.37896
1.64011 -1.48915 -1.99272 -1.86562 -2.08842 -0.244423 -0.340379 0.229689 -3.08457 0.475524 0.838876 -0.8633 -0.799108 -0.905052 1.83627 -2.37896
1.63587 -1.48915 -1.99272 -1.86562 -2.08842 -0.244423 -0.340379 0.229689 -3.08457 0.475524 0.838876 -0.8633 -0.799108 -0.905052 1.83627 -2.37896
1.63156 -1.48915 -1.99272 -1.86562 -2.08842 -0.244423 -0.340379 0.229689 -3.08457 0.475524 0.838876 -0.8633 -0.799108 -0.905052 1.83627 -2.37896
1.62718 -1.48915 -1.99272 -1.86562 -2.08842 -0.244423 -0.340379 0.229689 -3.08457 0.475524 0.838876 -0.8633 -0.799108 -0.905052 1.83627 -2.37896
1.62282 -1.48915 -1.99272 -1.86562 -2.08842 -0.244423 -0.340379 0.229689 -3.08457 0.475524 0.838876 -0.8633 -0.799108 -0.905052 1.83627 -2.37896
1.6185 -1.48915 -1.99272 -1.86562 -2.08842 -0.244423 -0.340379 0.229689 -3.08457 0.475524 0.838876 -0.8633 -0.799108 -0.905052 1.83627 -2.37896
1.6141 -1.48915 -1.99272 -1.86562 -2.08842 -0.244423 -0.340379 0.229689 -3.08457 0.475524 0.838876 -0.8633 -0.799108 -0.905052 1.83627 -2.37896
1.6097 -1.48915 -1.99272 -1.86562 -2.08842 -0.244423 -0.340379 0.229689 -3.08457 0.475524 0.838876 -0.8633 -0.799108 -0.905052 1.83627 -2.37896
1.60528 -1.48915 -1.99272 -1.86562 -2.08842 -0.244423 -0.340379 0.229689 -3.08457 0.475524 0.838876 -0.8633 -0.799108 -0.905052 1.83627 -2.37896
1.60078 -1.48915 -1.99272 -1.86562 -2.08842 -0.244423 -0.340379 0.229689 -3.08457 0.475524 0.838876 -0.8633 -0.799108 -0.905052 1.83627 -2.37896
1.59635 -1.48915 -1.99272 -1.86562 -2.08842 -0.244423 -0.340379 0.229689 -3.08457 0.475524 0.838876 -0.8633 -0.799108 -0.905052 1.83627 -2.37896
1.59194 -1.48915 -1.99272 -1.86562 -2.08842 -0.244423 -0.340379 0.229689 -3.08457 0.475524 0.838876 -0.8633 -0.799108 -0.905052 1.83627 -2.37896
1.5873 -1.48915 -1.99272 -1.86562 -2.08842 -0.244423 -0.340379 0.229689 -3.08457 0.475524 0.838876 -0.8633 -0.799108 -0.905052 1.83627 -2.37896
1.58266 -1.48915 -1.99272 -1.86562 -2.08842 -0.244423 -0.340379 0.229689 -3.08457 0.475524 0.838876 -0.8633 -0.799108 -0.905052 1.83627 -2.37896
1.57812 -1.48915 -1.99272 -1.86562 -2.08842 -0.244423 -0.340379 0.229689 -3.08457 0.475524 0.838876 -0.8633 -0.799108 -0.905052 1.83627 -2.37896
1.57362 -1.48915 -1.99272 -1.86562 -2.08842 -0.244423 -0.340379 0.229689 -3.08457 0.475524 0.838876 -0.8633 -0.799108 -0.905052 1.83627 -2.37896
1.56907 -1.48915 -1.99272 -1.86562 -2.08842 -0.244423 -0.340379 0.229689 -3.08457 0.475524 0.838876 -0.8633 -0.799108 -0.905052 1.83627 -2.37896
1.56452 -1.48915 -1.99272 -1.86562 -2.08842 -0.244423 -0.340379 0.229689 -3.08457 0.475524 0.838876 -0.8633 -0.799108 -0.905052 1.83627 -2.37896
1.56002 -1.48915 -1.99272 -1.86562 -2.08842 -0.244423 -0.340379 0.229689 -3.08457 0.475524 0.838876 -0.8633 -0.799108 -0.905052 1.83627 -2.37896
1.55552 -1.48915 -1.99272 -1.86562 -2.08842 -0.244423 -0.340379 0.229689 -3.08457 0.475524 0.838876 -0.8633 -0.799108 -0.905052 1.83627 -2.37896
1.55095 -1.48915 -1.99272 -1.86562 -2.08842 -0.244423 -0.340379 0.229689 -3.08457 0.475524 0.838876 -0.8633 -0.799108 -0.905052 1.83627 -2.37896
1.54638 -1.48915 -1.99272 -1.86562 -2.08842 -0.244423 -0.340379 0.229689 -3.08457 0.475524 0.838876 -0.8633 -0.799108 -0.905052 1.83627 -2.37896
1.54176 -1.48915 -1.99272 -1.86562 -2.08842 -0.244423 -0.340379 0.229689 -3.08457 0.475524 0.838876 -0.8633 -0.799108 -0.905052 1.83627 -2.37896
1.53714 -1.48915 -1.99272 -1.86562 -2.08842 -0.244423 -0.340379 0.229689 -3.08457 0.475524 0.838876 -0.8633 -0.799108 -0.905052 1.83627 -2.37896
1.53253 -1.48915 -1.99272 -1.86562 -2.08842 -0.244423 -0.340379 0.229689 -3.08457 0.475524 0.838876 -0.8633 -0.799108 -0.905052 1.83627 -2.37896
1.52788 -1.48915 -1.99272 -1.86562 -2.08842 -0.244423 -0.340379 0.229689 -3.08457 0.475524 0.838876 -0.8633 -0.799108 -0.905052 1.83627 -2.37896
1.52322 -1.48915 -1.99272 -1.86562 -2.08842 -0.244423 -0.340379 0.229689 -3.08457 0.475524 0.838876 -0.8633 -0.799108 -0.905052 1.83627 -2.37896
1.51859 -1.48915 -1.99272 -1.86562 -2.08842 -0.244423 -0.340379 0.229689 -3.08457 0.475524 0.838876 -0.8633 -0.799108 -0.905052 1.83627 -2.37896
1.51392 -1.48915 -1.99272 -1.86562 -2.08842 -0.244423 -0.340379 0.229689 -3.08457 0.475524 0.838876 -0.8633 -0.799108 -0.905052 1.83627 -2.37896
1.50928 -1.48915 -1.99272 -1.86562 -2.08842 -0.244423 -0.340379 0.229689 -3.08457 0.475524 0.838876 -0.8633 -0.799108 -0.905052 1.83627 -2.37896
1.50456 -1.48915 -1.99272 -1.86562 -2.08842 -0.244423 -0.340379 0.229689 -3.08457 0.475524 0.838876 -0.8633 -0.799108 -0.905052 1.83627 -2.37896
1.49985 -1.48915 -1.99272 -1.86562 -2.08842 -0.244423 -0.340379 0.229689 -3.08457 0.475524 0.838876 -0.8633 -0.799108 -0.905052 1.83627 -2.37896
1.49504 -1.48915 -1.99272 -1.86562 -2.08842 -0.244423 -0.340379 0.229689 -3.08457 0.475524 0.838876 -0.8633 -0.799108 -0.905052 1.83627 -2.37896
1.49019 -1.48915 -1.99272 -1.86562 -2.08842 -0.244423 -0.340379 0.229689 -3.08457 0.475524 0.838876 -0.8633 -0.799108 -0.905052 1.83627 -2.37896
1.48515 -1.48915 -1.99272 -1.86562 -2.08842 -0.244423 -0.340379 0.229689 -3.08457 0.475524 0.838876 -0.8633 -0.799108 -0.905052 1.83627 -2.37896
1.48018 -1.48915 -1.99272 -1.86562 -2.08842 -0.244423 -0.340379 0.229689 -3.08457 0.475524 0.838876 -0.8633 -0.799108 -0.905052 1.83627 -2.37896
1.47536 -1.48915 -1.99272 -1.86562 -2.08842 -0.244423 -0.340379 0.229689 -3.08457 0.475524 0.838876 -0.8633 -0.799108 -0.905052 1.83627 -2.37896
1.4706 -1.48915 -1.99272 -1.86562 -2.08842 -0.244423 -0.340379 0.229689 -3.08457 0.475524 0.838876 -0.8633 -0.799108 -0.905052 1.83627 -2.37896
1.46578 -1.48915 -1.99272 -1.86562 -2.08842 -0.244423 -0.340379 0.229689 -3.08457 0.475524 0.838876 -0.8633 -0.799108 -0.905052 1.83627 -2.37896
1.46093 -1.48915 -1.99272 -1.86562 -2.08842 -0.244423 -0.340379 0.229689 -3.08457 0.475524 0.838876 -0.8633 -0.799108 -0.905052 1.83627 -2.37896
1.45611 -1.48915 -1.99272 -1.86562 -2.08842 -0.244423 -0.340379 0.229689 -3.08457 0.475524 0.838876 -0.8633 -0.799108 -0.905052 1.83627 -2.37896
1.45111 -1.48915 -1.99272 -1.86562 -2.08842 -0.244423 -0.340379 0.229689 -3.08457 0.475524 0.838876 -0.8633 -0.799108 -0.905052 1.83627 -2.37896
1.4462 -1.48915 -1.99272 -1.86562 -2.08842 -0.244423 -0.340379 0.229689 -3.08457 0.475524 0.838876 -0.8633 -0.799108 -0.905052 1.83627 -2.37896
1.44132 -1.48915 -1.99272 -1.86562 -2.08842 -0.244423 -0.340379 0.229689 -3.08457 0.475524 0.838876 -0.8633 -0.799108 -0.905052 1.83627 -2.37896
1.43645 -1.48915 -1.99272 -1.86562 -2.08842 -0.244423 -0.340379 0.229689 -3.08457 0.475524 0.838876 -0.8633 -0.799108 -0.905052 1.83627 -2.37896
1.43147 -1.48915 -1.99272 -1.86562 -2.08842 -0.244423 -0.340379 0.229689 -3.08457 0.475524 0.838876 -0.8633 -0.799108 -0.905052 1.83627 -2.37896
1.42654 -1.48915 -1.99272 -1.86562 -2.08842 -0.244423 -0.340379 0.229689 -3.08457 0.475524 0.838876 -0.8633 -0.799108 -0.905052 1.83627 -2.37896
1.42163 -1.48915 -1.99272 -1.86562 -2.08842 -0.244423 -0.340379 0.229689 -3.08457 0.475524 0.838876 -0.8633 -0.799108 -0.905052 1.83627 -2.37896
