9.727
9.739
9.749
9.759
9.77
9.78
9.79
9.801
9.811
9.822
9.842
9.863
9.883
9.904
9.924
9.945
9.966
9.987
10.007
10.028
10.066
10.106
10.144
10.183
10.222
10.261
10.299
10.338
10.377
10.415
10.455
10.494
10.533
10.571
10.61
10.649
10.687
10.726
10.766
10.807
10.849
10.888
10.926
10.964
11.003
11.041
11.082
11.121
11.16
11.198
11.237
11.278
11.317
11.355
11.394
11.432
11.471
11.51
11.549
11.587
11.626
11.665
11.704
11.744
11.785
11.826
11.865
11.904
11.943
11.982
12.02
12.059
12.098
13.086
13.097
13.108
13.119
13.13
13.14
13.151
13.162
13.172
13.186
13.225
13.264
13.304
13.343
13.381
13.419
13.458
13.496
13.535
13.574
13.612
13.651
13.69
13.728
13.767
13.805
13.844
13.883
13.922
13.961
14
14.04
14.08
14.119
14.157
14.196
14.234
14.273
14.311
14.35
14.388
14.427
14.466
14.504
14.543
14.581
14.62
14.658
14.697
14.735
14.774
14.813
14.853
14.895
14.934
14.973
15.011
15.05
15.088
15.127
15.167
15.205
15.244
15.283
15.321
15.36
15.398
