1.28235 1.1614 -0.767269 0.481104 -2.97361 1.44221 2.15498 1.46386 -1.08353 -0.740601 1.98324 0.508897 -1.85909 -1.35175 -1.84507 0.603919
1.28235 1.1614 -0.767269 0.481104 -2.97361 1.44221 2.15498 1.46386 -1.08353 -0.740601 1.98324 0.508897 -1.85909 -1.35175 -1.84507 0.603919
1.28235 1.1614 -0.767269 0.481104 -2.97361 1.44221 2.15498 1.46386 -1.08353 -0.740601 1.98324 0.508897 -1.85909 -1.35175 -1.84507 0.603919
1.28235 1.1614 -0.767269 0.481104 -2.97361 1.44221 2.15498 1.46386 -1.08353 -0.740601 1.98324 0.508897 -1.85909 -1.35175 -1.84507 0.603919
1.28235 1.1614 -0.767269 0.481104 -2.97361 1.44221 2.15498 1.46386 -1.08353 -0.740601 1.98324 0.508897 -1.85909 -1.35175 -1.84507 0.603919
1.28247 1.1614 -0.767269 0.481104 -2.97361 1.44221 2.15498 1.46386 -1.08353 -0.740601 1.98324 0.508897 -1.85909 -1.35175 -1.84507 0.603919
1.28298 1.1614 -0.767269 0.481104 -2.97361 1.44221 2.15498 1.46386 -1.08353 -0.740601 1.98324 0.508897 -1.85909 -1.35175 -1.84507 0.603919
1.28364 1.1614 -0.767269 0.481104 -2.97361 1.44221 2.15498 1.46386 -1.08353 -0.740601 1.98324 0.508897 -1.85909 -1.35175 -1.84507 0.603919
1.28435 1.1614 -0.767269 0.481104 -2.97361 1.44221 2.15498 1.46386 -1.08353 -0.740601 1.98324 0.508897 -1.85909 -1.35175 -1.84507 0.603919
1.28506 1.1614 -0.767269 0.481104 -2.97361 1.44221 2.15498 1.46386 -1.08353 -0.740601 1.98324 0.508897 -1.85909 -1.35175 -1.84507 0.603919
1.28578 1.1614 -0.767269 0.481104 -2.97361 1.44221 2.15498 1.46386 -1.08353 -0.740601 1.98324 0.508897 -1.85909 -1.35175 -1.84507 0.603919
1.28653 1.1614 -0.767269 0.481104 -2.97361 1.44221 2.15498 1.46386 -1.08353 -0.740601 1.98324 0.508897 -1.85909 -1.35175 -1.84507 0.603919
1.28736 1.1614 -0.767269 0.481104 -2.97361 1.44221 2.15498 1.46386 -1.08353 -0.740601 1.98324 0.508897 -1.85909 -1.35175 -1.84507 0.603919
1.28825 1.1614 -0.767269 0.481104 -2.97361 1.44221 2.15498 1.46386 -1.08353 -0.740601 1.98324 0.508897 -1.85909 -1.35175 -1.84507 0.603919
1.2892 1.1614 -0.767269 0.481104 -2.97361 1.44221 2.15498 1.46386 -1.08353 -0.740601 1.98324 0.508897 -1.85909 -1.35175 -1.84507 0.603919
1.29027 1.1614 -0.767269 0.481104 -2.97361 1.44221 2.15498 1.46386 -1.08353 -0.740601 1.98324 0.508897 -1.85909 -1.35175 -1.84507 0.603919
1.29137 1.1614 -0.767269 0.481104 -2.97361 1.44221 2.15498 1.46386 -1.08353 -0.740601 1.98324 0.508897 -1.85909 -1.35175 -1.84507 0.603919
1.29252 1.1614 -0.767269 0.481104 -2.97361 1.44221 2.15498 1.46386 -1.08353 -0.740601 1.98324 0.508897 -1.85909 -1.35175 -1.84507 0.603919
1.29488 1.1614 -0.767269 0.481104 -2.97361 1.44221 2.15498 1.46386 -1.08353 -0.740601 1.98324 0.508897 -1.85909 -1.35175 -1.84507 0.603919
1.29764 1.1614 -0.767269 0.481104 -2.97361 1.44221 2.15498 1.46386 -1.08353 -0.740601 1.98324 0.508897 -1.85909 -1.35175 -1.84507 0.603919
1.3005 1.1614 -0.767269 0.481104 -2.97361 1.44221 2.15498 1.46386 -1.08353 -0.740601 1.98324 0.508897 -1.85909 -1.35175 -1.84507 0.603919
1.30353 1.1614 -0.767269 0.481104 -2.97361 1.44221 2.15498 1.46386 -1.08353 -0.740601 1.98324 0.508897 -1.85909 -1.35175 -1.84507 0.603919
1.30665 1.1614 -0.767269 0.481104 -2.97361 1.44221 2.15498 1.46386 -1.08353 -0.740601 1.98324 0.508897 -1.85909 -1.35175 -1.84507 0.603919
1.30983 1.1614 -0.767269 0.481104 -2.97361 1.44221 2.15498 1.46386 -1.08353 -0.740601 1.98324 0.508897 -1.85909 -1.35175 -1.84507 0.603919
1.31294 1.1614 -0.767269 0.481104 -2.97361 1.44221 2.15498 1.46386 -1.08353 -0.740601 1.98324 0.508897 -1.85909 -1.35175 -1.84507 0.603919
1.31609 1.1614 -0.767269 0.481104 -2.97361 1.44221 2.15498 1.46386 -1.08353 -0.740601 1.98324 0.508897 -1.85909 -1.35175 -1.84507 0.603919
1.31959 1.1614 -0.767269 0.481104 -2.97361 1.44221 2.15498 1.46386 -1.08353 -0.740601 1.98324 0.508897 -1.85909 -1.35175 -1.84507 0.603919
1.3234 1.1614 -0.767269 0.481104 -2.97361 1.44221 2.15498 1.46386 -1.08353 -0.740601 1.98324 0.508897 -1.85909 -1.35175 -1.84507 0.603919
1.32726 1.1614 -0.767269 0.481104 -2.97361 1.44221 2.15498 1.46386 -1.08353 -0.740601 1.98324 0.508897 -1.85909 -1.35175 -1.84507 0.603919
1.33139 1.1614 -0.767269 0.481104 -2.97361 1.44221 2.15498 1.46386 -1.08353 -0.740601 1.98324 0.508897 -1.85909 -1.35175 -1.84507 0.603919
1.33528 1.1614 -0.767269 0.481104 -2.97361 1.44221 2.15498 1.46386 -1.08353 -0.740601 1.98324 0.508897 -1.85909 -1.35175 -1.84507 0.603919
1.33928 1.1614 -0.767269 0.481104 -2.97361 1.44221 2.15498 1.46386 -1.08353 -0.740601 1.98324 0.508897 -1.85909 -1.35175 -1.84507 0.603919
1.34336 1.1614 -0.767269 0.481104 -2.97361 1.44221 2.15498 1.46386 -1.08353 -0.740601 1.98324 0.508897 -1.85909 -1.35175 -1.84507 0.603919
1.34773 1.1614 -0.767269 0.481104 -2.97361 1.44221 2.15498 1.46386 -1.08353 -0.740601 1.98324 0.508897 -1.85909 -1.35175 -1.84507 0.603919
1.35211 1.1614 -0.767269 0.481104 -2.97361 1.44221 2.15498 1.46386 -1.08353 -0.740601 1.98324 0.508897 -1.85909 -1.35175 -1.84507 0.603919
1.35642 1.1614 -0.767269 0.481104 -2.97361 1.44221 2.15498 1.46386 -1.08353 -0.740601 1.98324 0.508897 -1.85909 -1.35175 -1.84507 0.603919
1.36101 1.1614 -0.767269 0.481104 -2.97361 1.44221 2.15498 1.46386 -1.08353 -0.740601 1.98324 0.508897 -1.85909 -1.35175 -1.84507 0.603919
1.36594 1.1614 -0.767269 0.481104 -2.97361 1.44221 2.15498 1.46386 -1.08353 -0.740601 1.98324 0.508897 -1.85909 -1.35175 -1.84507 0.603919
1.37089 1.1614 -0.767269 0.481104 -2.97361 1.44221 2.15498 1.46386 -1.08353 -0.740601 1.98324 0.508897 -1.85909 -1.35175 -1.84507 0.603919
1.37568 1.1614 -0.767269 0.481104 -2.97361 1.44221 2.15498 1.46386 -1.08353 -0.740601 1.98324 0.508897 -1.85909 -1.35175 -1.84507 0.603919
1.38083 1.1614 -0.767269 0.481104 -2.97361 1.44221 2.15498 1.46386 -1.08353 -0.740601 1.98324 0.508897 -1.85909 -1.35175 -1.84507 0.603919
1.38621 1.1614 -0.767269 0.481104 -2.97361 1.44221 2.15498 1.46386 -1.08353 -0.740601 1.98324 0.508897 -1.85909 -1.35175 -1.84507 0.603919
1.39181 1.1614 -0.767269 0.481104 -2.97361 1.44221 2.15498 1.46386 -1.08353 -0.740601 1.98324 0.508897 -1.85909 -1.35175 -1.84507 0.603919
1.39733 1.1614 -0.767269 0.481104 -2.97361 1.44221 2.15498 1.46386 -1.08353 -0.740601 1.98324 0.508897 -1.85909 -1.35175 -1.84507 0.603919
1.40323 1.1614 -0.767269 0.481104 -2.97361 1.44221 2.15498 1.46386 -1.08353 -0.740601 1.98324 0.508897 -1.85909 -1.35175 -1.84507 0.603919
1.40932 1.1614 -0.767269 0.481104 -2.97361 1.44221 2.15498 1.46386 -1.08353 -0.740601 1.98324 0.508897 -1.85909 -1.35175 -1.84507 0.603919
1.41569 1.1614 -0.767269 0.481104 -2.97361 1.44221 2.15498 1.46386 -1.08353 -0.740601 1.98324 0.508897 -1.85909 -1.35175 -1.84507 0.603919
1.42211 1.1614 -0.767269 0.481104 -2.97361 1.44221 2.15498 1.46386 -1.08353 -0.740601 1.98324 0.508897 -1.85909 -1.35175 -1.84507 0.603919
1.42877 1.1614 -0.767269 0.481104 -2.97361 1.44221 2.15498 1.46386 -1.08353 -0.740601 1.98324 0.508897 -1.85909 -1.35175 -1.84507 0.603919
1.43568 1.1614 -0.767269 0.481104 -2.97361 1.44221 2.15498 1.46386 -1.08353 -0.740601 1.98324 0.508897 -1.85909 -1.35175 -1.84507 0.603919
1.44267 1.1614 -0.767269 0.481104 -2.97361 1.44221 2.15498 1.46386 -1.08353 -0.740601 1.98324 0.508897 -1.85909 -1.35175 -1.84507 0.603919
1.44985 1.1614 -0.767269 0.481104 -2.97361 1.44221 2.15498 1.46386 -1.08353 -0.740601 1.98324 0.508897 -1.85909 -1.35175 -1.84507 0.603919
1.45721 1.1614 -0.767269 0.481104 -2.97361 1.44221 2.15498 1.46386 -1.08353 -0.740601 1.98324 0.508897 -1.85909 -1.35175 -1.84507 0.603919
1.46545 1.1614 -0.767269 0.481104 -2.97361 1.44221 2.15498 1.46386 -1.08353 -0.740601 1.98324 0.508897 -1.85909 -1.35175 -1.84507 0.603919
1.47357 1.1614 -0.767269 0.481104 -2.97361 1.44221 2.15498 1.46386 -1.08353 -0.740601 1.98324 0.508897 -1.85909 -1.35175 -1.84507 0.603919
1.48231 1.1614 -0.767269 0.481104 -2.97361 1.44221 2.15498 1.46386 -1.08353 -0.740601 1.98324 0.508897 -1.85909 -1.35175 -1.84507 0.603919
1.49071 1.1614 -0.767269 0.481104 -2.97361 1.44221 2.15498 1.46386 -1.08353 -0.740601 1.98324 0.508897 -1.85909 -1.35175 -1.84507 0.603919
1.49948 1.1614 -0.767269 0.481104 -2.97361 1.44221 2.15498 1.46386 -1.08353 -0.740601 1.98324 0.508897 -1.85909 -1.35175 -1.84507 0.603919
1.50938 1.1614 -0.767269 0.481104 -2.97361 1.44221 2.15498 1.46386 -1.08353 -0.740601 1.98324 0.508897 -1.85909 -1.35175 -1.84507 0.603919
1.50808 1.1614 -0.767269 0.481104 -2.97361 1.44221 2.15498 1.46386 -1.08353 -0.740601 1.98324 0.508897 -1.85909 -1.35175 -1.84507 0.603919
1.50691 1.1614 -0.767269 0.481104 -2.97361 1.44221 2.15498 1.46386 -1.08353 -0.740601 1.98324 0.508897 -1.85909 -1.35175 -1.84507 0.603919
1.50572 1.1614 -0.767269 0.481104 -2.97361 1.44221 2.15498 1.46386 -1.08353 -0.740601 1.98324 0.508897 -1.85909 -1.35175 -1.84507 0.603919
1.50454 1.1614 -0.767269 0.481104 -2.97361 1.44221 2.15498 1.46386 -1.08353 -0.740601 1.98324 0.508897 -1.85909 -1.35175 -1.84507 0.603919
1.50273 1.1614 -0.767269 0.481104 -2.97361 1.44221 2.15498 1.46386 -1.08353 -0.740601 1.98324 0.508897 -1.85909 -1.35175 -1.84507 0.603919
1.50076 1.1614 -0.767269 0.481104 -2.97361 1.44221 2.15498 1.46386 -1.08353 -0.740601 1.98324 0.508897 -1.85909 -1.35175 -1.84507 0.603919
1.49857 1.1614 -0.767269 0.481104 -2.97361 1.44221 2.15498 1.46386 -1.08353 -0.740601 1.98324 0.508897 -1.85909 -1.35175 -1.84507 0.603919
1.49635 1.1614 -0.767269 0.481104 -2.97361 1.44221 2.15498 1.46386 -1.08353 -0.740601 1.98324 0.508897 -1.85909 -1.35175 -1.84507 0.603919
1.49417 1.1614 -0.767269 0.481104 -2.97361 1.44221 2.15498 1.46386 -1.08353 -0.740601 1.98324 0.508897 -1.85909 -1.35175 -1.84507 0.603919
1.49018 1.1614 -0.767269 0.481104 -2.97361 1.44221 2.15498 1.46386 -1.08353 -0.740601 1.98324 0.508897 -1.85909 -1.35175 -1.84507 0.603919
1.48616 1.1614 -0.767269 0.481104 -2.97361 1.44221 2.15498 1.46386 -1.08353 -0.740601 1.98324 0.508897 -1.85909 -1.35175 -1.84507 0.603919
1.48199 1.1614 -0.767269 0.481104 -2.97361 1.44221 2.15498 1.46386 -1.08353 -0.740601 1.98324 0.508897 -1.85909 -1.35175 -1.84507 0.603919
1.47792 1.1614 -0.767269 0.481104 -2.97361 1.44221 2.15498 1.46386 -1.08353 -0.740601 1.98324 0.508897 -1.85909 -1.35175 -1.84507 0.603919
1.47388 1.1614 -0.767269 0.481104 -2.97361 1.44221 2.15498 1.46386 -1.08353 -0.740601 1.98324 0.508897 -1.85909 -1.35175 -1.84507 0.603919
1.46972 1.1614 -0.767269 0.481104 -2.97361 1.44221 2.15498 1.46386 -1.08353 -0.740601 1.98324 0.508897 -1.85909 -1.35175 -1.84507 0.603919
1.46561 1.1614 -0.767269 0.481104 -2.97361 1.44221 2.15498 1.46386 -1.08353 -0.740601 1.98324 0.508897 -1.85909 -1.35175 -1.84507 0.603919
1.46148 1.1614 -0.767269 0.481104 -2.97361 1.44221 2.15498 1.46386 -1.08353 -0.740601 1.98324 0.508897 -1.85909 -1.35175 -1.84507 0.603919
1.45737 1.1614 -0.767269 0.481104 -2.97361 1.44221 2.15498 1.46386 -1.08353 -0.740601 1.98324 0.508897 -1.85909 -1.35175 -1.84507 0.603919
1.45319 1.1614 -0.767269 0.481104 -2.97361 1.44221 2.15498 1.46386 -1.08353 -0.740601 1.98324 0.508897 -1.85909 -1.35175 -1.84507 0.603919
1.44898 1.1614 -0.767269 0.481104 -2.97361 1.44221 2.15498 1.46386 -1.08353 -0.740601 1.98324 0.508897 -1.85909 -1.35175 -1.84507 0.603919
1.44475 1.1614 -0.767269 0.481104 -2.97361 1.44221 2.15498 1.46386 -1.08353 -0.740601 1.98324 0.508897 -1.85909 -1.35175 -1.84507 0.603919
1.44045 1.1614 -0.767269 0.481104 -2.97361 1.44221 2.15498 1.46386 -1.08353 -0.740601 1.98324 0.508897 -1.85909 -1.35175 -1.84507 0.603919
1.43624 1.1614 -0.767269 0.481104 -2.97361 1.44221 2.15498 1.46386 -1.08353 -0.740601 1.98324 0.508897 -1.85909 -1.35175 -1.84507 0.603919
1.43202 1.1614 -0.767269 0.481104 -2.97361 1.44221 2.15498 1.46386 -1.08353 -0.740601 1.98324 0.508897 -1.85909 -1.35175 -1.84507 0.603919
1.42773 1.1614 -0.767269 0.481104 -2.97361 1.44221 2.15498 1.46386 -1.08353 -0.740601 1.98324 0.508897 -1.85909 -1.35175 -1.84507 0.603919
1.42343 1.1614 -0.767269 0.481104 -2.97361 1.44221 2.15498 1.46386 -1.08353 -0.740601 1.98324 0.508897 -1.85909 -1.35175 -1.84507 0.603919
1.41885 1.1614 -0.767269 0.481104 -2.97361 1.44221 2.15498 1.46386 -1.08353 -0.740601 1.98324 0.508897 -1.85909 -1.35175 -1.84507 0.603919
1.41456 1.1614 -0.767269 0.481104 -2.97361 1.44221 2.15498 1.46386 -1.08353 -0.740601 1.98324 0.508897 -1.85909 -1.35175 -1.84507 0.603919
1.41023 1.1614 -0.767269 0.481104 -2.97361 1.44221 2.15498 1.46386 -1.08353 -0.740601 1.98324 0.508897 -1.85909 -1.35175 -1.84507 0.603919
1.40588 1.1614 -0.767269 0.481104 -2.97361 1.44221 2.15498 1.46386 -1.08353 -0.740601 1.98324 0.508897 -1.85909 -1.35175 -1.84507 0.603919
1.40135 1.1614 -0.767269 0.481104 -2.97361 1.44221 2.15498 1.46386 -1.08353 -0.740601 1.98324 0.508897 -1.85909 -1.35175 -1.84507 0.603919
1.39651 1.1614 -0.767269 0.481104 -2.97361 1.44221 2.15498 1.46386 -1.08353 -0.740601 1.98324 0.508897 -1.85909 -1.35175 -1.84507 0.603919
1.392 1.1614 -0.767269 0.481104 -2.97361 1.44221 2.15498 1.46386 -1.08353 -0.740601 1.98324 0.508897 -1.85909 -1.35175 -1.84507 0.603919
1.38746 1.1614 -0.767269 0.481104 -2.97361 1.44221 2.15498 1.46386 -1.08353 -0.740601 1.98324 0.508897 -1.85909 -1.35175 -1.84507 0.603919
1.38294 1.1614 -0.767269 0.481104 -2.97361 1.44221 2.15498 1.46386 -1.08353 -0.740601 1.98324 0.508897 -1.85909 -1.35175 -1.84507 0.603919
1.37836 1.1614 -0.767269 0.481104 -2.97361 1.44221 2.15498 1.46386 -1.08353 -0.740601 1.98324 0.508897 -1.85909 -1.35175 -1.84507 0.603919
1.37378 1.1614 -0.767269 0.481104 -2.97361 1.44221 2.15498 1.46386 -1.08353 -0.740601 1.98324 0.508897 -1.85909 -1.35175 -1.84507 0.603919
1.369 1.1614 -0.767269 0.481104 -2.97361 1.44221 2.15498 1.46386 -1.08353 -0.740601 1.98324 0.508897 -1.85909 -1.35175 -1.84507 0.603919
1.36442 1.1614 -0.767269 0.481104 -2.97361 1.44221 2.15498 1.46386 -1.08353 -0.740601 1.98324 0.508897 -1.85909 -1.35175 -1.84507 0.603919
1.3599 1.1614 -0.767269 0.481104 -2.97361 1.44221 2.15498 1.46386 -1.08353 -0.740601 1.98324 0.508897 -1.85909 -1.35175 -1.84507 0.603919
1.35532 1.1614 -0.767269 0.481104 -2.97361 1.44221 2.15498 1.46386 -1.08353 -0.740601 1.98324 0.508897 -1.85909 -1.35175 -1.84507 0.603919
1.35074 1.1614 -0.767269 0.481104 -2.97361 1.44221 2.15498 1.46386 -1.08353 -0.740601 1.98324 0.508897 -1.85909 -1.35175 -1.84507 0.603919
1.34612 1.1614 -0.767269 0.481104 -2.97361 1.44221 2.15498 1.46386 -1.08353 -0.740601 1.98324 0.508897 -1.85909 -1.35175 -1.84507 0.603919
1.34145 1.1614 -0.767269 0.481104 -2.97361 1.44221 2.15498 1.46386 -1.08353 -0.740601 1.98324 0.508897 -1.85909 -1.35175 -1.84507 0.603919
1.3365 1.1614 -0.767269 0.481104 -2.97361 1.44221 2.15498 1.46386 -1.08353 -0.740601 1.98324 0.508897 -1.85909 -1.35175 -1.84507 0.603919
1.33184 1.1614 -0.767269 0.481104 -2.97361 1.44221 2.15498 1.46386 -1.08353 -0.740601 1.98324 0.508897 -1.85909 -1.35175 -1.84507 0.603919
1.32704 1.1614 -0.767269 0.481104 -2.97361 1.44221 2.15498 1.46386 -1.08353 -0.740601 1.98324 0.508897 -1.85909 -1.35175 -1.84507 0.603919
1.32235 1.1614 -0.767269 0.481104 -2.97361 1.44221 2.15498 1.46386 -1.08353 -0.740601 1.98324 0.508897 -1.85909 -1.35175 -1.84507 0.603919
1.31759 1.1614 -0.767269 0.481104 -2.97361 1.44221 2.15498 1.46386 -1.08353 -0.740601 1.98324 0.508897 -1.85909 -1.35175 -1.84507 0.603919
1.31282 1.1614 -0.767269 0.481104 -2.97361 1.44221 2.15498 1.46386 -1.08353 -0.740601 1.98324 0.508897 -1.85909 -1.35175 -1.84507 0.603919
1.30806 1.1614 -0.767269 0.481104 -2.97361 1.44221 2.15498 1.46386 -1.08353 -0.740601 1.98324 0.508897 -1.85909 -1.35175 -1.84507 0.603919
1.30328 1.1614 -0.767269 0.481104 -2.97361 1.44221 2.15498 1.46386 -1.08353 -0.740601 1.98324 0.508897 -1.85909 -1.35175 -1.84507 0.603919
1.29846 1.1614 -0.767269 0.481104 -2.97361 1.44221 2.15498 1.46386 -1.08353 -0.740601 1.98324 0.508897 -1.85909 -1.35175 -1.84507 0.603919
1.29364 1.1614 -0.767269 0.481104 -2.97361 1.44221 2.15498 1.46386 -1.08353 -0.740601 1.98324 0.508897 -1.85909 -1.35175 -1.84507 0.603919
1.28871 1.1614 -0.767269 0.481104 -2.97361 1.44221 2.15498 1.46386 -1.08353 -0.740601 1.98324 0.508897 -1.85909 -1.35175 -1.84507 0.603919
1.28383 1.1614 -0.767269 0.481104 -2.97361 1.44221 2.15498 1.46386 -1.08353 -0.740601 1.98324 0.508897 -1.85909 -1.35175 -1.84507 0.603919
1.27865 1.1614 -0.767269 0.481104 -2.97361 1.44221 2.15498 1.46386 -1.08353 -0.740601 1.98324 0.508897 -1.85909 -1.35175 -1.84507 0.603919
1.2734 1.1614 -0.767269 0.481104 -2.97361 1.44221 2.15498 1.46386 -1.08353 -0.740601 1.98324 0.508897 -1.85909 -1.35175 -1.84507 0.603919
1.2683 1.1614 -0.767269 0.481104 -2.97361 1.44221 2.15498 1.46386 -1.08353 -0.740601 1.98324 0.508897 -1.85909 -1.35175 -1.84507 0.603919
1.26307 1.1614 -0.767269 0.481104 -2.97361 1.44221 2.15498 1.46386 -1.08353 -0.740601 1.98324 0.508897 -1.85909 -1.35175 -1.84507 0.603919
1.25803 1.1614 -0.767269 0.481104 -2.97361 1.44221 2.15498 1.46386 -1.08353 -0.740601 1.98324 0.508897 -1.85909 -1.35175 -1.84507 0.603919
1.25295 1.1614 -0.767269 0.481104 -2.97361 1.44221 2.15498 1.46386 -1.08353 -0.740601 1.98324 0.508897 -1.85909 -1.35175 -1.84507 0.603919
1.24788 1.1614 -0.767269 0.481104 -2.97361 1.44221 2.15498 1.46386 -1.08353 -0.740601 1.98324 0.508897 -1.85909 -1.35175 -1.84507 0.603919
1.24272 1.1614 -0.767269 0.481104 -2.97361 1.44221 2.15498 1.46386 -1.08353 -0.740601 1.98324 0.508897 -1.85909 -1.35175 -1.84507 0.603919
1.23755 1.1614 -0.767269 0.481104 -2.97361 1.44221 2.15498 1.46386 -1.08353 -0.740601 1.98324 0.508897 -1.85909 -1.35175 -1.84507 0.603919
1.2323 1.1614 -0.767269 0.481104 -2.97361 1.44221 2.15498 1.46386 -1.08353 -0.740601 1.98324 0.508897 -1.85909 -1.35175 -1.84507 0.603919
1.22708 1.1614 -0.767269 0.481104 -2.97361 1.44221 2.15498 1.46386 -1.08353 -0.740601 1.98324 0.508897 -1.85909 -1.35175 -1.84507 0.603919
1.22197 1.1614 -0.767269 0.481104 -2.97361 1.44221 2.15498 1.46386 -1.08353 -0.740601 1.98324 0.508897 -1.85909 -1.35175 -1.84507 0.603919
1.21679 1.1614 -0.767269 0.481104 -2.97361 1.44221 2.15498 1.46386 -1.08353 -0.740601 1.98324 0.508897 -1.85909 -1.35175 -1.84507 0.603919
