13.448
13.459
13.47
13.48
13.49
13.501
13.511
13.522
13.541
13.563
13.583
13.604
13.625
13.645
13.666
13.687
13.707
13.728
13.768
13.808
13.847
13.885
13.924
13.963
14.001
14.04
14.081
14.121
14.162
14.201
14.239
14.278
14.317
14.356
14.394
14.433
14.472
14.511
14.549
14.588
14.626
14.665
14.704
14.743
14.782
14.821
14.861
14.9
14.94
14.979
15.017
15.056
15.098
15.137
15.179
15.218
15.257
15.296
17.215
17.226
17.236
17.247
17.258
17.268
17.279
17.29
17.3
17.314
17.353
17.392
17.431
17.47
17.509
17.548
17.586
17.625
17.664
17.702
17.741
17.78
17.819
17.858
17.896
17.935
17.976
18.014
18.053
18.091
18.13
18.173
18.213
18.251
18.291
18.33
18.37
18.409
18.45
18.488
18.527
18.565
18.603
18.642
18.683
18.722
18.76
18.799
18.837
18.876
18.914
18.953
18.991
19.029
19.068
19.107
19.146
19.188
19.228
19.269
19.307
19.346
19.385
19.424
19.463
19.503
19.542
19.581
19.619
19.657
