0
0
-1.17417
-1.26223
-1.37965
-1.46771
-1.58513
-1.67319
-1.79061
-1.87867
-1.87867
-2.02544
-1.79061
-1.87867
-1.76125
-1.87867
-2.02544
-1.87867
-2.02544
-2.02544
-2.02544
-2.02544
-2.02544
-2.02544
-2.02544
-2.02544
-2.02544
-2.02544
-2.02544
-2.02544
-2.02544
-2.02544
-2.02544
-2.02544
-2.02544
-2.02544
-2.02544
-2.02544
-2.02544
-2.02544
-2.02544
-2.02544
-2.02544
-2.02544
-2.02544
-2.02544
-2.02544
-2.02544
-2.02544
-2.02544
-2.02544
-2.02544
-2.02544
-2.02544
-2.02544
-2.02544
-2.02544
-2.02544
-2.02544
-2.02544
-2.02544
-2.02544
-2.02544
-2.02544
-2.02544
-2.02544
-2.02544
-2.02544
-2.02544
-2.02544
-2.02544
-2.02544
-2.02544
-2.02544
-2.02544
-2.02544
-2.02544
-2.02544
-2.02544
-2.02544
-2.02544
-2.02544
-2.02544
-2.02544
-2.02544
-2.02544
-2.02544
-2.02544
-2.02544
-2.02544
-2.02544
-2.02544
-2.02544
-2.02544
-2.02544
-2.02544
-2.02544
-2.02544
-2.02544
-2.02544
-2.02544
-2.02544
-2.02544
-2.02544
-2.02544
-2.02544
-2.02544
-2.02544
-2.02544
-2.02544
-2.02544
-2.02544
-2.02544
-2.02544
-2.02544
-2.02544
-2.02544
-2.02544
-2.02544
-2.02544
-2.02544
-2.02544
-2.02544
-2.02544
-2.02544
-2.02544
-2.02544
-2.02544
-2.02544
-2.02544
-2.02544
-2.02544
-2.02544
-2.02544
-2.02544
-2.02544
-2.02544
-2.02544
-2.02544
-2.02544
-2.02544
-2.02544
-2.02544
-2.02544
-2.02544
-2.02544
-2.02544
-2.02544
-2.02544
-2.02544
-2.02544
-2.02544
-2.02544
-2.02544
-2.02544
-2.02544
-2.02544
-2.02544
-2.02544
-2.02544
-2.02544
-2.02544
-2.02544
-2.02544
-2.02544
-2.02544
-2.02544
-2.02544
-0.117417
-0.146771
-0.146771
-0.146771
-0.234834
0
0
0
0
0
0
0
0
0
0
0
0
0
0
0
0
0
0
0
0
0
0
0
0
0
0
0
0
0
0
0
0
0
0
0
0
