2.53739 -0.249853 -1.05016 -0.712796 2.89638 1.81625 -0.709653 -1.66099 1.6721 -1.61308 -0.990018 -2.83833 0.127848 1.26329 -0.760311 -0.54536
2.53739 -0.249853 -1.05016 -0.712796 2.89638 1.81625 -0.709653 -1.66099 1.6721 -1.61308 -0.990018 -2.83833 0.127848 1.26329 -0.760311 -0.54536
2.53739 -0.249853 -1.05016 -0.712796 2.89638 1.81625 -0.709653 -1.66099 1.6721 -1.61308 -0.990018 -2.83833 0.127848 1.26329 -0.760311 -0.54536
2.5374 -0.249853 -1.05016 -0.712796 2.89638 1.81625 -0.709653 -1.66099 1.6721 -1.61308 -0.990018 -2.83833 0.127848 1.26329 -0.760311 -0.54536
2.53738 -0.249853 -1.05016 -0.712796 2.89638 1.81625 -0.709653 -1.66099 1.6721 -1.61308 -0.990018 -2.83833 0.127848 1.26329 -0.760311 -0.54536
2.5373 -0.249853 -1.05016 -0.712796 2.89638 1.81625 -0.709653 -1.66099 1.6721 -1.61308 -0.990018 -2.83833 0.127848 1.26329 -0.760311 -0.54536
2.53711 -0.249853 -1.05016 -0.712796 2.89638 1.81625 -0.709653 -1.66099 1.6721 -1.61308 -0.990018 -2.83833 0.127848 1.26329 -0.760311 -0.54536
2.53677 -0.249853 -1.05016 -0.712796 2.89638 1.81625 -0.709653 -1.66099 1.6721 -1.61308 -0.990018 -2.83833 0.127848 1.26329 -0.760311 -0.54536
2.536 -0.249853 -1.05016 -0.712796 2.89638 1.81625 -0.709653 -1.66099 1.6721 -1.61308 -0.990018 -2.83833 0.127848 1.26329 -0.760311 -0.54536
2.53498 -0.249853 -1.05016 -0.712796 2.89638 1.81625 -0.709653 -1.66099 1.6721 -1.61308 -0.990018 -2.83833 0.127848 1.26329 -0.760311 -0.54536
2.53373 -0.249853 -1.05016 -0.712796 2.89638 1.81625 -0.709653 -1.66099 1.6721 -1.61308 -0.990018 -2.83833 0.127848 1.26329 -0.760311 -0.54536
2.53244 -0.249853 -1.05016 -0.712796 2.89638 1.81625 -0.709653 -1.66099 1.6721 -1.61308 -0.990018 -2.83833 0.127848 1.26329 -0.760311 -0.54536
2.53085 -0.249853 -1.05016 -0.712796 2.89638 1.81625 -0.709653 -1.66099 1.6721 -1.61308 -0.990018 -2.83833 0.127848 1.26329 -0.760311 -0.54536
2.52947 -0.249853 -1.05016 -0.712796 2.89638 1.81625 -0.709653 -1.66099 1.6721 -1.61308 -0.990018 -2.83833 0.127848 1.26329 -0.760311 -0.54536
2.528 -0.249853 -1.05016 -0.712796 2.89638 1.81625 -0.709653 -1.66099 1.6721 -1.61308 -0.990018 -2.83833 0.127848 1.26329 -0.760311 -0.54536
2.52675 -0.249853 -1.05016 -0.712796 2.89638 1.81625 -0.709653 -1.66099 1.6721 -1.61308 -0.990018 -2.83833 0.127848 1.26329 -0.760311 -0.54536
2.52533 -0.249853 -1.05016 -0.712796 2.89638 1.81625 -0.709653 -1.66099 1.6721 -1.61308 -0.990018 -2.83833 0.127848 1.26329 -0.760311 -0.54536
2.52373 -0.249853 -1.05016 -0.712796 2.89638 1.81625 -0.709653 -1.66099 1.6721 -1.61308 -0.990018 -2.83833 0.127848 1.26329 -0.760311 -0.54536
2.52224 -0.249853 -1.05016 -0.712796 2.89638 1.81625 -0.709653 -1.66099 1.6721 -1.61308 -0.990018 -2.83833 0.127848 1.26329 -0.760311 -0.54536
2.52057 -0.249853 -1.05016 -0.712796 2.89638 1.81625 -0.709653 -1.66099 1.6721 -1.61308 -0.990018 -2.83833 0.127848 1.26329 -0.760311 -0.54536
2.5174 -0.249853 -1.05016 -0.712796 2.89638 1.81625 -0.709653 -1.66099 1.6721 -1.61308 -0.990018 -2.83833 0.127848 1.26329 -0.760311 -0.54536
2.51411 -0.249853 -1.05016 -0.712796 2.89638 1.81625 -0.709653 -1.66099 1.6721 -1.61308 -0.990018 -2.83833 0.127848 1.26329 -0.760311 -0.54536
2.51082 -0.249853 -1.05016 -0.712796 2.89638 1.81625 -0.709653 -1.66099 1.6721 -1.61308 -0.990018 -2.83833 0.127848 1.26329 -0.760311 -0.54536
2.50749 -0.249853 -1.05016 -0.712796 2.89638 1.81625 -0.709653 -1.66099 1.6721 -1.61308 -0.990018 -2.83833 0.127848 1.26329 -0.760311 -0.54536
2.50422 -0.249853 -1.05016 -0.712796 2.89638 1.81625 -0.709653 -1.66099 1.6721 -1.61308 -0.990018 -2.83833 0.127848 1.26329 -0.760311 -0.54536
2.50095 -0.249853 -1.05016 -0.712796 2.89638 1.81625 -0.709653 -1.66099 1.6721 -1.61308 -0.990018 -2.83833 0.127848 1.26329 -0.760311 -0.54536
2.49768 -0.249853 -1.05016 -0.712796 2.89638 1.81625 -0.709653 -1.66099 1.6721 -1.61308 -0.990018 -2.83833 0.127848 1.26329 -0.760311 -0.54536
2.49439 -0.249853 -1.05016 -0.712796 2.89638 1.81625 -0.709653 -1.66099 1.6721 -1.61308 -0.990018 -2.83833 0.127848 1.26329 -0.760311 -0.54536
2.49111 -0.249853 -1.05016 -0.712796 2.89638 1.81625 -0.709653 -1.66099 1.6721 -1.61308 -0.990018 -2.83833 0.127848 1.26329 -0.760311 -0.54536
2.48782 -0.249853 -1.05016 -0.712796 2.89638 1.81625 -0.709653 -1.66099 1.6721 -1.61308 -0.990018 -2.83833 0.127848 1.26329 -0.760311 -0.54536
2.48462 -0.249853 -1.05016 -0.712796 2.89638 1.81625 -0.709653 -1.66099 1.6721 -1.61308 -0.990018 -2.83833 0.127848 1.26329 -0.760311 -0.54536
2.48137 -0.249853 -1.05016 -0.712796 2.89638 1.81625 -0.709653 -1.66099 1.6721 -1.61308 -0.990018 -2.83833 0.127848 1.26329 -0.760311 -0.54536
2.47808 -0.249853 -1.05016 -0.712796 2.89638 1.81625 -0.709653 -1.66099 1.6721 -1.61308 -0.990018 -2.83833 0.127848 1.26329 -0.760311 -0.54536
2.47479 -0.249853 -1.05016 -0.712796 2.89638 1.81625 -0.709653 -1.66099 1.6721 -1.61308 -0.990018 -2.83833 0.127848 1.26329 -0.760311 -0.54536
2.47139 -0.249853 -1.05016 -0.712796 2.89638 1.81625 -0.709653 -1.66099 1.6721 -1.61308 -0.990018 -2.83833 0.127848 1.26329 -0.760311 -0.54536
2.46812 -0.249853 -1.05016 -0.712796 2.89638 1.81625 -0.709653 -1.66099 1.6721 -1.61308 -0.990018 -2.83833 0.127848 1.26329 -0.760311 -0.54536
2.46482 -0.249853 -1.05016 -0.712796 2.89638 1.81625 -0.709653 -1.66099 1.6721 -1.61308 -0.990018 -2.83833 0.127848 1.26329 -0.760311 -0.54536
2.46156 -0.249853 -1.05016 -0.712796 2.89638 1.81625 -0.709653 -1.66099 1.6721 -1.61308 -0.990018 -2.83833 0.127848 1.26329 -0.760311 -0.54536
2.45824 -0.249853 -1.05016 -0.712796 2.89638 1.81625 -0.709653 -1.66099 1.6721 -1.61308 -0.990018 -2.83833 0.127848 1.26329 -0.760311 -0.54536
2.45487 -0.249853 -1.05016 -0.712796 2.89638 1.81625 -0.709653 -1.66099 1.6721 -1.61308 -0.990018 -2.83833 0.127848 1.26329 -0.760311 -0.54536
2.45156 -0.249853 -1.05016 -0.712796 2.89638 1.81625 -0.709653 -1.66099 1.6721 -1.61308 -0.990018 -2.83833 0.127848 1.26329 -0.760311 -0.54536
2.44824 -0.249853 -1.05016 -0.712796 2.89638 1.81625 -0.709653 -1.66099 1.6721 -1.61308 -0.990018 -2.83833 0.127848 1.26329 -0.760311 -0.54536
2.44491 -0.249853 -1.05016 -0.712796 2.89638 1.81625 -0.709653 -1.66099 1.6721 -1.61308 -0.990018 -2.83833 0.127848 1.26329 -0.760311 -0.54536
2.44156 -0.249853 -1.05016 -0.712796 2.89638 1.81625 -0.709653 -1.66099 1.6721 -1.61308 -0.990018 -2.83833 0.127848 1.26329 -0.760311 -0.54536
2.43824 -0.249853 -1.05016 -0.712796 2.89638 1.81625 -0.709653 -1.66099 1.6721 -1.61308 -0.990018 -2.83833 0.127848 1.26329 -0.760311 -0.54536
2.43478 -0.249853 -1.05016 -0.712796 2.89638 1.81625 -0.709653 -1.66099 1.6721 -1.61308 -0.990018 -2.83833 0.127848 1.26329 -0.760311 -0.54536
2.43125 -0.249853 -1.05016 -0.712796 2.89638 1.81625 -0.709653 -1.66099 1.6721 -1.61308 -0.990018 -2.83833 0.127848 1.26329 -0.760311 -0.54536
2.4278 -0.249853 -1.05016 -0.712796 2.89638 1.81625 -0.709653 -1.66099 1.6721 -1.61308 -0.990018 -2.83833 0.127848 1.26329 -0.760311 -0.54536
2.4242 -0.249853 -1.05016 -0.712796 2.89638 1.81625 -0.709653 -1.66099 1.6721 -1.61308 -0.990018 -2.83833 0.127848 1.26329 -0.760311 -0.54536
2.42084 -0.249853 -1.05016 -0.712796 2.89638 1.81625 -0.709653 -1.66099 1.6721 -1.61308 -0.990018 -2.83833 0.127848 1.26329 -0.760311 -0.54536
2.41746 -0.249853 -1.05016 -0.712796 2.89638 1.81625 -0.709653 -1.66099 1.6721 -1.61308 -0.990018 -2.83833 0.127848 1.26329 -0.760311 -0.54536
2.41408 -0.249853 -1.05016 -0.712796 2.89638 1.81625 -0.709653 -1.66099 1.6721 -1.61308 -0.990018 -2.83833 0.127848 1.26329 -0.760311 -0.54536
2.41063 -0.249853 -1.05016 -0.712796 2.89638 1.81625 -0.709653 -1.66099 1.6721 -1.61308 -0.990018 -2.83833 0.127848 1.26329 -0.760311 -0.54536
2.40717 -0.249853 -1.05016 -0.712796 2.89638 1.81625 -0.709653 -1.66099 1.6721 -1.61308 -0.990018 -2.83833 0.127848 1.26329 -0.760311 -0.54536
2.40377 -0.249853 -1.05016 -0.712796 2.89638 1.81625 -0.709653 -1.66099 1.6721 -1.61308 -0.990018 -2.83833 0.127848 1.26329 -0.760311 -0.54536
2.40036 -0.249853 -1.05016 -0.712796 2.89638 1.81625 -0.709653 -1.66099 1.6721 -1.61308 -0.990018 -2.83833 0.127848 1.26329 -0.760311 -0.54536
2.39695 -0.249853 -1.05016 -0.712796 2.89638 1.81625 -0.709653 -1.66099 1.6721 -1.61308 -0.990018 -2.83833 0.127848 1.26329 -0.760311 -0.54536
2.39352 -0.249853 -1.05016 -0.712796 2.89638 1.81625 -0.709653 -1.66099 1.6721 -1.61308 -0.990018 -2.83833 0.127848 1.26329 -0.760311 -0.54536
2.39008 -0.249853 -1.05016 -0.712796 2.89638 1.81625 -0.709653 -1.66099 1.6721 -1.61308 -0.990018 -2.83833 0.127848 1.26329 -0.760311 -0.54536
2.38666 -0.249853 -1.05016 -0.712796 2.89638 1.81625 -0.709653 -1.66099 1.6721 -1.61308 -0.990018 -2.83833 0.127848 1.26329 -0.760311 -0.54536
2.38319 -0.249853 -1.05016 -0.712796 2.89638 1.81625 -0.709653 -1.66099 1.6721 -1.61308 -0.990018 -2.83833 0.127848 1.26329 -0.760311 -0.54536
2.37973 -0.249853 -1.05016 -0.712796 2.89638 1.81625 -0.709653 -1.66099 1.6721 -1.61308 -0.990018 -2.83833 0.127848 1.26329 -0.760311 -0.54536
2.37617 -0.249853 -1.05016 -0.712796 2.89638 1.81625 -0.709653 -1.66099 1.6721 -1.61308 -0.990018 -2.83833 0.127848 1.26329 -0.760311 -0.54536
2.37268 -0.249853 -1.05016 -0.712796 2.89638 1.81625 -0.709653 -1.66099 1.6721 -1.61308 -0.990018 -2.83833 0.127848 1.26329 -0.760311 -0.54536
2.36921 -0.249853 -1.05016 -0.712796 2.89638 1.81625 -0.709653 -1.66099 1.6721 -1.61308 -0.990018 -2.83833 0.127848 1.26329 -0.760311 -0.54536
2.36572 -0.249853 -1.05016 -0.712796 2.89638 1.81625 -0.709653 -1.66099 1.6721 -1.61308 -0.990018 -2.83833 0.127848 1.26329 -0.760311 -0.54536
2.36223 -0.249853 -1.05016 -0.712796 2.89638 1.81625 -0.709653 -1.66099 1.6721 -1.61308 -0.990018 -2.83833 0.127848 1.26329 -0.760311 -0.54536
2.35876 -0.249853 -1.05016 -0.712796 2.89638 1.81625 -0.709653 -1.66099 1.6721 -1.61308 -0.990018 -2.83833 0.127848 1.26329 -0.760311 -0.54536
2.35524 -0.249853 -1.05016 -0.712796 2.89638 1.81625 -0.709653 -1.66099 1.6721 -1.61308 -0.990018 -2.83833 0.127848 1.26329 -0.760311 -0.54536
2.35163 -0.249853 -1.05016 -0.712796 2.89638 1.81625 -0.709653 -1.66099 1.6721 -1.61308 -0.990018 -2.83833 0.127848 1.26329 -0.760311 -0.54536
2.3478 -0.249853 -1.05016 -0.712796 2.89638 1.81625 -0.709653 -1.66099 1.6721 -1.61308 -0.990018 -2.83833 0.127848 1.26329 -0.760311 -0.54536
2.3437 -0.249853 -1.05016 -0.712796 2.89638 1.81625 -0.709653 -1.66099 1.6721 -1.61308 -0.990018 -2.83833 0.127848 1.26329 -0.760311 -0.54536
2.34004 -0.249853 -1.05016 -0.712796 2.89638 1.81625 -0.709653 -1.66099 1.6721 -1.61308 -0.990018 -2.83833 0.127848 1.26329 -0.760311 -0.54536
2.33639 -0.249853 -1.05016 -0.712796 2.89638 1.81625 -0.709653 -1.66099 1.6721 -1.61308 -0.990018 -2.83833 0.127848 1.26329 -0.760311 -0.54536
2.33266 -0.249853 -1.05016 -0.712796 2.89638 1.81625 -0.709653 -1.66099 1.6721 -1.61308 -0.990018 -2.83833 0.127848 1.26329 -0.760311 -0.54536
2.3291 -0.249853 -1.05016 -0.712796 2.89638 1.81625 -0.709653 -1.66099 1.6721 -1.61308 -0.990018 -2.83833 0.127848 1.26329 -0.760311 -0.54536
2.32554 -0.249853 -1.05016 -0.712796 2.89638 1.81625 -0.709653 -1.66099 1.6721 -1.61308 -0.990018 -2.83833 0.127848 1.26329 -0.760311 -0.54536
2.32202 -0.249853 -1.05016 -0.712796 2.89638 1.81625 -0.709653 -1.66099 1.6721 -1.61308 -0.990018 -2.83833 0.127848 1.26329 -0.760311 -0.54536
2.31842 -0.249853 -1.05016 -0.712796 2.89638 1.81625 -0.709653 -1.66099 1.6721 -1.61308 -0.990018 -2.83833 0.127848 1.26329 -0.760311 -0.54536
2.3148 -0.249853 -1.05016 -0.712796 2.89638 1.81625 -0.709653 -1.66099 1.6721 -1.61308 -0.990018 -2.83833 0.127848 1.26329 -0.760311 -0.54536
2.31119 -0.249853 -1.05016 -0.712796 2.89638 1.81625 -0.709653 -1.66099 1.6721 -1.61308 -0.990018 -2.83833 0.127848 1.26329 -0.760311 -0.54536
2.30764 -0.249853 -1.05016 -0.712796 2.89638 1.81625 -0.709653 -1.66099 1.6721 -1.61308 -0.990018 -2.83833 0.127848 1.26329 -0.760311 -0.54536
2.30404 -0.249853 -1.05016 -0.712796 2.89638 1.81625 -0.709653 -1.66099 1.6721 -1.61308 -0.990018 -2.83833 0.127848 1.26329 -0.760311 -0.54536
2.30043 -0.249853 -1.05016 -0.712796 2.89638 1.81625 -0.709653 -1.66099 1.6721 -1.61308 -0.990018 -2.83833 0.127848 1.26329 -0.760311 -0.54536
2.29682 -0.249853 -1.05016 -0.712796 2.89638 1.81625 -0.709653 -1.66099 1.6721 -1.61308 -0.990018 -2.83833 0.127848 1.26329 -0.760311 -0.54536
2.29318 -0.249853 -1.05016 -0.712796 2.89638 1.81625 -0.709653 -1.66099 1.6721 -1.61308 -0.990018 -2.83833 0.127848 1.26329 -0.760311 -0.54536
2.28958 -0.249853 -1.05016 -0.712796 2.89638 1.81625 -0.709653 -1.66099 1.6721 -1.61308 -0.990018 -2.83833 0.127848 1.26329 -0.760311 -0.54536
2.28585 -0.249853 -1.05016 -0.712796 2.89638 1.81625 -0.709653 -1.66099 1.6721 -1.61308 -0.990018 -2.83833 0.127848 1.26329 -0.760311 -0.54536
2.28221 -0.249853 -1.05016 -0.712796 2.89638 1.81625 -0.709653 -1.66099 1.6721 -1.61308 -0.990018 -2.83833 0.127848 1.26329 -0.760311 -0.54536
2.2786 -0.249853 -1.05016 -0.712796 2.89638 1.81625 -0.709653 -1.66099 1.6721 -1.61308 -0.990018 -2.83833 0.127848 1.26329 -0.760311 -0.54536
2.27493 -0.249853 -1.05016 -0.712796 2.89638 1.81625 -0.709653 -1.66099 1.6721 -1.61308 -0.990018 -2.83833 0.127848 1.26329 -0.760311 -0.54536
2.27129 -0.249853 -1.05016 -0.712796 2.89638 1.81625 -0.709653 -1.66099 1.6721 -1.61308 -0.990018 -2.83833 0.127848 1.26329 -0.760311 -0.54536
2.26766 -0.249853 -1.05016 -0.712796 2.89638 1.81625 -0.709653 -1.66099 1.6721 -1.61308 -0.990018 -2.83833 0.127848 1.26329 -0.760311 -0.54536
2.26403 -0.249853 -1.05016 -0.712796 2.89638 1.81625 -0.709653 -1.66099 1.6721 -1.61308 -0.990018 -2.83833 0.127848 1.26329 -0.760311 -0.54536
2.26038 -0.249853 -1.05016 -0.712796 2.89638 1.81625 -0.709653 -1.66099 1.6721 -1.61308 -0.990018 -2.83833 0.127848 1.26329 -0.760311 -0.54536
2.25664 -0.249853 -1.05016 -0.712796 2.89638 1.81625 -0.709653 -1.66099 1.6721 -1.61308 -0.990018 -2.83833 0.127848 1.26329 -0.760311 -0.54536
2.25277 -0.249853 -1.05016 -0.712796 2.89638 1.81625 -0.709653 -1.66099 1.6721 -1.61308 -0.990018 -2.83833 0.127848 1.26329 -0.760311 -0.54536
2.24866 -0.249853 -1.05016 -0.712796 2.89638 1.81625 -0.709653 -1.66099 1.6721 -1.61308 -0.990018 -2.83833 0.127848 1.26329 -0.760311 -0.54536
2.24485 -0.249853 -1.05016 -0.712796 2.89638 1.81625 -0.709653 -1.66099 1.6721 -1.61308 -0.990018 -2.83833 0.127848 1.26329 -0.760311 -0.54536
2.24106 -0.249853 -1.05016 -0.712796 2.89638 1.81625 -0.709653 -1.66099 1.6721 -1.61308 -0.990018 -2.83833 0.127848 1.26329 -0.760311 -0.54536
2.23733 -0.249853 -1.05016 -0.712796 2.89638 1.81625 -0.709653 -1.66099 1.6721 -1.61308 -0.990018 -2.83833 0.127848 1.26329 -0.760311 -0.54536
2.23356 -0.249853 -1.05016 -0.712796 2.89638 1.81625 -0.709653 -1.66099 1.6721 -1.61308 -0.990018 -2.83833 0.127848 1.26329 -0.760311 -0.54536
2.2299 -0.249853 -1.05016 -0.712796 2.89638 1.81625 -0.709653 -1.66099 1.6721 -1.61308 -0.990018 -2.83833 0.127848 1.26329 -0.760311 -0.54536
2.22613 -0.249853 -1.05016 -0.712796 2.89638 1.81625 -0.709653 -1.66099 1.6721 -1.61308 -0.990018 -2.83833 0.127848 1.26329 -0.760311 -0.54536
2.2223 -0.249853 -1.05016 -0.712796 2.89638 1.81625 -0.709653 -1.66099 1.6721 -1.61308 -0.990018 -2.83833 0.127848 1.26329 -0.760311 -0.54536
2.21852 -0.249853 -1.05016 -0.712796 2.89638 1.81625 -0.709653 -1.66099 1.6721 -1.61308 -0.990018 -2.83833 0.127848 1.26329 -0.760311 -0.54536
2.21473 -0.249853 -1.05016 -0.712796 2.89638 1.81625 -0.709653 -1.66099 1.6721 -1.61308 -0.990018 -2.83833 0.127848 1.26329 -0.760311 -0.54536
2.21096 -0.249853 -1.05016 -0.712796 2.89638 1.81625 -0.709653 -1.66099 1.6721 -1.61308 -0.990018 -2.83833 0.127848 1.26329 -0.760311 -0.54536
2.20716 -0.249853 -1.05016 -0.712796 2.89638 1.81625 -0.709653 -1.66099 1.6721 -1.61308 -0.990018 -2.83833 0.127848 1.26329 -0.760311 -0.54536
2.20337 -0.249853 -1.05016 -0.712796 2.89638 1.81625 -0.709653 -1.66099 1.6721 -1.61308 -0.990018 -2.83833 0.127848 1.26329 -0.760311 -0.54536
2.19954 -0.249853 -1.05016 -0.712796 2.89638 1.81625 -0.709653 -1.66099 1.6721 -1.61308 -0.990018 -2.83833 0.127848 1.26329 -0.760311 -0.54536
2.19575 -0.249853 -1.05016 -0.712796 2.89638 1.81625 -0.709653 -1.66099 1.6721 -1.61308 -0.990018 -2.83833 0.127848 1.26329 -0.760311 -0.54536
2.19194 -0.249853 -1.05016 -0.712796 2.89638 1.81625 -0.709653 -1.66099 1.6721 -1.61308 -0.990018 -2.83833 0.127848 1.26329 -0.760311 -0.54536
2.18805 -0.249853 -1.05016 -0.712796 2.89638 1.81625 -0.709653 -1.66099 1.6721 -1.61308 -0.990018 -2.83833 0.127848 1.26329 -0.760311 -0.54536
2.18424 -0.249853 -1.05016 -0.712796 2.89638 1.81625 -0.709653 -1.66099 1.6721 -1.61308 -0.990018 -2.83833 0.127848 1.26329 -0.760311 -0.54536
2.18037 -0.249853 -1.05016 -0.712796 2.89638 1.81625 -0.709653 -1.66099 1.6721 -1.61308 -0.990018 -2.83833 0.127848 1.26329 -0.760311 -0.54536
2.1765 -0.249853 -1.05016 -0.712796 2.89638 1.81625 -0.709653 -1.66099 1.6721 -1.61308 -0.990018 -2.83833 0.127848 1.26329 -0.760311 -0.54536
2.17265 -0.249853 -1.05016 -0.712796 2.89638 1.81625 -0.709653 -1.66099 1.6721 -1.61308 -0.990018 -2.83833 0.127848 1.26329 -0.760311 -0.54536
2.1688 -0.249853 -1.05016 -0.712796 2.89638 1.81625 -0.709653 -1.66099 1.6721 -1.61308 -0.990018 -2.83833 0.127848 1.26329 -0.760311 -0.54536
2.16489 -0.249853 -1.05016 -0.712796 2.89638 1.81625 -0.709653 -1.66099 1.6721 -1.61308 -0.990018 -2.83833 0.127848 1.26329 -0.760311 -0.54536
2.16099 -0.249853 -1.05016 -0.712796 2.89638 1.81625 -0.709653 -1.66099 1.6721 -1.61308 -0.990018 -2.83833 0.127848 1.26329 -0.760311 -0.54536
2.15709 -0.249853 -1.05016 -0.712796 2.89638 1.81625 -0.709653 -1.66099 1.6721 -1.61308 -0.990018 -2.83833 0.127848 1.26329 -0.760311 -0.54536
2.15308 -0.249853 -1.05016 -0.712796 2.89638 1.81625 -0.709653 -1.66099 1.6721 -1.61308 -0.990018 -2.83833 0.127848 1.26329 -0.760311 -0.54536
2.1491 -0.249853 -1.05016 -0.712796 2.89638 1.81625 -0.709653 -1.66099 1.6721 -1.61308 -0.990018 -2.83833 0.127848 1.26329 -0.760311 -0.54536
2.14508 -0.249853 -1.05016 -0.712796 2.89638 1.81625 -0.709653 -1.66099 1.6721 -1.61308 -0.990018 -2.83833 0.127848 1.26329 -0.760311 -0.54536
2.14103 -0.249853 -1.05016 -0.712796 2.89638 1.81625 -0.709653 -1.66099 1.6721 -1.61308 -0.990018 -2.83833 0.127848 1.26329 -0.760311 -0.54536
2.13709 -0.249853 -1.05016 -0.712796 2.89638 1.81625 -0.709653 -1.66099 1.6721 -1.61308 -0.990018 -2.83833 0.127848 1.26329 -0.760311 -0.54536
2.13317 -0.249853 -1.05016 -0.712796 2.89638 1.81625 -0.709653 -1.66099 1.6721 -1.61308 -0.990018 -2.83833 0.127848 1.26329 -0.760311 -0.54536
2.1293 -0.249853 -1.05016 -0.712796 2.89638 1.81625 -0.709653 -1.66099 1.6721 -1.61308 -0.990018 -2.83833 0.127848 1.26329 -0.760311 -0.54536
2.12537 -0.249853 -1.05016 -0.712796 2.89638 1.81625 -0.709653 -1.66099 1.6721 -1.61308 -0.990018 -2.83833 0.127848 1.26329 -0.760311 -0.54536
2.12134 -0.249853 -1.05016 -0.712796 2.89638 1.81625 -0.709653 -1.66099 1.6721 -1.61308 -0.990018 -2.83833 0.127848 1.26329 -0.760311 -0.54536
2.11736 -0.249853 -1.05016 -0.712796 2.89638 1.81625 -0.709653 -1.66099 1.6721 -1.61308 -0.990018 -2.83833 0.127848 1.26329 -0.760311 -0.54536
2.11343 -0.249853 -1.05016 -0.712796 2.89638 1.81625 -0.709653 -1.66099 1.6721 -1.61308 -0.990018 -2.83833 0.127848 1.26329 -0.760311 -0.54536
2.10945 -0.249853 -1.05016 -0.712796 2.89638 1.81625 -0.709653 -1.66099 1.6721 -1.61308 -0.990018 -2.83833 0.127848 1.26329 -0.760311 -0.54536
2.10549 -0.249853 -1.05016 -0.712796 2.89638 1.81625 -0.709653 -1.66099 1.6721 -1.61308 -0.990018 -2.83833 0.127848 1.26329 -0.760311 -0.54536
2.10151 -0.249853 -1.05016 -0.712796 2.89638 1.81625 -0.709653 -1.66099 1.6721 -1.61308 -0.990018 -2.83833 0.127848 1.26329 -0.760311 -0.54536
2.09756 -0.249853 -1.05016 -0.712796 2.89638 1.81625 -0.709653 -1.66099 1.6721 -1.61308 -0.990018 -2.83833 0.127848 1.26329 -0.760311 -0.54536
2.09357 -0.249853 -1.05016 -0.712796 2.89638 1.81625 -0.709653 -1.66099 1.6721 -1.61308 -0.990018 -2.83833 0.127848 1.26329 -0.760311 -0.54536
2.0896 -0.249853 -1.05016 -0.712796 2.89638 1.81625 -0.709653 -1.66099 1.6721 -1.61308 -0.990018 -2.83833 0.127848 1.26329 -0.760311 -0.54536
2.0856 -0.249853 -1.05016 -0.712796 2.89638 1.81625 -0.709653 -1.66099 1.6721 -1.61308 -0.990018 -2.83833 0.127848 1.26329 -0.760311 -0.54536
2.08149 -0.249853 -1.05016 -0.712796 2.89638 1.81625 -0.709653 -1.66099 1.6721 -1.61308 -0.990018 -2.83833 0.127848 1.26329 -0.760311 -0.54536
2.07747 -0.249853 -1.05016 -0.712796 2.89638 1.81625 -0.709653 -1.66099 1.6721 -1.61308 -0.990018 -2.83833 0.127848 1.26329 -0.760311 -0.54536
2.07341 -0.249853 -1.05016 -0.712796 2.89638 1.81625 -0.709653 -1.66099 1.6721 -1.61308 -0.990018 -2.83833 0.127848 1.26329 -0.760311 -0.54536
2.06933 -0.249853 -1.05016 -0.712796 2.89638 1.81625 -0.709653 -1.66099 1.6721 -1.61308 -0.990018 -2.83833 0.127848 1.26329 -0.760311 -0.54536
2.06522 -0.249853 -1.05016 -0.712796 2.89638 1.81625 -0.709653 -1.66099 1.6721 -1.61308 -0.990018 -2.83833 0.127848 1.26329 -0.760311 -0.54536
2.06109 -0.249853 -1.05016 -0.712796 2.89638 1.81625 -0.709653 -1.66099 1.6721 -1.61308 -0.990018 -2.83833 0.127848 1.26329 -0.760311 -0.54536
2.05688 -0.249853 -1.05016 -0.712796 2.89638 1.81625 -0.709653 -1.66099 1.6721 -1.61308 -0.990018 -2.83833 0.127848 1.26329 -0.760311 -0.54536
2.05272 -0.249853 -1.05016 -0.712796 2.89638 1.81625 -0.709653 -1.66099 1.6721 -1.61308 -0.990018 -2.83833 0.127848 1.26329 -0.760311 -0.54536
2.04856 -0.249853 -1.05016 -0.712796 2.89638 1.81625 -0.709653 -1.66099 1.6721 -1.61308 -0.990018 -2.83833 0.127848 1.26329 -0.760311 -0.54536
2.04442 -0.249853 -1.05016 -0.712796 2.89638 1.81625 -0.709653 -1.66099 1.6721 -1.61308 -0.990018 -2.83833 0.127848 1.26329 -0.760311 -0.54536
2.04029 -0.249853 -1.05016 -0.712796 2.89638 1.81625 -0.709653 -1.66099 1.6721 -1.61308 -0.990018 -2.83833 0.127848 1.26329 -0.760311 -0.54536
2.0361 -0.249853 -1.05016 -0.712796 2.89638 1.81625 -0.709653 -1.66099 1.6721 -1.61308 -0.990018 -2.83833 0.127848 1.26329 -0.760311 -0.54536
2.03187 -0.249853 -1.05016 -0.712796 2.89638 1.81625 -0.709653 -1.66099 1.6721 -1.61308 -0.990018 -2.83833 0.127848 1.26329 -0.760311 -0.54536
2.02778 -0.249853 -1.05016 -0.712796 2.89638 1.81625 -0.709653 -1.66099 1.6721 -1.61308 -0.990018 -2.83833 0.127848 1.26329 -0.760311 -0.54536
2.02358 -0.249853 -1.05016 -0.712796 2.89638 1.81625 -0.709653 -1.66099 1.6721 -1.61308 -0.990018 -2.83833 0.127848 1.26329 -0.760311 -0.54536
2.01939 -0.249853 -1.05016 -0.712796 2.89638 1.81625 -0.709653 -1.66099 1.6721 -1.61308 -0.990018 -2.83833 0.127848 1.26329 -0.760311 -0.54536
2.01523 -0.249853 -1.05016 -0.712796 2.89638 1.81625 -0.709653 -1.66099 1.6721 -1.61308 -0.990018 -2.83833 0.127848 1.26329 -0.760311 -0.54536
2.01099 -0.249853 -1.05016 -0.712796 2.89638 1.81625 -0.709653 -1.66099 1.6721 -1.61308 -0.990018 -2.83833 0.127848 1.26329 -0.760311 -0.54536
2.00663 -0.249853 -1.05016 -0.712796 2.89638 1.81625 -0.709653 -1.66099 1.6721 -1.61308 -0.990018 -2.83833 0.127848 1.26329 -0.760311 -0.54536
2.00243 -0.249853 -1.05016 -0.712796 2.89638 1.81625 -0.709653 -1.66099 1.6721 -1.61308 -0.990018 -2.83833 0.127848 1.26329 -0.760311 -0.54536
1.99799 -0.249853 -1.05016 -0.712796 2.89638 1.81625 -0.709653 -1.66099 1.6721 -1.61308 -0.990018 -2.83833 0.127848 1.26329 -0.760311 -0.54536
1.99371 -0.249853 -1.05016 -0.712796 2.89638 1.81625 -0.709653 -1.66099 1.6721 -1.61308 -0.990018 -2.83833 0.127848 1.26329 -0.760311 -0.54536
1.98949 -0.249853 -1.05016 -0.712796 2.89638 1.81625 -0.709653 -1.66099 1.6721 -1.61308 -0.990018 -2.83833 0.127848 1.26329 -0.760311 -0.54536
1.98524 -0.249853 -1.05016 -0.712796 2.89638 1.81625 -0.709653 -1.66099 1.6721 -1.61308 -0.990018 -2.83833 0.127848 1.26329 -0.760311 -0.54536
1.98095 -0.249853 -1.05016 -0.712796 2.89638 1.81625 -0.709653 -1.66099 1.6721 -1.61308 -0.990018 -2.83833 0.127848 1.26329 -0.760311 -0.54536
1.97666 -0.249853 -1.05016 -0.712796 2.89638 1.81625 -0.709653 -1.66099 1.6721 -1.61308 -0.990018 -2.83833 0.127848 1.26329 -0.760311 -0.54536
1.97239 -0.249853 -1.05016 -0.712796 2.89638 1.81625 -0.709653 -1.66099 1.6721 -1.61308 -0.990018 -2.83833 0.127848 1.26329 -0.760311 -0.54536
1.96803 -0.249853 -1.05016 -0.712796 2.89638 1.81625 -0.709653 -1.66099 1.6721 -1.61308 -0.990018 -2.83833 0.127848 1.26329 -0.760311 -0.54536
1.97341 -0.249853 -1.05016 -0.712796 2.89638 1.81625 -0.709653 -1.66099 1.6721 -1.61308 -0.990018 -2.83833 0.127848 1.26329 -0.760311 -0.54536
1.97482 -0.249853 -1.05016 -0.712796 2.89638 1.81625 -0.709653 -1.66099 1.6721 -1.61308 -0.990018 -2.83833 0.127848 1.26329 -0.760311 -0.54536
1.97595 -0.249853 -1.05016 -0.712796 2.89638 1.81625 -0.709653 -1.66099 1.6721 -1.61308 -0.990018 -2.83833 0.127848 1.26329 -0.760311 -0.54536
1.97688 -0.249853 -1.05016 -0.712796 2.89638 1.81625 -0.709653 -1.66099 1.6721 -1.61308 -0.990018 -2.83833 0.127848 1.26329 -0.760311 -0.54536
1.97784 -0.249853 -1.05016 -0.712796 2.89638 1.81625 -0.709653 -1.66099 1.6721 -1.61308 -0.990018 -2.83833 0.127848 1.26329 -0.760311 -0.54536
1.97894 -0.249853 -1.05016 -0.712796 2.89638 1.81625 -0.709653 -1.66099 1.6721 -1.61308 -0.990018 -2.83833 0.127848 1.26329 -0.760311 -0.54536
1.98099 -0.249853 -1.05016 -0.712796 2.89638 1.81625 -0.709653 -1.66099 1.6721 -1.61308 -0.990018 -2.83833 0.127848 1.26329 -0.760311 -0.54536
1.98353 -0.249853 -1.05016 -0.712796 2.89638 1.81625 -0.709653 -1.66099 1.6721 -1.61308 -0.990018 -2.83833 0.127848 1.26329 -0.760311 -0.54536
1.98627 -0.249853 -1.05016 -0.712796 2.89638 1.81625 -0.709653 -1.66099 1.6721 -1.61308 -0.990018 -2.83833 0.127848 1.26329 -0.760311 -0.54536
1.98897 -0.249853 -1.05016 -0.712796 2.89638 1.81625 -0.709653 -1.66099 1.6721 -1.61308 -0.990018 -2.83833 0.127848 1.26329 -0.760311 -0.54536
1.99396 -0.249853 -1.05016 -0.712796 2.89638 1.81625 -0.709653 -1.66099 1.6721 -1.61308 -0.990018 -2.83833 0.127848 1.26329 -0.760311 -0.54536
1.99977 -0.249853 -1.05016 -0.712796 2.89638 1.81625 -0.709653 -1.66099 1.6721 -1.61308 -0.990018 -2.83833 0.127848 1.26329 -0.760311 -0.54536
2.007 -0.249853 -1.05016 -0.712796 2.89638 1.81625 -0.709653 -1.66099 1.6721 -1.61308 -0.990018 -2.83833 0.127848 1.26329 -0.760311 -0.54536
2.01577 -0.249853 -1.05016 -0.712796 2.89638 1.81625 -0.709653 -1.66099 1.6721 -1.61308 -0.990018 -2.83833 0.127848 1.26329 -0.760311 -0.54536
2.02468 -0.249853 -1.05016 -0.712796 2.89638 1.81625 -0.709653 -1.66099 1.6721 -1.61308 -0.990018 -2.83833 0.127848 1.26329 -0.760311 -0.54536
2.03383 -0.249853 -1.05016 -0.712796 2.89638 1.81625 -0.709653 -1.66099 1.6721 -1.61308 -0.990018 -2.83833 0.127848 1.26329 -0.760311 -0.54536
2.04258 -0.249853 -1.05016 -0.712796 2.89638 1.81625 -0.709653 -1.66099 1.6721 -1.61308 -0.990018 -2.83833 0.127848 1.26329 -0.760311 -0.54536
2.05223 -0.249853 -1.05016 -0.712796 2.89638 1.81625 -0.709653 -1.66099 1.6721 -1.61308 -0.990018 -2.83833 0.127848 1.26329 -0.760311 -0.54536
2.06282 -0.249853 -1.05016 -0.712796 2.89638 1.81625 -0.709653 -1.66099 1.6721 -1.61308 -0.990018 -2.83833 0.127848 1.26329 -0.760311 -0.54536
2.07299 -0.249853 -1.05016 -0.712796 2.89638 1.81625 -0.709653 -1.66099 1.6721 -1.61308 -0.990018 -2.83833 0.127848 1.26329 -0.760311 -0.54536
2.08323 -0.249853 -1.05016 -0.712796 2.89638 1.81625 -0.709653 -1.66099 1.6721 -1.61308 -0.990018 -2.83833 0.127848 1.26329 -0.760311 -0.54536
2.09365 -0.249853 -1.05016 -0.712796 2.89638 1.81625 -0.709653 -1.66099 1.6721 -1.61308 -0.990018 -2.83833 0.127848 1.26329 -0.760311 -0.54536
2.10432 -0.249853 -1.05016 -0.712796 2.89638 1.81625 -0.709653 -1.66099 1.6721 -1.61308 -0.990018 -2.83833 0.127848 1.26329 -0.760311 -0.54536
2.1154 -0.249853 -1.05016 -0.712796 2.89638 1.81625 -0.709653 -1.66099 1.6721 -1.61308 -0.990018 -2.83833 0.127848 1.26329 -0.760311 -0.54536
2.12672 -0.249853 -1.05016 -0.712796 2.89638 1.81625 -0.709653 -1.66099 1.6721 -1.61308 -0.990018 -2.83833 0.127848 1.26329 -0.760311 -0.54536
2.13833 -0.249853 -1.05016 -0.712796 2.89638 1.81625 -0.709653 -1.66099 1.6721 -1.61308 -0.990018 -2.83833 0.127848 1.26329 -0.760311 -0.54536
2.15016 -0.249853 -1.05016 -0.712796 2.89638 1.81625 -0.709653 -1.66099 1.6721 -1.61308 -0.990018 -2.83833 0.127848 1.26329 -0.760311 -0.54536
2.16207 -0.249853 -1.05016 -0.712796 2.89638 1.81625 -0.709653 -1.66099 1.6721 -1.61308 -0.990018 -2.83833 0.127848 1.26329 -0.760311 -0.54536
2.17415 -0.249853 -1.05016 -0.712796 2.89638 1.81625 -0.709653 -1.66099 1.6721 -1.61308 -0.990018 -2.83833 0.127848 1.26329 -0.760311 -0.54536
2.18646 -0.249853 -1.05016 -0.712796 2.89638 1.81625 -0.709653 -1.66099 1.6721 -1.61308 -0.990018 -2.83833 0.127848 1.26329 -0.760311 -0.54536
2.19909 -0.249853 -1.05016 -0.712796 2.89638 1.81625 -0.709653 -1.66099 1.6721 -1.61308 -0.990018 -2.83833 0.127848 1.26329 -0.760311 -0.54536
2.21235 -0.249853 -1.05016 -0.712796 2.89638 1.81625 -0.709653 -1.66099 1.6721 -1.61308 -0.990018 -2.83833 0.127848 1.26329 -0.760311 -0.54536
2.22541 -0.249853 -1.05016 -0.712796 2.89638 1.81625 -0.709653 -1.66099 1.6721 -1.61308 -0.990018 -2.83833 0.127848 1.26329 -0.760311 -0.54536
2.2389 -0.249853 -1.05016 -0.712796 2.89638 1.81625 -0.709653 -1.66099 1.6721 -1.61308 -0.990018 -2.83833 0.127848 1.26329 -0.760311 -0.54536
2.2526 -0.249853 -1.05016 -0.712796 2.89638 1.81625 -0.709653 -1.66099 1.6721 -1.61308 -0.990018 -2.83833 0.127848 1.26329 -0.760311 -0.54536
2.26646 -0.249853 -1.05016 -0.712796 2.89638 1.81625 -0.709653 -1.66099 1.6721 -1.61308 -0.990018 -2.83833 0.127848 1.26329 -0.760311 -0.54536
2.28061 -0.249853 -1.05016 -0.712796 2.89638 1.81625 -0.709653 -1.66099 1.6721 -1.61308 -0.990018 -2.83833 0.127848 1.26329 -0.760311 -0.54536
2.29524 -0.249853 -1.05016 -0.712796 2.89638 1.81625 -0.709653 -1.66099 1.6721 -1.61308 -0.990018 -2.83833 0.127848 1.26329 -0.760311 -0.54536
2.30999 -0.249853 -1.05016 -0.712796 2.89638 1.81625 -0.709653 -1.66099 1.6721 -1.61308 -0.990018 -2.83833 0.127848 1.26329 -0.760311 -0.54536
2.32479 -0.249853 -1.05016 -0.712796 2.89638 1.81625 -0.709653 -1.66099 1.6721 -1.61308 -0.990018 -2.83833 0.127848 1.26329 -0.760311 -0.54536
2.34022 -0.249853 -1.05016 -0.712796 2.89638 1.81625 -0.709653 -1.66099 1.6721 -1.61308 -0.990018 -2.83833 0.127848 1.26329 -0.760311 -0.54536
