8.457
8.467
8.478
8.488
8.498
8.509
8.519
8.53
8.54
8.552
8.573
8.593
8.614
8.634
8.655
8.676
8.697
8.717
8.74
8.758
8.8
8.839
8.878
8.917
8.957
8.997
9.036
9.074
9.113
9.152
9.19
9.229
9.268
9.307
9.346
9.385
9.423
9.462
9.501
9.54
9.578
9.617
9.656
9.695
9.733
9.774
9.814
9.856
9.895
9.934
9.972
10.011
10.05
10.089
10.128
10.166
10.205
10.243
10.282
10.321
10.36
10.399
10.438
10.477
10.515
10.554
10.593
10.631
10.671
10.712
10.752
10.798
10.838
10.879
10.918
10.957
10.995
11.034
11.073
11.112
11.151
11.19
11.229
11.267
11.306
11.345
11.384
11.423
11.462
11.501
11.54
11.578
11.617
11.656
11.694
11.734
11.774
11.817
11.858
11.897
11.936
11.974
12.013
12.053
12.092
12.131
12.17
12.208
12.247
12.286
12.325
12.364
12.403
12.442
12.481
12.52
12.559
12.597
12.636
12.676
12.714
12.754
12.794
12.834
12.874
12.914
12.952
12.991
13.029
13.068
13.108
13.146
13.185
13.224
13.263
13.301
13.339
13.378
13.416
13.456
13.494
13.533
13.572
13.611
13.65
13.689
13.729
13.768
13.807
13.846
13.885
13.924
13.963
14.001
14.04
14.078
14.117
14.156
14.195
14.236
14.275
14.313
14.352
14.391
14.429
14.468
14.507
14.546
16.578
16.589
16.6
16.61
16.621
16.632
16.643
16.653
16.664
16.677
16.716
16.754
16.793
16.832
16.873
16.911
16.95
16.992
17.03
17.069
17.107
17.147
17.185
17.224
17.264
17.303
17.341
17.38
17.418
17.457
17.496
17.535
17.574
17.613
17.651
17.69
17.729
17.768
17.806
17.845
17.884
