-1.23244
-1.2841
-1.33573
-1.38758
-1.43916
-1.49126
-1.54308
-1.59472
-1.64663
-1.69813
-1.80148
-1.90487
-2.00825
-2.00615
-2.00431
-2.027
-1.89561
-2.027
-2.027
-2.027
-2.027
-2.027
-2.027
-2.027
-2.027
-2.027
-2.027
-2.027
-2.027
-2.027
-2.027
-2.027
-2.027
-2.027
-2.027
-2.027
-2.027
-2.027
-2.027
-2.027
-2.027
-2.027
-2.027
-2.027
-2.027
-2.027
-2.027
-2.027
-2.027
-2.027
-2.027
-2.027
-2.027
-2.027
-2.027
-2.027
-2.027
-2.027
-2.027
-2.027
-2.027
-2.027
-2.027
-2.027
-2.027
-2.027
-2.027
-2.027
-2.027
-2.027
-2.027
-2.027
-2.027
-2.027
-2.027
-2.027
-2.027
-2.027
-2.027
-2.027
-2.027
-2.027
-2.027
-2.027
-2.027
-2.027
-2.027
-2.027
-2.027
-2.027
-2.027
-2.027
-2.027
-2.027
-2.027
-2.027
-2.027
-2.027
-2.027
-2.027
-2.027


-0.027
-0.027
-0.027
-0.027
-0.027
-0.027
-0.146779
-0.359426
-0.307798
-0.114569
-0.027
-0.027
-0.027
-0.027
-0.027
-0.027
-0.027
-0.027
-0.027
-0.027
-0.027
-0.027
-0.027
-0.027
-0.027
-0.027
