0
0
0
0
0
0
0
0
-0.0105281
-0.0210563
-0.0210563
-0.0526406
-0.0315844
-0.0526406
-0.0631688
-0.0631688
-0.0631688
-0.0736969
-0.0631688
-0.084225
-0.0736969
-0.084225
-0.0736969
-0.0736969
-0.0736969
-0.0736969
-0.0736969
-0.0736969
-0.0736969
-0.0736969
-0.0736969
-0.0736969
-0.0736969
-0.084225
-0.0736969
-0.084225
-0.084225
-0.0736969
-0.0736969
-0.084225
-0.084225
-0.084225
-0.0736969
-0.084225
-0.084225
-0.0736969
-0.084225
-0.0736969
-0.0947531
-0.0947531
-0.084225
-0.084225
-0.0947531
-0.084225
-0.084225
-0.084225
-0.084225
-0.084225
-0.084225
-0.0947531
-0.0947531
-0.0947531
-0.084225
-0.084225
-0.084225
-0.084225
-0.084225
-0.0947531
-0.084225
-0.0947531
-0.084225
-0.0947531
-0.0947531
-0.0947531
-0.0947531
-0.084225
-0.0947531
-0.0947531
-0.084225
-0.0947531
-0.0947531
-0.0947531
-0.0947531
-0.0947531
-0.105281
-0.084225
-0.105281
-0.0947531
-0.105281
-0.0947531
-0.0947531
-0.105281
-0.105281
-0.0947531
-0.105281
-0.0947531
-0.105281
-0.0947531
-0.105281
-0.105281
-0.105281
0
0.0421125
0.0421125
0.105281
0.136866
0.16845
0.157922
0.157922
0.16845
0.0947531
0.0736969
0.084225
0.084225
0.147394
0.200034
0.231619
0.189506
0.200034
0.231619
0.284259
0.315844
0.347428
0.347428
0.347428
0.368484
0.368484
0.400069
0.421125
