2.78164 -0.243447 0.786535 -0.828163 2.62458 0.840838 -0.280694 -1.4145 -1.45168 -2.94165 1.23774 0.220449 -1.1416 1.11858 -0.00309037 -1.31822
2.78164 -0.243447 0.786535 -0.828163 2.62458 0.840838 -0.280694 -1.4145 -1.45168 -2.94165 1.23774 0.220449 -1.1416 1.11858 -0.00309037 -1.31822
2.78164 -0.243447 0.786535 -0.828163 2.62458 0.840838 -0.280694 -1.4145 -1.45168 -2.94165 1.23774 0.220449 -1.1416 1.11858 -0.00309037 -1.31822
2.78164 -0.243447 0.786535 -0.828163 2.62458 0.840838 -0.280694 -1.4145 -1.45168 -2.94165 1.23774 0.220449 -1.1416 1.11858 -0.00309037 -1.31822
2.78165 -0.243447 0.786535 -0.828163 2.62458 0.840838 -0.280694 -1.4145 -1.45168 -2.94165 1.23774 0.220449 -1.1416 1.11858 -0.00309037 -1.31822
2.78168 -0.243447 0.786535 -0.828163 2.62458 0.840838 -0.280694 -1.4145 -1.45168 -2.94165 1.23774 0.220449 -1.1416 1.11858 -0.00309037 -1.31822
2.78167 -0.243447 0.786535 -0.828163 2.62458 0.840838 -0.280694 -1.4145 -1.45168 -2.94165 1.23774 0.220449 -1.1416 1.11858 -0.00309037 -1.31822
2.78159 -0.243447 0.786535 -0.828163 2.62458 0.840838 -0.280694 -1.4145 -1.45168 -2.94165 1.23774 0.220449 -1.1416 1.11858 -0.00309037 -1.31822
2.78146 -0.243447 0.786535 -0.828163 2.62458 0.840838 -0.280694 -1.4145 -1.45168 -2.94165 1.23774 0.220449 -1.1416 1.11858 -0.00309037 -1.31822
2.78138 -0.243447 0.786535 -0.828163 2.62458 0.840838 -0.280694 -1.4145 -1.45168 -2.94165 1.23774 0.220449 -1.1416 1.11858 -0.00309037 -1.31822
2.78095 -0.243447 0.786535 -0.828163 2.62458 0.840838 -0.280694 -1.4145 -1.45168 -2.94165 1.23774 0.220449 -1.1416 1.11858 -0.00309037 -1.31822
2.78023 -0.243447 0.786535 -0.828163 2.62458 0.840838 -0.280694 -1.4145 -1.45168 -2.94165 1.23774 0.220449 -1.1416 1.11858 -0.00309037 -1.31822
2.77935 -0.243447 0.786535 -0.828163 2.62458 0.840838 -0.280694 -1.4145 -1.45168 -2.94165 1.23774 0.220449 -1.1416 1.11858 -0.00309037 -1.31822
2.77824 -0.243447 0.786535 -0.828163 2.62458 0.840838 -0.280694 -1.4145 -1.45168 -2.94165 1.23774 0.220449 -1.1416 1.11858 -0.00309037 -1.31822
2.77698 -0.243447 0.786535 -0.828163 2.62458 0.840838 -0.280694 -1.4145 -1.45168 -2.94165 1.23774 0.220449 -1.1416 1.11858 -0.00309037 -1.31822
2.77563 -0.243447 0.786535 -0.828163 2.62458 0.840838 -0.280694 -1.4145 -1.45168 -2.94165 1.23774 0.220449 -1.1416 1.11858 -0.00309037 -1.31822
2.7742 -0.243447 0.786535 -0.828163 2.62458 0.840838 -0.280694 -1.4145 -1.45168 -2.94165 1.23774 0.220449 -1.1416 1.11858 -0.00309037 -1.31822
2.77293 -0.243447 0.786535 -0.828163 2.62458 0.840838 -0.280694 -1.4145 -1.45168 -2.94165 1.23774 0.220449 -1.1416 1.11858 -0.00309037 -1.31822
2.77148 -0.243447 0.786535 -0.828163 2.62458 0.840838 -0.280694 -1.4145 -1.45168 -2.94165 1.23774 0.220449 -1.1416 1.11858 -0.00309037 -1.31822
2.77001 -0.243447 0.786535 -0.828163 2.62458 0.840838 -0.280694 -1.4145 -1.45168 -2.94165 1.23774 0.220449 -1.1416 1.11858 -0.00309037 -1.31822
2.76706 -0.243447 0.786535 -0.828163 2.62458 0.840838 -0.280694 -1.4145 -1.45168 -2.94165 1.23774 0.220449 -1.1416 1.11858 -0.00309037 -1.31822
2.76401 -0.243447 0.786535 -0.828163 2.62458 0.840838 -0.280694 -1.4145 -1.45168 -2.94165 1.23774 0.220449 -1.1416 1.11858 -0.00309037 -1.31822
2.76102 -0.243447 0.786535 -0.828163 2.62458 0.840838 -0.280694 -1.4145 -1.45168 -2.94165 1.23774 0.220449 -1.1416 1.11858 -0.00309037 -1.31822
2.75811 -0.243447 0.786535 -0.828163 2.62458 0.840838 -0.280694 -1.4145 -1.45168 -2.94165 1.23774 0.220449 -1.1416 1.11858 -0.00309037 -1.31822
2.75523 -0.243447 0.786535 -0.828163 2.62458 0.840838 -0.280694 -1.4145 -1.45168 -2.94165 1.23774 0.220449 -1.1416 1.11858 -0.00309037 -1.31822
2.7522 -0.243447 0.786535 -0.828163 2.62458 0.840838 -0.280694 -1.4145 -1.45168 -2.94165 1.23774 0.220449 -1.1416 1.11858 -0.00309037 -1.31822
2.74928 -0.243447 0.786535 -0.828163 2.62458 0.840838 -0.280694 -1.4145 -1.45168 -2.94165 1.23774 0.220449 -1.1416 1.11858 -0.00309037 -1.31822
2.74624 -0.243447 0.786535 -0.828163 2.62458 0.840838 -0.280694 -1.4145 -1.45168 -2.94165 1.23774 0.220449 -1.1416 1.11858 -0.00309037 -1.31822
2.74322 -0.243447 0.786535 -0.828163 2.62458 0.840838 -0.280694 -1.4145 -1.45168 -2.94165 1.23774 0.220449 -1.1416 1.11858 -0.00309037 -1.31822
2.74018 -0.243447 0.786535 -0.828163 2.62458 0.840838 -0.280694 -1.4145 -1.45168 -2.94165 1.23774 0.220449 -1.1416 1.11858 -0.00309037 -1.31822
2.73717 -0.243447 0.786535 -0.828163 2.62458 0.840838 -0.280694 -1.4145 -1.45168 -2.94165 1.23774 0.220449 -1.1416 1.11858 -0.00309037 -1.31822
2.73417 -0.243447 0.786535 -0.828163 2.62458 0.840838 -0.280694 -1.4145 -1.45168 -2.94165 1.23774 0.220449 -1.1416 1.11858 -0.00309037 -1.31822
2.73114 -0.243447 0.786535 -0.828163 2.62458 0.840838 -0.280694 -1.4145 -1.45168 -2.94165 1.23774 0.220449 -1.1416 1.11858 -0.00309037 -1.31822
2.72807 -0.243447 0.786535 -0.828163 2.62458 0.840838 -0.280694 -1.4145 -1.45168 -2.94165 1.23774 0.220449 -1.1416 1.11858 -0.00309037 -1.31822
2.72494 -0.243447 0.786535 -0.828163 2.62458 0.840838 -0.280694 -1.4145 -1.45168 -2.94165 1.23774 0.220449 -1.1416 1.11858 -0.00309037 -1.31822
2.72182 -0.243447 0.786535 -0.828163 2.62458 0.840838 -0.280694 -1.4145 -1.45168 -2.94165 1.23774 0.220449 -1.1416 1.11858 -0.00309037 -1.31822
2.71879 -0.243447 0.786535 -0.828163 2.62458 0.840838 -0.280694 -1.4145 -1.45168 -2.94165 1.23774 0.220449 -1.1416 1.11858 -0.00309037 -1.31822
2.71567 -0.243447 0.786535 -0.828163 2.62458 0.840838 -0.280694 -1.4145 -1.45168 -2.94165 1.23774 0.220449 -1.1416 1.11858 -0.00309037 -1.31822
2.71255 -0.243447 0.786535 -0.828163 2.62458 0.840838 -0.280694 -1.4145 -1.45168 -2.94165 1.23774 0.220449 -1.1416 1.11858 -0.00309037 -1.31822
2.70936 -0.243447 0.786535 -0.828163 2.62458 0.840838 -0.280694 -1.4145 -1.45168 -2.94165 1.23774 0.220449 -1.1416 1.11858 -0.00309037 -1.31822
2.70607 -0.243447 0.786535 -0.828163 2.62458 0.840838 -0.280694 -1.4145 -1.45168 -2.94165 1.23774 0.220449 -1.1416 1.11858 -0.00309037 -1.31822
2.70289 -0.243447 0.786535 -0.828163 2.62458 0.840838 -0.280694 -1.4145 -1.45168 -2.94165 1.23774 0.220449 -1.1416 1.11858 -0.00309037 -1.31822
2.69972 -0.243447 0.786535 -0.828163 2.62458 0.840838 -0.280694 -1.4145 -1.45168 -2.94165 1.23774 0.220449 -1.1416 1.11858 -0.00309037 -1.31822
2.69655 -0.243447 0.786535 -0.828163 2.62458 0.840838 -0.280694 -1.4145 -1.45168 -2.94165 1.23774 0.220449 -1.1416 1.11858 -0.00309037 -1.31822
2.69334 -0.243447 0.786535 -0.828163 2.62458 0.840838 -0.280694 -1.4145 -1.45168 -2.94165 1.23774 0.220449 -1.1416 1.11858 -0.00309037 -1.31822
2.69006 -0.243447 0.786535 -0.828163 2.62458 0.840838 -0.280694 -1.4145 -1.45168 -2.94165 1.23774 0.220449 -1.1416 1.11858 -0.00309037 -1.31822
2.68666 -0.243447 0.786535 -0.828163 2.62458 0.840838 -0.280694 -1.4145 -1.45168 -2.94165 1.23774 0.220449 -1.1416 1.11858 -0.00309037 -1.31822
2.68341 -0.243447 0.786535 -0.828163 2.62458 0.840838 -0.280694 -1.4145 -1.45168 -2.94165 1.23774 0.220449 -1.1416 1.11858 -0.00309037 -1.31822
2.68022 -0.243447 0.786535 -0.828163 2.62458 0.840838 -0.280694 -1.4145 -1.45168 -2.94165 1.23774 0.220449 -1.1416 1.11858 -0.00309037 -1.31822
2.67696 -0.243447 0.786535 -0.828163 2.62458 0.840838 -0.280694 -1.4145 -1.45168 -2.94165 1.23774 0.220449 -1.1416 1.11858 -0.00309037 -1.31822
2.67371 -0.243447 0.786535 -0.828163 2.62458 0.840838 -0.280694 -1.4145 -1.45168 -2.94165 1.23774 0.220449 -1.1416 1.11858 -0.00309037 -1.31822
2.67037 -0.243447 0.786535 -0.828163 2.62458 0.840838 -0.280694 -1.4145 -1.45168 -2.94165 1.23774 0.220449 -1.1416 1.11858 -0.00309037 -1.31822
2.66699 -0.243447 0.786535 -0.828163 2.62458 0.840838 -0.280694 -1.4145 -1.45168 -2.94165 1.23774 0.220449 -1.1416 1.11858 -0.00309037 -1.31822
2.66367 -0.243447 0.786535 -0.828163 2.62458 0.840838 -0.280694 -1.4145 -1.45168 -2.94165 1.23774 0.220449 -1.1416 1.11858 -0.00309037 -1.31822
2.66043 -0.243447 0.786535 -0.828163 2.62458 0.840838 -0.280694 -1.4145 -1.45168 -2.94165 1.23774 0.220449 -1.1416 1.11858 -0.00309037 -1.31822
2.65714 -0.243447 0.786535 -0.828163 2.62458 0.840838 -0.280694 -1.4145 -1.45168 -2.94165 1.23774 0.220449 -1.1416 1.11858 -0.00309037 -1.31822
2.65364 -0.243447 0.786535 -0.828163 2.62458 0.840838 -0.280694 -1.4145 -1.45168 -2.94165 1.23774 0.220449 -1.1416 1.11858 -0.00309037 -1.31822
2.65025 -0.243447 0.786535 -0.828163 2.62458 0.840838 -0.280694 -1.4145 -1.45168 -2.94165 1.23774 0.220449 -1.1416 1.11858 -0.00309037 -1.31822
2.64686 -0.243447 0.786535 -0.828163 2.62458 0.840838 -0.280694 -1.4145 -1.45168 -2.94165 1.23774 0.220449 -1.1416 1.11858 -0.00309037 -1.31822
2.64346 -0.243447 0.786535 -0.828163 2.62458 0.840838 -0.280694 -1.4145 -1.45168 -2.94165 1.23774 0.220449 -1.1416 1.11858 -0.00309037 -1.31822
2.64006 -0.243447 0.786535 -0.828163 2.62458 0.840838 -0.280694 -1.4145 -1.45168 -2.94165 1.23774 0.220449 -1.1416 1.11858 -0.00309037 -1.31822
2.63669 -0.243447 0.786535 -0.828163 2.62458 0.840838 -0.280694 -1.4145 -1.45168 -2.94165 1.23774 0.220449 -1.1416 1.11858 -0.00309037 -1.31822
2.63322 -0.243447 0.786535 -0.828163 2.62458 0.840838 -0.280694 -1.4145 -1.45168 -2.94165 1.23774 0.220449 -1.1416 1.11858 -0.00309037 -1.31822
2.62971 -0.243447 0.786535 -0.828163 2.62458 0.840838 -0.280694 -1.4145 -1.45168 -2.94165 1.23774 0.220449 -1.1416 1.11858 -0.00309037 -1.31822
2.6262 -0.243447 0.786535 -0.828163 2.62458 0.840838 -0.280694 -1.4145 -1.45168 -2.94165 1.23774 0.220449 -1.1416 1.11858 -0.00309037 -1.31822
2.62262 -0.243447 0.786535 -0.828163 2.62458 0.840838 -0.280694 -1.4145 -1.45168 -2.94165 1.23774 0.220449 -1.1416 1.11858 -0.00309037 -1.31822
2.61915 -0.243447 0.786535 -0.828163 2.62458 0.840838 -0.280694 -1.4145 -1.45168 -2.94165 1.23774 0.220449 -1.1416 1.11858 -0.00309037 -1.31822
2.61573 -0.243447 0.786535 -0.828163 2.62458 0.840838 -0.280694 -1.4145 -1.45168 -2.94165 1.23774 0.220449 -1.1416 1.11858 -0.00309037 -1.31822
2.61224 -0.243447 0.786535 -0.828163 2.62458 0.840838 -0.280694 -1.4145 -1.45168 -2.94165 1.23774 0.220449 -1.1416 1.11858 -0.00309037 -1.31822
2.6087 -0.243447 0.786535 -0.828163 2.62458 0.840838 -0.280694 -1.4145 -1.45168 -2.94165 1.23774 0.220449 -1.1416 1.11858 -0.00309037 -1.31822
2.60516 -0.243447 0.786535 -0.828163 2.62458 0.840838 -0.280694 -1.4145 -1.45168 -2.94165 1.23774 0.220449 -1.1416 1.11858 -0.00309037 -1.31822
2.60163 -0.243447 0.786535 -0.828163 2.62458 0.840838 -0.280694 -1.4145 -1.45168 -2.94165 1.23774 0.220449 -1.1416 1.11858 -0.00309037 -1.31822
2.59809 -0.243447 0.786535 -0.828163 2.62458 0.840838 -0.280694 -1.4145 -1.45168 -2.94165 1.23774 0.220449 -1.1416 1.11858 -0.00309037 -1.31822
2.59455 -0.243447 0.786535 -0.828163 2.62458 0.840838 -0.280694 -1.4145 -1.45168 -2.94165 1.23774 0.220449 -1.1416 1.11858 -0.00309037 -1.31822
2.59089 -0.243447 0.786535 -0.828163 2.62458 0.840838 -0.280694 -1.4145 -1.45168 -2.94165 1.23774 0.220449 -1.1416 1.11858 -0.00309037 -1.31822
2.58722 -0.243447 0.786535 -0.828163 2.62458 0.840838 -0.280694 -1.4145 -1.45168 -2.94165 1.23774 0.220449 -1.1416 1.11858 -0.00309037 -1.31822
2.58341 -0.243447 0.786535 -0.828163 2.62458 0.840838 -0.280694 -1.4145 -1.45168 -2.94165 1.23774 0.220449 -1.1416 1.11858 -0.00309037 -1.31822
2.57969 -0.243447 0.786535 -0.828163 2.62458 0.840838 -0.280694 -1.4145 -1.45168 -2.94165 1.23774 0.220449 -1.1416 1.11858 -0.00309037 -1.31822
2.57609 -0.243447 0.786535 -0.828163 2.62458 0.840838 -0.280694 -1.4145 -1.45168 -2.94165 1.23774 0.220449 -1.1416 1.11858 -0.00309037 -1.31822
2.57244 -0.243447 0.786535 -0.828163 2.62458 0.840838 -0.280694 -1.4145 -1.45168 -2.94165 1.23774 0.220449 -1.1416 1.11858 -0.00309037 -1.31822
2.5687 -0.243447 0.786535 -0.828163 2.62458 0.840838 -0.280694 -1.4145 -1.45168 -2.94165 1.23774 0.220449 -1.1416 1.11858 -0.00309037 -1.31822
2.565 -0.243447 0.786535 -0.828163 2.62458 0.840838 -0.280694 -1.4145 -1.45168 -2.94165 1.23774 0.220449 -1.1416 1.11858 -0.00309037 -1.31822
2.56127 -0.243447 0.786535 -0.828163 2.62458 0.840838 -0.280694 -1.4145 -1.45168 -2.94165 1.23774 0.220449 -1.1416 1.11858 -0.00309037 -1.31822
2.5574 -0.243447 0.786535 -0.828163 2.62458 0.840838 -0.280694 -1.4145 -1.45168 -2.94165 1.23774 0.220449 -1.1416 1.11858 -0.00309037 -1.31822
2.5536 -0.243447 0.786535 -0.828163 2.62458 0.840838 -0.280694 -1.4145 -1.45168 -2.94165 1.23774 0.220449 -1.1416 1.11858 -0.00309037 -1.31822
2.54977 -0.243447 0.786535 -0.828163 2.62458 0.840838 -0.280694 -1.4145 -1.45168 -2.94165 1.23774 0.220449 -1.1416 1.11858 -0.00309037 -1.31822
2.5459 -0.243447 0.786535 -0.828163 2.62458 0.840838 -0.280694 -1.4145 -1.45168 -2.94165 1.23774 0.220449 -1.1416 1.11858 -0.00309037 -1.31822
2.54211 -0.243447 0.786535 -0.828163 2.62458 0.840838 -0.280694 -1.4145 -1.45168 -2.94165 1.23774 0.220449 -1.1416 1.11858 -0.00309037 -1.31822
2.53831 -0.243447 0.786535 -0.828163 2.62458 0.840838 -0.280694 -1.4145 -1.45168 -2.94165 1.23774 0.220449 -1.1416 1.11858 -0.00309037 -1.31822
2.5345 -0.243447 0.786535 -0.828163 2.62458 0.840838 -0.280694 -1.4145 -1.45168 -2.94165 1.23774 0.220449 -1.1416 1.11858 -0.00309037 -1.31822
2.5307 -0.243447 0.786535 -0.828163 2.62458 0.840838 -0.280694 -1.4145 -1.45168 -2.94165 1.23774 0.220449 -1.1416 1.11858 -0.00309037 -1.31822
2.52681 -0.243447 0.786535 -0.828163 2.62458 0.840838 -0.280694 -1.4145 -1.45168 -2.94165 1.23774 0.220449 -1.1416 1.11858 -0.00309037 -1.31822
2.52284 -0.243447 0.786535 -0.828163 2.62458 0.840838 -0.280694 -1.4145 -1.45168 -2.94165 1.23774 0.220449 -1.1416 1.11858 -0.00309037 -1.31822
2.51896 -0.243447 0.786535 -0.828163 2.62458 0.840838 -0.280694 -1.4145 -1.45168 -2.94165 1.23774 0.220449 -1.1416 1.11858 -0.00309037 -1.31822
2.51486 -0.243447 0.786535 -0.828163 2.62458 0.840838 -0.280694 -1.4145 -1.45168 -2.94165 1.23774 0.220449 -1.1416 1.11858 -0.00309037 -1.31822
2.51095 -0.243447 0.786535 -0.828163 2.62458 0.840838 -0.280694 -1.4145 -1.45168 -2.94165 1.23774 0.220449 -1.1416 1.11858 -0.00309037 -1.31822
2.50697 -0.243447 0.786535 -0.828163 2.62458 0.840838 -0.280694 -1.4145 -1.45168 -2.94165 1.23774 0.220449 -1.1416 1.11858 -0.00309037 -1.31822
2.50304 -0.243447 0.786535 -0.828163 2.62458 0.840838 -0.280694 -1.4145 -1.45168 -2.94165 1.23774 0.220449 -1.1416 1.11858 -0.00309037 -1.31822
2.49912 -0.243447 0.786535 -0.828163 2.62458 0.840838 -0.280694 -1.4145 -1.45168 -2.94165 1.23774 0.220449 -1.1416 1.11858 -0.00309037 -1.31822
2.49514 -0.243447 0.786535 -0.828163 2.62458 0.840838 -0.280694 -1.4145 -1.45168 -2.94165 1.23774 0.220449 -1.1416 1.11858 -0.00309037 -1.31822
2.49117 -0.243447 0.786535 -0.828163 2.62458 0.840838 -0.280694 -1.4145 -1.45168 -2.94165 1.23774 0.220449 -1.1416 1.11858 -0.00309037 -1.31822
2.47884 -0.243447 0.786535 -0.828163 2.62458 0.840838 -0.280694 -1.4145 -1.45168 -2.94165 1.23774 0.220449 -1.1416 1.11858 -0.00309037 -1.31822
2.47916 -0.243447 0.786535 -0.828163 2.62458 0.840838 -0.280694 -1.4145 -1.45168 -2.94165 1.23774 0.220449 -1.1416 1.11858 -0.00309037 -1.31822
2.47989 -0.243447 0.786535 -0.828163 2.62458 0.840838 -0.280694 -1.4145 -1.45168 -2.94165 1.23774 0.220449 -1.1416 1.11858 -0.00309037 -1.31822
2.48292 -0.243447 0.786535 -0.828163 2.62458 0.840838 -0.280694 -1.4145 -1.45168 -2.94165 1.23774 0.220449 -1.1416 1.11858 -0.00309037 -1.31822
2.48684 -0.243447 0.786535 -0.828163 2.62458 0.840838 -0.280694 -1.4145 -1.45168 -2.94165 1.23774 0.220449 -1.1416 1.11858 -0.00309037 -1.31822
2.48987 -0.243447 0.786535 -0.828163 2.62458 0.840838 -0.280694 -1.4145 -1.45168 -2.94165 1.23774 0.220449 -1.1416 1.11858 -0.00309037 -1.31822
2.49307 -0.243447 0.786535 -0.828163 2.62458 0.840838 -0.280694 -1.4145 -1.45168 -2.94165 1.23774 0.220449 -1.1416 1.11858 -0.00309037 -1.31822
2.49648 -0.243447 0.786535 -0.828163 2.62458 0.840838 -0.280694 -1.4145 -1.45168 -2.94165 1.23774 0.220449 -1.1416 1.11858 -0.00309037 -1.31822
2.50006 -0.243447 0.786535 -0.828163 2.62458 0.840838 -0.280694 -1.4145 -1.45168 -2.94165 1.23774 0.220449 -1.1416 1.11858 -0.00309037 -1.31822
2.50261 -0.243447 0.786535 -0.828163 2.62458 0.840838 -0.280694 -1.4145 -1.45168 -2.94165 1.23774 0.220449 -1.1416 1.11858 -0.00309037 -1.31822
2.50573 -0.243447 0.786535 -0.828163 2.62458 0.840838 -0.280694 -1.4145 -1.45168 -2.94165 1.23774 0.220449 -1.1416 1.11858 -0.00309037 -1.31822
2.5088 -0.243447 0.786535 -0.828163 2.62458 0.840838 -0.280694 -1.4145 -1.45168 -2.94165 1.23774 0.220449 -1.1416 1.11858 -0.00309037 -1.31822
2.51192 -0.243447 0.786535 -0.828163 2.62458 0.840838 -0.280694 -1.4145 -1.45168 -2.94165 1.23774 0.220449 -1.1416 1.11858 -0.00309037 -1.31822
2.51705 -0.243447 0.786535 -0.828163 2.62458 0.840838 -0.280694 -1.4145 -1.45168 -2.94165 1.23774 0.220449 -1.1416 1.11858 -0.00309037 -1.31822
2.5242 -0.243447 0.786535 -0.828163 2.62458 0.840838 -0.280694 -1.4145 -1.45168 -2.94165 1.23774 0.220449 -1.1416 1.11858 -0.00309037 -1.31822
2.53261 -0.243447 0.786535 -0.828163 2.62458 0.840838 -0.280694 -1.4145 -1.45168 -2.94165 1.23774 0.220449 -1.1416 1.11858 -0.00309037 -1.31822
2.54108 -0.243447 0.786535 -0.828163 2.62458 0.840838 -0.280694 -1.4145 -1.45168 -2.94165 1.23774 0.220449 -1.1416 1.11858 -0.00309037 -1.31822
2.54921 -0.243447 0.786535 -0.828163 2.62458 0.840838 -0.280694 -1.4145 -1.45168 -2.94165 1.23774 0.220449 -1.1416 1.11858 -0.00309037 -1.31822
2.55731 -0.243447 0.786535 -0.828163 2.62458 0.840838 -0.280694 -1.4145 -1.45168 -2.94165 1.23774 0.220449 -1.1416 1.11858 -0.00309037 -1.31822
2.56758 -0.243447 0.786535 -0.828163 2.62458 0.840838 -0.280694 -1.4145 -1.45168 -2.94165 1.23774 0.220449 -1.1416 1.11858 -0.00309037 -1.31822
2.57889 -0.243447 0.786535 -0.828163 2.62458 0.840838 -0.280694 -1.4145 -1.45168 -2.94165 1.23774 0.220449 -1.1416 1.11858 -0.00309037 -1.31822
2.59172 -0.243447 0.786535 -0.828163 2.62458 0.840838 -0.280694 -1.4145 -1.45168 -2.94165 1.23774 0.220449 -1.1416 1.11858 -0.00309037 -1.31822
2.60605 -0.243447 0.786535 -0.828163 2.62458 0.840838 -0.280694 -1.4145 -1.45168 -2.94165 1.23774 0.220449 -1.1416 1.11858 -0.00309037 -1.31822
2.62045 -0.243447 0.786535 -0.828163 2.62458 0.840838 -0.280694 -1.4145 -1.45168 -2.94165 1.23774 0.220449 -1.1416 1.11858 -0.00309037 -1.31822
2.63473 -0.243447 0.786535 -0.828163 2.62458 0.840838 -0.280694 -1.4145 -1.45168 -2.94165 1.23774 0.220449 -1.1416 1.11858 -0.00309037 -1.31822
2.64912 -0.243447 0.786535 -0.828163 2.62458 0.840838 -0.280694 -1.4145 -1.45168 -2.94165 1.23774 0.220449 -1.1416 1.11858 -0.00309037 -1.31822
2.66401 -0.243447 0.786535 -0.828163 2.62458 0.840838 -0.280694 -1.4145 -1.45168 -2.94165 1.23774 0.220449 -1.1416 1.11858 -0.00309037 -1.31822
2.67959 -0.243447 0.786535 -0.828163 2.62458 0.840838 -0.280694 -1.4145 -1.45168 -2.94165 1.23774 0.220449 -1.1416 1.11858 -0.00309037 -1.31822
