2.492
2.503
2.513
2.523
2.534
2.544
2.555
2.565
2.575
2.588
2.608
2.629
2.65
2.67
2.691
2.712
2.732
2.754
2.774
2.794
2.833
2.871
2.91
2.949
2.991
3.029
3.068
3.107
3.145
3.184
3.223
3.261
3.3
3.339
3.377
3.416
3.455
3.494
3.533
3.571
3.611
3.65
3.69
3.729
3.768
3.807
3.846
3.884
3.922
3.962
4.001
4.039
4.078
4.117
4.155
4.195
4.234
4.272
4.311
4.349
4.388
4.427
4.466
4.506
4.545
4.585
4.623
4.662
4.7
4.739
4.777
4.816
4.855
4.894
4.933
4.972
5.015
5.053
5.092
5.13
5.169
5.207
5.247
5.287
5.326
5.366
5.405
5.443
5.482
5.52
5.559
5.598
5.637
5.678
5.717
5.756
5.794
5.833
5.871
5.91
5.95
6.611
6.621
6.631
6.642
6.653
6.663
6.677
6.697
6.718
6.738
6.777
6.815
6.854
6.893
6.932
6.971
7.012
7.052
7.094
7.132
7.172
7.213
7.253
7.293
7.332
7.371
7.41
7.448
