2.57083 0.982416 -2.06659 0.616759 1.54996 0.490804 -0.528061 -1.60168 -0.335507 2.11496 -1.91987 2.46522 -1.27202 -0.747232 1.86077 0.429791
2.57081 0.982416 -2.06659 0.616759 1.54996 0.490804 -0.528061 -1.60168 -0.335507 2.11496 -1.91987 2.46522 -1.27202 -0.747232 1.86077 0.429791
2.5707 0.982416 -2.06659 0.616759 1.54996 0.490804 -0.528061 -1.60168 -0.335507 2.11496 -1.91987 2.46522 -1.27202 -0.747232 1.86077 0.429791
2.57052 0.982416 -2.06659 0.616759 1.54996 0.490804 -0.528061 -1.60168 -0.335507 2.11496 -1.91987 2.46522 -1.27202 -0.747232 1.86077 0.429791
2.57021 0.982416 -2.06659 0.616759 1.54996 0.490804 -0.528061 -1.60168 -0.335507 2.11496 -1.91987 2.46522 -1.27202 -0.747232 1.86077 0.429791
2.56932 0.982416 -2.06659 0.616759 1.54996 0.490804 -0.528061 -1.60168 -0.335507 2.11496 -1.91987 2.46522 -1.27202 -0.747232 1.86077 0.429791
2.56848 0.982416 -2.06659 0.616759 1.54996 0.490804 -0.528061 -1.60168 -0.335507 2.11496 -1.91987 2.46522 -1.27202 -0.747232 1.86077 0.429791
2.56742 0.982416 -2.06659 0.616759 1.54996 0.490804 -0.528061 -1.60168 -0.335507 2.11496 -1.91987 2.46522 -1.27202 -0.747232 1.86077 0.429791
2.56623 0.982416 -2.06659 0.616759 1.54996 0.490804 -0.528061 -1.60168 -0.335507 2.11496 -1.91987 2.46522 -1.27202 -0.747232 1.86077 0.429791
2.56476 0.982416 -2.06659 0.616759 1.54996 0.490804 -0.528061 -1.60168 -0.335507 2.11496 -1.91987 2.46522 -1.27202 -0.747232 1.86077 0.429791
2.56339 0.982416 -2.06659 0.616759 1.54996 0.490804 -0.528061 -1.60168 -0.335507 2.11496 -1.91987 2.46522 -1.27202 -0.747232 1.86077 0.429791
2.56223 0.982416 -2.06659 0.616759 1.54996 0.490804 -0.528061 -1.60168 -0.335507 2.11496 -1.91987 2.46522 -1.27202 -0.747232 1.86077 0.429791
2.56065 0.982416 -2.06659 0.616759 1.54996 0.490804 -0.528061 -1.60168 -0.335507 2.11496 -1.91987 2.46522 -1.27202 -0.747232 1.86077 0.429791
2.55915 0.982416 -2.06659 0.616759 1.54996 0.490804 -0.528061 -1.60168 -0.335507 2.11496 -1.91987 2.46522 -1.27202 -0.747232 1.86077 0.429791
2.55746 0.982416 -2.06659 0.616759 1.54996 0.490804 -0.528061 -1.60168 -0.335507 2.11496 -1.91987 2.46522 -1.27202 -0.747232 1.86077 0.429791
2.55579 0.982416 -2.06659 0.616759 1.54996 0.490804 -0.528061 -1.60168 -0.335507 2.11496 -1.91987 2.46522 -1.27202 -0.747232 1.86077 0.429791
2.55409 0.982416 -2.06659 0.616759 1.54996 0.490804 -0.528061 -1.60168 -0.335507 2.11496 -1.91987 2.46522 -1.27202 -0.747232 1.86077 0.429791
2.55237 0.982416 -2.06659 0.616759 1.54996 0.490804 -0.528061 -1.60168 -0.335507 2.11496 -1.91987 2.46522 -1.27202 -0.747232 1.86077 0.429791
2.55055 0.982416 -2.06659 0.616759 1.54996 0.490804 -0.528061 -1.60168 -0.335507 2.11496 -1.91987 2.46522 -1.27202 -0.747232 1.86077 0.429791
2.54871 0.982416 -2.06659 0.616759 1.54996 0.490804 -0.528061 -1.60168 -0.335507 2.11496 -1.91987 2.46522 -1.27202 -0.747232 1.86077 0.429791
2.5451 0.982416 -2.06659 0.616759 1.54996 0.490804 -0.528061 -1.60168 -0.335507 2.11496 -1.91987 2.46522 -1.27202 -0.747232 1.86077 0.429791
2.54165 0.982416 -2.06659 0.616759 1.54996 0.490804 -0.528061 -1.60168 -0.335507 2.11496 -1.91987 2.46522 -1.27202 -0.747232 1.86077 0.429791
2.53803 0.982416 -2.06659 0.616759 1.54996 0.490804 -0.528061 -1.60168 -0.335507 2.11496 -1.91987 2.46522 -1.27202 -0.747232 1.86077 0.429791
2.53469 0.982416 -2.06659 0.616759 1.54996 0.490804 -0.528061 -1.60168 -0.335507 2.11496 -1.91987 2.46522 -1.27202 -0.747232 1.86077 0.429791
2.53126 0.982416 -2.06659 0.616759 1.54996 0.490804 -0.528061 -1.60168 -0.335507 2.11496 -1.91987 2.46522 -1.27202 -0.747232 1.86077 0.429791
2.52777 0.982416 -2.06659 0.616759 1.54996 0.490804 -0.528061 -1.60168 -0.335507 2.11496 -1.91987 2.46522 -1.27202 -0.747232 1.86077 0.429791
2.52434 0.982416 -2.06659 0.616759 1.54996 0.490804 -0.528061 -1.60168 -0.335507 2.11496 -1.91987 2.46522 -1.27202 -0.747232 1.86077 0.429791
2.52088 0.982416 -2.06659 0.616759 1.54996 0.490804 -0.528061 -1.60168 -0.335507 2.11496 -1.91987 2.46522 -1.27202 -0.747232 1.86077 0.429791
2.5174 0.982416 -2.06659 0.616759 1.54996 0.490804 -0.528061 -1.60168 -0.335507 2.11496 -1.91987 2.46522 -1.27202 -0.747232 1.86077 0.429791
2.51372 0.982416 -2.06659 0.616759 1.54996 0.490804 -0.528061 -1.60168 -0.335507 2.11496 -1.91987 2.46522 -1.27202 -0.747232 1.86077 0.429791
2.51013 0.982416 -2.06659 0.616759 1.54996 0.490804 -0.528061 -1.60168 -0.335507 2.11496 -1.91987 2.46522 -1.27202 -0.747232 1.86077 0.429791
2.50651 0.982416 -2.06659 0.616759 1.54996 0.490804 -0.528061 -1.60168 -0.335507 2.11496 -1.91987 2.46522 -1.27202 -0.747232 1.86077 0.429791
2.50289 0.982416 -2.06659 0.616759 1.54996 0.490804 -0.528061 -1.60168 -0.335507 2.11496 -1.91987 2.46522 -1.27202 -0.747232 1.86077 0.429791
2.49923 0.982416 -2.06659 0.616759 1.54996 0.490804 -0.528061 -1.60168 -0.335507 2.11496 -1.91987 2.46522 -1.27202 -0.747232 1.86077 0.429791
2.49546 0.982416 -2.06659 0.616759 1.54996 0.490804 -0.528061 -1.60168 -0.335507 2.11496 -1.91987 2.46522 -1.27202 -0.747232 1.86077 0.429791
2.49181 0.982416 -2.06659 0.616759 1.54996 0.490804 -0.528061 -1.60168 -0.335507 2.11496 -1.91987 2.46522 -1.27202 -0.747232 1.86077 0.429791
2.48816 0.982416 -2.06659 0.616759 1.54996 0.490804 -0.528061 -1.60168 -0.335507 2.11496 -1.91987 2.46522 -1.27202 -0.747232 1.86077 0.429791
2.48437 0.982416 -2.06659 0.616759 1.54996 0.490804 -0.528061 -1.60168 -0.335507 2.11496 -1.91987 2.46522 -1.27202 -0.747232 1.86077 0.429791
2.48072 0.982416 -2.06659 0.616759 1.54996 0.490804 -0.528061 -1.60168 -0.335507 2.11496 -1.91987 2.46522 -1.27202 -0.747232 1.86077 0.429791
2.477 0.982416 -2.06659 0.616759 1.54996 0.490804 -0.528061 -1.60168 -0.335507 2.11496 -1.91987 2.46522 -1.27202 -0.747232 1.86077 0.429791
2.47328 0.982416 -2.06659 0.616759 1.54996 0.490804 -0.528061 -1.60168 -0.335507 2.11496 -1.91987 2.46522 -1.27202 -0.747232 1.86077 0.429791
2.46952 0.982416 -2.06659 0.616759 1.54996 0.490804 -0.528061 -1.60168 -0.335507 2.11496 -1.91987 2.46522 -1.27202 -0.747232 1.86077 0.429791
2.46576 0.982416 -2.06659 0.616759 1.54996 0.490804 -0.528061 -1.60168 -0.335507 2.11496 -1.91987 2.46522 -1.27202 -0.747232 1.86077 0.429791
2.46202 0.982416 -2.06659 0.616759 1.54996 0.490804 -0.528061 -1.60168 -0.335507 2.11496 -1.91987 2.46522 -1.27202 -0.747232 1.86077 0.429791
2.45824 0.982416 -2.06659 0.616759 1.54996 0.490804 -0.528061 -1.60168 -0.335507 2.11496 -1.91987 2.46522 -1.27202 -0.747232 1.86077 0.429791
2.45446 0.982416 -2.06659 0.616759 1.54996 0.490804 -0.528061 -1.60168 -0.335507 2.11496 -1.91987 2.46522 -1.27202 -0.747232 1.86077 0.429791
2.45055 0.982416 -2.06659 0.616759 1.54996 0.490804 -0.528061 -1.60168 -0.335507 2.11496 -1.91987 2.46522 -1.27202 -0.747232 1.86077 0.429791
2.44675 0.982416 -2.06659 0.616759 1.54996 0.490804 -0.528061 -1.60168 -0.335507 2.11496 -1.91987 2.46522 -1.27202 -0.747232 1.86077 0.429791
2.44289 0.982416 -2.06659 0.616759 1.54996 0.490804 -0.528061 -1.60168 -0.335507 2.11496 -1.91987 2.46522 -1.27202 -0.747232 1.86077 0.429791
2.43905 0.982416 -2.06659 0.616759 1.54996 0.490804 -0.528061 -1.60168 -0.335507 2.11496 -1.91987 2.46522 -1.27202 -0.747232 1.86077 0.429791
2.43523 0.982416 -2.06659 0.616759 1.54996 0.490804 -0.528061 -1.60168 -0.335507 2.11496 -1.91987 2.46522 -1.27202 -0.747232 1.86077 0.429791
2.43109 0.982416 -2.06659 0.616759 1.54996 0.490804 -0.528061 -1.60168 -0.335507 2.11496 -1.91987 2.46522 -1.27202 -0.747232 1.86077 0.429791
2.42714 0.982416 -2.06659 0.616759 1.54996 0.490804 -0.528061 -1.60168 -0.335507 2.11496 -1.91987 2.46522 -1.27202 -0.747232 1.86077 0.429791
2.42322 0.982416 -2.06659 0.616759 1.54996 0.490804 -0.528061 -1.60168 -0.335507 2.11496 -1.91987 2.46522 -1.27202 -0.747232 1.86077 0.429791
2.41929 0.982416 -2.06659 0.616759 1.54996 0.490804 -0.528061 -1.60168 -0.335507 2.11496 -1.91987 2.46522 -1.27202 -0.747232 1.86077 0.429791
2.41522 0.982416 -2.06659 0.616759 1.54996 0.490804 -0.528061 -1.60168 -0.335507 2.11496 -1.91987 2.46522 -1.27202 -0.747232 1.86077 0.429791
2.41118 0.982416 -2.06659 0.616759 1.54996 0.490804 -0.528061 -1.60168 -0.335507 2.11496 -1.91987 2.46522 -1.27202 -0.747232 1.86077 0.429791
2.40717 0.982416 -2.06659 0.616759 1.54996 0.490804 -0.528061 -1.60168 -0.335507 2.11496 -1.91987 2.46522 -1.27202 -0.747232 1.86077 0.429791
2.40308 0.982416 -2.06659 0.616759 1.54996 0.490804 -0.528061 -1.60168 -0.335507 2.11496 -1.91987 2.46522 -1.27202 -0.747232 1.86077 0.429791
2.39904 0.982416 -2.06659 0.616759 1.54996 0.490804 -0.528061 -1.60168 -0.335507 2.11496 -1.91987 2.46522 -1.27202 -0.747232 1.86077 0.429791
2.39497 0.982416 -2.06659 0.616759 1.54996 0.490804 -0.528061 -1.60168 -0.335507 2.11496 -1.91987 2.46522 -1.27202 -0.747232 1.86077 0.429791
2.39087 0.982416 -2.06659 0.616759 1.54996 0.490804 -0.528061 -1.60168 -0.335507 2.11496 -1.91987 2.46522 -1.27202 -0.747232 1.86077 0.429791
2.38681 0.982416 -2.06659 0.616759 1.54996 0.490804 -0.528061 -1.60168 -0.335507 2.11496 -1.91987 2.46522 -1.27202 -0.747232 1.86077 0.429791
2.3827 0.982416 -2.06659 0.616759 1.54996 0.490804 -0.528061 -1.60168 -0.335507 2.11496 -1.91987 2.46522 -1.27202 -0.747232 1.86077 0.429791
2.37846 0.982416 -2.06659 0.616759 1.54996 0.490804 -0.528061 -1.60168 -0.335507 2.11496 -1.91987 2.46522 -1.27202 -0.747232 1.86077 0.429791
2.37427 0.982416 -2.06659 0.616759 1.54996 0.490804 -0.528061 -1.60168 -0.335507 2.11496 -1.91987 2.46522 -1.27202 -0.747232 1.86077 0.429791
2.37004 0.982416 -2.06659 0.616759 1.54996 0.490804 -0.528061 -1.60168 -0.335507 2.11496 -1.91987 2.46522 -1.27202 -0.747232 1.86077 0.429791
2.3658 0.982416 -2.06659 0.616759 1.54996 0.490804 -0.528061 -1.60168 -0.335507 2.11496 -1.91987 2.46522 -1.27202 -0.747232 1.86077 0.429791
2.36154 0.982416 -2.06659 0.616759 1.54996 0.490804 -0.528061 -1.60168 -0.335507 2.11496 -1.91987 2.46522 -1.27202 -0.747232 1.86077 0.429791
2.35737 0.982416 -2.06659 0.616759 1.54996 0.490804 -0.528061 -1.60168 -0.335507 2.11496 -1.91987 2.46522 -1.27202 -0.747232 1.86077 0.429791
2.35314 0.982416 -2.06659 0.616759 1.54996 0.490804 -0.528061 -1.60168 -0.335507 2.11496 -1.91987 2.46522 -1.27202 -0.747232 1.86077 0.429791
2.34891 0.982416 -2.06659 0.616759 1.54996 0.490804 -0.528061 -1.60168 -0.335507 2.11496 -1.91987 2.46522 -1.27202 -0.747232 1.86077 0.429791
2.34461 0.982416 -2.06659 0.616759 1.54996 0.490804 -0.528061 -1.60168 -0.335507 2.11496 -1.91987 2.46522 -1.27202 -0.747232 1.86077 0.429791
2.34032 0.982416 -2.06659 0.616759 1.54996 0.490804 -0.528061 -1.60168 -0.335507 2.11496 -1.91987 2.46522 -1.27202 -0.747232 1.86077 0.429791
2.33605 0.982416 -2.06659 0.616759 1.54996 0.490804 -0.528061 -1.60168 -0.335507 2.11496 -1.91987 2.46522 -1.27202 -0.747232 1.86077 0.429791
2.3317 0.982416 -2.06659 0.616759 1.54996 0.490804 -0.528061 -1.60168 -0.335507 2.11496 -1.91987 2.46522 -1.27202 -0.747232 1.86077 0.429791
2.32737 0.982416 -2.06659 0.616759 1.54996 0.490804 -0.528061 -1.60168 -0.335507 2.11496 -1.91987 2.46522 -1.27202 -0.747232 1.86077 0.429791
2.32304 0.982416 -2.06659 0.616759 1.54996 0.490804 -0.528061 -1.60168 -0.335507 2.11496 -1.91987 2.46522 -1.27202 -0.747232 1.86077 0.429791
2.31867 0.982416 -2.06659 0.616759 1.54996 0.490804 -0.528061 -1.60168 -0.335507 2.11496 -1.91987 2.46522 -1.27202 -0.747232 1.86077 0.429791
2.31431 0.982416 -2.06659 0.616759 1.54996 0.490804 -0.528061 -1.60168 -0.335507 2.11496 -1.91987 2.46522 -1.27202 -0.747232 1.86077 0.429791
2.30987 0.982416 -2.06659 0.616759 1.54996 0.490804 -0.528061 -1.60168 -0.335507 2.11496 -1.91987 2.46522 -1.27202 -0.747232 1.86077 0.429791
2.30543 0.982416 -2.06659 0.616759 1.54996 0.490804 -0.528061 -1.60168 -0.335507 2.11496 -1.91987 2.46522 -1.27202 -0.747232 1.86077 0.429791
2.3009 0.982416 -2.06659 0.616759 1.54996 0.490804 -0.528061 -1.60168 -0.335507 2.11496 -1.91987 2.46522 -1.27202 -0.747232 1.86077 0.429791
2.29642 0.982416 -2.06659 0.616759 1.54996 0.490804 -0.528061 -1.60168 -0.335507 2.11496 -1.91987 2.46522 -1.27202 -0.747232 1.86077 0.429791
2.29184 0.982416 -2.06659 0.616759 1.54996 0.490804 -0.528061 -1.60168 -0.335507 2.11496 -1.91987 2.46522 -1.27202 -0.747232 1.86077 0.429791
2.28706 0.982416 -2.06659 0.616759 1.54996 0.490804 -0.528061 -1.60168 -0.335507 2.11496 -1.91987 2.46522 -1.27202 -0.747232 1.86077 0.429791
2.28255 0.982416 -2.06659 0.616759 1.54996 0.490804 -0.528061 -1.60168 -0.335507 2.11496 -1.91987 2.46522 -1.27202 -0.747232 1.86077 0.429791
2.27784 0.982416 -2.06659 0.616759 1.54996 0.490804 -0.528061 -1.60168 -0.335507 2.11496 -1.91987 2.46522 -1.27202 -0.747232 1.86077 0.429791
2.27323 0.982416 -2.06659 0.616759 1.54996 0.490804 -0.528061 -1.60168 -0.335507 2.11496 -1.91987 2.46522 -1.27202 -0.747232 1.86077 0.429791
2.26862 0.982416 -2.06659 0.616759 1.54996 0.490804 -0.528061 -1.60168 -0.335507 2.11496 -1.91987 2.46522 -1.27202 -0.747232 1.86077 0.429791
2.26382 0.982416 -2.06659 0.616759 1.54996 0.490804 -0.528061 -1.60168 -0.335507 2.11496 -1.91987 2.46522 -1.27202 -0.747232 1.86077 0.429791
2.25918 0.982416 -2.06659 0.616759 1.54996 0.490804 -0.528061 -1.60168 -0.335507 2.11496 -1.91987 2.46522 -1.27202 -0.747232 1.86077 0.429791
2.2545 0.982416 -2.06659 0.616759 1.54996 0.490804 -0.528061 -1.60168 -0.335507 2.11496 -1.91987 2.46522 -1.27202 -0.747232 1.86077 0.429791
2.24981 0.982416 -2.06659 0.616759 1.54996 0.490804 -0.528061 -1.60168 -0.335507 2.11496 -1.91987 2.46522 -1.27202 -0.747232 1.86077 0.429791
2.2451 0.982416 -2.06659 0.616759 1.54996 0.490804 -0.528061 -1.60168 -0.335507 2.11496 -1.91987 2.46522 -1.27202 -0.747232 1.86077 0.429791
2.24046 0.982416 -2.06659 0.616759 1.54996 0.490804 -0.528061 -1.60168 -0.335507 2.11496 -1.91987 2.46522 -1.27202 -0.747232 1.86077 0.429791
2.23572 0.982416 -2.06659 0.616759 1.54996 0.490804 -0.528061 -1.60168 -0.335507 2.11496 -1.91987 2.46522 -1.27202 -0.747232 1.86077 0.429791
2.23093 0.982416 -2.06659 0.616759 1.54996 0.490804 -0.528061 -1.60168 -0.335507 2.11496 -1.91987 2.46522 -1.27202 -0.747232 1.86077 0.429791
2.22615 0.982416 -2.06659 0.616759 1.54996 0.490804 -0.528061 -1.60168 -0.335507 2.11496 -1.91987 2.46522 -1.27202 -0.747232 1.86077 0.429791
2.22124 0.982416 -2.06659 0.616759 1.54996 0.490804 -0.528061 -1.60168 -0.335507 2.11496 -1.91987 2.46522 -1.27202 -0.747232 1.86077 0.429791
2.21613 0.982416 -2.06659 0.616759 1.54996 0.490804 -0.528061 -1.60168 -0.335507 2.11496 -1.91987 2.46522 -1.27202 -0.747232 1.86077 0.429791
2.21131 0.982416 -2.06659 0.616759 1.54996 0.490804 -0.528061 -1.60168 -0.335507 2.11496 -1.91987 2.46522 -1.27202 -0.747232 1.86077 0.429791
2.20651 0.982416 -2.06659 0.616759 1.54996 0.490804 -0.528061 -1.60168 -0.335507 2.11496 -1.91987 2.46522 -1.27202 -0.747232 1.86077 0.429791
2.20165 0.982416 -2.06659 0.616759 1.54996 0.490804 -0.528061 -1.60168 -0.335507 2.11496 -1.91987 2.46522 -1.27202 -0.747232 1.86077 0.429791
2.19091 0.982416 -2.06659 0.616759 1.54996 0.490804 -0.528061 -1.60168 -0.335507 2.11496 -1.91987 2.46522 -1.27202 -0.747232 1.86077 0.429791
2.19107 0.982416 -2.06659 0.616759 1.54996 0.490804 -0.528061 -1.60168 -0.335507 2.11496 -1.91987 2.46522 -1.27202 -0.747232 1.86077 0.429791
2.19119 0.982416 -2.06659 0.616759 1.54996 0.490804 -0.528061 -1.60168 -0.335507 2.11496 -1.91987 2.46522 -1.27202 -0.747232 1.86077 0.429791
2.19126 0.982416 -2.06659 0.616759 1.54996 0.490804 -0.528061 -1.60168 -0.335507 2.11496 -1.91987 2.46522 -1.27202 -0.747232 1.86077 0.429791
2.19153 0.982416 -2.06659 0.616759 1.54996 0.490804 -0.528061 -1.60168 -0.335507 2.11496 -1.91987 2.46522 -1.27202 -0.747232 1.86077 0.429791
2.1927 0.982416 -2.06659 0.616759 1.54996 0.490804 -0.528061 -1.60168 -0.335507 2.11496 -1.91987 2.46522 -1.27202 -0.747232 1.86077 0.429791
2.19397 0.982416 -2.06659 0.616759 1.54996 0.490804 -0.528061 -1.60168 -0.335507 2.11496 -1.91987 2.46522 -1.27202 -0.747232 1.86077 0.429791
2.19572 0.982416 -2.06659 0.616759 1.54996 0.490804 -0.528061 -1.60168 -0.335507 2.11496 -1.91987 2.46522 -1.27202 -0.747232 1.86077 0.429791
2.19732 0.982416 -2.06659 0.616759 1.54996 0.490804 -0.528061 -1.60168 -0.335507 2.11496 -1.91987 2.46522 -1.27202 -0.747232 1.86077 0.429791
2.1989 0.982416 -2.06659 0.616759 1.54996 0.490804 -0.528061 -1.60168 -0.335507 2.11496 -1.91987 2.46522 -1.27202 -0.747232 1.86077 0.429791
2.20181 0.982416 -2.06659 0.616759 1.54996 0.490804 -0.528061 -1.60168 -0.335507 2.11496 -1.91987 2.46522 -1.27202 -0.747232 1.86077 0.429791
2.20505 0.982416 -2.06659 0.616759 1.54996 0.490804 -0.528061 -1.60168 -0.335507 2.11496 -1.91987 2.46522 -1.27202 -0.747232 1.86077 0.429791
2.20899 0.982416 -2.06659 0.616759 1.54996 0.490804 -0.528061 -1.60168 -0.335507 2.11496 -1.91987 2.46522 -1.27202 -0.747232 1.86077 0.429791
2.21403 0.982416 -2.06659 0.616759 1.54996 0.490804 -0.528061 -1.60168 -0.335507 2.11496 -1.91987 2.46522 -1.27202 -0.747232 1.86077 0.429791
2.22053 0.982416 -2.06659 0.616759 1.54996 0.490804 -0.528061 -1.60168 -0.335507 2.11496 -1.91987 2.46522 -1.27202 -0.747232 1.86077 0.429791
2.22785 0.982416 -2.06659 0.616759 1.54996 0.490804 -0.528061 -1.60168 -0.335507 2.11496 -1.91987 2.46522 -1.27202 -0.747232 1.86077 0.429791
2.23547 0.982416 -2.06659 0.616759 1.54996 0.490804 -0.528061 -1.60168 -0.335507 2.11496 -1.91987 2.46522 -1.27202 -0.747232 1.86077 0.429791
2.24283 0.982416 -2.06659 0.616759 1.54996 0.490804 -0.528061 -1.60168 -0.335507 2.11496 -1.91987 2.46522 -1.27202 -0.747232 1.86077 0.429791
2.25059 0.982416 -2.06659 0.616759 1.54996 0.490804 -0.528061 -1.60168 -0.335507 2.11496 -1.91987 2.46522 -1.27202 -0.747232 1.86077 0.429791
2.25856 0.982416 -2.06659 0.616759 1.54996 0.490804 -0.528061 -1.60168 -0.335507 2.11496 -1.91987 2.46522 -1.27202 -0.747232 1.86077 0.429791
2.26653 0.982416 -2.06659 0.616759 1.54996 0.490804 -0.528061 -1.60168 -0.335507 2.11496 -1.91987 2.46522 -1.27202 -0.747232 1.86077 0.429791
2.27496 0.982416 -2.06659 0.616759 1.54996 0.490804 -0.528061 -1.60168 -0.335507 2.11496 -1.91987 2.46522 -1.27202 -0.747232 1.86077 0.429791
2.28364 0.982416 -2.06659 0.616759 1.54996 0.490804 -0.528061 -1.60168 -0.335507 2.11496 -1.91987 2.46522 -1.27202 -0.747232 1.86077 0.429791
2.29279 0.982416 -2.06659 0.616759 1.54996 0.490804 -0.528061 -1.60168 -0.335507 2.11496 -1.91987 2.46522 -1.27202 -0.747232 1.86077 0.429791
2.30213 0.982416 -2.06659 0.616759 1.54996 0.490804 -0.528061 -1.60168 -0.335507 2.11496 -1.91987 2.46522 -1.27202 -0.747232 1.86077 0.429791
2.31198 0.982416 -2.06659 0.616759 1.54996 0.490804 -0.528061 -1.60168 -0.335507 2.11496 -1.91987 2.46522 -1.27202 -0.747232 1.86077 0.429791
2.32253 0.982416 -2.06659 0.616759 1.54996 0.490804 -0.528061 -1.60168 -0.335507 2.11496 -1.91987 2.46522 -1.27202 -0.747232 1.86077 0.429791
2.33356 0.982416 -2.06659 0.616759 1.54996 0.490804 -0.528061 -1.60168 -0.335507 2.11496 -1.91987 2.46522 -1.27202 -0.747232 1.86077 0.429791
2.34476 0.982416 -2.06659 0.616759 1.54996 0.490804 -0.528061 -1.60168 -0.335507 2.11496 -1.91987 2.46522 -1.27202 -0.747232 1.86077 0.429791
2.3561 0.982416 -2.06659 0.616759 1.54996 0.490804 -0.528061 -1.60168 -0.335507 2.11496 -1.91987 2.46522 -1.27202 -0.747232 1.86077 0.429791
2.36778 0.982416 -2.06659 0.616759 1.54996 0.490804 -0.528061 -1.60168 -0.335507 2.11496 -1.91987 2.46522 -1.27202 -0.747232 1.86077 0.429791
2.37988 0.982416 -2.06659 0.616759 1.54996 0.490804 -0.528061 -1.60168 -0.335507 2.11496 -1.91987 2.46522 -1.27202 -0.747232 1.86077 0.429791
2.3926 0.982416 -2.06659 0.616759 1.54996 0.490804 -0.528061 -1.60168 -0.335507 2.11496 -1.91987 2.46522 -1.27202 -0.747232 1.86077 0.429791
2.40577 0.982416 -2.06659 0.616759 1.54996 0.490804 -0.528061 -1.60168 -0.335507 2.11496 -1.91987 2.46522 -1.27202 -0.747232 1.86077 0.429791
2.41931 0.982416 -2.06659 0.616759 1.54996 0.490804 -0.528061 -1.60168 -0.335507 2.11496 -1.91987 2.46522 -1.27202 -0.747232 1.86077 0.429791
2.43305 0.982416 -2.06659 0.616759 1.54996 0.490804 -0.528061 -1.60168 -0.335507 2.11496 -1.91987 2.46522 -1.27202 -0.747232 1.86077 0.429791
2.44726 0.982416 -2.06659 0.616759 1.54996 0.490804 -0.528061 -1.60168 -0.335507 2.11496 -1.91987 2.46522 -1.27202 -0.747232 1.86077 0.429791
2.46194 0.982416 -2.06659 0.616759 1.54996 0.490804 -0.528061 -1.60168 -0.335507 2.11496 -1.91987 2.46522 -1.27202 -0.747232 1.86077 0.429791
2.47715 0.982416 -2.06659 0.616759 1.54996 0.490804 -0.528061 -1.60168 -0.335507 2.11496 -1.91987 2.46522 -1.27202 -0.747232 1.86077 0.429791
