5.862
5.872
5.883
5.893
5.903
5.914
5.924
5.935
5.945
5.958
5.978
5.998
6.019
6.04
6.061
6.081
6.102
6.122
6.143
6.164
6.203
6.244
6.283
6.322
6.361
6.399
6.438
6.477
6.516
6.555
6.595
6.635
6.675
6.716
6.755
6.793
6.832
6.872
6.911
6.95
6.989
7.028
7.067
7.107
7.145
7.184
7.223
7.261
7.3
7.339
7.38
7.419
7.458
7.496
7.536
7.575
7.614
7.653
7.692
7.731
7.77
7.809
7.847
7.887
7.926
7.965
8.005
8.044
8.083
8.121
8.16
8.199
8.238
8.277
8.316
8.354
8.393
8.431
8.47
8.509
8.548
8.588
8.627
8.666
8.707
8.746
8.786
8.825
8.864
8.904
8.944
8.983
9.022
9.06
9.099
9.138
9.176
9.215
9.254
9.296
9.334
9.373
9.411
9.449
9.939
9.95
9.961
9.972
9.982
9.993
10.004
10.015
10.025
10.039
10.077
10.116
10.154
10.195
10.236
10.275
10.315
10.353
10.392
10.431
10.469
10.508
10.546
10.585
10.623
10.662
10.702
10.744
10.783
10.822
10.861
10.901
10.94
10.98
11.018
11.057
11.095
11.134
11.173
