2.7281 0.398142 1.18722 -1.42753 2.03664 -2.0526 -0.750511 0.377008 0.832983 -1.04348 1.57129 -1.03971 -0.294293 -2.8735 1.36158 -1.96262
2.72688 0.398142 1.18722 -1.42753 2.03664 -2.0526 -0.750511 0.377008 0.832983 -1.04348 1.57129 -1.03971 -0.294293 -2.8735 1.36158 -1.96262
2.72579 0.398142 1.18722 -1.42753 2.03664 -2.0526 -0.750511 0.377008 0.832983 -1.04348 1.57129 -1.03971 -0.294293 -2.8735 1.36158 -1.96262
2.72475 0.398142 1.18722 -1.42753 2.03664 -2.0526 -0.750511 0.377008 0.832983 -1.04348 1.57129 -1.03971 -0.294293 -2.8735 1.36158 -1.96262
2.72353 0.398142 1.18722 -1.42753 2.03664 -2.0526 -0.750511 0.377008 0.832983 -1.04348 1.57129 -1.03971 -0.294293 -2.8735 1.36158 -1.96262
2.72208 0.398142 1.18722 -1.42753 2.03664 -2.0526 -0.750511 0.377008 0.832983 -1.04348 1.57129 -1.03971 -0.294293 -2.8735 1.36158 -1.96262
2.72051 0.398142 1.18722 -1.42753 2.03664 -2.0526 -0.750511 0.377008 0.832983 -1.04348 1.57129 -1.03971 -0.294293 -2.8735 1.36158 -1.96262
2.71894 0.398142 1.18722 -1.42753 2.03664 -2.0526 -0.750511 0.377008 0.832983 -1.04348 1.57129 -1.03971 -0.294293 -2.8735 1.36158 -1.96262
2.7174 0.398142 1.18722 -1.42753 2.03664 -2.0526 -0.750511 0.377008 0.832983 -1.04348 1.57129 -1.03971 -0.294293 -2.8735 1.36158 -1.96262
2.71589 0.398142 1.18722 -1.42753 2.03664 -2.0526 -0.750511 0.377008 0.832983 -1.04348 1.57129 -1.03971 -0.294293 -2.8735 1.36158 -1.96262
2.71436 0.398142 1.18722 -1.42753 2.03664 -2.0526 -0.750511 0.377008 0.832983 -1.04348 1.57129 -1.03971 -0.294293 -2.8735 1.36158 -1.96262
2.71278 0.398142 1.18722 -1.42753 2.03664 -2.0526 -0.750511 0.377008 0.832983 -1.04348 1.57129 -1.03971 -0.294293 -2.8735 1.36158 -1.96262
2.71118 0.398142 1.18722 -1.42753 2.03664 -2.0526 -0.750511 0.377008 0.832983 -1.04348 1.57129 -1.03971 -0.294293 -2.8735 1.36158 -1.96262
2.7095 0.398142 1.18722 -1.42753 2.03664 -2.0526 -0.750511 0.377008 0.832983 -1.04348 1.57129 -1.03971 -0.294293 -2.8735 1.36158 -1.96262
2.70778 0.398142 1.18722 -1.42753 2.03664 -2.0526 -0.750511 0.377008 0.832983 -1.04348 1.57129 -1.03971 -0.294293 -2.8735 1.36158 -1.96262
2.70603 0.398142 1.18722 -1.42753 2.03664 -2.0526 -0.750511 0.377008 0.832983 -1.04348 1.57129 -1.03971 -0.294293 -2.8735 1.36158 -1.96262
2.70424 0.398142 1.18722 -1.42753 2.03664 -2.0526 -0.750511 0.377008 0.832983 -1.04348 1.57129 -1.03971 -0.294293 -2.8735 1.36158 -1.96262
2.70251 0.398142 1.18722 -1.42753 2.03664 -2.0526 -0.750511 0.377008 0.832983 -1.04348 1.57129 -1.03971 -0.294293 -2.8735 1.36158 -1.96262
2.70075 0.398142 1.18722 -1.42753 2.03664 -2.0526 -0.750511 0.377008 0.832983 -1.04348 1.57129 -1.03971 -0.294293 -2.8735 1.36158 -1.96262
2.699 0.398142 1.18722 -1.42753 2.03664 -2.0526 -0.750511 0.377008 0.832983 -1.04348 1.57129 -1.03971 -0.294293 -2.8735 1.36158 -1.96262
2.6958 0.398142 1.18722 -1.42753 2.03664 -2.0526 -0.750511 0.377008 0.832983 -1.04348 1.57129 -1.03971 -0.294293 -2.8735 1.36158 -1.96262
2.69269 0.398142 1.18722 -1.42753 2.03664 -2.0526 -0.750511 0.377008 0.832983 -1.04348 1.57129 -1.03971 -0.294293 -2.8735 1.36158 -1.96262
2.68962 0.398142 1.18722 -1.42753 2.03664 -2.0526 -0.750511 0.377008 0.832983 -1.04348 1.57129 -1.03971 -0.294293 -2.8735 1.36158 -1.96262
2.68641 0.398142 1.18722 -1.42753 2.03664 -2.0526 -0.750511 0.377008 0.832983 -1.04348 1.57129 -1.03971 -0.294293 -2.8735 1.36158 -1.96262
2.68325 0.398142 1.18722 -1.42753 2.03664 -2.0526 -0.750511 0.377008 0.832983 -1.04348 1.57129 -1.03971 -0.294293 -2.8735 1.36158 -1.96262
2.68005 0.398142 1.18722 -1.42753 2.03664 -2.0526 -0.750511 0.377008 0.832983 -1.04348 1.57129 -1.03971 -0.294293 -2.8735 1.36158 -1.96262
2.67677 0.398142 1.18722 -1.42753 2.03664 -2.0526 -0.750511 0.377008 0.832983 -1.04348 1.57129 -1.03971 -0.294293 -2.8735 1.36158 -1.96262
2.67331 0.398142 1.18722 -1.42753 2.03664 -2.0526 -0.750511 0.377008 0.832983 -1.04348 1.57129 -1.03971 -0.294293 -2.8735 1.36158 -1.96262
2.66997 0.398142 1.18722 -1.42753 2.03664 -2.0526 -0.750511 0.377008 0.832983 -1.04348 1.57129 -1.03971 -0.294293 -2.8735 1.36158 -1.96262
2.66658 0.398142 1.18722 -1.42753 2.03664 -2.0526 -0.750511 0.377008 0.832983 -1.04348 1.57129 -1.03971 -0.294293 -2.8735 1.36158 -1.96262
2.66327 0.398142 1.18722 -1.42753 2.03664 -2.0526 -0.750511 0.377008 0.832983 -1.04348 1.57129 -1.03971 -0.294293 -2.8735 1.36158 -1.96262
2.66004 0.398142 1.18722 -1.42753 2.03664 -2.0526 -0.750511 0.377008 0.832983 -1.04348 1.57129 -1.03971 -0.294293 -2.8735 1.36158 -1.96262
2.65672 0.398142 1.18722 -1.42753 2.03664 -2.0526 -0.750511 0.377008 0.832983 -1.04348 1.57129 -1.03971 -0.294293 -2.8735 1.36158 -1.96262
2.65341 0.398142 1.18722 -1.42753 2.03664 -2.0526 -0.750511 0.377008 0.832983 -1.04348 1.57129 -1.03971 -0.294293 -2.8735 1.36158 -1.96262
2.65008 0.398142 1.18722 -1.42753 2.03664 -2.0526 -0.750511 0.377008 0.832983 -1.04348 1.57129 -1.03971 -0.294293 -2.8735 1.36158 -1.96262
2.64669 0.398142 1.18722 -1.42753 2.03664 -2.0526 -0.750511 0.377008 0.832983 -1.04348 1.57129 -1.03971 -0.294293 -2.8735 1.36158 -1.96262
2.64318 0.398142 1.18722 -1.42753 2.03664 -2.0526 -0.750511 0.377008 0.832983 -1.04348 1.57129 -1.03971 -0.294293 -2.8735 1.36158 -1.96262
2.63975 0.398142 1.18722 -1.42753 2.03664 -2.0526 -0.750511 0.377008 0.832983 -1.04348 1.57129 -1.03971 -0.294293 -2.8735 1.36158 -1.96262
2.63638 0.398142 1.18722 -1.42753 2.03664 -2.0526 -0.750511 0.377008 0.832983 -1.04348 1.57129 -1.03971 -0.294293 -2.8735 1.36158 -1.96262
2.63278 0.398142 1.18722 -1.42753 2.03664 -2.0526 -0.750511 0.377008 0.832983 -1.04348 1.57129 -1.03971 -0.294293 -2.8735 1.36158 -1.96262
2.62911 0.398142 1.18722 -1.42753 2.03664 -2.0526 -0.750511 0.377008 0.832983 -1.04348 1.57129 -1.03971 -0.294293 -2.8735 1.36158 -1.96262
2.6256 0.398142 1.18722 -1.42753 2.03664 -2.0526 -0.750511 0.377008 0.832983 -1.04348 1.57129 -1.03971 -0.294293 -2.8735 1.36158 -1.96262
2.62217 0.398142 1.18722 -1.42753 2.03664 -2.0526 -0.750511 0.377008 0.832983 -1.04348 1.57129 -1.03971 -0.294293 -2.8735 1.36158 -1.96262
2.61872 0.398142 1.18722 -1.42753 2.03664 -2.0526 -0.750511 0.377008 0.832983 -1.04348 1.57129 -1.03971 -0.294293 -2.8735 1.36158 -1.96262
2.61521 0.398142 1.18722 -1.42753 2.03664 -2.0526 -0.750511 0.377008 0.832983 -1.04348 1.57129 -1.03971 -0.294293 -2.8735 1.36158 -1.96262
2.61169 0.398142 1.18722 -1.42753 2.03664 -2.0526 -0.750511 0.377008 0.832983 -1.04348 1.57129 -1.03971 -0.294293 -2.8735 1.36158 -1.96262
2.60805 0.398142 1.18722 -1.42753 2.03664 -2.0526 -0.750511 0.377008 0.832983 -1.04348 1.57129 -1.03971 -0.294293 -2.8735 1.36158 -1.96262
2.60442 0.398142 1.18722 -1.42753 2.03664 -2.0526 -0.750511 0.377008 0.832983 -1.04348 1.57129 -1.03971 -0.294293 -2.8735 1.36158 -1.96262
2.60088 0.398142 1.18722 -1.42753 2.03664 -2.0526 -0.750511 0.377008 0.832983 -1.04348 1.57129 -1.03971 -0.294293 -2.8735 1.36158 -1.96262
2.59737 0.398142 1.18722 -1.42753 2.03664 -2.0526 -0.750511 0.377008 0.832983 -1.04348 1.57129 -1.03971 -0.294293 -2.8735 1.36158 -1.96262
2.59378 0.398142 1.18722 -1.42753 2.03664 -2.0526 -0.750511 0.377008 0.832983 -1.04348 1.57129 -1.03971 -0.294293 -2.8735 1.36158 -1.96262
2.59013 0.398142 1.18722 -1.42753 2.03664 -2.0526 -0.750511 0.377008 0.832983 -1.04348 1.57129 -1.03971 -0.294293 -2.8735 1.36158 -1.96262
2.58643 0.398142 1.18722 -1.42753 2.03664 -2.0526 -0.750511 0.377008 0.832983 -1.04348 1.57129 -1.03971 -0.294293 -2.8735 1.36158 -1.96262
2.58253 0.398142 1.18722 -1.42753 2.03664 -2.0526 -0.750511 0.377008 0.832983 -1.04348 1.57129 -1.03971 -0.294293 -2.8735 1.36158 -1.96262
2.57889 0.398142 1.18722 -1.42753 2.03664 -2.0526 -0.750511 0.377008 0.832983 -1.04348 1.57129 -1.03971 -0.294293 -2.8735 1.36158 -1.96262
2.57522 0.398142 1.18722 -1.42753 2.03664 -2.0526 -0.750511 0.377008 0.832983 -1.04348 1.57129 -1.03971 -0.294293 -2.8735 1.36158 -1.96262
2.5715 0.398142 1.18722 -1.42753 2.03664 -2.0526 -0.750511 0.377008 0.832983 -1.04348 1.57129 -1.03971 -0.294293 -2.8735 1.36158 -1.96262
2.56771 0.398142 1.18722 -1.42753 2.03664 -2.0526 -0.750511 0.377008 0.832983 -1.04348 1.57129 -1.03971 -0.294293 -2.8735 1.36158 -1.96262
2.56395 0.398142 1.18722 -1.42753 2.03664 -2.0526 -0.750511 0.377008 0.832983 -1.04348 1.57129 -1.03971 -0.294293 -2.8735 1.36158 -1.96262
2.56018 0.398142 1.18722 -1.42753 2.03664 -2.0526 -0.750511 0.377008 0.832983 -1.04348 1.57129 -1.03971 -0.294293 -2.8735 1.36158 -1.96262
2.55641 0.398142 1.18722 -1.42753 2.03664 -2.0526 -0.750511 0.377008 0.832983 -1.04348 1.57129 -1.03971 -0.294293 -2.8735 1.36158 -1.96262
2.55264 0.398142 1.18722 -1.42753 2.03664 -2.0526 -0.750511 0.377008 0.832983 -1.04348 1.57129 -1.03971 -0.294293 -2.8735 1.36158 -1.96262
2.54873 0.398142 1.18722 -1.42753 2.03664 -2.0526 -0.750511 0.377008 0.832983 -1.04348 1.57129 -1.03971 -0.294293 -2.8735 1.36158 -1.96262
2.54494 0.398142 1.18722 -1.42753 2.03664 -2.0526 -0.750511 0.377008 0.832983 -1.04348 1.57129 -1.03971 -0.294293 -2.8735 1.36158 -1.96262
2.54113 0.398142 1.18722 -1.42753 2.03664 -2.0526 -0.750511 0.377008 0.832983 -1.04348 1.57129 -1.03971 -0.294293 -2.8735 1.36158 -1.96262
2.53733 0.398142 1.18722 -1.42753 2.03664 -2.0526 -0.750511 0.377008 0.832983 -1.04348 1.57129 -1.03971 -0.294293 -2.8735 1.36158 -1.96262
2.5335 0.398142 1.18722 -1.42753 2.03664 -2.0526 -0.750511 0.377008 0.832983 -1.04348 1.57129 -1.03971 -0.294293 -2.8735 1.36158 -1.96262
2.52962 0.398142 1.18722 -1.42753 2.03664 -2.0526 -0.750511 0.377008 0.832983 -1.04348 1.57129 -1.03971 -0.294293 -2.8735 1.36158 -1.96262
2.52572 0.398142 1.18722 -1.42753 2.03664 -2.0526 -0.750511 0.377008 0.832983 -1.04348 1.57129 -1.03971 -0.294293 -2.8735 1.36158 -1.96262
2.52185 0.398142 1.18722 -1.42753 2.03664 -2.0526 -0.750511 0.377008 0.832983 -1.04348 1.57129 -1.03971 -0.294293 -2.8735 1.36158 -1.96262
2.51799 0.398142 1.18722 -1.42753 2.03664 -2.0526 -0.750511 0.377008 0.832983 -1.04348 1.57129 -1.03971 -0.294293 -2.8735 1.36158 -1.96262
2.51407 0.398142 1.18722 -1.42753 2.03664 -2.0526 -0.750511 0.377008 0.832983 -1.04348 1.57129 -1.03971 -0.294293 -2.8735 1.36158 -1.96262
2.51002 0.398142 1.18722 -1.42753 2.03664 -2.0526 -0.750511 0.377008 0.832983 -1.04348 1.57129 -1.03971 -0.294293 -2.8735 1.36158 -1.96262
2.50598 0.398142 1.18722 -1.42753 2.03664 -2.0526 -0.750511 0.377008 0.832983 -1.04348 1.57129 -1.03971 -0.294293 -2.8735 1.36158 -1.96262
2.50202 0.398142 1.18722 -1.42753 2.03664 -2.0526 -0.750511 0.377008 0.832983 -1.04348 1.57129 -1.03971 -0.294293 -2.8735 1.36158 -1.96262
2.49795 0.398142 1.18722 -1.42753 2.03664 -2.0526 -0.750511 0.377008 0.832983 -1.04348 1.57129 -1.03971 -0.294293 -2.8735 1.36158 -1.96262
2.49381 0.398142 1.18722 -1.42753 2.03664 -2.0526 -0.750511 0.377008 0.832983 -1.04348 1.57129 -1.03971 -0.294293 -2.8735 1.36158 -1.96262
2.48967 0.398142 1.18722 -1.42753 2.03664 -2.0526 -0.750511 0.377008 0.832983 -1.04348 1.57129 -1.03971 -0.294293 -2.8735 1.36158 -1.96262
2.48555 0.398142 1.18722 -1.42753 2.03664 -2.0526 -0.750511 0.377008 0.832983 -1.04348 1.57129 -1.03971 -0.294293 -2.8735 1.36158 -1.96262
2.48146 0.398142 1.18722 -1.42753 2.03664 -2.0526 -0.750511 0.377008 0.832983 -1.04348 1.57129 -1.03971 -0.294293 -2.8735 1.36158 -1.96262
2.47722 0.398142 1.18722 -1.42753 2.03664 -2.0526 -0.750511 0.377008 0.832983 -1.04348 1.57129 -1.03971 -0.294293 -2.8735 1.36158 -1.96262
2.47306 0.398142 1.18722 -1.42753 2.03664 -2.0526 -0.750511 0.377008 0.832983 -1.04348 1.57129 -1.03971 -0.294293 -2.8735 1.36158 -1.96262
2.46883 0.398142 1.18722 -1.42753 2.03664 -2.0526 -0.750511 0.377008 0.832983 -1.04348 1.57129 -1.03971 -0.294293 -2.8735 1.36158 -1.96262
2.4644 0.398142 1.18722 -1.42753 2.03664 -2.0526 -0.750511 0.377008 0.832983 -1.04348 1.57129 -1.03971 -0.294293 -2.8735 1.36158 -1.96262
2.46015 0.398142 1.18722 -1.42753 2.03664 -2.0526 -0.750511 0.377008 0.832983 -1.04348 1.57129 -1.03971 -0.294293 -2.8735 1.36158 -1.96262
2.45595 0.398142 1.18722 -1.42753 2.03664 -2.0526 -0.750511 0.377008 0.832983 -1.04348 1.57129 -1.03971 -0.294293 -2.8735 1.36158 -1.96262
2.45168 0.398142 1.18722 -1.42753 2.03664 -2.0526 -0.750511 0.377008 0.832983 -1.04348 1.57129 -1.03971 -0.294293 -2.8735 1.36158 -1.96262
2.44734 0.398142 1.18722 -1.42753 2.03664 -2.0526 -0.750511 0.377008 0.832983 -1.04348 1.57129 -1.03971 -0.294293 -2.8735 1.36158 -1.96262
2.44295 0.398142 1.18722 -1.42753 2.03664 -2.0526 -0.750511 0.377008 0.832983 -1.04348 1.57129 -1.03971 -0.294293 -2.8735 1.36158 -1.96262
2.43875 0.398142 1.18722 -1.42753 2.03664 -2.0526 -0.750511 0.377008 0.832983 -1.04348 1.57129 -1.03971 -0.294293 -2.8735 1.36158 -1.96262
2.4345 0.398142 1.18722 -1.42753 2.03664 -2.0526 -0.750511 0.377008 0.832983 -1.04348 1.57129 -1.03971 -0.294293 -2.8735 1.36158 -1.96262
2.43015 0.398142 1.18722 -1.42753 2.03664 -2.0526 -0.750511 0.377008 0.832983 -1.04348 1.57129 -1.03971 -0.294293 -2.8735 1.36158 -1.96262
2.42584 0.398142 1.18722 -1.42753 2.03664 -2.0526 -0.750511 0.377008 0.832983 -1.04348 1.57129 -1.03971 -0.294293 -2.8735 1.36158 -1.96262
2.42151 0.398142 1.18722 -1.42753 2.03664 -2.0526 -0.750511 0.377008 0.832983 -1.04348 1.57129 -1.03971 -0.294293 -2.8735 1.36158 -1.96262
2.41721 0.398142 1.18722 -1.42753 2.03664 -2.0526 -0.750511 0.377008 0.832983 -1.04348 1.57129 -1.03971 -0.294293 -2.8735 1.36158 -1.96262
2.41282 0.398142 1.18722 -1.42753 2.03664 -2.0526 -0.750511 0.377008 0.832983 -1.04348 1.57129 -1.03971 -0.294293 -2.8735 1.36158 -1.96262
2.40841 0.398142 1.18722 -1.42753 2.03664 -2.0526 -0.750511 0.377008 0.832983 -1.04348 1.57129 -1.03971 -0.294293 -2.8735 1.36158 -1.96262
2.40394 0.398142 1.18722 -1.42753 2.03664 -2.0526 -0.750511 0.377008 0.832983 -1.04348 1.57129 -1.03971 -0.294293 -2.8735 1.36158 -1.96262
2.39955 0.398142 1.18722 -1.42753 2.03664 -2.0526 -0.750511 0.377008 0.832983 -1.04348 1.57129 -1.03971 -0.294293 -2.8735 1.36158 -1.96262
2.39512 0.398142 1.18722 -1.42753 2.03664 -2.0526 -0.750511 0.377008 0.832983 -1.04348 1.57129 -1.03971 -0.294293 -2.8735 1.36158 -1.96262
2.39058 0.398142 1.18722 -1.42753 2.03664 -2.0526 -0.750511 0.377008 0.832983 -1.04348 1.57129 -1.03971 -0.294293 -2.8735 1.36158 -1.96262
2.38615 0.398142 1.18722 -1.42753 2.03664 -2.0526 -0.750511 0.377008 0.832983 -1.04348 1.57129 -1.03971 -0.294293 -2.8735 1.36158 -1.96262
2.38165 0.398142 1.18722 -1.42753 2.03664 -2.0526 -0.750511 0.377008 0.832983 -1.04348 1.57129 -1.03971 -0.294293 -2.8735 1.36158 -1.96262
2.37711 0.398142 1.18722 -1.42753 2.03664 -2.0526 -0.750511 0.377008 0.832983 -1.04348 1.57129 -1.03971 -0.294293 -2.8735 1.36158 -1.96262
2.37257 0.398142 1.18722 -1.42753 2.03664 -2.0526 -0.750511 0.377008 0.832983 -1.04348 1.57129 -1.03971 -0.294293 -2.8735 1.36158 -1.96262
2.36769 0.398142 1.18722 -1.42753 2.03664 -2.0526 -0.750511 0.377008 0.832983 -1.04348 1.57129 -1.03971 -0.294293 -2.8735 1.36158 -1.96262
2.36268 0.398142 1.18722 -1.42753 2.03664 -2.0526 -0.750511 0.377008 0.832983 -1.04348 1.57129 -1.03971 -0.294293 -2.8735 1.36158 -1.96262
2.35803 0.398142 1.18722 -1.42753 2.03664 -2.0526 -0.750511 0.377008 0.832983 -1.04348 1.57129 -1.03971 -0.294293 -2.8735 1.36158 -1.96262
2.35335 0.398142 1.18722 -1.42753 2.03664 -2.0526 -0.750511 0.377008 0.832983 -1.04348 1.57129 -1.03971 -0.294293 -2.8735 1.36158 -1.96262
2.34866 0.398142 1.18722 -1.42753 2.03664 -2.0526 -0.750511 0.377008 0.832983 -1.04348 1.57129 -1.03971 -0.294293 -2.8735 1.36158 -1.96262
2.34394 0.398142 1.18722 -1.42753 2.03664 -2.0526 -0.750511 0.377008 0.832983 -1.04348 1.57129 -1.03971 -0.294293 -2.8735 1.36158 -1.96262
2.33928 0.398142 1.18722 -1.42753 2.03664 -2.0526 -0.750511 0.377008 0.832983 -1.04348 1.57129 -1.03971 -0.294293 -2.8735 1.36158 -1.96262
2.33453 0.398142 1.18722 -1.42753 2.03664 -2.0526 -0.750511 0.377008 0.832983 -1.04348 1.57129 -1.03971 -0.294293 -2.8735 1.36158 -1.96262
2.3297 0.398142 1.18722 -1.42753 2.03664 -2.0526 -0.750511 0.377008 0.832983 -1.04348 1.57129 -1.03971 -0.294293 -2.8735 1.36158 -1.96262
2.32476 0.398142 1.18722 -1.42753 2.03664 -2.0526 -0.750511 0.377008 0.832983 -1.04348 1.57129 -1.03971 -0.294293 -2.8735 1.36158 -1.96262
2.32009 0.398142 1.18722 -1.42753 2.03664 -2.0526 -0.750511 0.377008 0.832983 -1.04348 1.57129 -1.03971 -0.294293 -2.8735 1.36158 -1.96262
2.31525 0.398142 1.18722 -1.42753 2.03664 -2.0526 -0.750511 0.377008 0.832983 -1.04348 1.57129 -1.03971 -0.294293 -2.8735 1.36158 -1.96262
2.3104 0.398142 1.18722 -1.42753 2.03664 -2.0526 -0.750511 0.377008 0.832983 -1.04348 1.57129 -1.03971 -0.294293 -2.8735 1.36158 -1.96262
2.29486 0.398142 1.18722 -1.42753 2.03664 -2.0526 -0.750511 0.377008 0.832983 -1.04348 1.57129 -1.03971 -0.294293 -2.8735 1.36158 -1.96262
2.29496 0.398142 1.18722 -1.42753 2.03664 -2.0526 -0.750511 0.377008 0.832983 -1.04348 1.57129 -1.03971 -0.294293 -2.8735 1.36158 -1.96262
2.29506 0.398142 1.18722 -1.42753 2.03664 -2.0526 -0.750511 0.377008 0.832983 -1.04348 1.57129 -1.03971 -0.294293 -2.8735 1.36158 -1.96262
2.29585 0.398142 1.18722 -1.42753 2.03664 -2.0526 -0.750511 0.377008 0.832983 -1.04348 1.57129 -1.03971 -0.294293 -2.8735 1.36158 -1.96262
2.29729 0.398142 1.18722 -1.42753 2.03664 -2.0526 -0.750511 0.377008 0.832983 -1.04348 1.57129 -1.03971 -0.294293 -2.8735 1.36158 -1.96262
2.29895 0.398142 1.18722 -1.42753 2.03664 -2.0526 -0.750511 0.377008 0.832983 -1.04348 1.57129 -1.03971 -0.294293 -2.8735 1.36158 -1.96262
2.30077 0.398142 1.18722 -1.42753 2.03664 -2.0526 -0.750511 0.377008 0.832983 -1.04348 1.57129 -1.03971 -0.294293 -2.8735 1.36158 -1.96262
2.30271 0.398142 1.18722 -1.42753 2.03664 -2.0526 -0.750511 0.377008 0.832983 -1.04348 1.57129 -1.03971 -0.294293 -2.8735 1.36158 -1.96262
2.30461 0.398142 1.18722 -1.42753 2.03664 -2.0526 -0.750511 0.377008 0.832983 -1.04348 1.57129 -1.03971 -0.294293 -2.8735 1.36158 -1.96262
2.30663 0.398142 1.18722 -1.42753 2.03664 -2.0526 -0.750511 0.377008 0.832983 -1.04348 1.57129 -1.03971 -0.294293 -2.8735 1.36158 -1.96262
2.31049 0.398142 1.18722 -1.42753 2.03664 -2.0526 -0.750511 0.377008 0.832983 -1.04348 1.57129 -1.03971 -0.294293 -2.8735 1.36158 -1.96262
2.31489 0.398142 1.18722 -1.42753 2.03664 -2.0526 -0.750511 0.377008 0.832983 -1.04348 1.57129 -1.03971 -0.294293 -2.8735 1.36158 -1.96262
2.32065 0.398142 1.18722 -1.42753 2.03664 -2.0526 -0.750511 0.377008 0.832983 -1.04348 1.57129 -1.03971 -0.294293 -2.8735 1.36158 -1.96262
2.32757 0.398142 1.18722 -1.42753 2.03664 -2.0526 -0.750511 0.377008 0.832983 -1.04348 1.57129 -1.03971 -0.294293 -2.8735 1.36158 -1.96262
2.33523 0.398142 1.18722 -1.42753 2.03664 -2.0526 -0.750511 0.377008 0.832983 -1.04348 1.57129 -1.03971 -0.294293 -2.8735 1.36158 -1.96262
2.34341 0.398142 1.18722 -1.42753 2.03664 -2.0526 -0.750511 0.377008 0.832983 -1.04348 1.57129 -1.03971 -0.294293 -2.8735 1.36158 -1.96262
2.35191 0.398142 1.18722 -1.42753 2.03664 -2.0526 -0.750511 0.377008 0.832983 -1.04348 1.57129 -1.03971 -0.294293 -2.8735 1.36158 -1.96262
2.36043 0.398142 1.18722 -1.42753 2.03664 -2.0526 -0.750511 0.377008 0.832983 -1.04348 1.57129 -1.03971 -0.294293 -2.8735 1.36158 -1.96262
2.36909 0.398142 1.18722 -1.42753 2.03664 -2.0526 -0.750511 0.377008 0.832983 -1.04348 1.57129 -1.03971 -0.294293 -2.8735 1.36158 -1.96262
2.37811 0.398142 1.18722 -1.42753 2.03664 -2.0526 -0.750511 0.377008 0.832983 -1.04348 1.57129 -1.03971 -0.294293 -2.8735 1.36158 -1.96262
2.38802 0.398142 1.18722 -1.42753 2.03664 -2.0526 -0.750511 0.377008 0.832983 -1.04348 1.57129 -1.03971 -0.294293 -2.8735 1.36158 -1.96262
2.39846 0.398142 1.18722 -1.42753 2.03664 -2.0526 -0.750511 0.377008 0.832983 -1.04348 1.57129 -1.03971 -0.294293 -2.8735 1.36158 -1.96262
2.40871 0.398142 1.18722 -1.42753 2.03664 -2.0526 -0.750511 0.377008 0.832983 -1.04348 1.57129 -1.03971 -0.294293 -2.8735 1.36158 -1.96262
2.4194 0.398142 1.18722 -1.42753 2.03664 -2.0526 -0.750511 0.377008 0.832983 -1.04348 1.57129 -1.03971 -0.294293 -2.8735 1.36158 -1.96262
2.43043 0.398142 1.18722 -1.42753 2.03664 -2.0526 -0.750511 0.377008 0.832983 -1.04348 1.57129 -1.03971 -0.294293 -2.8735 1.36158 -1.96262
2.44196 0.398142 1.18722 -1.42753 2.03664 -2.0526 -0.750511 0.377008 0.832983 -1.04348 1.57129 -1.03971 -0.294293 -2.8735 1.36158 -1.96262
2.45364 0.398142 1.18722 -1.42753 2.03664 -2.0526 -0.750511 0.377008 0.832983 -1.04348 1.57129 -1.03971 -0.294293 -2.8735 1.36158 -1.96262
2.46598 0.398142 1.18722 -1.42753 2.03664 -2.0526 -0.750511 0.377008 0.832983 -1.04348 1.57129 -1.03971 -0.294293 -2.8735 1.36158 -1.96262
2.47851 0.398142 1.18722 -1.42753 2.03664 -2.0526 -0.750511 0.377008 0.832983 -1.04348 1.57129 -1.03971 -0.294293 -2.8735 1.36158 -1.96262
2.49253 0.398142 1.18722 -1.42753 2.03664 -2.0526 -0.750511 0.377008 0.832983 -1.04348 1.57129 -1.03971 -0.294293 -2.8735 1.36158 -1.96262
2.50632 0.398142 1.18722 -1.42753 2.03664 -2.0526 -0.750511 0.377008 0.832983 -1.04348 1.57129 -1.03971 -0.294293 -2.8735 1.36158 -1.96262
2.52043 0.398142 1.18722 -1.42753 2.03664 -2.0526 -0.750511 0.377008 0.832983 -1.04348 1.57129 -1.03971 -0.294293 -2.8735 1.36158 -1.96262
2.5351 0.398142 1.18722 -1.42753 2.03664 -2.0526 -0.750511 0.377008 0.832983 -1.04348 1.57129 -1.03971 -0.294293 -2.8735 1.36158 -1.96262
2.55122 0.398142 1.18722 -1.42753 2.03664 -2.0526 -0.750511 0.377008 0.832983 -1.04348 1.57129 -1.03971 -0.294293 -2.8735 1.36158 -1.96262
2.56738 0.398142 1.18722 -1.42753 2.03664 -2.0526 -0.750511 0.377008 0.832983 -1.04348 1.57129 -1.03971 -0.294293 -2.8735 1.36158 -1.96262
2.58363 0.398142 1.18722 -1.42753 2.03664 -2.0526 -0.750511 0.377008 0.832983 -1.04348 1.57129 -1.03971 -0.294293 -2.8735 1.36158 -1.96262
2.60067 0.398142 1.18722 -1.42753 2.03664 -2.0526 -0.750511 0.377008 0.832983 -1.04348 1.57129 -1.03971 -0.294293 -2.8735 1.36158 -1.96262
