4.289
4.299
4.31
4.32
4.33
4.341
4.351
4.362
4.372
4.384
4.406
4.425
4.446
4.466
4.487
4.507
4.529
4.549
4.57
4.59
4.629
4.668
4.707
4.746
4.784
4.824
4.865
4.904
4.943
4.981
5.02
5.059
5.099
5.137
5.176
5.215
5.254
5.293
5.333
5.374
5.413
5.452
5.49
5.529
5.569
5.608
5.647
5.685
5.724
5.763
5.802
5.841
5.882
5.921
5.96
5.999
6.038
6.077
6.116
6.155
6.194
6.233
6.273
6.311
6.35
6.388
6.427
6.465
6.504
6.543
6.581
6.62
6.66
6.698
6.738
6.778
6.817
6.856
6.895
6.934
6.974
7.013
7.055
7.094
7.133
7.172
7.212
7.252
7.291
7.329
7.368
7.407
7.445
7.484
7.523
7.561
7.6
7.639
7.678
7.717
7.755
7.794
7.833
7.872
7.913
7.955
7.994
8.034
8.073
8.111
8.15
8.19
8.229
8.269
8.308
8.347
8.385
8.424
8.995
9.006
9.016
9.027
9.038
9.049
9.059
9.07
9.081
9.094
9.133
9.173
9.211
9.25
9.289
9.328
9.366
9.406
9.445
9.486
9.527
9.565
9.604
9.642
9.681
9.72
9.759
9.798
9.839
9.878
9.917
9.955
9.997
10.036
10.075
10.113
10.152
