1.12701 1.33019 -0.909762 -0.752682 2.33877 0.674559 -1.20048 0.420308 0.748815 -1.00951 0.059784 1.44222 -1.72874 1.56213 1.87168 2.45854
1.12652 1.33019 -0.909762 -0.752682 2.33877 0.674559 -1.20048 0.420308 0.748815 -1.00951 0.059784 1.44222 -1.72874 1.56213 1.87168 2.45854
1.12511 1.33019 -0.909762 -0.752682 2.33877 0.674559 -1.20048 0.420308 0.748815 -1.00951 0.059784 1.44222 -1.72874 1.56213 1.87168 2.45854
1.12335 1.33019 -0.909762 -0.752682 2.33877 0.674559 -1.20048 0.420308 0.748815 -1.00951 0.059784 1.44222 -1.72874 1.56213 1.87168 2.45854
1.12141 1.33019 -0.909762 -0.752682 2.33877 0.674559 -1.20048 0.420308 0.748815 -1.00951 0.059784 1.44222 -1.72874 1.56213 1.87168 2.45854
1.11937 1.33019 -0.909762 -0.752682 2.33877 0.674559 -1.20048 0.420308 0.748815 -1.00951 0.059784 1.44222 -1.72874 1.56213 1.87168 2.45854
1.11709 1.33019 -0.909762 -0.752682 2.33877 0.674559 -1.20048 0.420308 0.748815 -1.00951 0.059784 1.44222 -1.72874 1.56213 1.87168 2.45854
1.11488 1.33019 -0.909762 -0.752682 2.33877 0.674559 -1.20048 0.420308 0.748815 -1.00951 0.059784 1.44222 -1.72874 1.56213 1.87168 2.45854
1.11278 1.33019 -0.909762 -0.752682 2.33877 0.674559 -1.20048 0.420308 0.748815 -1.00951 0.059784 1.44222 -1.72874 1.56213 1.87168 2.45854
1.10851 1.33019 -0.909762 -0.752682 2.33877 0.674559 -1.20048 0.420308 0.748815 -1.00951 0.059784 1.44222 -1.72874 1.56213 1.87168 2.45854
1.10431 1.33019 -0.909762 -0.752682 2.33877 0.674559 -1.20048 0.420308 0.748815 -1.00951 0.059784 1.44222 -1.72874 1.56213 1.87168 2.45854
1.10134 1.33019 -0.909762 -0.752682 2.33877 0.674559 -1.20048 0.420308 0.748815 -1.00951 0.059784 1.44222 -1.72874 1.56213 1.87168 2.45854
1.09817 1.33019 -0.909762 -0.752682 2.33877 0.674559 -1.20048 0.420308 0.748815 -1.00951 0.059784 1.44222 -1.72874 1.56213 1.87168 2.45854
1.09476 1.33019 -0.909762 -0.752682 2.33877 0.674559 -1.20048 0.420308 0.748815 -1.00951 0.059784 1.44222 -1.72874 1.56213 1.87168 2.45854
1.09118 1.33019 -0.909762 -0.752682 2.33877 0.674559 -1.20048 0.420308 0.748815 -1.00951 0.059784 1.44222 -1.72874 1.56213 1.87168 2.45854
1.0875 1.33019 -0.909762 -0.752682 2.33877 0.674559 -1.20048 0.420308 0.748815 -1.00951 0.059784 1.44222 -1.72874 1.56213 1.87168 2.45854
1.08384 1.33019 -0.909762 -0.752682 2.33877 0.674559 -1.20048 0.420308 0.748815 -1.00951 0.059784 1.44222 -1.72874 1.56213 1.87168 2.45854
1.08016 1.33019 -0.909762 -0.752682 2.33877 0.674559 -1.20048 0.420308 0.748815 -1.00951 0.059784 1.44222 -1.72874 1.56213 1.87168 2.45854
1.0766 1.33019 -0.909762 -0.752682 2.33877 0.674559 -1.20048 0.420308 0.748815 -1.00951 0.059784 1.44222 -1.72874 1.56213 1.87168 2.45854
1.07305 1.33019 -0.909762 -0.752682 2.33877 0.674559 -1.20048 0.420308 0.748815 -1.00951 0.059784 1.44222 -1.72874 1.56213 1.87168 2.45854
1.06637 1.33019 -0.909762 -0.752682 2.33877 0.674559 -1.20048 0.420308 0.748815 -1.00951 0.059784 1.44222 -1.72874 1.56213 1.87168 2.45854
1.05904 1.33019 -0.909762 -0.752682 2.33877 0.674559 -1.20048 0.420308 0.748815 -1.00951 0.059784 1.44222 -1.72874 1.56213 1.87168 2.45854
1.05161 1.33019 -0.909762 -0.752682 2.33877 0.674559 -1.20048 0.420308 0.748815 -1.00951 0.059784 1.44222 -1.72874 1.56213 1.87168 2.45854
1.04364 1.33019 -0.909762 -0.752682 2.33877 0.674559 -1.20048 0.420308 0.748815 -1.00951 0.059784 1.44222 -1.72874 1.56213 1.87168 2.45854
1.03509 1.33019 -0.909762 -0.752682 2.33877 0.674559 -1.20048 0.420308 0.748815 -1.00951 0.059784 1.44222 -1.72874 1.56213 1.87168 2.45854
0.989404 1.33019 -0.909762 -0.752682 2.33877 0.674559 -1.20048 0.420308 0.748815 -1.00951 0.059784 1.44222 -1.72874 1.56213 1.87168 2.45854
0.986604 1.33019 -0.909762 -0.752682 2.33877 0.674559 -1.20048 0.420308 0.748815 -1.00951 0.059784 1.44222 -1.72874 1.56213 1.87168 2.45854
0.983511 1.33019 -0.909762 -0.752682 2.33877 0.674559 -1.20048 0.420308 0.748815 -1.00951 0.059784 1.44222 -1.72874 1.56213 1.87168 2.45854
0.980095 1.33019 -0.909762 -0.752682 2.33877 0.674559 -1.20048 0.420308 0.748815 -1.00951 0.059784 1.44222 -1.72874 1.56213 1.87168 2.45854
0.976371 1.33019 -0.909762 -0.752682 2.33877 0.674559 -1.20048 0.420308 0.748815 -1.00951 0.059784 1.44222 -1.72874 1.56213 1.87168 2.45854
0.97232 1.33019 -0.909762 -0.752682 2.33877 0.674559 -1.20048 0.420308 0.748815 -1.00951 0.059784 1.44222 -1.72874 1.56213 1.87168 2.45854
0.967882 1.33019 -0.909762 -0.752682 2.33877 0.674559 -1.20048 0.420308 0.748815 -1.00951 0.059784 1.44222 -1.72874 1.56213 1.87168 2.45854
0.963055 1.33019 -0.909762 -0.752682 2.33877 0.674559 -1.20048 0.420308 0.748815 -1.00951 0.059784 1.44222 -1.72874 1.56213 1.87168 2.45854
