1.24295 0.958939 0.416256 -1.23394 -2.96503 -1.79341 2.9522 -1.19689 -3.06808 1.02458 -1.51679 1.60136 -1.56944 -0.861201 -1.16418 -1.89299
1.24307 0.958939 0.416256 -1.23394 -2.96503 -1.79341 2.9522 -1.19689 -3.06808 1.02458 -1.51679 1.60136 -1.56944 -0.861201 -1.16418 -1.89299
1.24343 0.958939 0.416256 -1.23394 -2.96503 -1.79341 2.9522 -1.19689 -3.06808 1.02458 -1.51679 1.60136 -1.56944 -0.861201 -1.16418 -1.89299
1.24377 0.958939 0.416256 -1.23394 -2.96503 -1.79341 2.9522 -1.19689 -3.06808 1.02458 -1.51679 1.60136 -1.56944 -0.861201 -1.16418 -1.89299
1.24408 0.958939 0.416256 -1.23394 -2.96503 -1.79341 2.9522 -1.19689 -3.06808 1.02458 -1.51679 1.60136 -1.56944 -0.861201 -1.16418 -1.89299
1.24438 0.958939 0.416256 -1.23394 -2.96503 -1.79341 2.9522 -1.19689 -3.06808 1.02458 -1.51679 1.60136 -1.56944 -0.861201 -1.16418 -1.89299
1.24471 0.958939 0.416256 -1.23394 -2.96503 -1.79341 2.9522 -1.19689 -3.06808 1.02458 -1.51679 1.60136 -1.56944 -0.861201 -1.16418 -1.89299
1.24505 0.958939 0.416256 -1.23394 -2.96503 -1.79341 2.9522 -1.19689 -3.06808 1.02458 -1.51679 1.60136 -1.56944 -0.861201 -1.16418 -1.89299
1.24541 0.958939 0.416256 -1.23394 -2.96503 -1.79341 2.9522 -1.19689 -3.06808 1.02458 -1.51679 1.60136 -1.56944 -0.861201 -1.16418 -1.89299
1.24581 0.958939 0.416256 -1.23394 -2.96503 -1.79341 2.9522 -1.19689 -3.06808 1.02458 -1.51679 1.60136 -1.56944 -0.861201 -1.16418 -1.89299
1.24625 0.958939 0.416256 -1.23394 -2.96503 -1.79341 2.9522 -1.19689 -3.06808 1.02458 -1.51679 1.60136 -1.56944 -0.861201 -1.16418 -1.89299
1.24673 0.958939 0.416256 -1.23394 -2.96503 -1.79341 2.9522 -1.19689 -3.06808 1.02458 -1.51679 1.60136 -1.56944 -0.861201 -1.16418 -1.89299
1.24727 0.958939 0.416256 -1.23394 -2.96503 -1.79341 2.9522 -1.19689 -3.06808 1.02458 -1.51679 1.60136 -1.56944 -0.861201 -1.16418 -1.89299
1.24789 0.958939 0.416256 -1.23394 -2.96503 -1.79341 2.9522 -1.19689 -3.06808 1.02458 -1.51679 1.60136 -1.56944 -0.861201 -1.16418 -1.89299
1.24853 0.958939 0.416256 -1.23394 -2.96503 -1.79341 2.9522 -1.19689 -3.06808 1.02458 -1.51679 1.60136 -1.56944 -0.861201 -1.16418 -1.89299
1.24921 0.958939 0.416256 -1.23394 -2.96503 -1.79341 2.9522 -1.19689 -3.06808 1.02458 -1.51679 1.60136 -1.56944 -0.861201 -1.16418 -1.89299
1.24993 0.958939 0.416256 -1.23394 -2.96503 -1.79341 2.9522 -1.19689 -3.06808 1.02458 -1.51679 1.60136 -1.56944 -0.861201 -1.16418 -1.89299
1.25068 0.958939 0.416256 -1.23394 -2.96503 -1.79341 2.9522 -1.19689 -3.06808 1.02458 -1.51679 1.60136 -1.56944 -0.861201 -1.16418 -1.89299
1.25146 0.958939 0.416256 -1.23394 -2.96503 -1.79341 2.9522 -1.19689 -3.06808 1.02458 -1.51679 1.60136 -1.56944 -0.861201 -1.16418 -1.89299
1.25226 0.958939 0.416256 -1.23394 -2.96503 -1.79341 2.9522 -1.19689 -3.06808 1.02458 -1.51679 1.60136 -1.56944 -0.861201 -1.16418 -1.89299
1.25364 0.958939 0.416256 -1.23394 -2.96503 -1.79341 2.9522 -1.19689 -3.06808 1.02458 -1.51679 1.60136 -1.56944 -0.861201 -1.16418 -1.89299
1.25488 0.958939 0.416256 -1.23394 -2.96503 -1.79341 2.9522 -1.19689 -3.06808 1.02458 -1.51679 1.60136 -1.56944 -0.861201 -1.16418 -1.89299
1.25625 0.958939 0.416256 -1.23394 -2.96503 -1.79341 2.9522 -1.19689 -3.06808 1.02458 -1.51679 1.60136 -1.56944 -0.861201 -1.16418 -1.89299
1.25777 0.958939 0.416256 -1.23394 -2.96503 -1.79341 2.9522 -1.19689 -3.06808 1.02458 -1.51679 1.60136 -1.56944 -0.861201 -1.16418 -1.89299
1.25935 0.958939 0.416256 -1.23394 -2.96503 -1.79341 2.9522 -1.19689 -3.06808 1.02458 -1.51679 1.60136 -1.56944 -0.861201 -1.16418 -1.89299
1.26095 0.958939 0.416256 -1.23394 -2.96503 -1.79341 2.9522 -1.19689 -3.06808 1.02458 -1.51679 1.60136 -1.56944 -0.861201 -1.16418 -1.89299
1.26268 0.958939 0.416256 -1.23394 -2.96503 -1.79341 2.9522 -1.19689 -3.06808 1.02458 -1.51679 1.60136 -1.56944 -0.861201 -1.16418 -1.89299
1.26437 0.958939 0.416256 -1.23394 -2.96503 -1.79341 2.9522 -1.19689 -3.06808 1.02458 -1.51679 1.60136 -1.56944 -0.861201 -1.16418 -1.89299
1.26614 0.958939 0.416256 -1.23394 -2.96503 -1.79341 2.9522 -1.19689 -3.06808 1.02458 -1.51679 1.60136 -1.56944 -0.861201 -1.16418 -1.89299
1.26807 0.958939 0.416256 -1.23394 -2.96503 -1.79341 2.9522 -1.19689 -3.06808 1.02458 -1.51679 1.60136 -1.56944 -0.861201 -1.16418 -1.89299
1.27015 0.958939 0.416256 -1.23394 -2.96503 -1.79341 2.9522 -1.19689 -3.06808 1.02458 -1.51679 1.60136 -1.56944 -0.861201 -1.16418 -1.89299
1.27217 0.958939 0.416256 -1.23394 -2.96503 -1.79341 2.9522 -1.19689 -3.06808 1.02458 -1.51679 1.60136 -1.56944 -0.861201 -1.16418 -1.89299
1.27413 0.958939 0.416256 -1.23394 -2.96503 -1.79341 2.9522 -1.19689 -3.06808 1.02458 -1.51679 1.60136 -1.56944 -0.861201 -1.16418 -1.89299
1.27613 0.958939 0.416256 -1.23394 -2.96503 -1.79341 2.9522 -1.19689 -3.06808 1.02458 -1.51679 1.60136 -1.56944 -0.861201 -1.16418 -1.89299
1.27836 0.958939 0.416256 -1.23394 -2.96503 -1.79341 2.9522 -1.19689 -3.06808 1.02458 -1.51679 1.60136 -1.56944 -0.861201 -1.16418 -1.89299
1.28059 0.958939 0.416256 -1.23394 -2.96503 -1.79341 2.9522 -1.19689 -3.06808 1.02458 -1.51679 1.60136 -1.56944 -0.861201 -1.16418 -1.89299
1.28291 0.958939 0.416256 -1.23394 -2.96503 -1.79341 2.9522 -1.19689 -3.06808 1.02458 -1.51679 1.60136 -1.56944 -0.861201 -1.16418 -1.89299
1.28522 0.958939 0.416256 -1.23394 -2.96503 -1.79341 2.9522 -1.19689 -3.06808 1.02458 -1.51679 1.60136 -1.56944 -0.861201 -1.16418 -1.89299
1.28759 0.958939 0.416256 -1.23394 -2.96503 -1.79341 2.9522 -1.19689 -3.06808 1.02458 -1.51679 1.60136 -1.56944 -0.861201 -1.16418 -1.89299
1.28998 0.958939 0.416256 -1.23394 -2.96503 -1.79341 2.9522 -1.19689 -3.06808 1.02458 -1.51679 1.60136 -1.56944 -0.861201 -1.16418 -1.89299
1.29244 0.958939 0.416256 -1.23394 -2.96503 -1.79341 2.9522 -1.19689 -3.06808 1.02458 -1.51679 1.60136 -1.56944 -0.861201 -1.16418 -1.89299
1.29497 0.958939 0.416256 -1.23394 -2.96503 -1.79341 2.9522 -1.19689 -3.06808 1.02458 -1.51679 1.60136 -1.56944 -0.861201 -1.16418 -1.89299
1.29765 0.958939 0.416256 -1.23394 -2.96503 -1.79341 2.9522 -1.19689 -3.06808 1.02458 -1.51679 1.60136 -1.56944 -0.861201 -1.16418 -1.89299
1.30036 0.958939 0.416256 -1.23394 -2.96503 -1.79341 2.9522 -1.19689 -3.06808 1.02458 -1.51679 1.60136 -1.56944 -0.861201 -1.16418 -1.89299
1.30327 0.958939 0.416256 -1.23394 -2.96503 -1.79341 2.9522 -1.19689 -3.06808 1.02458 -1.51679 1.60136 -1.56944 -0.861201 -1.16418 -1.89299
1.3063 0.958939 0.416256 -1.23394 -2.96503 -1.79341 2.9522 -1.19689 -3.06808 1.02458 -1.51679 1.60136 -1.56944 -0.861201 -1.16418 -1.89299
1.30951 0.958939 0.416256 -1.23394 -2.96503 -1.79341 2.9522 -1.19689 -3.06808 1.02458 -1.51679 1.60136 -1.56944 -0.861201 -1.16418 -1.89299
1.31247 0.958939 0.416256 -1.23394 -2.96503 -1.79341 2.9522 -1.19689 -3.06808 1.02458 -1.51679 1.60136 -1.56944 -0.861201 -1.16418 -1.89299
1.31536 0.958939 0.416256 -1.23394 -2.96503 -1.79341 2.9522 -1.19689 -3.06808 1.02458 -1.51679 1.60136 -1.56944 -0.861201 -1.16418 -1.89299
1.3186 0.958939 0.416256 -1.23394 -2.96503 -1.79341 2.9522 -1.19689 -3.06808 1.02458 -1.51679 1.60136 -1.56944 -0.861201 -1.16418 -1.89299
1.32196 0.958939 0.416256 -1.23394 -2.96503 -1.79341 2.9522 -1.19689 -3.06808 1.02458 -1.51679 1.60136 -1.56944 -0.861201 -1.16418 -1.89299
1.32543 0.958939 0.416256 -1.23394 -2.96503 -1.79341 2.9522 -1.19689 -3.06808 1.02458 -1.51679 1.60136 -1.56944 -0.861201 -1.16418 -1.89299
1.32914 0.958939 0.416256 -1.23394 -2.96503 -1.79341 2.9522 -1.19689 -3.06808 1.02458 -1.51679 1.60136 -1.56944 -0.861201 -1.16418 -1.89299
1.3327 0.958939 0.416256 -1.23394 -2.96503 -1.79341 2.9522 -1.19689 -3.06808 1.02458 -1.51679 1.60136 -1.56944 -0.861201 -1.16418 -1.89299
1.33629 0.958939 0.416256 -1.23394 -2.96503 -1.79341 2.9522 -1.19689 -3.06808 1.02458 -1.51679 1.60136 -1.56944 -0.861201 -1.16418 -1.89299
1.34031 0.958939 0.416256 -1.23394 -2.96503 -1.79341 2.9522 -1.19689 -3.06808 1.02458 -1.51679 1.60136 -1.56944 -0.861201 -1.16418 -1.89299
1.3443 0.958939 0.416256 -1.23394 -2.96503 -1.79341 2.9522 -1.19689 -3.06808 1.02458 -1.51679 1.60136 -1.56944 -0.861201 -1.16418 -1.89299
1.34868 0.958939 0.416256 -1.23394 -2.96503 -1.79341 2.9522 -1.19689 -3.06808 1.02458 -1.51679 1.60136 -1.56944 -0.861201 -1.16418 -1.89299
1.3528 0.958939 0.416256 -1.23394 -2.96503 -1.79341 2.9522 -1.19689 -3.06808 1.02458 -1.51679 1.60136 -1.56944 -0.861201 -1.16418 -1.89299
1.35681 0.958939 0.416256 -1.23394 -2.96503 -1.79341 2.9522 -1.19689 -3.06808 1.02458 -1.51679 1.60136 -1.56944 -0.861201 -1.16418 -1.89299
1.36118 0.958939 0.416256 -1.23394 -2.96503 -1.79341 2.9522 -1.19689 -3.06808 1.02458 -1.51679 1.60136 -1.56944 -0.861201 -1.16418 -1.89299
1.36567 0.958939 0.416256 -1.23394 -2.96503 -1.79341 2.9522 -1.19689 -3.06808 1.02458 -1.51679 1.60136 -1.56944 -0.861201 -1.16418 -1.89299
1.37041 0.958939 0.416256 -1.23394 -2.96503 -1.79341 2.9522 -1.19689 -3.06808 1.02458 -1.51679 1.60136 -1.56944 -0.861201 -1.16418 -1.89299
1.37503 0.958939 0.416256 -1.23394 -2.96503 -1.79341 2.9522 -1.19689 -3.06808 1.02458 -1.51679 1.60136 -1.56944 -0.861201 -1.16418 -1.89299
1.37978 0.958939 0.416256 -1.23394 -2.96503 -1.79341 2.9522 -1.19689 -3.06808 1.02458 -1.51679 1.60136 -1.56944 -0.861201 -1.16418 -1.89299
1.38486 0.958939 0.416256 -1.23394 -2.96503 -1.79341 2.9522 -1.19689 -3.06808 1.02458 -1.51679 1.60136 -1.56944 -0.861201 -1.16418 -1.89299
1.39025 0.958939 0.416256 -1.23394 -2.96503 -1.79341 2.9522 -1.19689 -3.06808 1.02458 -1.51679 1.60136 -1.56944 -0.861201 -1.16418 -1.89299
1.39551 0.958939 0.416256 -1.23394 -2.96503 -1.79341 2.9522 -1.19689 -3.06808 1.02458 -1.51679 1.60136 -1.56944 -0.861201 -1.16418 -1.89299
1.40133 0.958939 0.416256 -1.23394 -2.96503 -1.79341 2.9522 -1.19689 -3.06808 1.02458 -1.51679 1.60136 -1.56944 -0.861201 -1.16418 -1.89299
1.40736 0.958939 0.416256 -1.23394 -2.96503 -1.79341 2.9522 -1.19689 -3.06808 1.02458 -1.51679 1.60136 -1.56944 -0.861201 -1.16418 -1.89299
1.41316 0.958939 0.416256 -1.23394 -2.96503 -1.79341 2.9522 -1.19689 -3.06808 1.02458 -1.51679 1.60136 -1.56944 -0.861201 -1.16418 -1.89299
1.41904 0.958939 0.416256 -1.23394 -2.96503 -1.79341 2.9522 -1.19689 -3.06808 1.02458 -1.51679 1.60136 -1.56944 -0.861201 -1.16418 -1.89299
1.42529 0.958939 0.416256 -1.23394 -2.96503 -1.79341 2.9522 -1.19689 -3.06808 1.02458 -1.51679 1.60136 -1.56944 -0.861201 -1.16418 -1.89299
1.43166 0.958939 0.416256 -1.23394 -2.96503 -1.79341 2.9522 -1.19689 -3.06808 1.02458 -1.51679 1.60136 -1.56944 -0.861201 -1.16418 -1.89299
1.4371 0.958939 0.416256 -1.23394 -2.96503 -1.79341 2.9522 -1.19689 -3.06808 1.02458 -1.51679 1.60136 -1.56944 -0.861201 -1.16418 -1.89299
1.43557 0.958939 0.416256 -1.23394 -2.96503 -1.79341 2.9522 -1.19689 -3.06808 1.02458 -1.51679 1.60136 -1.56944 -0.861201 -1.16418 -1.89299
1.43384 0.958939 0.416256 -1.23394 -2.96503 -1.79341 2.9522 -1.19689 -3.06808 1.02458 -1.51679 1.60136 -1.56944 -0.861201 -1.16418 -1.89299
1.43227 0.958939 0.416256 -1.23394 -2.96503 -1.79341 2.9522 -1.19689 -3.06808 1.02458 -1.51679 1.60136 -1.56944 -0.861201 -1.16418 -1.89299
1.43018 0.958939 0.416256 -1.23394 -2.96503 -1.79341 2.9522 -1.19689 -3.06808 1.02458 -1.51679 1.60136 -1.56944 -0.861201 -1.16418 -1.89299
1.42782 0.958939 0.416256 -1.23394 -2.96503 -1.79341 2.9522 -1.19689 -3.06808 1.02458 -1.51679 1.60136 -1.56944 -0.861201 -1.16418 -1.89299
1.42527 0.958939 0.416256 -1.23394 -2.96503 -1.79341 2.9522 -1.19689 -3.06808 1.02458 -1.51679 1.60136 -1.56944 -0.861201 -1.16418 -1.89299
1.42283 0.958939 0.416256 -1.23394 -2.96503 -1.79341 2.9522 -1.19689 -3.06808 1.02458 -1.51679 1.60136 -1.56944 -0.861201 -1.16418 -1.89299
1.42037 0.958939 0.416256 -1.23394 -2.96503 -1.79341 2.9522 -1.19689 -3.06808 1.02458 -1.51679 1.60136 -1.56944 -0.861201 -1.16418 -1.89299
1.41788 0.958939 0.416256 -1.23394 -2.96503 -1.79341 2.9522 -1.19689 -3.06808 1.02458 -1.51679 1.60136 -1.56944 -0.861201 -1.16418 -1.89299
1.41538 0.958939 0.416256 -1.23394 -2.96503 -1.79341 2.9522 -1.19689 -3.06808 1.02458 -1.51679 1.60136 -1.56944 -0.861201 -1.16418 -1.89299
1.41289 0.958939 0.416256 -1.23394 -2.96503 -1.79341 2.9522 -1.19689 -3.06808 1.02458 -1.51679 1.60136 -1.56944 -0.861201 -1.16418 -1.89299
1.41034 0.958939 0.416256 -1.23394 -2.96503 -1.79341 2.9522 -1.19689 -3.06808 1.02458 -1.51679 1.60136 -1.56944 -0.861201 -1.16418 -1.89299
1.40546 0.958939 0.416256 -1.23394 -2.96503 -1.79341 2.9522 -1.19689 -3.06808 1.02458 -1.51679 1.60136 -1.56944 -0.861201 -1.16418 -1.89299
1.40061 0.958939 0.416256 -1.23394 -2.96503 -1.79341 2.9522 -1.19689 -3.06808 1.02458 -1.51679 1.60136 -1.56944 -0.861201 -1.16418 -1.89299
1.39569 0.958939 0.416256 -1.23394 -2.96503 -1.79341 2.9522 -1.19689 -3.06808 1.02458 -1.51679 1.60136 -1.56944 -0.861201 -1.16418 -1.89299
1.39079 0.958939 0.416256 -1.23394 -2.96503 -1.79341 2.9522 -1.19689 -3.06808 1.02458 -1.51679 1.60136 -1.56944 -0.861201 -1.16418 -1.89299
1.38568 0.958939 0.416256 -1.23394 -2.96503 -1.79341 2.9522 -1.19689 -3.06808 1.02458 -1.51679 1.60136 -1.56944 -0.861201 -1.16418 -1.89299
1.38042 0.958939 0.416256 -1.23394 -2.96503 -1.79341 2.9522 -1.19689 -3.06808 1.02458 -1.51679 1.60136 -1.56944 -0.861201 -1.16418 -1.89299
1.37549 0.958939 0.416256 -1.23394 -2.96503 -1.79341 2.9522 -1.19689 -3.06808 1.02458 -1.51679 1.60136 -1.56944 -0.861201 -1.16418 -1.89299
1.37056 0.958939 0.416256 -1.23394 -2.96503 -1.79341 2.9522 -1.19689 -3.06808 1.02458 -1.51679 1.60136 -1.56944 -0.861201 -1.16418 -1.89299
1.36552 0.958939 0.416256 -1.23394 -2.96503 -1.79341 2.9522 -1.19689 -3.06808 1.02458 -1.51679 1.60136 -1.56944 -0.861201 -1.16418 -1.89299
1.36056 0.958939 0.416256 -1.23394 -2.96503 -1.79341 2.9522 -1.19689 -3.06808 1.02458 -1.51679 1.60136 -1.56944 -0.861201 -1.16418 -1.89299
1.35546 0.958939 0.416256 -1.23394 -2.96503 -1.79341 2.9522 -1.19689 -3.06808 1.02458 -1.51679 1.60136 -1.56944 -0.861201 -1.16418 -1.89299
1.35038 0.958939 0.416256 -1.23394 -2.96503 -1.79341 2.9522 -1.19689 -3.06808 1.02458 -1.51679 1.60136 -1.56944 -0.861201 -1.16418 -1.89299
1.34525 0.958939 0.416256 -1.23394 -2.96503 -1.79341 2.9522 -1.19689 -3.06808 1.02458 -1.51679 1.60136 -1.56944 -0.861201 -1.16418 -1.89299
1.34017 0.958939 0.416256 -1.23394 -2.96503 -1.79341 2.9522 -1.19689 -3.06808 1.02458 -1.51679 1.60136 -1.56944 -0.861201 -1.16418 -1.89299
1.3347 0.958939 0.416256 -1.23394 -2.96503 -1.79341 2.9522 -1.19689 -3.06808 1.02458 -1.51679 1.60136 -1.56944 -0.861201 -1.16418 -1.89299
1.32935 0.958939 0.416256 -1.23394 -2.96503 -1.79341 2.9522 -1.19689 -3.06808 1.02458 -1.51679 1.60136 -1.56944 -0.861201 -1.16418 -1.89299
1.3239 0.958939 0.416256 -1.23394 -2.96503 -1.79341 2.9522 -1.19689 -3.06808 1.02458 -1.51679 1.60136 -1.56944 -0.861201 -1.16418 -1.89299
1.3187 0.958939 0.416256 -1.23394 -2.96503 -1.79341 2.9522 -1.19689 -3.06808 1.02458 -1.51679 1.60136 -1.56944 -0.861201 -1.16418 -1.89299
1.31349 0.958939 0.416256 -1.23394 -2.96503 -1.79341 2.9522 -1.19689 -3.06808 1.02458 -1.51679 1.60136 -1.56944 -0.861201 -1.16418 -1.89299
1.30824 0.958939 0.416256 -1.23394 -2.96503 -1.79341 2.9522 -1.19689 -3.06808 1.02458 -1.51679 1.60136 -1.56944 -0.861201 -1.16418 -1.89299
1.30271 0.958939 0.416256 -1.23394 -2.96503 -1.79341 2.9522 -1.19689 -3.06808 1.02458 -1.51679 1.60136 -1.56944 -0.861201 -1.16418 -1.89299
1.29736 0.958939 0.416256 -1.23394 -2.96503 -1.79341 2.9522 -1.19689 -3.06808 1.02458 -1.51679 1.60136 -1.56944 -0.861201 -1.16418 -1.89299
1.29193 0.958939 0.416256 -1.23394 -2.96503 -1.79341 2.9522 -1.19689 -3.06808 1.02458 -1.51679 1.60136 -1.56944 -0.861201 -1.16418 -1.89299
1.28657 0.958939 0.416256 -1.23394 -2.96503 -1.79341 2.9522 -1.19689 -3.06808 1.02458 -1.51679 1.60136 -1.56944 -0.861201 -1.16418 -1.89299
1.28116 0.958939 0.416256 -1.23394 -2.96503 -1.79341 2.9522 -1.19689 -3.06808 1.02458 -1.51679 1.60136 -1.56944 -0.861201 -1.16418 -1.89299
1.2757 0.958939 0.416256 -1.23394 -2.96503 -1.79341 2.9522 -1.19689 -3.06808 1.02458 -1.51679 1.60136 -1.56944 -0.861201 -1.16418 -1.89299
1.27017 0.958939 0.416256 -1.23394 -2.96503 -1.79341 2.9522 -1.19689 -3.06808 1.02458 -1.51679 1.60136 -1.56944 -0.861201 -1.16418 -1.89299
1.26459 0.958939 0.416256 -1.23394 -2.96503 -1.79341 2.9522 -1.19689 -3.06808 1.02458 -1.51679 1.60136 -1.56944 -0.861201 -1.16418 -1.89299
1.25906 0.958939 0.416256 -1.23394 -2.96503 -1.79341 2.9522 -1.19689 -3.06808 1.02458 -1.51679 1.60136 -1.56944 -0.861201 -1.16418 -1.89299
1.25339 0.958939 0.416256 -1.23394 -2.96503 -1.79341 2.9522 -1.19689 -3.06808 1.02458 -1.51679 1.60136 -1.56944 -0.861201 -1.16418 -1.89299
1.2478 0.958939 0.416256 -1.23394 -2.96503 -1.79341 2.9522 -1.19689 -3.06808 1.02458 -1.51679 1.60136 -1.56944 -0.861201 -1.16418 -1.89299
1.24229 0.958939 0.416256 -1.23394 -2.96503 -1.79341 2.9522 -1.19689 -3.06808 1.02458 -1.51679 1.60136 -1.56944 -0.861201 -1.16418 -1.89299
1.23669 0.958939 0.416256 -1.23394 -2.96503 -1.79341 2.9522 -1.19689 -3.06808 1.02458 -1.51679 1.60136 -1.56944 -0.861201 -1.16418 -1.89299
1.23106 0.958939 0.416256 -1.23394 -2.96503 -1.79341 2.9522 -1.19689 -3.06808 1.02458 -1.51679 1.60136 -1.56944 -0.861201 -1.16418 -1.89299
1.22544 0.958939 0.416256 -1.23394 -2.96503 -1.79341 2.9522 -1.19689 -3.06808 1.02458 -1.51679 1.60136 -1.56944 -0.861201 -1.16418 -1.89299
1.21977 0.958939 0.416256 -1.23394 -2.96503 -1.79341 2.9522 -1.19689 -3.06808 1.02458 -1.51679 1.60136 -1.56944 -0.861201 -1.16418 -1.89299
1.21406 0.958939 0.416256 -1.23394 -2.96503 -1.79341 2.9522 -1.19689 -3.06808 1.02458 -1.51679 1.60136 -1.56944 -0.861201 -1.16418 -1.89299
1.20833 0.958939 0.416256 -1.23394 -2.96503 -1.79341 2.9522 -1.19689 -3.06808 1.02458 -1.51679 1.60136 -1.56944 -0.861201 -1.16418 -1.89299
1.20254 0.958939 0.416256 -1.23394 -2.96503 -1.79341 2.9522 -1.19689 -3.06808 1.02458 -1.51679 1.60136 -1.56944 -0.861201 -1.16418 -1.89299
1.19672 0.958939 0.416256 -1.23394 -2.96503 -1.79341 2.9522 -1.19689 -3.06808 1.02458 -1.51679 1.60136 -1.56944 -0.861201 -1.16418 -1.89299
1.19093 0.958939 0.416256 -1.23394 -2.96503 -1.79341 2.9522 -1.19689 -3.06808 1.02458 -1.51679 1.60136 -1.56944 -0.861201 -1.16418 -1.89299
1.18509 0.958939 0.416256 -1.23394 -2.96503 -1.79341 2.9522 -1.19689 -3.06808 1.02458 -1.51679 1.60136 -1.56944 -0.861201 -1.16418 -1.89299
1.17921 0.958939 0.416256 -1.23394 -2.96503 -1.79341 2.9522 -1.19689 -3.06808 1.02458 -1.51679 1.60136 -1.56944 -0.861201 -1.16418 -1.89299
