16.712
16.722
16.732
16.743
16.753
16.764
16.774
16.784
16.795
16.807
16.827
16.848
16.869
16.889
16.91
16.93
16.951
16.972
16.993
17.013
17.052
17.091
17.129
17.168
17.207
17.245
17.284
17.323
17.364
17.405
17.444
17.483
17.522
17.561
17.6
17.639
17.678
17.716
17.755
17.794
17.833
17.871
17.909
17.948
17.987
18.028
18.066
18.105
18.144
18.183
18.221
18.259
18.299
18.338
18.38
18.419
18.459
18.499
18.538
18.576
18.614
18.653
18.691
18.729
18.768
18.807
18.846
18.887
18.928
18.967
19.005
19.043
19.082
19.121
21.416
21.427
21.437
21.447
21.458
21.468
21.479
21.489
21.5
21.512
21.533
21.553
21.574
21.613
21.652
21.691
21.73
21.771
21.81
21.849
21.887
21.926
21.965
22.004
22.043
22.082
22.123
22.163
22.204
22.243
22.282
22.32
22.359
22.4
22.44
22.479
22.517
22.556
22.596
22.635
22.675
22.715
22.754
22.793
22.831
22.87
22.909
22.947
22.986
23.025
23.064
23.103
23.141
23.18
23.219
23.257
