0
0
0
0
0
0
0
0
0
0
-1.11546
-1.20352
-1.32094
-1.43836
-1.52642
-1.64384
-1.61448
-1.7319
-1.61448
-1.52642
-1.55577
-1.76125
-1.96673
-2.02544
-2.02544
-2.02544
-2.02544
-2.02544
-2.02544
-2.02544
-2.02544
-2.02544
-2.02544
-2.02544
-2.02544
-2.02544
-2.02544
0
0
0
0
0
-0.90998
-0.792563
-0.704501
-0.587084
-0.469667
-0.410959
-0.234834
-0.0293542
0
0
0
0
0
0
0
0
0
0
0
0
0
0
0
0
0
0
0
0
0
0
0
0
0
0
0
0
0
0
0
0
0
0
0
0
0
0
0
0
0
0
0
-1.11546
-1.20352
-1.32094
-1.409
-1.52642
-1.61448
-1.67319
-1.87867
-2.02544
-2.02544
-2.02544
-2.02544
-2.02544
-2.02544
-2.02544
-2.02544
-2.02544
-2.02544
-2.02544
-2.02544
-2.02544
-2.02544
-2.02544
-2.02544
-2.02544
-2.02544
-2.02544
-2.02544
-2.02544
-2.02544
-2.02544
-2.02544
-2.02544
-2.02544
-2.02544
-2.02544
-2.02544
-2.02544
-2.02544
-2.02544
-2.02544
-2.02544
-2.02544
-2.02544
-2.02544
-2.02544
-2.02544
-2.02544
-2.02544
-2.02544
-2.02544
0
0
0
0
0
-0.90998
-0.792563
-0.704501
-0.587084
-0.469667
-0.410959
-0.234834
-0.0293542
0
0
0
0
0
0
0
0
0
0
0
0
