0
0
0
0
0
0
0
0
0
0
-1.12902
-1.23271
-1.33553
-1.43848
-1.54147
-1.6444
-1.64214
-1.74533
-1.63772
-1.52999
-1.58138
-1.77536
-1.96778
-2.027
-2.027
-2.027
-2.027
-2.027
-2.027
-2.027
-2.027
-2.027
-2.027
-2.027
-2.027
-2.027
-2.027
0
-0.923839
-0.869669
-0.815773
-0.761918
-0.708062
-0.654589
-0.601087
-0.547007
-0.492516
-0.439207
-0.247678
-0.0541769
-0.027
-0.027
-0.027
-0.027
-0.027
-0.027
-0.027
-0.027
-0.027
-0.027
-0.027
-0.027
-0.027
-0.027
-0.027
-0.027
-0.027
-0.027
-0.027
-0.027
-0.027
-0.027
-0.027
-0.027
-0.027
-0.027
-0.027
-0.027
-0.027
-0.027
-0.027
-0.027
-0.027
-0.027
-0.027
-0.027
-0.027
0
0
0
0
-1.12886
-1.18029
-1.23159
-1.28303
-1.3345
-1.43738
-1.54017
-1.64291
-1.69436
-1.88616
-2.027
-2.027
-2.027
-2.027
-2.027
-2.027
-2.027
-2.027
-2.027
-2.027
-2.027
-2.027
-2.027
-2.027
-2.027
-2.027
-2.027
-2.027
-2.027
-2.027
-2.027
-2.027
-2.027
-2.027
-2.027
-2.027
-2.027
-2.027
-2.027
-2.027
-2.027
-2.027
-2.027
-2.027
-2.027
-2.027
-2.027
-2.027
-2.027
-2.027
-2.027
-2.027
-2.027
0
-0.923417
-0.869664
-0.815544
-0.7617
-0.708308
-0.654665
-0.600093
-0.546111
-0.492922
-0.437998
-0.245152
-0.0540927
-0.027
-0.027
-0.027
-0.027
-0.027
-0.027
-0.027
-0.027
-0.027
-0.027
-0.027
-0.027
