1.3476 -0.799116 -0.0922001 1.32963 -0.609658 2.01451 -0.506451 0.936371 -2.67108 1.01424 1.21801 0.00958648 2.01879 -2.93664 0.955835 2.80118
1.3476 -0.799116 -0.0922001 1.32963 -0.609658 2.01451 -0.506451 0.936371 -2.67108 1.01424 1.21801 0.00958648 2.01879 -2.93664 0.955835 2.80118
1.3476 -0.799116 -0.0922001 1.32963 -0.609658 2.01451 -0.506451 0.936371 -2.67108 1.01424 1.21801 0.00958648 2.01879 -2.93664 0.955835 2.80118
1.3476 -0.799116 -0.0922001 1.32963 -0.609658 2.01451 -0.506451 0.936371 -2.67108 1.01424 1.21801 0.00958648 2.01879 -2.93664 0.955835 2.80118
1.3476 -0.799116 -0.0922001 1.32963 -0.609658 2.01451 -0.506451 0.936371 -2.67108 1.01424 1.21801 0.00958648 2.01879 -2.93664 0.955835 2.80118
1.3476 -0.799116 -0.0922001 1.32963 -0.609658 2.01451 -0.506451 0.936371 -2.67108 1.01424 1.21801 0.00958648 2.01879 -2.93664 0.955835 2.80118
1.3476 -0.799116 -0.0922001 1.32963 -0.609658 2.01451 -0.506451 0.936371 -2.67108 1.01424 1.21801 0.00958648 2.01879 -2.93664 0.955835 2.80118
1.3476 -0.799116 -0.0922001 1.32963 -0.609658 2.01451 -0.506451 0.936371 -2.67108 1.01424 1.21801 0.00958648 2.01879 -2.93664 0.955835 2.80118
1.3476 -0.799116 -0.0922001 1.32963 -0.609658 2.01451 -0.506451 0.936371 -2.67108 1.01424 1.21801 0.00958648 2.01879 -2.93664 0.955835 2.80118
1.3476 -0.799116 -0.0922001 1.32963 -0.609658 2.01451 -0.506451 0.936371 -2.67108 1.01424 1.21801 0.00958648 2.01879 -2.93664 0.955835 2.80118
1.3476 -0.799116 -0.0922001 1.32963 -0.609658 2.01451 -0.506451 0.936371 -2.67108 1.01424 1.21801 0.00958648 2.01879 -2.93664 0.955835 2.80118
1.34754 -0.799116 -0.0922001 1.32963 -0.609658 2.01451 -0.506451 0.936371 -2.67108 1.01424 1.21801 0.00958648 2.01879 -2.93664 0.955835 2.80118
1.34731 -0.799116 -0.0922001 1.32963 -0.609658 2.01451 -0.506451 0.936371 -2.67108 1.01424 1.21801 0.00958648 2.01879 -2.93664 0.955835 2.80118
1.34681 -0.799116 -0.0922001 1.32963 -0.609658 2.01451 -0.506451 0.936371 -2.67108 1.01424 1.21801 0.00958648 2.01879 -2.93664 0.955835 2.80118
1.34595 -0.799116 -0.0922001 1.32963 -0.609658 2.01451 -0.506451 0.936371 -2.67108 1.01424 1.21801 0.00958648 2.01879 -2.93664 0.955835 2.80118
1.34487 -0.799116 -0.0922001 1.32963 -0.609658 2.01451 -0.506451 0.936371 -2.67108 1.01424 1.21801 0.00958648 2.01879 -2.93664 0.955835 2.80118
1.34352 -0.799116 -0.0922001 1.32963 -0.609658 2.01451 -0.506451 0.936371 -2.67108 1.01424 1.21801 0.00958648 2.01879 -2.93664 0.955835 2.80118
1.34199 -0.799116 -0.0922001 1.32963 -0.609658 2.01451 -0.506451 0.936371 -2.67108 1.01424 1.21801 0.00958648 2.01879 -2.93664 0.955835 2.80118
1.34037 -0.799116 -0.0922001 1.32963 -0.609658 2.01451 -0.506451 0.936371 -2.67108 1.01424 1.21801 0.00958648 2.01879 -2.93664 0.955835 2.80118
1.33891 -0.799116 -0.0922001 1.32963 -0.609658 2.01451 -0.506451 0.936371 -2.67108 1.01424 1.21801 0.00958648 2.01879 -2.93664 0.955835 2.80118
1.33669 -0.799116 -0.0922001 1.32963 -0.609658 2.01451 -0.506451 0.936371 -2.67108 1.01424 1.21801 0.00958648 2.01879 -2.93664 0.955835 2.80118
1.33416 -0.799116 -0.0922001 1.32963 -0.609658 2.01451 -0.506451 0.936371 -2.67108 1.01424 1.21801 0.00958648 2.01879 -2.93664 0.955835 2.80118
1.3305 -0.799116 -0.0922001 1.32963 -0.609658 2.01451 -0.506451 0.936371 -2.67108 1.01424 1.21801 0.00958648 2.01879 -2.93664 0.955835 2.80118
1.32571 -0.799116 -0.0922001 1.32963 -0.609658 2.01451 -0.506451 0.936371 -2.67108 1.01424 1.21801 0.00958648 2.01879 -2.93664 0.955835 2.80118
1.3208 -0.799116 -0.0922001 1.32963 -0.609658 2.01451 -0.506451 0.936371 -2.67108 1.01424 1.21801 0.00958648 2.01879 -2.93664 0.955835 2.80118
1.3159 -0.799116 -0.0922001 1.32963 -0.609658 2.01451 -0.506451 0.936371 -2.67108 1.01424 1.21801 0.00958648 2.01879 -2.93664 0.955835 2.80118
1.31099 -0.799116 -0.0922001 1.32963 -0.609658 2.01451 -0.506451 0.936371 -2.67108 1.01424 1.21801 0.00958648 2.01879 -2.93664 0.955835 2.80118
1.30598 -0.799116 -0.0922001 1.32963 -0.609658 2.01451 -0.506451 0.936371 -2.67108 1.01424 1.21801 0.00958648 2.01879 -2.93664 0.955835 2.80118
1.30082 -0.799116 -0.0922001 1.32963 -0.609658 2.01451 -0.506451 0.936371 -2.67108 1.01424 1.21801 0.00958648 2.01879 -2.93664 0.955835 2.80118
1.29561 -0.799116 -0.0922001 1.32963 -0.609658 2.01451 -0.506451 0.936371 -2.67108 1.01424 1.21801 0.00958648 2.01879 -2.93664 0.955835 2.80118
1.29043 -0.799116 -0.0922001 1.32963 -0.609658 2.01451 -0.506451 0.936371 -2.67108 1.01424 1.21801 0.00958648 2.01879 -2.93664 0.955835 2.80118
1.28519 -0.799116 -0.0922001 1.32963 -0.609658 2.01451 -0.506451 0.936371 -2.67108 1.01424 1.21801 0.00958648 2.01879 -2.93664 0.955835 2.80118
1.27995 -0.799116 -0.0922001 1.32963 -0.609658 2.01451 -0.506451 0.936371 -2.67108 1.01424 1.21801 0.00958648 2.01879 -2.93664 0.955835 2.80118
1.27473 -0.799116 -0.0922001 1.32963 -0.609658 2.01451 -0.506451 0.936371 -2.67108 1.01424 1.21801 0.00958648 2.01879 -2.93664 0.955835 2.80118
1.26953 -0.799116 -0.0922001 1.32963 -0.609658 2.01451 -0.506451 0.936371 -2.67108 1.01424 1.21801 0.00958648 2.01879 -2.93664 0.955835 2.80118
1.26434 -0.799116 -0.0922001 1.32963 -0.609658 2.01451 -0.506451 0.936371 -2.67108 1.01424 1.21801 0.00958648 2.01879 -2.93664 0.955835 2.80118
1.2592 -0.799116 -0.0922001 1.32963 -0.609658 2.01451 -0.506451 0.936371 -2.67108 1.01424 1.21801 0.00958648 2.01879 -2.93664 0.955835 2.80118
1.24931 -0.799116 -0.0922001 1.32963 -0.609658 2.01451 -0.506451 0.936371 -2.67108 1.01424 1.21801 0.00958648 2.01879 -2.93664 0.955835 2.80118
1.24931 -0.799116 -0.0922001 1.32963 -0.609658 2.01451 -0.506451 0.936371 -2.67108 1.01424 1.21801 0.00958648 2.01879 -2.93664 0.955835 2.80118
1.24931 -0.799116 -0.0922001 1.32963 -0.609658 2.01451 -0.506451 0.936371 -2.67108 1.01424 1.21801 0.00958648 2.01879 -2.93664 0.955835 2.80118
1.24931 -0.799116 -0.0922001 1.32963 -0.609658 2.01451 -0.506451 0.936371 -2.67108 1.01424 1.21801 0.00958648 2.01879 -2.93664 0.955835 2.80118
1.24931 -0.799116 -0.0922001 1.32963 -0.609658 2.01451 -0.506451 0.936371 -2.67108 1.01424 1.21801 0.00958648 2.01879 -2.93664 0.955835 2.80118
1.24931 -0.799116 -0.0922001 1.32963 -0.609658 2.01451 -0.506451 0.936371 -2.67108 1.01424 1.21801 0.00958648 2.01879 -2.93664 0.955835 2.80118
1.24929 -0.799116 -0.0922001 1.32963 -0.609658 2.01451 -0.506451 0.936371 -2.67108 1.01424 1.21801 0.00958648 2.01879 -2.93664 0.955835 2.80118
1.24923 -0.799116 -0.0922001 1.32963 -0.609658 2.01451 -0.506451 0.936371 -2.67108 1.01424 1.21801 0.00958648 2.01879 -2.93664 0.955835 2.80118
1.24921 -0.799116 -0.0922001 1.32963 -0.609658 2.01451 -0.506451 0.936371 -2.67108 1.01424 1.21801 0.00958648 2.01879 -2.93664 0.955835 2.80118
1.24921 -0.799116 -0.0922001 1.32963 -0.609658 2.01451 -0.506451 0.936371 -2.67108 1.01424 1.21801 0.00958648 2.01879 -2.93664 0.955835 2.80118
1.24921 -0.799116 -0.0922001 1.32963 -0.609658 2.01451 -0.506451 0.936371 -2.67108 1.01424 1.21801 0.00958648 2.01879 -2.93664 0.955835 2.80118
1.24921 -0.799116 -0.0922001 1.32963 -0.609658 2.01451 -0.506451 0.936371 -2.67108 1.01424 1.21801 0.00958648 2.01879 -2.93664 0.955835 2.80118
1.24921 -0.799116 -0.0922001 1.32963 -0.609658 2.01451 -0.506451 0.936371 -2.67108 1.01424 1.21801 0.00958648 2.01879 -2.93664 0.955835 2.80118
1.24921 -0.799116 -0.0922001 1.32963 -0.609658 2.01451 -0.506451 0.936371 -2.67108 1.01424 1.21801 0.00958648 2.01879 -2.93664 0.955835 2.80118
1.25038 -0.799116 -0.0922001 1.32963 -0.609658 2.01451 -0.506451 0.936371 -2.67108 1.01424 1.21801 0.00958648 2.01879 -2.93664 0.955835 2.80118
1.2521 -0.799116 -0.0922001 1.32963 -0.609658 2.01451 -0.506451 0.936371 -2.67108 1.01424 1.21801 0.00958648 2.01879 -2.93664 0.955835 2.80118
1.2535 -0.799116 -0.0922001 1.32963 -0.609658 2.01451 -0.506451 0.936371 -2.67108 1.01424 1.21801 0.00958648 2.01879 -2.93664 0.955835 2.80118
1.25462 -0.799116 -0.0922001 1.32963 -0.609658 2.01451 -0.506451 0.936371 -2.67108 1.01424 1.21801 0.00958648 2.01879 -2.93664 0.955835 2.80118
1.25562 -0.799116 -0.0922001 1.32963 -0.609658 2.01451 -0.506451 0.936371 -2.67108 1.01424 1.21801 0.00958648 2.01879 -2.93664 0.955835 2.80118
1.25672 -0.799116 -0.0922001 1.32963 -0.609658 2.01451 -0.506451 0.936371 -2.67108 1.01424 1.21801 0.00958648 2.01879 -2.93664 0.955835 2.80118
1.25805 -0.799116 -0.0922001 1.32963 -0.609658 2.01451 -0.506451 0.936371 -2.67108 1.01424 1.21801 0.00958648 2.01879 -2.93664 0.955835 2.80118
1.25948 -0.799116 -0.0922001 1.32963 -0.609658 2.01451 -0.506451 0.936371 -2.67108 1.01424 1.21801 0.00958648 2.01879 -2.93664 0.955835 2.80118
1.26103 -0.799116 -0.0922001 1.32963 -0.609658 2.01451 -0.506451 0.936371 -2.67108 1.01424 1.21801 0.00958648 2.01879 -2.93664 0.955835 2.80118
1.26269 -0.799116 -0.0922001 1.32963 -0.609658 2.01451 -0.506451 0.936371 -2.67108 1.01424 1.21801 0.00958648 2.01879 -2.93664 0.955835 2.80118
1.26452 -0.799116 -0.0922001 1.32963 -0.609658 2.01451 -0.506451 0.936371 -2.67108 1.01424 1.21801 0.00958648 2.01879 -2.93664 0.955835 2.80118
1.26646 -0.799116 -0.0922001 1.32963 -0.609658 2.01451 -0.506451 0.936371 -2.67108 1.01424 1.21801 0.00958648 2.01879 -2.93664 0.955835 2.80118
1.26848 -0.799116 -0.0922001 1.32963 -0.609658 2.01451 -0.506451 0.936371 -2.67108 1.01424 1.21801 0.00958648 2.01879 -2.93664 0.955835 2.80118
1.27041 -0.799116 -0.0922001 1.32963 -0.609658 2.01451 -0.506451 0.936371 -2.67108 1.01424 1.21801 0.00958648 2.01879 -2.93664 0.955835 2.80118
1.27226 -0.799116 -0.0922001 1.32963 -0.609658 2.01451 -0.506451 0.936371 -2.67108 1.01424 1.21801 0.00958648 2.01879 -2.93664 0.955835 2.80118
1.27413 -0.799116 -0.0922001 1.32963 -0.609658 2.01451 -0.506451 0.936371 -2.67108 1.01424 1.21801 0.00958648 2.01879 -2.93664 0.955835 2.80118
1.27619 -0.799116 -0.0922001 1.32963 -0.609658 2.01451 -0.506451 0.936371 -2.67108 1.01424 1.21801 0.00958648 2.01879 -2.93664 0.955835 2.80118
1.27842 -0.799116 -0.0922001 1.32963 -0.609658 2.01451 -0.506451 0.936371 -2.67108 1.01424 1.21801 0.00958648 2.01879 -2.93664 0.955835 2.80118
1.28077 -0.799116 -0.0922001 1.32963 -0.609658 2.01451 -0.506451 0.936371 -2.67108 1.01424 1.21801 0.00958648 2.01879 -2.93664 0.955835 2.80118
1.28303 -0.799116 -0.0922001 1.32963 -0.609658 2.01451 -0.506451 0.936371 -2.67108 1.01424 1.21801 0.00958648 2.01879 -2.93664 0.955835 2.80118
1.28526 -0.799116 -0.0922001 1.32963 -0.609658 2.01451 -0.506451 0.936371 -2.67108 1.01424 1.21801 0.00958648 2.01879 -2.93664 0.955835 2.80118
1.28751 -0.799116 -0.0922001 1.32963 -0.609658 2.01451 -0.506451 0.936371 -2.67108 1.01424 1.21801 0.00958648 2.01879 -2.93664 0.955835 2.80118
1.28989 -0.799116 -0.0922001 1.32963 -0.609658 2.01451 -0.506451 0.936371 -2.67108 1.01424 1.21801 0.00958648 2.01879 -2.93664 0.955835 2.80118
1.29234 -0.799116 -0.0922001 1.32963 -0.609658 2.01451 -0.506451 0.936371 -2.67108 1.01424 1.21801 0.00958648 2.01879 -2.93664 0.955835 2.80118
1.29477 -0.799116 -0.0922001 1.32963 -0.609658 2.01451 -0.506451 0.936371 -2.67108 1.01424 1.21801 0.00958648 2.01879 -2.93664 0.955835 2.80118
1.29739 -0.799116 -0.0922001 1.32963 -0.609658 2.01451 -0.506451 0.936371 -2.67108 1.01424 1.21801 0.00958648 2.01879 -2.93664 0.955835 2.80118
1.30011 -0.799116 -0.0922001 1.32963 -0.609658 2.01451 -0.506451 0.936371 -2.67108 1.01424 1.21801 0.00958648 2.01879 -2.93664 0.955835 2.80118
1.3028 -0.799116 -0.0922001 1.32963 -0.609658 2.01451 -0.506451 0.936371 -2.67108 1.01424 1.21801 0.00958648 2.01879 -2.93664 0.955835 2.80118
1.30558 -0.799116 -0.0922001 1.32963 -0.609658 2.01451 -0.506451 0.936371 -2.67108 1.01424 1.21801 0.00958648 2.01879 -2.93664 0.955835 2.80118
1.30856 -0.799116 -0.0922001 1.32963 -0.609658 2.01451 -0.506451 0.936371 -2.67108 1.01424 1.21801 0.00958648 2.01879 -2.93664 0.955835 2.80118
1.3116 -0.799116 -0.0922001 1.32963 -0.609658 2.01451 -0.506451 0.936371 -2.67108 1.01424 1.21801 0.00958648 2.01879 -2.93664 0.955835 2.80118
1.31455 -0.799116 -0.0922001 1.32963 -0.609658 2.01451 -0.506451 0.936371 -2.67108 1.01424 1.21801 0.00958648 2.01879 -2.93664 0.955835 2.80118
1.31748 -0.799116 -0.0922001 1.32963 -0.609658 2.01451 -0.506451 0.936371 -2.67108 1.01424 1.21801 0.00958648 2.01879 -2.93664 0.955835 2.80118
1.32057 -0.799116 -0.0922001 1.32963 -0.609658 2.01451 -0.506451 0.936371 -2.67108 1.01424 1.21801 0.00958648 2.01879 -2.93664 0.955835 2.80118
1.32396 -0.799116 -0.0922001 1.32963 -0.609658 2.01451 -0.506451 0.936371 -2.67108 1.01424 1.21801 0.00958648 2.01879 -2.93664 0.955835 2.80118
1.32759 -0.799116 -0.0922001 1.32963 -0.609658 2.01451 -0.506451 0.936371 -2.67108 1.01424 1.21801 0.00958648 2.01879 -2.93664 0.955835 2.80118
1.3344 -0.799116 -0.0922001 1.32963 -0.609658 2.01451 -0.506451 0.936371 -2.67108 1.01424 1.21801 0.00958648 2.01879 -2.93664 0.955835 2.80118
1.3344 -0.799116 -0.0922001 1.32963 -0.609658 2.01451 -0.506451 0.936371 -2.67108 1.01424 1.21801 0.00958648 2.01879 -2.93664 0.955835 2.80118
1.3344 -0.799116 -0.0922001 1.32963 -0.609658 2.01451 -0.506451 0.936371 -2.67108 1.01424 1.21801 0.00958648 2.01879 -2.93664 0.955835 2.80118
1.3344 -0.799116 -0.0922001 1.32963 -0.609658 2.01451 -0.506451 0.936371 -2.67108 1.01424 1.21801 0.00958648 2.01879 -2.93664 0.955835 2.80118
1.3344 -0.799116 -0.0922001 1.32963 -0.609658 2.01451 -0.506451 0.936371 -2.67108 1.01424 1.21801 0.00958648 2.01879 -2.93664 0.955835 2.80118
1.3344 -0.799116 -0.0922001 1.32963 -0.609658 2.01451 -0.506451 0.936371 -2.67108 1.01424 1.21801 0.00958648 2.01879 -2.93664 0.955835 2.80118
1.3344 -0.799116 -0.0922001 1.32963 -0.609658 2.01451 -0.506451 0.936371 -2.67108 1.01424 1.21801 0.00958648 2.01879 -2.93664 0.955835 2.80118
1.33435 -0.799116 -0.0922001 1.32963 -0.609658 2.01451 -0.506451 0.936371 -2.67108 1.01424 1.21801 0.00958648 2.01879 -2.93664 0.955835 2.80118
1.33403 -0.799116 -0.0922001 1.32963 -0.609658 2.01451 -0.506451 0.936371 -2.67108 1.01424 1.21801 0.00958648 2.01879 -2.93664 0.955835 2.80118
1.33343 -0.799116 -0.0922001 1.32963 -0.609658 2.01451 -0.506451 0.936371 -2.67108 1.01424 1.21801 0.00958648 2.01879 -2.93664 0.955835 2.80118
1.33249 -0.799116 -0.0922001 1.32963 -0.609658 2.01451 -0.506451 0.936371 -2.67108 1.01424 1.21801 0.00958648 2.01879 -2.93664 0.955835 2.80118
1.33138 -0.799116 -0.0922001 1.32963 -0.609658 2.01451 -0.506451 0.936371 -2.67108 1.01424 1.21801 0.00958648 2.01879 -2.93664 0.955835 2.80118
1.32868 -0.799116 -0.0922001 1.32963 -0.609658 2.01451 -0.506451 0.936371 -2.67108 1.01424 1.21801 0.00958648 2.01879 -2.93664 0.955835 2.80118
1.32595 -0.799116 -0.0922001 1.32963 -0.609658 2.01451 -0.506451 0.936371 -2.67108 1.01424 1.21801 0.00958648 2.01879 -2.93664 0.955835 2.80118
1.32215 -0.799116 -0.0922001 1.32963 -0.609658 2.01451 -0.506451 0.936371 -2.67108 1.01424 1.21801 0.00958648 2.01879 -2.93664 0.955835 2.80118
1.31729 -0.799116 -0.0922001 1.32963 -0.609658 2.01451 -0.506451 0.936371 -2.67108 1.01424 1.21801 0.00958648 2.01879 -2.93664 0.955835 2.80118
1.31227 -0.799116 -0.0922001 1.32963 -0.609658 2.01451 -0.506451 0.936371 -2.67108 1.01424 1.21801 0.00958648 2.01879 -2.93664 0.955835 2.80118
1.30711 -0.799116 -0.0922001 1.32963 -0.609658 2.01451 -0.506451 0.936371 -2.67108 1.01424 1.21801 0.00958648 2.01879 -2.93664 0.955835 2.80118
1.3017 -0.799116 -0.0922001 1.32963 -0.609658 2.01451 -0.506451 0.936371 -2.67108 1.01424 1.21801 0.00958648 2.01879 -2.93664 0.955835 2.80118
1.29638 -0.799116 -0.0922001 1.32963 -0.609658 2.01451 -0.506451 0.936371 -2.67108 1.01424 1.21801 0.00958648 2.01879 -2.93664 0.955835 2.80118
1.2911 -0.799116 -0.0922001 1.32963 -0.609658 2.01451 -0.506451 0.936371 -2.67108 1.01424 1.21801 0.00958648 2.01879 -2.93664 0.955835 2.80118
1.2859 -0.799116 -0.0922001 1.32963 -0.609658 2.01451 -0.506451 0.936371 -2.67108 1.01424 1.21801 0.00958648 2.01879 -2.93664 0.955835 2.80118
1.28073 -0.799116 -0.0922001 1.32963 -0.609658 2.01451 -0.506451 0.936371 -2.67108 1.01424 1.21801 0.00958648 2.01879 -2.93664 0.955835 2.80118
1.27559 -0.799116 -0.0922001 1.32963 -0.609658 2.01451 -0.506451 0.936371 -2.67108 1.01424 1.21801 0.00958648 2.01879 -2.93664 0.955835 2.80118
1.2704 -0.799116 -0.0922001 1.32963 -0.609658 2.01451 -0.506451 0.936371 -2.67108 1.01424 1.21801 0.00958648 2.01879 -2.93664 0.955835 2.80118
1.26515 -0.799116 -0.0922001 1.32963 -0.609658 2.01451 -0.506451 0.936371 -2.67108 1.01424 1.21801 0.00958648 2.01879 -2.93664 0.955835 2.80118
1.25996 -0.799116 -0.0922001 1.32963 -0.609658 2.01451 -0.506451 0.936371 -2.67108 1.01424 1.21801 0.00958648 2.01879 -2.93664 0.955835 2.80118
1.25454 -0.799116 -0.0922001 1.32963 -0.609658 2.01451 -0.506451 0.936371 -2.67108 1.01424 1.21801 0.00958648 2.01879 -2.93664 0.955835 2.80118
1.24916 -0.799116 -0.0922001 1.32963 -0.609658 2.01451 -0.506451 0.936371 -2.67108 1.01424 1.21801 0.00958648 2.01879 -2.93664 0.955835 2.80118
1.24387 -0.799116 -0.0922001 1.32963 -0.609658 2.01451 -0.506451 0.936371 -2.67108 1.01424 1.21801 0.00958648 2.01879 -2.93664 0.955835 2.80118
1.23851 -0.799116 -0.0922001 1.32963 -0.609658 2.01451 -0.506451 0.936371 -2.67108 1.01424 1.21801 0.00958648 2.01879 -2.93664 0.955835 2.80118
1.23311 -0.799116 -0.0922001 1.32963 -0.609658 2.01451 -0.506451 0.936371 -2.67108 1.01424 1.21801 0.00958648 2.01879 -2.93664 0.955835 2.80118
1.22777 -0.799116 -0.0922001 1.32963 -0.609658 2.01451 -0.506451 0.936371 -2.67108 1.01424 1.21801 0.00958648 2.01879 -2.93664 0.955835 2.80118
1.22241 -0.799116 -0.0922001 1.32963 -0.609658 2.01451 -0.506451 0.936371 -2.67108 1.01424 1.21801 0.00958648 2.01879 -2.93664 0.955835 2.80118
1.21701 -0.799116 -0.0922001 1.32963 -0.609658 2.01451 -0.506451 0.936371 -2.67108 1.01424 1.21801 0.00958648 2.01879 -2.93664 0.955835 2.80118
1.21155 -0.799116 -0.0922001 1.32963 -0.609658 2.01451 -0.506451 0.936371 -2.67108 1.01424 1.21801 0.00958648 2.01879 -2.93664 0.955835 2.80118
1.20603 -0.799116 -0.0922001 1.32963 -0.609658 2.01451 -0.506451 0.936371 -2.67108 1.01424 1.21801 0.00958648 2.01879 -2.93664 0.955835 2.80118
1.20037 -0.799116 -0.0922001 1.32963 -0.609658 2.01451 -0.506451 0.936371 -2.67108 1.01424 1.21801 0.00958648 2.01879 -2.93664 0.955835 2.80118
1.19471 -0.799116 -0.0922001 1.32963 -0.609658 2.01451 -0.506451 0.936371 -2.67108 1.01424 1.21801 0.00958648 2.01879 -2.93664 0.955835 2.80118
1.18901 -0.799116 -0.0922001 1.32963 -0.609658 2.01451 -0.506451 0.936371 -2.67108 1.01424 1.21801 0.00958648 2.01879 -2.93664 0.955835 2.80118
1.18334 -0.799116 -0.0922001 1.32963 -0.609658 2.01451 -0.506451 0.936371 -2.67108 1.01424 1.21801 0.00958648 2.01879 -2.93664 0.955835 2.80118
1.17772 -0.799116 -0.0922001 1.32963 -0.609658 2.01451 -0.506451 0.936371 -2.67108 1.01424 1.21801 0.00958648 2.01879 -2.93664 0.955835 2.80118
1.17211 -0.799116 -0.0922001 1.32963 -0.609658 2.01451 -0.506451 0.936371 -2.67108 1.01424 1.21801 0.00958648 2.01879 -2.93664 0.955835 2.80118
1.1665 -0.799116 -0.0922001 1.32963 -0.609658 2.01451 -0.506451 0.936371 -2.67108 1.01424 1.21801 0.00958648 2.01879 -2.93664 0.955835 2.80118
1.16091 -0.799116 -0.0922001 1.32963 -0.609658 2.01451 -0.506451 0.936371 -2.67108 1.01424 1.21801 0.00958648 2.01879 -2.93664 0.955835 2.80118
1.1552 -0.799116 -0.0922001 1.32963 -0.609658 2.01451 -0.506451 0.936371 -2.67108 1.01424 1.21801 0.00958648 2.01879 -2.93664 0.955835 2.80118
1.14945 -0.799116 -0.0922001 1.32963 -0.609658 2.01451 -0.506451 0.936371 -2.67108 1.01424 1.21801 0.00958648 2.01879 -2.93664 0.955835 2.80118
1.14358 -0.799116 -0.0922001 1.32963 -0.609658 2.01451 -0.506451 0.936371 -2.67108 1.01424 1.21801 0.00958648 2.01879 -2.93664 0.955835 2.80118
1.13777 -0.799116 -0.0922001 1.32963 -0.609658 2.01451 -0.506451 0.936371 -2.67108 1.01424 1.21801 0.00958648 2.01879 -2.93664 0.955835 2.80118
1.13198 -0.799116 -0.0922001 1.32963 -0.609658 2.01451 -0.506451 0.936371 -2.67108 1.01424 1.21801 0.00958648 2.01879 -2.93664 0.955835 2.80118
1.12622 -0.799116 -0.0922001 1.32963 -0.609658 2.01451 -0.506451 0.936371 -2.67108 1.01424 1.21801 0.00958648 2.01879 -2.93664 0.955835 2.80118
1.12045 -0.799116 -0.0922001 1.32963 -0.609658 2.01451 -0.506451 0.936371 -2.67108 1.01424 1.21801 0.00958648 2.01879 -2.93664 0.955835 2.80118
1.11465 -0.799116 -0.0922001 1.32963 -0.609658 2.01451 -0.506451 0.936371 -2.67108 1.01424 1.21801 0.00958648 2.01879 -2.93664 0.955835 2.80118
1.10878 -0.799116 -0.0922001 1.32963 -0.609658 2.01451 -0.506451 0.936371 -2.67108 1.01424 1.21801 0.00958648 2.01879 -2.93664 0.955835 2.80118
1.10287 -0.799116 -0.0922001 1.32963 -0.609658 2.01451 -0.506451 0.936371 -2.67108 1.01424 1.21801 0.00958648 2.01879 -2.93664 0.955835 2.80118
1.09695 -0.799116 -0.0922001 1.32963 -0.609658 2.01451 -0.506451 0.936371 -2.67108 1.01424 1.21801 0.00958648 2.01879 -2.93664 0.955835 2.80118
1.091 -0.799116 -0.0922001 1.32963 -0.609658 2.01451 -0.506451 0.936371 -2.67108 1.01424 1.21801 0.00958648 2.01879 -2.93664 0.955835 2.80118
1.07298 -0.799116 -0.0922001 1.32963 -0.609658 2.01451 -0.506451 0.936371 -2.67108 1.01424 1.21801 0.00958648 2.01879 -2.93664 0.955835 2.80118
1.07298 -0.799116 -0.0922001 1.32963 -0.609658 2.01451 -0.506451 0.936371 -2.67108 1.01424 1.21801 0.00958648 2.01879 -2.93664 0.955835 2.80118
1.07298 -0.799116 -0.0922001 1.32963 -0.609658 2.01451 -0.506451 0.936371 -2.67108 1.01424 1.21801 0.00958648 2.01879 -2.93664 0.955835 2.80118
1.07298 -0.799116 -0.0922001 1.32963 -0.609658 2.01451 -0.506451 0.936371 -2.67108 1.01424 1.21801 0.00958648 2.01879 -2.93664 0.955835 2.80118
1.07298 -0.799116 -0.0922001 1.32963 -0.609658 2.01451 -0.506451 0.936371 -2.67108 1.01424 1.21801 0.00958648 2.01879 -2.93664 0.955835 2.80118
1.07298 -0.799116 -0.0922001 1.32963 -0.609658 2.01451 -0.506451 0.936371 -2.67108 1.01424 1.21801 0.00958648 2.01879 -2.93664 0.955835 2.80118
1.07289 -0.799116 -0.0922001 1.32963 -0.609658 2.01451 -0.506451 0.936371 -2.67108 1.01424 1.21801 0.00958648 2.01879 -2.93664 0.955835 2.80118
1.07254 -0.799116 -0.0922001 1.32963 -0.609658 2.01451 -0.506451 0.936371 -2.67108 1.01424 1.21801 0.00958648 2.01879 -2.93664 0.955835 2.80118
1.07211 -0.799116 -0.0922001 1.32963 -0.609658 2.01451 -0.506451 0.936371 -2.67108 1.01424 1.21801 0.00958648 2.01879 -2.93664 0.955835 2.80118
1.07165 -0.799116 -0.0922001 1.32963 -0.609658 2.01451 -0.506451 0.936371 -2.67108 1.01424 1.21801 0.00958648 2.01879 -2.93664 0.955835 2.80118
1.07079 -0.799116 -0.0922001 1.32963 -0.609658 2.01451 -0.506451 0.936371 -2.67108 1.01424 1.21801 0.00958648 2.01879 -2.93664 0.955835 2.80118
1.06989 -0.799116 -0.0922001 1.32963 -0.609658 2.01451 -0.506451 0.936371 -2.67108 1.01424 1.21801 0.00958648 2.01879 -2.93664 0.955835 2.80118
1.06884 -0.799116 -0.0922001 1.32963 -0.609658 2.01451 -0.506451 0.936371 -2.67108 1.01424 1.21801 0.00958648 2.01879 -2.93664 0.955835 2.80118
1.06772 -0.799116 -0.0922001 1.32963 -0.609658 2.01451 -0.506451 0.936371 -2.67108 1.01424 1.21801 0.00958648 2.01879 -2.93664 0.955835 2.80118
1.06777 -0.799116 -0.0922001 1.32963 -0.609658 2.01451 -0.506451 0.936371 -2.67108 1.01424 1.21801 0.00958648 2.01879 -2.93664 0.955835 2.80118
1.06777 -0.799116 -0.0922001 1.32963 -0.609658 2.01451 -0.506451 0.936371 -2.67108 1.01424 1.21801 0.00958648 2.01879 -2.93664 0.955835 2.80118
1.06777 -0.799116 -0.0922001 1.32963 -0.609658 2.01451 -0.506451 0.936371 -2.67108 1.01424 1.21801 0.00958648 2.01879 -2.93664 0.955835 2.80118
1.06777 -0.799116 -0.0922001 1.32963 -0.609658 2.01451 -0.506451 0.936371 -2.67108 1.01424 1.21801 0.00958648 2.01879 -2.93664 0.955835 2.80118
1.06778 -0.799116 -0.0922001 1.32963 -0.609658 2.01451 -0.506451 0.936371 -2.67108 1.01424 1.21801 0.00958648 2.01879 -2.93664 0.955835 2.80118
1.06778 -0.799116 -0.0922001 1.32963 -0.609658 2.01451 -0.506451 0.936371 -2.67108 1.01424 1.21801 0.00958648 2.01879 -2.93664 0.955835 2.80118
1.06778 -0.799116 -0.0922001 1.32963 -0.609658 2.01451 -0.506451 0.936371 -2.67108 1.01424 1.21801 0.00958648 2.01879 -2.93664 0.955835 2.80118
1.06778 -0.799116 -0.0922001 1.32963 -0.609658 2.01451 -0.506451 0.936371 -2.67108 1.01424 1.21801 0.00958648 2.01879 -2.93664 0.955835 2.80118
1.06778 -0.799116 -0.0922001 1.32963 -0.609658 2.01451 -0.506451 0.936371 -2.67108 1.01424 1.21801 0.00958648 2.01879 -2.93664 0.955835 2.80118
1.06778 -0.799116 -0.0922001 1.32963 -0.609658 2.01451 -0.506451 0.936371 -2.67108 1.01424 1.21801 0.00958648 2.01879 -2.93664 0.955835 2.80118
1.06778 -0.799116 -0.0922001 1.32963 -0.609658 2.01451 -0.506451 0.936371 -2.67108 1.01424 1.21801 0.00958648 2.01879 -2.93664 0.955835 2.80118
