29.59
29.6
29.611
29.621
29.631
29.645
29.655
29.666
29.676
29.686
29.706
29.726
29.746
29.767
29.788
29.808
29.828
29.85
29.87
29.891
29.929
29.967
30.006
30.044
30.082
30.121
30.159
30.199
30.238
30.276
30.314
30.353
30.392
30.43
30.469
30.507
30.545
31.001
31.012
31.023
31.034
31.044
31.055
31.066
31.077
31.087
31.1
31.139
31.177
31.216
31.255
31.294
31.332
31.371
31.41
31.449
31.487
31.526
31.564
31.604
31.643
31.682
31.721
31.761
31.799
31.838
31.876
31.915
31.954
31.993
32.032
32.071
32.109
32.148
32.187
32.225
32.264
32.303
32.342
32.381
32.419
32.457
32.496
32.535
32.574
32.614
32.653
36.535
36.546
36.556
36.566
36.577
36.587
36.597
36.608
36.618
36.635
36.656
36.676
36.714
36.753
36.792
36.831
36.87
36.91
36.95
36.989
37.027
37.066
37.104
37.143
37.181
37.22
37.258
37.297
37.336
37.374
37.413
37.451
37.489
37.528
37.566
37.605
37.643
37.683
37.723
37.762
37.801
37.839
37.878
37.916
37.954
37.992
38.032
38.071
38.109
38.148
38.186
38.224
38.262
38.3
38.339
38.377
38.415
39.243
39.254
39.265
39.276
39.286
39.297
39.308
39.319
39.329
39.343
39.381
39.419
39.457
39.496
39.534
39.572
39.611
39.65
39.688
39.726
39.765
39.804
39.842
39.881
39.919
