2.41828 1.51735 3.00911 1.89359 -1.77804 0.303418 1.16759 1.55638 -2.33651 2.84403 1.34686 1.80017 -1.23005 2.8472 -1.33065 3.02744
2.41629 1.51735 3.00911 1.89359 -1.77804 0.303418 1.16759 1.55638 -2.33651 2.84403 1.34686 1.80017 -1.23005 2.8472 -1.33065 3.02744
2.41428 1.51735 3.00911 1.89359 -1.77804 0.303418 1.16759 1.55638 -2.33651 2.84403 1.34686 1.80017 -1.23005 2.8472 -1.33065 3.02744
2.41216 1.51735 3.00911 1.89359 -1.77804 0.303418 1.16759 1.55638 -2.33651 2.84403 1.34686 1.80017 -1.23005 2.8472 -1.33065 3.02744
2.41005 1.51735 3.00911 1.89359 -1.77804 0.303418 1.16759 1.55638 -2.33651 2.84403 1.34686 1.80017 -1.23005 2.8472 -1.33065 3.02744
2.40801 1.51735 3.00911 1.89359 -1.77804 0.303418 1.16759 1.55638 -2.33651 2.84403 1.34686 1.80017 -1.23005 2.8472 -1.33065 3.02744
2.40593 1.51735 3.00911 1.89359 -1.77804 0.303418 1.16759 1.55638 -2.33651 2.84403 1.34686 1.80017 -1.23005 2.8472 -1.33065 3.02744
2.40385 1.51735 3.00911 1.89359 -1.77804 0.303418 1.16759 1.55638 -2.33651 2.84403 1.34686 1.80017 -1.23005 2.8472 -1.33065 3.02744
2.40176 1.51735 3.00911 1.89359 -1.77804 0.303418 1.16759 1.55638 -2.33651 2.84403 1.34686 1.80017 -1.23005 2.8472 -1.33065 3.02744
2.39967 1.51735 3.00911 1.89359 -1.77804 0.303418 1.16759 1.55638 -2.33651 2.84403 1.34686 1.80017 -1.23005 2.8472 -1.33065 3.02744
2.39756 1.51735 3.00911 1.89359 -1.77804 0.303418 1.16759 1.55638 -2.33651 2.84403 1.34686 1.80017 -1.23005 2.8472 -1.33065 3.02744
2.39552 1.51735 3.00911 1.89359 -1.77804 0.303418 1.16759 1.55638 -2.33651 2.84403 1.34686 1.80017 -1.23005 2.8472 -1.33065 3.02744
2.39339 1.51735 3.00911 1.89359 -1.77804 0.303418 1.16759 1.55638 -2.33651 2.84403 1.34686 1.80017 -1.23005 2.8472 -1.33065 3.02744
2.39125 1.51735 3.00911 1.89359 -1.77804 0.303418 1.16759 1.55638 -2.33651 2.84403 1.34686 1.80017 -1.23005 2.8472 -1.33065 3.02744
2.38914 1.51735 3.00911 1.89359 -1.77804 0.303418 1.16759 1.55638 -2.33651 2.84403 1.34686 1.80017 -1.23005 2.8472 -1.33065 3.02744
2.38706 1.51735 3.00911 1.89359 -1.77804 0.303418 1.16759 1.55638 -2.33651 2.84403 1.34686 1.80017 -1.23005 2.8472 -1.33065 3.02744
2.38497 1.51735 3.00911 1.89359 -1.77804 0.303418 1.16759 1.55638 -2.33651 2.84403 1.34686 1.80017 -1.23005 2.8472 -1.33065 3.02744
2.38287 1.51735 3.00911 1.89359 -1.77804 0.303418 1.16759 1.55638 -2.33651 2.84403 1.34686 1.80017 -1.23005 2.8472 -1.33065 3.02744
2.38078 1.51735 3.00911 1.89359 -1.77804 0.303418 1.16759 1.55638 -2.33651 2.84403 1.34686 1.80017 -1.23005 2.8472 -1.33065 3.02744
2.37869 1.51735 3.00911 1.89359 -1.77804 0.303418 1.16759 1.55638 -2.33651 2.84403 1.34686 1.80017 -1.23005 2.8472 -1.33065 3.02744
2.37469 1.51735 3.00911 1.89359 -1.77804 0.303418 1.16759 1.55638 -2.33651 2.84403 1.34686 1.80017 -1.23005 2.8472 -1.33065 3.02744
2.37062 1.51735 3.00911 1.89359 -1.77804 0.303418 1.16759 1.55638 -2.33651 2.84403 1.34686 1.80017 -1.23005 2.8472 -1.33065 3.02744
2.36657 1.51735 3.00911 1.89359 -1.77804 0.303418 1.16759 1.55638 -2.33651 2.84403 1.34686 1.80017 -1.23005 2.8472 -1.33065 3.02744
2.36256 1.51735 3.00911 1.89359 -1.77804 0.303418 1.16759 1.55638 -2.33651 2.84403 1.34686 1.80017 -1.23005 2.8472 -1.33065 3.02744
2.35849 1.51735 3.00911 1.89359 -1.77804 0.303418 1.16759 1.55638 -2.33651 2.84403 1.34686 1.80017 -1.23005 2.8472 -1.33065 3.02744
2.35444 1.51735 3.00911 1.89359 -1.77804 0.303418 1.16759 1.55638 -2.33651 2.84403 1.34686 1.80017 -1.23005 2.8472 -1.33065 3.02744
2.35023 1.51735 3.00911 1.89359 -1.77804 0.303418 1.16759 1.55638 -2.33651 2.84403 1.34686 1.80017 -1.23005 2.8472 -1.33065 3.02744
2.34618 1.51735 3.00911 1.89359 -1.77804 0.303418 1.16759 1.55638 -2.33651 2.84403 1.34686 1.80017 -1.23005 2.8472 -1.33065 3.02744
2.34214 1.51735 3.00911 1.89359 -1.77804 0.303418 1.16759 1.55638 -2.33651 2.84403 1.34686 1.80017 -1.23005 2.8472 -1.33065 3.02744
2.33807 1.51735 3.00911 1.89359 -1.77804 0.303418 1.16759 1.55638 -2.33651 2.84403 1.34686 1.80017 -1.23005 2.8472 -1.33065 3.02744
2.33392 1.51735 3.00911 1.89359 -1.77804 0.303418 1.16759 1.55638 -2.33651 2.84403 1.34686 1.80017 -1.23005 2.8472 -1.33065 3.02744
2.32974 1.51735 3.00911 1.89359 -1.77804 0.303418 1.16759 1.55638 -2.33651 2.84403 1.34686 1.80017 -1.23005 2.8472 -1.33065 3.02744
2.32557 1.51735 3.00911 1.89359 -1.77804 0.303418 1.16759 1.55638 -2.33651 2.84403 1.34686 1.80017 -1.23005 2.8472 -1.33065 3.02744
2.32146 1.51735 3.00911 1.89359 -1.77804 0.303418 1.16759 1.55638 -2.33651 2.84403 1.34686 1.80017 -1.23005 2.8472 -1.33065 3.02744
2.3172 1.51735 3.00911 1.89359 -1.77804 0.303418 1.16759 1.55638 -2.33651 2.84403 1.34686 1.80017 -1.23005 2.8472 -1.33065 3.02744
2.31295 1.51735 3.00911 1.89359 -1.77804 0.303418 1.16759 1.55638 -2.33651 2.84403 1.34686 1.80017 -1.23005 2.8472 -1.33065 3.02744
2.30873 1.51735 3.00911 1.89359 -1.77804 0.303418 1.16759 1.55638 -2.33651 2.84403 1.34686 1.80017 -1.23005 2.8472 -1.33065 3.02744
2.30452 1.51735 3.00911 1.89359 -1.77804 0.303418 1.16759 1.55638 -2.33651 2.84403 1.34686 1.80017 -1.23005 2.8472 -1.33065 3.02744
2.30028 1.51735 3.00911 1.89359 -1.77804 0.303418 1.16759 1.55638 -2.33651 2.84403 1.34686 1.80017 -1.23005 2.8472 -1.33065 3.02744
2.29599 1.51735 3.00911 1.89359 -1.77804 0.303418 1.16759 1.55638 -2.33651 2.84403 1.34686 1.80017 -1.23005 2.8472 -1.33065 3.02744
2.29152 1.51735 3.00911 1.89359 -1.77804 0.303418 1.16759 1.55638 -2.33651 2.84403 1.34686 1.80017 -1.23005 2.8472 -1.33065 3.02744
2.28717 1.51735 3.00911 1.89359 -1.77804 0.303418 1.16759 1.55638 -2.33651 2.84403 1.34686 1.80017 -1.23005 2.8472 -1.33065 3.02744
2.28287 1.51735 3.00911 1.89359 -1.77804 0.303418 1.16759 1.55638 -2.33651 2.84403 1.34686 1.80017 -1.23005 2.8472 -1.33065 3.02744
2.2786 1.51735 3.00911 1.89359 -1.77804 0.303418 1.16759 1.55638 -2.33651 2.84403 1.34686 1.80017 -1.23005 2.8472 -1.33065 3.02744
2.27417 1.51735 3.00911 1.89359 -1.77804 0.303418 1.16759 1.55638 -2.33651 2.84403 1.34686 1.80017 -1.23005 2.8472 -1.33065 3.02744
2.26982 1.51735 3.00911 1.89359 -1.77804 0.303418 1.16759 1.55638 -2.33651 2.84403 1.34686 1.80017 -1.23005 2.8472 -1.33065 3.02744
2.26556 1.51735 3.00911 1.89359 -1.77804 0.303418 1.16759 1.55638 -2.33651 2.84403 1.34686 1.80017 -1.23005 2.8472 -1.33065 3.02744
2.26125 1.51735 3.00911 1.89359 -1.77804 0.303418 1.16759 1.55638 -2.33651 2.84403 1.34686 1.80017 -1.23005 2.8472 -1.33065 3.02744
2.25664 1.51735 3.00911 1.89359 -1.77804 0.303418 1.16759 1.55638 -2.33651 2.84403 1.34686 1.80017 -1.23005 2.8472 -1.33065 3.02744
2.25227 1.51735 3.00911 1.89359 -1.77804 0.303418 1.16759 1.55638 -2.33651 2.84403 1.34686 1.80017 -1.23005 2.8472 -1.33065 3.02744
2.24794 1.51735 3.00911 1.89359 -1.77804 0.303418 1.16759 1.55638 -2.33651 2.84403 1.34686 1.80017 -1.23005 2.8472 -1.33065 3.02744
2.24351 1.51735 3.00911 1.89359 -1.77804 0.303418 1.16759 1.55638 -2.33651 2.84403 1.34686 1.80017 -1.23005 2.8472 -1.33065 3.02744
2.23918 1.51735 3.00911 1.89359 -1.77804 0.303418 1.16759 1.55638 -2.33651 2.84403 1.34686 1.80017 -1.23005 2.8472 -1.33065 3.02744
2.23464 1.51735 3.00911 1.89359 -1.77804 0.303418 1.16759 1.55638 -2.33651 2.84403 1.34686 1.80017 -1.23005 2.8472 -1.33065 3.02744
2.23014 1.51735 3.00911 1.89359 -1.77804 0.303418 1.16759 1.55638 -2.33651 2.84403 1.34686 1.80017 -1.23005 2.8472 -1.33065 3.02744
2.22571 1.51735 3.00911 1.89359 -1.77804 0.303418 1.16759 1.55638 -2.33651 2.84403 1.34686 1.80017 -1.23005 2.8472 -1.33065 3.02744
2.22128 1.51735 3.00911 1.89359 -1.77804 0.303418 1.16759 1.55638 -2.33651 2.84403 1.34686 1.80017 -1.23005 2.8472 -1.33065 3.02744
2.21672 1.51735 3.00911 1.89359 -1.77804 0.303418 1.16759 1.55638 -2.33651 2.84403 1.34686 1.80017 -1.23005 2.8472 -1.33065 3.02744
2.21213 1.51735 3.00911 1.89359 -1.77804 0.303418 1.16759 1.55638 -2.33651 2.84403 1.34686 1.80017 -1.23005 2.8472 -1.33065 3.02744
2.20759 1.51735 3.00911 1.89359 -1.77804 0.303418 1.16759 1.55638 -2.33651 2.84403 1.34686 1.80017 -1.23005 2.8472 -1.33065 3.02744
2.203 1.51735 3.00911 1.89359 -1.77804 0.303418 1.16759 1.55638 -2.33651 2.84403 1.34686 1.80017 -1.23005 2.8472 -1.33065 3.02744
2.19843 1.51735 3.00911 1.89359 -1.77804 0.303418 1.16759 1.55638 -2.33651 2.84403 1.34686 1.80017 -1.23005 2.8472 -1.33065 3.02744
2.1938 1.51735 3.00911 1.89359 -1.77804 0.303418 1.16759 1.55638 -2.33651 2.84403 1.34686 1.80017 -1.23005 2.8472 -1.33065 3.02744
2.18928 1.51735 3.00911 1.89359 -1.77804 0.303418 1.16759 1.55638 -2.33651 2.84403 1.34686 1.80017 -1.23005 2.8472 -1.33065 3.02744
2.18465 1.51735 3.00911 1.89359 -1.77804 0.303418 1.16759 1.55638 -2.33651 2.84403 1.34686 1.80017 -1.23005 2.8472 -1.33065 3.02744
2.17991 1.51735 3.00911 1.89359 -1.77804 0.303418 1.16759 1.55638 -2.33651 2.84403 1.34686 1.80017 -1.23005 2.8472 -1.33065 3.02744
2.17498 1.51735 3.00911 1.89359 -1.77804 0.303418 1.16759 1.55638 -2.33651 2.84403 1.34686 1.80017 -1.23005 2.8472 -1.33065 3.02744
2.17033 1.51735 3.00911 1.89359 -1.77804 0.303418 1.16759 1.55638 -2.33651 2.84403 1.34686 1.80017 -1.23005 2.8472 -1.33065 3.02744
2.16575 1.51735 3.00911 1.89359 -1.77804 0.303418 1.16759 1.55638 -2.33651 2.84403 1.34686 1.80017 -1.23005 2.8472 -1.33065 3.02744
2.16109 1.51735 3.00911 1.89359 -1.77804 0.303418 1.16759 1.55638 -2.33651 2.84403 1.34686 1.80017 -1.23005 2.8472 -1.33065 3.02744
2.15624 1.51735 3.00911 1.89359 -1.77804 0.303418 1.16759 1.55638 -2.33651 2.84403 1.34686 1.80017 -1.23005 2.8472 -1.33065 3.02744
2.15148 1.51735 3.00911 1.89359 -1.77804 0.303418 1.16759 1.55638 -2.33651 2.84403 1.34686 1.80017 -1.23005 2.8472 -1.33065 3.02744
2.14681 1.51735 3.00911 1.89359 -1.77804 0.303418 1.16759 1.55638 -2.33651 2.84403 1.34686 1.80017 -1.23005 2.8472 -1.33065 3.02744
2.14211 1.51735 3.00911 1.89359 -1.77804 0.303418 1.16759 1.55638 -2.33651 2.84403 1.34686 1.80017 -1.23005 2.8472 -1.33065 3.02744
2.13736 1.51735 3.00911 1.89359 -1.77804 0.303418 1.16759 1.55638 -2.33651 2.84403 1.34686 1.80017 -1.23005 2.8472 -1.33065 3.02744
2.13263 1.51735 3.00911 1.89359 -1.77804 0.303418 1.16759 1.55638 -2.33651 2.84403 1.34686 1.80017 -1.23005 2.8472 -1.33065 3.02744
2.12786 1.51735 3.00911 1.89359 -1.77804 0.303418 1.16759 1.55638 -2.33651 2.84403 1.34686 1.80017 -1.23005 2.8472 -1.33065 3.02744
2.12308 1.51735 3.00911 1.89359 -1.77804 0.303418 1.16759 1.55638 -2.33651 2.84403 1.34686 1.80017 -1.23005 2.8472 -1.33065 3.02744
2.11828 1.51735 3.00911 1.89359 -1.77804 0.303418 1.16759 1.55638 -2.33651 2.84403 1.34686 1.80017 -1.23005 2.8472 -1.33065 3.02744
2.11335 1.51735 3.00911 1.89359 -1.77804 0.303418 1.16759 1.55638 -2.33651 2.84403 1.34686 1.80017 -1.23005 2.8472 -1.33065 3.02744
2.10856 1.51735 3.00911 1.89359 -1.77804 0.303418 1.16759 1.55638 -2.33651 2.84403 1.34686 1.80017 -1.23005 2.8472 -1.33065 3.02744
2.10365 1.51735 3.00911 1.89359 -1.77804 0.303418 1.16759 1.55638 -2.33651 2.84403 1.34686 1.80017 -1.23005 2.8472 -1.33065 3.02744
2.09873 1.51735 3.00911 1.89359 -1.77804 0.303418 1.16759 1.55638 -2.33651 2.84403 1.34686 1.80017 -1.23005 2.8472 -1.33065 3.02744
2.09374 1.51735 3.00911 1.89359 -1.77804 0.303418 1.16759 1.55638 -2.33651 2.84403 1.34686 1.80017 -1.23005 2.8472 -1.33065 3.02744
2.08878 1.51735 3.00911 1.89359 -1.77804 0.303418 1.16759 1.55638 -2.33651 2.84403 1.34686 1.80017 -1.23005 2.8472 -1.33065 3.02744
2.08386 1.51735 3.00911 1.89359 -1.77804 0.303418 1.16759 1.55638 -2.33651 2.84403 1.34686 1.80017 -1.23005 2.8472 -1.33065 3.02744
2.07897 1.51735 3.00911 1.89359 -1.77804 0.303418 1.16759 1.55638 -2.33651 2.84403 1.34686 1.80017 -1.23005 2.8472 -1.33065 3.02744
2.07405 1.51735 3.00911 1.89359 -1.77804 0.303418 1.16759 1.55638 -2.33651 2.84403 1.34686 1.80017 -1.23005 2.8472 -1.33065 3.02744
2.06903 1.51735 3.00911 1.89359 -1.77804 0.303418 1.16759 1.55638 -2.33651 2.84403 1.34686 1.80017 -1.23005 2.8472 -1.33065 3.02744
2.06407 1.51735 3.00911 1.89359 -1.77804 0.303418 1.16759 1.55638 -2.33651 2.84403 1.34686 1.80017 -1.23005 2.8472 -1.33065 3.02744
2.05906 1.51735 3.00911 1.89359 -1.77804 0.303418 1.16759 1.55638 -2.33651 2.84403 1.34686 1.80017 -1.23005 2.8472 -1.33065 3.02744
2.05397 1.51735 3.00911 1.89359 -1.77804 0.303418 1.16759 1.55638 -2.33651 2.84403 1.34686 1.80017 -1.23005 2.8472 -1.33065 3.02744
2.04885 1.51735 3.00911 1.89359 -1.77804 0.303418 1.16759 1.55638 -2.33651 2.84403 1.34686 1.80017 -1.23005 2.8472 -1.33065 3.02744
2.04383 1.51735 3.00911 1.89359 -1.77804 0.303418 1.16759 1.55638 -2.33651 2.84403 1.34686 1.80017 -1.23005 2.8472 -1.33065 3.02744
2.0388 1.51735 3.00911 1.89359 -1.77804 0.303418 1.16759 1.55638 -2.33651 2.84403 1.34686 1.80017 -1.23005 2.8472 -1.33065 3.02744
2.03372 1.51735 3.00911 1.89359 -1.77804 0.303418 1.16759 1.55638 -2.33651 2.84403 1.34686 1.80017 -1.23005 2.8472 -1.33065 3.02744
2.02869 1.51735 3.00911 1.89359 -1.77804 0.303418 1.16759 1.55638 -2.33651 2.84403 1.34686 1.80017 -1.23005 2.8472 -1.33065 3.02744
2.02357 1.51735 3.00911 1.89359 -1.77804 0.303418 1.16759 1.55638 -2.33651 2.84403 1.34686 1.80017 -1.23005 2.8472 -1.33065 3.02744
2.0184 1.51735 3.00911 1.89359 -1.77804 0.303418 1.16759 1.55638 -2.33651 2.84403 1.34686 1.80017 -1.23005 2.8472 -1.33065 3.02744
2.01332 1.51735 3.00911 1.89359 -1.77804 0.303418 1.16759 1.55638 -2.33651 2.84403 1.34686 1.80017 -1.23005 2.8472 -1.33065 3.02744
2.00821 1.51735 3.00911 1.89359 -1.77804 0.303418 1.16759 1.55638 -2.33651 2.84403 1.34686 1.80017 -1.23005 2.8472 -1.33065 3.02744
2.00306 1.51735 3.00911 1.89359 -1.77804 0.303418 1.16759 1.55638 -2.33651 2.84403 1.34686 1.80017 -1.23005 2.8472 -1.33065 3.02744
1.99784 1.51735 3.00911 1.89359 -1.77804 0.303418 1.16759 1.55638 -2.33651 2.84403 1.34686 1.80017 -1.23005 2.8472 -1.33065 3.02744
1.99259 1.51735 3.00911 1.89359 -1.77804 0.303418 1.16759 1.55638 -2.33651 2.84403 1.34686 1.80017 -1.23005 2.8472 -1.33065 3.02744
1.98723 1.51735 3.00911 1.89359 -1.77804 0.303418 1.16759 1.55638 -2.33651 2.84403 1.34686 1.80017 -1.23005 2.8472 -1.33065 3.02744
1.98192 1.51735 3.00911 1.89359 -1.77804 0.303418 1.16759 1.55638 -2.33651 2.84403 1.34686 1.80017 -1.23005 2.8472 -1.33065 3.02744
1.97662 1.51735 3.00911 1.89359 -1.77804 0.303418 1.16759 1.55638 -2.33651 2.84403 1.34686 1.80017 -1.23005 2.8472 -1.33065 3.02744
1.97117 1.51735 3.00911 1.89359 -1.77804 0.303418 1.16759 1.55638 -2.33651 2.84403 1.34686 1.80017 -1.23005 2.8472 -1.33065 3.02744
1.96592 1.51735 3.00911 1.89359 -1.77804 0.303418 1.16759 1.55638 -2.33651 2.84403 1.34686 1.80017 -1.23005 2.8472 -1.33065 3.02744
1.95354 1.51735 3.00911 1.89359 -1.77804 0.303418 1.16759 1.55638 -2.33651 2.84403 1.34686 1.80017 -1.23005 2.8472 -1.33065 3.02744
1.95354 1.51735 3.00911 1.89359 -1.77804 0.303418 1.16759 1.55638 -2.33651 2.84403 1.34686 1.80017 -1.23005 2.8472 -1.33065 3.02744
1.95354 1.51735 3.00911 1.89359 -1.77804 0.303418 1.16759 1.55638 -2.33651 2.84403 1.34686 1.80017 -1.23005 2.8472 -1.33065 3.02744
1.9539 1.51735 3.00911 1.89359 -1.77804 0.303418 1.16759 1.55638 -2.33651 2.84403 1.34686 1.80017 -1.23005 2.8472 -1.33065 3.02744
1.95451 1.51735 3.00911 1.89359 -1.77804 0.303418 1.16759 1.55638 -2.33651 2.84403 1.34686 1.80017 -1.23005 2.8472 -1.33065 3.02744
1.95528 1.51735 3.00911 1.89359 -1.77804 0.303418 1.16759 1.55638 -2.33651 2.84403 1.34686 1.80017 -1.23005 2.8472 -1.33065 3.02744
1.95617 1.51735 3.00911 1.89359 -1.77804 0.303418 1.16759 1.55638 -2.33651 2.84403 1.34686 1.80017 -1.23005 2.8472 -1.33065 3.02744
1.95714 1.51735 3.00911 1.89359 -1.77804 0.303418 1.16759 1.55638 -2.33651 2.84403 1.34686 1.80017 -1.23005 2.8472 -1.33065 3.02744
1.95824 1.51735 3.00911 1.89359 -1.77804 0.303418 1.16759 1.55638 -2.33651 2.84403 1.34686 1.80017 -1.23005 2.8472 -1.33065 3.02744
1.95939 1.51735 3.00911 1.89359 -1.77804 0.303418 1.16759 1.55638 -2.33651 2.84403 1.34686 1.80017 -1.23005 2.8472 -1.33065 3.02744
1.96167 1.51735 3.00911 1.89359 -1.77804 0.303418 1.16759 1.55638 -2.33651 2.84403 1.34686 1.80017 -1.23005 2.8472 -1.33065 3.02744
1.96439 1.51735 3.00911 1.89359 -1.77804 0.303418 1.16759 1.55638 -2.33651 2.84403 1.34686 1.80017 -1.23005 2.8472 -1.33065 3.02744
1.96774 1.51735 3.00911 1.89359 -1.77804 0.303418 1.16759 1.55638 -2.33651 2.84403 1.34686 1.80017 -1.23005 2.8472 -1.33065 3.02744
1.97133 1.51735 3.00911 1.89359 -1.77804 0.303418 1.16759 1.55638 -2.33651 2.84403 1.34686 1.80017 -1.23005 2.8472 -1.33065 3.02744
1.97504 1.51735 3.00911 1.89359 -1.77804 0.303418 1.16759 1.55638 -2.33651 2.84403 1.34686 1.80017 -1.23005 2.8472 -1.33065 3.02744
1.97865 1.51735 3.00911 1.89359 -1.77804 0.303418 1.16759 1.55638 -2.33651 2.84403 1.34686 1.80017 -1.23005 2.8472 -1.33065 3.02744
1.9825 1.51735 3.00911 1.89359 -1.77804 0.303418 1.16759 1.55638 -2.33651 2.84403 1.34686 1.80017 -1.23005 2.8472 -1.33065 3.02744
1.98609 1.51735 3.00911 1.89359 -1.77804 0.303418 1.16759 1.55638 -2.33651 2.84403 1.34686 1.80017 -1.23005 2.8472 -1.33065 3.02744
1.98984 1.51735 3.00911 1.89359 -1.77804 0.303418 1.16759 1.55638 -2.33651 2.84403 1.34686 1.80017 -1.23005 2.8472 -1.33065 3.02744
1.99355 1.51735 3.00911 1.89359 -1.77804 0.303418 1.16759 1.55638 -2.33651 2.84403 1.34686 1.80017 -1.23005 2.8472 -1.33065 3.02744
1.99721 1.51735 3.00911 1.89359 -1.77804 0.303418 1.16759 1.55638 -2.33651 2.84403 1.34686 1.80017 -1.23005 2.8472 -1.33065 3.02744
2.00129 1.51735 3.00911 1.89359 -1.77804 0.303418 1.16759 1.55638 -2.33651 2.84403 1.34686 1.80017 -1.23005 2.8472 -1.33065 3.02744
2.00563 1.51735 3.00911 1.89359 -1.77804 0.303418 1.16759 1.55638 -2.33651 2.84403 1.34686 1.80017 -1.23005 2.8472 -1.33065 3.02744
2.00987 1.51735 3.00911 1.89359 -1.77804 0.303418 1.16759 1.55638 -2.33651 2.84403 1.34686 1.80017 -1.23005 2.8472 -1.33065 3.02744
2.01429 1.51735 3.00911 1.89359 -1.77804 0.303418 1.16759 1.55638 -2.33651 2.84403 1.34686 1.80017 -1.23005 2.8472 -1.33065 3.02744
2.01879 1.51735 3.00911 1.89359 -1.77804 0.303418 1.16759 1.55638 -2.33651 2.84403 1.34686 1.80017 -1.23005 2.8472 -1.33065 3.02744
2.02341 1.51735 3.00911 1.89359 -1.77804 0.303418 1.16759 1.55638 -2.33651 2.84403 1.34686 1.80017 -1.23005 2.8472 -1.33065 3.02744
2.028 1.51735 3.00911 1.89359 -1.77804 0.303418 1.16759 1.55638 -2.33651 2.84403 1.34686 1.80017 -1.23005 2.8472 -1.33065 3.02744
2.03269 1.51735 3.00911 1.89359 -1.77804 0.303418 1.16759 1.55638 -2.33651 2.84403 1.34686 1.80017 -1.23005 2.8472 -1.33065 3.02744
2.03762 1.51735 3.00911 1.89359 -1.77804 0.303418 1.16759 1.55638 -2.33651 2.84403 1.34686 1.80017 -1.23005 2.8472 -1.33065 3.02744
2.04245 1.51735 3.00911 1.89359 -1.77804 0.303418 1.16759 1.55638 -2.33651 2.84403 1.34686 1.80017 -1.23005 2.8472 -1.33065 3.02744
2.04746 1.51735 3.00911 1.89359 -1.77804 0.303418 1.16759 1.55638 -2.33651 2.84403 1.34686 1.80017 -1.23005 2.8472 -1.33065 3.02744
2.05262 1.51735 3.00911 1.89359 -1.77804 0.303418 1.16759 1.55638 -2.33651 2.84403 1.34686 1.80017 -1.23005 2.8472 -1.33065 3.02744
2.0579 1.51735 3.00911 1.89359 -1.77804 0.303418 1.16759 1.55638 -2.33651 2.84403 1.34686 1.80017 -1.23005 2.8472 -1.33065 3.02744
2.06323 1.51735 3.00911 1.89359 -1.77804 0.303418 1.16759 1.55638 -2.33651 2.84403 1.34686 1.80017 -1.23005 2.8472 -1.33065 3.02744
2.06875 1.51735 3.00911 1.89359 -1.77804 0.303418 1.16759 1.55638 -2.33651 2.84403 1.34686 1.80017 -1.23005 2.8472 -1.33065 3.02744
2.07441 1.51735 3.00911 1.89359 -1.77804 0.303418 1.16759 1.55638 -2.33651 2.84403 1.34686 1.80017 -1.23005 2.8472 -1.33065 3.02744
2.08007 1.51735 3.00911 1.89359 -1.77804 0.303418 1.16759 1.55638 -2.33651 2.84403 1.34686 1.80017 -1.23005 2.8472 -1.33065 3.02744
2.08613 1.51735 3.00911 1.89359 -1.77804 0.303418 1.16759 1.55638 -2.33651 2.84403 1.34686 1.80017 -1.23005 2.8472 -1.33065 3.02744
2.09226 1.51735 3.00911 1.89359 -1.77804 0.303418 1.16759 1.55638 -2.33651 2.84403 1.34686 1.80017 -1.23005 2.8472 -1.33065 3.02744
2.09896 1.51735 3.00911 1.89359 -1.77804 0.303418 1.16759 1.55638 -2.33651 2.84403 1.34686 1.80017 -1.23005 2.8472 -1.33065 3.02744
2.10547 1.51735 3.00911 1.89359 -1.77804 0.303418 1.16759 1.55638 -2.33651 2.84403 1.34686 1.80017 -1.23005 2.8472 -1.33065 3.02744
2.11212 1.51735 3.00911 1.89359 -1.77804 0.303418 1.16759 1.55638 -2.33651 2.84403 1.34686 1.80017 -1.23005 2.8472 -1.33065 3.02744
2.11886 1.51735 3.00911 1.89359 -1.77804 0.303418 1.16759 1.55638 -2.33651 2.84403 1.34686 1.80017 -1.23005 2.8472 -1.33065 3.02744
2.12563 1.51735 3.00911 1.89359 -1.77804 0.303418 1.16759 1.55638 -2.33651 2.84403 1.34686 1.80017 -1.23005 2.8472 -1.33065 3.02744
2.13263 1.51735 3.00911 1.89359 -1.77804 0.303418 1.16759 1.55638 -2.33651 2.84403 1.34686 1.80017 -1.23005 2.8472 -1.33065 3.02744
2.13991 1.51735 3.00911 1.89359 -1.77804 0.303418 1.16759 1.55638 -2.33651 2.84403 1.34686 1.80017 -1.23005 2.8472 -1.33065 3.02744
2.14721 1.51735 3.00911 1.89359 -1.77804 0.303418 1.16759 1.55638 -2.33651 2.84403 1.34686 1.80017 -1.23005 2.8472 -1.33065 3.02744
2.15494 1.51735 3.00911 1.89359 -1.77804 0.303418 1.16759 1.55638 -2.33651 2.84403 1.34686 1.80017 -1.23005 2.8472 -1.33065 3.02744
2.16262 1.51735 3.00911 1.89359 -1.77804 0.303418 1.16759 1.55638 -2.33651 2.84403 1.34686 1.80017 -1.23005 2.8472 -1.33065 3.02744
2.17128 1.51735 3.00911 1.89359 -1.77804 0.303418 1.16759 1.55638 -2.33651 2.84403 1.34686 1.80017 -1.23005 2.8472 -1.33065 3.02744
2.17977 1.51735 3.00911 1.89359 -1.77804 0.303418 1.16759 1.55638 -2.33651 2.84403 1.34686 1.80017 -1.23005 2.8472 -1.33065 3.02744
2.18846 1.51735 3.00911 1.89359 -1.77804 0.303418 1.16759 1.55638 -2.33651 2.84403 1.34686 1.80017 -1.23005 2.8472 -1.33065 3.02744
2.19705 1.51735 3.00911 1.89359 -1.77804 0.303418 1.16759 1.55638 -2.33651 2.84403 1.34686 1.80017 -1.23005 2.8472 -1.33065 3.02744
2.20593 1.51735 3.00911 1.89359 -1.77804 0.303418 1.16759 1.55638 -2.33651 2.84403 1.34686 1.80017 -1.23005 2.8472 -1.33065 3.02744
2.21501 1.51735 3.00911 1.89359 -1.77804 0.303418 1.16759 1.55638 -2.33651 2.84403 1.34686 1.80017 -1.23005 2.8472 -1.33065 3.02744
2.22416 1.51735 3.00911 1.89359 -1.77804 0.303418 1.16759 1.55638 -2.33651 2.84403 1.34686 1.80017 -1.23005 2.8472 -1.33065 3.02744
2.23371 1.51735 3.00911 1.89359 -1.77804 0.303418 1.16759 1.55638 -2.33651 2.84403 1.34686 1.80017 -1.23005 2.8472 -1.33065 3.02744
2.24332 1.51735 3.00911 1.89359 -1.77804 0.303418 1.16759 1.55638 -2.33651 2.84403 1.34686 1.80017 -1.23005 2.8472 -1.33065 3.02744
2.25338 1.51735 3.00911 1.89359 -1.77804 0.303418 1.16759 1.55638 -2.33651 2.84403 1.34686 1.80017 -1.23005 2.8472 -1.33065 3.02744
