4.01
4.02
4.03
4.04
4.051
4.061
4.072
4.082
4.092
4.105
4.126
4.146
4.167
4.187
4.208
4.229
4.249
4.27
4.29
4.311
4.35
4.389
4.428
4.466
4.505
4.544
4.583
4.622
4.661
4.7
4.738
4.777
4.816
4.856
4.895
4.934
4.973
5.012
5.051
5.092
5.132
5.17
5.209
5.248
5.288
5.326
5.365
5.406
5.445
5.483
5.522
5.561
5.6
5.639
5.678
5.716
5.755
5.794
5.834
5.873
5.913
5.952
5.99
6.029
6.07
6.111
6.15
6.188
6.227
6.266
6.306
6.345
6.383
6.422
6.46
6.499
6.538
6.576
6.615
6.655
6.693
6.732
6.772
6.811
6.851
6.89
6.928
6.966
7.006
7.044
7.084
7.123
7.162
7.201
7.239
7.278
7.316
7.356
7.394
7.432
7.471
7.509
7.548
7.587
7.627
7.666
7.706
7.745
7.783
8.407
8.418
8.428
8.439
8.45
8.461
8.471
8.482
8.493
8.506
8.545
8.584
8.623
8.662
8.701
8.742
8.781
8.82
8.859
8.898
8.937
8.978
9.017
9.056
9.096
9.135
9.176
9.215
9.254
9.293
9.331
9.37
9.408
9.447
9.486
9.524
9.563
9.602
9.641
9.682
9.722
9.762
9.801
9.84
9.879
9.917
9.956
9.995
10.034
10.073
10.116
10.156
10.195
10.234
10.273
10.312
10.35
10.389
10.428
10.467
