2.79859 -0.41534 -1.26325 1.88646 0.273308 -1.47361 0.909542 -0.129073 1.82449 0.324177 -1.7574 -1.41457 -0.614559 2.24014 -1.25919 2.13658
2.79851 -0.41534 -1.26325 1.88646 0.273308 -1.47361 0.909542 -0.129073 1.82449 0.324177 -1.7574 -1.41457 -0.614559 2.24014 -1.25919 2.13658
2.79817 -0.41534 -1.26325 1.88646 0.273308 -1.47361 0.909542 -0.129073 1.82449 0.324177 -1.7574 -1.41457 -0.614559 2.24014 -1.25919 2.13658
2.79772 -0.41534 -1.26325 1.88646 0.273308 -1.47361 0.909542 -0.129073 1.82449 0.324177 -1.7574 -1.41457 -0.614559 2.24014 -1.25919 2.13658
2.79706 -0.41534 -1.26325 1.88646 0.273308 -1.47361 0.909542 -0.129073 1.82449 0.324177 -1.7574 -1.41457 -0.614559 2.24014 -1.25919 2.13658
2.7964 -0.41534 -1.26325 1.88646 0.273308 -1.47361 0.909542 -0.129073 1.82449 0.324177 -1.7574 -1.41457 -0.614559 2.24014 -1.25919 2.13658
2.79568 -0.41534 -1.26325 1.88646 0.273308 -1.47361 0.909542 -0.129073 1.82449 0.324177 -1.7574 -1.41457 -0.614559 2.24014 -1.25919 2.13658
2.7945 -0.41534 -1.26325 1.88646 0.273308 -1.47361 0.909542 -0.129073 1.82449 0.324177 -1.7574 -1.41457 -0.614559 2.24014 -1.25919 2.13658
2.79358 -0.41534 -1.26325 1.88646 0.273308 -1.47361 0.909542 -0.129073 1.82449 0.324177 -1.7574 -1.41457 -0.614559 2.24014 -1.25919 2.13658
2.79252 -0.41534 -1.26325 1.88646 0.273308 -1.47361 0.909542 -0.129073 1.82449 0.324177 -1.7574 -1.41457 -0.614559 2.24014 -1.25919 2.13658
2.79128 -0.41534 -1.26325 1.88646 0.273308 -1.47361 0.909542 -0.129073 1.82449 0.324177 -1.7574 -1.41457 -0.614559 2.24014 -1.25919 2.13658
2.78973 -0.41534 -1.26325 1.88646 0.273308 -1.47361 0.909542 -0.129073 1.82449 0.324177 -1.7574 -1.41457 -0.614559 2.24014 -1.25919 2.13658
2.78822 -0.41534 -1.26325 1.88646 0.273308 -1.47361 0.909542 -0.129073 1.82449 0.324177 -1.7574 -1.41457 -0.614559 2.24014 -1.25919 2.13658
2.78662 -0.41534 -1.26325 1.88646 0.273308 -1.47361 0.909542 -0.129073 1.82449 0.324177 -1.7574 -1.41457 -0.614559 2.24014 -1.25919 2.13658
2.78492 -0.41534 -1.26325 1.88646 0.273308 -1.47361 0.909542 -0.129073 1.82449 0.324177 -1.7574 -1.41457 -0.614559 2.24014 -1.25919 2.13658
2.78319 -0.41534 -1.26325 1.88646 0.273308 -1.47361 0.909542 -0.129073 1.82449 0.324177 -1.7574 -1.41457 -0.614559 2.24014 -1.25919 2.13658
2.78149 -0.41534 -1.26325 1.88646 0.273308 -1.47361 0.909542 -0.129073 1.82449 0.324177 -1.7574 -1.41457 -0.614559 2.24014 -1.25919 2.13658
2.77976 -0.41534 -1.26325 1.88646 0.273308 -1.47361 0.909542 -0.129073 1.82449 0.324177 -1.7574 -1.41457 -0.614559 2.24014 -1.25919 2.13658
2.77796 -0.41534 -1.26325 1.88646 0.273308 -1.47361 0.909542 -0.129073 1.82449 0.324177 -1.7574 -1.41457 -0.614559 2.24014 -1.25919 2.13658
2.77612 -0.41534 -1.26325 1.88646 0.273308 -1.47361 0.909542 -0.129073 1.82449 0.324177 -1.7574 -1.41457 -0.614559 2.24014 -1.25919 2.13658
2.77253 -0.41534 -1.26325 1.88646 0.273308 -1.47361 0.909542 -0.129073 1.82449 0.324177 -1.7574 -1.41457 -0.614559 2.24014 -1.25919 2.13658
2.76878 -0.41534 -1.26325 1.88646 0.273308 -1.47361 0.909542 -0.129073 1.82449 0.324177 -1.7574 -1.41457 -0.614559 2.24014 -1.25919 2.13658
2.7649 -0.41534 -1.26325 1.88646 0.273308 -1.47361 0.909542 -0.129073 1.82449 0.324177 -1.7574 -1.41457 -0.614559 2.24014 -1.25919 2.13658
2.76093 -0.41534 -1.26325 1.88646 0.273308 -1.47361 0.909542 -0.129073 1.82449 0.324177 -1.7574 -1.41457 -0.614559 2.24014 -1.25919 2.13658
2.75716 -0.41534 -1.26325 1.88646 0.273308 -1.47361 0.909542 -0.129073 1.82449 0.324177 -1.7574 -1.41457 -0.614559 2.24014 -1.25919 2.13658
2.75359 -0.41534 -1.26325 1.88646 0.273308 -1.47361 0.909542 -0.129073 1.82449 0.324177 -1.7574 -1.41457 -0.614559 2.24014 -1.25919 2.13658
2.75017 -0.41534 -1.26325 1.88646 0.273308 -1.47361 0.909542 -0.129073 1.82449 0.324177 -1.7574 -1.41457 -0.614559 2.24014 -1.25919 2.13658
2.74663 -0.41534 -1.26325 1.88646 0.273308 -1.47361 0.909542 -0.129073 1.82449 0.324177 -1.7574 -1.41457 -0.614559 2.24014 -1.25919 2.13658
2.74301 -0.41534 -1.26325 1.88646 0.273308 -1.47361 0.909542 -0.129073 1.82449 0.324177 -1.7574 -1.41457 -0.614559 2.24014 -1.25919 2.13658
2.73943 -0.41534 -1.26325 1.88646 0.273308 -1.47361 0.909542 -0.129073 1.82449 0.324177 -1.7574 -1.41457 -0.614559 2.24014 -1.25919 2.13658
2.73583 -0.41534 -1.26325 1.88646 0.273308 -1.47361 0.909542 -0.129073 1.82449 0.324177 -1.7574 -1.41457 -0.614559 2.24014 -1.25919 2.13658
2.73221 -0.41534 -1.26325 1.88646 0.273308 -1.47361 0.909542 -0.129073 1.82449 0.324177 -1.7574 -1.41457 -0.614559 2.24014 -1.25919 2.13658
2.72843 -0.41534 -1.26325 1.88646 0.273308 -1.47361 0.909542 -0.129073 1.82449 0.324177 -1.7574 -1.41457 -0.614559 2.24014 -1.25919 2.13658
2.72452 -0.41534 -1.26325 1.88646 0.273308 -1.47361 0.909542 -0.129073 1.82449 0.324177 -1.7574 -1.41457 -0.614559 2.24014 -1.25919 2.13658
2.72064 -0.41534 -1.26325 1.88646 0.273308 -1.47361 0.909542 -0.129073 1.82449 0.324177 -1.7574 -1.41457 -0.614559 2.24014 -1.25919 2.13658
2.71686 -0.41534 -1.26325 1.88646 0.273308 -1.47361 0.909542 -0.129073 1.82449 0.324177 -1.7574 -1.41457 -0.614559 2.24014 -1.25919 2.13658
2.71315 -0.41534 -1.26325 1.88646 0.273308 -1.47361 0.909542 -0.129073 1.82449 0.324177 -1.7574 -1.41457 -0.614559 2.24014 -1.25919 2.13658
2.70939 -0.41534 -1.26325 1.88646 0.273308 -1.47361 0.909542 -0.129073 1.82449 0.324177 -1.7574 -1.41457 -0.614559 2.24014 -1.25919 2.13658
2.70548 -0.41534 -1.26325 1.88646 0.273308 -1.47361 0.909542 -0.129073 1.82449 0.324177 -1.7574 -1.41457 -0.614559 2.24014 -1.25919 2.13658
2.70166 -0.41534 -1.26325 1.88646 0.273308 -1.47361 0.909542 -0.129073 1.82449 0.324177 -1.7574 -1.41457 -0.614559 2.24014 -1.25919 2.13658
2.69786 -0.41534 -1.26325 1.88646 0.273308 -1.47361 0.909542 -0.129073 1.82449 0.324177 -1.7574 -1.41457 -0.614559 2.24014 -1.25919 2.13658
2.69397 -0.41534 -1.26325 1.88646 0.273308 -1.47361 0.909542 -0.129073 1.82449 0.324177 -1.7574 -1.41457 -0.614559 2.24014 -1.25919 2.13658
2.69001 -0.41534 -1.26325 1.88646 0.273308 -1.47361 0.909542 -0.129073 1.82449 0.324177 -1.7574 -1.41457 -0.614559 2.24014 -1.25919 2.13658
2.68596 -0.41534 -1.26325 1.88646 0.273308 -1.47361 0.909542 -0.129073 1.82449 0.324177 -1.7574 -1.41457 -0.614559 2.24014 -1.25919 2.13658
2.68182 -0.41534 -1.26325 1.88646 0.273308 -1.47361 0.909542 -0.129073 1.82449 0.324177 -1.7574 -1.41457 -0.614559 2.24014 -1.25919 2.13658
2.67774 -0.41534 -1.26325 1.88646 0.273308 -1.47361 0.909542 -0.129073 1.82449 0.324177 -1.7574 -1.41457 -0.614559 2.24014 -1.25919 2.13658
2.67345 -0.41534 -1.26325 1.88646 0.273308 -1.47361 0.909542 -0.129073 1.82449 0.324177 -1.7574 -1.41457 -0.614559 2.24014 -1.25919 2.13658
2.66939 -0.41534 -1.26325 1.88646 0.273308 -1.47361 0.909542 -0.129073 1.82449 0.324177 -1.7574 -1.41457 -0.614559 2.24014 -1.25919 2.13658
2.66536 -0.41534 -1.26325 1.88646 0.273308 -1.47361 0.909542 -0.129073 1.82449 0.324177 -1.7574 -1.41457 -0.614559 2.24014 -1.25919 2.13658
2.66134 -0.41534 -1.26325 1.88646 0.273308 -1.47361 0.909542 -0.129073 1.82449 0.324177 -1.7574 -1.41457 -0.614559 2.24014 -1.25919 2.13658
2.65734 -0.41534 -1.26325 1.88646 0.273308 -1.47361 0.909542 -0.129073 1.82449 0.324177 -1.7574 -1.41457 -0.614559 2.24014 -1.25919 2.13658
2.65327 -0.41534 -1.26325 1.88646 0.273308 -1.47361 0.909542 -0.129073 1.82449 0.324177 -1.7574 -1.41457 -0.614559 2.24014 -1.25919 2.13658
2.64919 -0.41534 -1.26325 1.88646 0.273308 -1.47361 0.909542 -0.129073 1.82449 0.324177 -1.7574 -1.41457 -0.614559 2.24014 -1.25919 2.13658
2.64498 -0.41534 -1.26325 1.88646 0.273308 -1.47361 0.909542 -0.129073 1.82449 0.324177 -1.7574 -1.41457 -0.614559 2.24014 -1.25919 2.13658
2.64075 -0.41534 -1.26325 1.88646 0.273308 -1.47361 0.909542 -0.129073 1.82449 0.324177 -1.7574 -1.41457 -0.614559 2.24014 -1.25919 2.13658
2.63649 -0.41534 -1.26325 1.88646 0.273308 -1.47361 0.909542 -0.129073 1.82449 0.324177 -1.7574 -1.41457 -0.614559 2.24014 -1.25919 2.13658
2.63236 -0.41534 -1.26325 1.88646 0.273308 -1.47361 0.909542 -0.129073 1.82449 0.324177 -1.7574 -1.41457 -0.614559 2.24014 -1.25919 2.13658
2.62815 -0.41534 -1.26325 1.88646 0.273308 -1.47361 0.909542 -0.129073 1.82449 0.324177 -1.7574 -1.41457 -0.614559 2.24014 -1.25919 2.13658
2.62391 -0.41534 -1.26325 1.88646 0.273308 -1.47361 0.909542 -0.129073 1.82449 0.324177 -1.7574 -1.41457 -0.614559 2.24014 -1.25919 2.13658
2.61969 -0.41534 -1.26325 1.88646 0.273308 -1.47361 0.909542 -0.129073 1.82449 0.324177 -1.7574 -1.41457 -0.614559 2.24014 -1.25919 2.13658
2.6155 -0.41534 -1.26325 1.88646 0.273308 -1.47361 0.909542 -0.129073 1.82449 0.324177 -1.7574 -1.41457 -0.614559 2.24014 -1.25919 2.13658
2.6112 -0.41534 -1.26325 1.88646 0.273308 -1.47361 0.909542 -0.129073 1.82449 0.324177 -1.7574 -1.41457 -0.614559 2.24014 -1.25919 2.13658
2.60685 -0.41534 -1.26325 1.88646 0.273308 -1.47361 0.909542 -0.129073 1.82449 0.324177 -1.7574 -1.41457 -0.614559 2.24014 -1.25919 2.13658
2.60255 -0.41534 -1.26325 1.88646 0.273308 -1.47361 0.909542 -0.129073 1.82449 0.324177 -1.7574 -1.41457 -0.614559 2.24014 -1.25919 2.13658
2.59819 -0.41534 -1.26325 1.88646 0.273308 -1.47361 0.909542 -0.129073 1.82449 0.324177 -1.7574 -1.41457 -0.614559 2.24014 -1.25919 2.13658
2.59386 -0.41534 -1.26325 1.88646 0.273308 -1.47361 0.909542 -0.129073 1.82449 0.324177 -1.7574 -1.41457 -0.614559 2.24014 -1.25919 2.13658
2.58947 -0.41534 -1.26325 1.88646 0.273308 -1.47361 0.909542 -0.129073 1.82449 0.324177 -1.7574 -1.41457 -0.614559 2.24014 -1.25919 2.13658
2.58504 -0.41534 -1.26325 1.88646 0.273308 -1.47361 0.909542 -0.129073 1.82449 0.324177 -1.7574 -1.41457 -0.614559 2.24014 -1.25919 2.13658
2.58056 -0.41534 -1.26325 1.88646 0.273308 -1.47361 0.909542 -0.129073 1.82449 0.324177 -1.7574 -1.41457 -0.614559 2.24014 -1.25919 2.13658
2.57608 -0.41534 -1.26325 1.88646 0.273308 -1.47361 0.909542 -0.129073 1.82449 0.324177 -1.7574 -1.41457 -0.614559 2.24014 -1.25919 2.13658
2.57143 -0.41534 -1.26325 1.88646 0.273308 -1.47361 0.909542 -0.129073 1.82449 0.324177 -1.7574 -1.41457 -0.614559 2.24014 -1.25919 2.13658
2.56655 -0.41534 -1.26325 1.88646 0.273308 -1.47361 0.909542 -0.129073 1.82449 0.324177 -1.7574 -1.41457 -0.614559 2.24014 -1.25919 2.13658
2.56169 -0.41534 -1.26325 1.88646 0.273308 -1.47361 0.909542 -0.129073 1.82449 0.324177 -1.7574 -1.41457 -0.614559 2.24014 -1.25919 2.13658
2.55717 -0.41534 -1.26325 1.88646 0.273308 -1.47361 0.909542 -0.129073 1.82449 0.324177 -1.7574 -1.41457 -0.614559 2.24014 -1.25919 2.13658
2.55267 -0.41534 -1.26325 1.88646 0.273308 -1.47361 0.909542 -0.129073 1.82449 0.324177 -1.7574 -1.41457 -0.614559 2.24014 -1.25919 2.13658
2.5481 -0.41534 -1.26325 1.88646 0.273308 -1.47361 0.909542 -0.129073 1.82449 0.324177 -1.7574 -1.41457 -0.614559 2.24014 -1.25919 2.13658
2.54347 -0.41534 -1.26325 1.88646 0.273308 -1.47361 0.909542 -0.129073 1.82449 0.324177 -1.7574 -1.41457 -0.614559 2.24014 -1.25919 2.13658
2.53888 -0.41534 -1.26325 1.88646 0.273308 -1.47361 0.909542 -0.129073 1.82449 0.324177 -1.7574 -1.41457 -0.614559 2.24014 -1.25919 2.13658
2.53426 -0.41534 -1.26325 1.88646 0.273308 -1.47361 0.909542 -0.129073 1.82449 0.324177 -1.7574 -1.41457 -0.614559 2.24014 -1.25919 2.13658
2.52959 -0.41534 -1.26325 1.88646 0.273308 -1.47361 0.909542 -0.129073 1.82449 0.324177 -1.7574 -1.41457 -0.614559 2.24014 -1.25919 2.13658
2.52488 -0.41534 -1.26325 1.88646 0.273308 -1.47361 0.909542 -0.129073 1.82449 0.324177 -1.7574 -1.41457 -0.614559 2.24014 -1.25919 2.13658
2.52009 -0.41534 -1.26325 1.88646 0.273308 -1.47361 0.909542 -0.129073 1.82449 0.324177 -1.7574 -1.41457 -0.614559 2.24014 -1.25919 2.13658
2.51534 -0.41534 -1.26325 1.88646 0.273308 -1.47361 0.909542 -0.129073 1.82449 0.324177 -1.7574 -1.41457 -0.614559 2.24014 -1.25919 2.13658
2.51058 -0.41534 -1.26325 1.88646 0.273308 -1.47361 0.909542 -0.129073 1.82449 0.324177 -1.7574 -1.41457 -0.614559 2.24014 -1.25919 2.13658
2.50577 -0.41534 -1.26325 1.88646 0.273308 -1.47361 0.909542 -0.129073 1.82449 0.324177 -1.7574 -1.41457 -0.614559 2.24014 -1.25919 2.13658
2.50098 -0.41534 -1.26325 1.88646 0.273308 -1.47361 0.909542 -0.129073 1.82449 0.324177 -1.7574 -1.41457 -0.614559 2.24014 -1.25919 2.13658
2.49619 -0.41534 -1.26325 1.88646 0.273308 -1.47361 0.909542 -0.129073 1.82449 0.324177 -1.7574 -1.41457 -0.614559 2.24014 -1.25919 2.13658
2.49136 -0.41534 -1.26325 1.88646 0.273308 -1.47361 0.909542 -0.129073 1.82449 0.324177 -1.7574 -1.41457 -0.614559 2.24014 -1.25919 2.13658
2.48651 -0.41534 -1.26325 1.88646 0.273308 -1.47361 0.909542 -0.129073 1.82449 0.324177 -1.7574 -1.41457 -0.614559 2.24014 -1.25919 2.13658
2.48161 -0.41534 -1.26325 1.88646 0.273308 -1.47361 0.909542 -0.129073 1.82449 0.324177 -1.7574 -1.41457 -0.614559 2.24014 -1.25919 2.13658
2.47664 -0.41534 -1.26325 1.88646 0.273308 -1.47361 0.909542 -0.129073 1.82449 0.324177 -1.7574 -1.41457 -0.614559 2.24014 -1.25919 2.13658
2.47163 -0.41534 -1.26325 1.88646 0.273308 -1.47361 0.909542 -0.129073 1.82449 0.324177 -1.7574 -1.41457 -0.614559 2.24014 -1.25919 2.13658
2.46632 -0.41534 -1.26325 1.88646 0.273308 -1.47361 0.909542 -0.129073 1.82449 0.324177 -1.7574 -1.41457 -0.614559 2.24014 -1.25919 2.13658
2.46128 -0.41534 -1.26325 1.88646 0.273308 -1.47361 0.909542 -0.129073 1.82449 0.324177 -1.7574 -1.41457 -0.614559 2.24014 -1.25919 2.13658
2.45595 -0.41534 -1.26325 1.88646 0.273308 -1.47361 0.909542 -0.129073 1.82449 0.324177 -1.7574 -1.41457 -0.614559 2.24014 -1.25919 2.13658
2.4509 -0.41534 -1.26325 1.88646 0.273308 -1.47361 0.909542 -0.129073 1.82449 0.324177 -1.7574 -1.41457 -0.614559 2.24014 -1.25919 2.13658
2.4448 -0.41534 -1.26325 1.88646 0.273308 -1.47361 0.909542 -0.129073 1.82449 0.324177 -1.7574 -1.41457 -0.614559 2.24014 -1.25919 2.13658
2.43922 -0.41534 -1.26325 1.88646 0.273308 -1.47361 0.909542 -0.129073 1.82449 0.324177 -1.7574 -1.41457 -0.614559 2.24014 -1.25919 2.13658
2.43393 -0.41534 -1.26325 1.88646 0.273308 -1.47361 0.909542 -0.129073 1.82449 0.324177 -1.7574 -1.41457 -0.614559 2.24014 -1.25919 2.13658
2.42873 -0.41534 -1.26325 1.88646 0.273308 -1.47361 0.909542 -0.129073 1.82449 0.324177 -1.7574 -1.41457 -0.614559 2.24014 -1.25919 2.13658
2.42359 -0.41534 -1.26325 1.88646 0.273308 -1.47361 0.909542 -0.129073 1.82449 0.324177 -1.7574 -1.41457 -0.614559 2.24014 -1.25919 2.13658
2.41843 -0.41534 -1.26325 1.88646 0.273308 -1.47361 0.909542 -0.129073 1.82449 0.324177 -1.7574 -1.41457 -0.614559 2.24014 -1.25919 2.13658
2.41326 -0.41534 -1.26325 1.88646 0.273308 -1.47361 0.909542 -0.129073 1.82449 0.324177 -1.7574 -1.41457 -0.614559 2.24014 -1.25919 2.13658
2.40173 -0.41534 -1.26325 1.88646 0.273308 -1.47361 0.909542 -0.129073 1.82449 0.324177 -1.7574 -1.41457 -0.614559 2.24014 -1.25919 2.13658
2.40204 -0.41534 -1.26325 1.88646 0.273308 -1.47361 0.909542 -0.129073 1.82449 0.324177 -1.7574 -1.41457 -0.614559 2.24014 -1.25919 2.13658
2.40256 -0.41534 -1.26325 1.88646 0.273308 -1.47361 0.909542 -0.129073 1.82449 0.324177 -1.7574 -1.41457 -0.614559 2.24014 -1.25919 2.13658
2.40376 -0.41534 -1.26325 1.88646 0.273308 -1.47361 0.909542 -0.129073 1.82449 0.324177 -1.7574 -1.41457 -0.614559 2.24014 -1.25919 2.13658
2.40531 -0.41534 -1.26325 1.88646 0.273308 -1.47361 0.909542 -0.129073 1.82449 0.324177 -1.7574 -1.41457 -0.614559 2.24014 -1.25919 2.13658
2.40718 -0.41534 -1.26325 1.88646 0.273308 -1.47361 0.909542 -0.129073 1.82449 0.324177 -1.7574 -1.41457 -0.614559 2.24014 -1.25919 2.13658
2.4092 -0.41534 -1.26325 1.88646 0.273308 -1.47361 0.909542 -0.129073 1.82449 0.324177 -1.7574 -1.41457 -0.614559 2.24014 -1.25919 2.13658
2.41136 -0.41534 -1.26325 1.88646 0.273308 -1.47361 0.909542 -0.129073 1.82449 0.324177 -1.7574 -1.41457 -0.614559 2.24014 -1.25919 2.13658
2.41344 -0.41534 -1.26325 1.88646 0.273308 -1.47361 0.909542 -0.129073 1.82449 0.324177 -1.7574 -1.41457 -0.614559 2.24014 -1.25919 2.13658
2.41535 -0.41534 -1.26325 1.88646 0.273308 -1.47361 0.909542 -0.129073 1.82449 0.324177 -1.7574 -1.41457 -0.614559 2.24014 -1.25919 2.13658
2.41852 -0.41534 -1.26325 1.88646 0.273308 -1.47361 0.909542 -0.129073 1.82449 0.324177 -1.7574 -1.41457 -0.614559 2.24014 -1.25919 2.13658
2.42166 -0.41534 -1.26325 1.88646 0.273308 -1.47361 0.909542 -0.129073 1.82449 0.324177 -1.7574 -1.41457 -0.614559 2.24014 -1.25919 2.13658
2.42512 -0.41534 -1.26325 1.88646 0.273308 -1.47361 0.909542 -0.129073 1.82449 0.324177 -1.7574 -1.41457 -0.614559 2.24014 -1.25919 2.13658
2.42889 -0.41534 -1.26325 1.88646 0.273308 -1.47361 0.909542 -0.129073 1.82449 0.324177 -1.7574 -1.41457 -0.614559 2.24014 -1.25919 2.13658
2.43319 -0.41534 -1.26325 1.88646 0.273308 -1.47361 0.909542 -0.129073 1.82449 0.324177 -1.7574 -1.41457 -0.614559 2.24014 -1.25919 2.13658
2.43761 -0.41534 -1.26325 1.88646 0.273308 -1.47361 0.909542 -0.129073 1.82449 0.324177 -1.7574 -1.41457 -0.614559 2.24014 -1.25919 2.13658
2.44235 -0.41534 -1.26325 1.88646 0.273308 -1.47361 0.909542 -0.129073 1.82449 0.324177 -1.7574 -1.41457 -0.614559 2.24014 -1.25919 2.13658
2.44732 -0.41534 -1.26325 1.88646 0.273308 -1.47361 0.909542 -0.129073 1.82449 0.324177 -1.7574 -1.41457 -0.614559 2.24014 -1.25919 2.13658
2.45226 -0.41534 -1.26325 1.88646 0.273308 -1.47361 0.909542 -0.129073 1.82449 0.324177 -1.7574 -1.41457 -0.614559 2.24014 -1.25919 2.13658
2.45715 -0.41534 -1.26325 1.88646 0.273308 -1.47361 0.909542 -0.129073 1.82449 0.324177 -1.7574 -1.41457 -0.614559 2.24014 -1.25919 2.13658
2.46212 -0.41534 -1.26325 1.88646 0.273308 -1.47361 0.909542 -0.129073 1.82449 0.324177 -1.7574 -1.41457 -0.614559 2.24014 -1.25919 2.13658
2.46739 -0.41534 -1.26325 1.88646 0.273308 -1.47361 0.909542 -0.129073 1.82449 0.324177 -1.7574 -1.41457 -0.614559 2.24014 -1.25919 2.13658
2.47274 -0.41534 -1.26325 1.88646 0.273308 -1.47361 0.909542 -0.129073 1.82449 0.324177 -1.7574 -1.41457 -0.614559 2.24014 -1.25919 2.13658
2.47842 -0.41534 -1.26325 1.88646 0.273308 -1.47361 0.909542 -0.129073 1.82449 0.324177 -1.7574 -1.41457 -0.614559 2.24014 -1.25919 2.13658
2.48416 -0.41534 -1.26325 1.88646 0.273308 -1.47361 0.909542 -0.129073 1.82449 0.324177 -1.7574 -1.41457 -0.614559 2.24014 -1.25919 2.13658
2.49011 -0.41534 -1.26325 1.88646 0.273308 -1.47361 0.909542 -0.129073 1.82449 0.324177 -1.7574 -1.41457 -0.614559 2.24014 -1.25919 2.13658
2.49618 -0.41534 -1.26325 1.88646 0.273308 -1.47361 0.909542 -0.129073 1.82449 0.324177 -1.7574 -1.41457 -0.614559 2.24014 -1.25919 2.13658
2.50252 -0.41534 -1.26325 1.88646 0.273308 -1.47361 0.909542 -0.129073 1.82449 0.324177 -1.7574 -1.41457 -0.614559 2.24014 -1.25919 2.13658
2.50909 -0.41534 -1.26325 1.88646 0.273308 -1.47361 0.909542 -0.129073 1.82449 0.324177 -1.7574 -1.41457 -0.614559 2.24014 -1.25919 2.13658
2.51587 -0.41534 -1.26325 1.88646 0.273308 -1.47361 0.909542 -0.129073 1.82449 0.324177 -1.7574 -1.41457 -0.614559 2.24014 -1.25919 2.13658
2.52295 -0.41534 -1.26325 1.88646 0.273308 -1.47361 0.909542 -0.129073 1.82449 0.324177 -1.7574 -1.41457 -0.614559 2.24014 -1.25919 2.13658
2.53035 -0.41534 -1.26325 1.88646 0.273308 -1.47361 0.909542 -0.129073 1.82449 0.324177 -1.7574 -1.41457 -0.614559 2.24014 -1.25919 2.13658
2.53778 -0.41534 -1.26325 1.88646 0.273308 -1.47361 0.909542 -0.129073 1.82449 0.324177 -1.7574 -1.41457 -0.614559 2.24014 -1.25919 2.13658
2.54585 -0.41534 -1.26325 1.88646 0.273308 -1.47361 0.909542 -0.129073 1.82449 0.324177 -1.7574 -1.41457 -0.614559 2.24014 -1.25919 2.13658
2.55385 -0.41534 -1.26325 1.88646 0.273308 -1.47361 0.909542 -0.129073 1.82449 0.324177 -1.7574 -1.41457 -0.614559 2.24014 -1.25919 2.13658
2.56213 -0.41534 -1.26325 1.88646 0.273308 -1.47361 0.909542 -0.129073 1.82449 0.324177 -1.7574 -1.41457 -0.614559 2.24014 -1.25919 2.13658
2.57067 -0.41534 -1.26325 1.88646 0.273308 -1.47361 0.909542 -0.129073 1.82449 0.324177 -1.7574 -1.41457 -0.614559 2.24014 -1.25919 2.13658
2.57979 -0.41534 -1.26325 1.88646 0.273308 -1.47361 0.909542 -0.129073 1.82449 0.324177 -1.7574 -1.41457 -0.614559 2.24014 -1.25919 2.13658
2.58908 -0.41534 -1.26325 1.88646 0.273308 -1.47361 0.909542 -0.129073 1.82449 0.324177 -1.7574 -1.41457 -0.614559 2.24014 -1.25919 2.13658
2.59879 -0.41534 -1.26325 1.88646 0.273308 -1.47361 0.909542 -0.129073 1.82449 0.324177 -1.7574 -1.41457 -0.614559 2.24014 -1.25919 2.13658
2.60894 -0.41534 -1.26325 1.88646 0.273308 -1.47361 0.909542 -0.129073 1.82449 0.324177 -1.7574 -1.41457 -0.614559 2.24014 -1.25919 2.13658
2.61951 -0.41534 -1.26325 1.88646 0.273308 -1.47361 0.909542 -0.129073 1.82449 0.324177 -1.7574 -1.41457 -0.614559 2.24014 -1.25919 2.13658
2.63059 -0.41534 -1.26325 1.88646 0.273308 -1.47361 0.909542 -0.129073 1.82449 0.324177 -1.7574 -1.41457 -0.614559 2.24014 -1.25919 2.13658
2.64189 -0.41534 -1.26325 1.88646 0.273308 -1.47361 0.909542 -0.129073 1.82449 0.324177 -1.7574 -1.41457 -0.614559 2.24014 -1.25919 2.13658
2.65355 -0.41534 -1.26325 1.88646 0.273308 -1.47361 0.909542 -0.129073 1.82449 0.324177 -1.7574 -1.41457 -0.614559 2.24014 -1.25919 2.13658
2.6656 -0.41534 -1.26325 1.88646 0.273308 -1.47361 0.909542 -0.129073 1.82449 0.324177 -1.7574 -1.41457 -0.614559 2.24014 -1.25919 2.13658
2.67816 -0.41534 -1.26325 1.88646 0.273308 -1.47361 0.909542 -0.129073 1.82449 0.324177 -1.7574 -1.41457 -0.614559 2.24014 -1.25919 2.13658
