2.666
2.676
2.686
2.697
2.707
2.718
2.728
2.738
2.749
2.761
2.781
2.802
2.823
2.843
2.864
2.885
2.906
2.925
2.946
2.967
3.006
3.045
3.084
3.124
3.163
3.201
3.24
3.278
3.318
3.356
3.394
3.433
3.472
3.51
3.549
3.588
3.626
3.665
3.704
3.743
3.782
3.82
3.86
3.899
3.94
3.98
4.022
4.06
4.099
4.138
4.176
4.215
4.254
4.293
4.332
4.372
4.411
4.449
4.488
4.527
4.566
4.604
4.644
4.682
4.721
4.76
4.799
4.838
4.877
4.917
4.959
5.002
5.041
5.079
5.118
5.157
5.195
5.234
5.273
5.312
5.351
5.39
5.429
5.468
5.506
5.545
5.583
5.622
5.66
5.699
5.739
5.781
5.819
5.861
5.899
5.938
5.987
6.029
6.068
6.106
6.145
6.183
6.222
6.641
6.652
6.663
6.673
6.684
6.695
6.706
6.716
6.727
6.74
6.779
6.818
6.856
6.897
6.936
6.975
7.015
7.056
7.095
7.135
7.173
7.212
7.251
7.29
7.328
7.366
7.405
7.444
7.482
7.521
7.56
7.599
7.638
7.677
7.716
7.754
7.793
7.832
7.87
7.91
7.95
7.99
8.029
8.069
8.107
8.147
8.185
