1.4443 -1.28897 -1.93522 1.70619 -1.50529 0.956192 1.42014 1.99966 -3.04821 -2.91585 1.03527 -2.97734 2.0443 1.10984 -0.0281776 0.0326307
1.4443 -1.28897 -1.93522 1.70619 -1.50529 0.956192 1.42014 1.99966 -3.04821 -2.91585 1.03527 -2.97734 2.0443 1.10984 -0.0281776 0.0326307
1.4443 -1.28897 -1.93522 1.70619 -1.50529 0.956192 1.42014 1.99966 -3.04821 -2.91585 1.03527 -2.97734 2.0443 1.10984 -0.0281776 0.0326307
1.4443 -1.28897 -1.93522 1.70619 -1.50529 0.956192 1.42014 1.99966 -3.04821 -2.91585 1.03527 -2.97734 2.0443 1.10984 -0.0281776 0.0326307
1.4443 -1.28897 -1.93522 1.70619 -1.50529 0.956192 1.42014 1.99966 -3.04821 -2.91585 1.03527 -2.97734 2.0443 1.10984 -0.0281776 0.0326307
1.4444 -1.28897 -1.93522 1.70619 -1.50529 0.956192 1.42014 1.99966 -3.04821 -2.91585 1.03527 -2.97734 2.0443 1.10984 -0.0281776 0.0326307
1.44479 -1.28897 -1.93522 1.70619 -1.50529 0.956192 1.42014 1.99966 -3.04821 -2.91585 1.03527 -2.97734 2.0443 1.10984 -0.0281776 0.0326307
1.44526 -1.28897 -1.93522 1.70619 -1.50529 0.956192 1.42014 1.99966 -3.04821 -2.91585 1.03527 -2.97734 2.0443 1.10984 -0.0281776 0.0326307
1.44574 -1.28897 -1.93522 1.70619 -1.50529 0.956192 1.42014 1.99966 -3.04821 -2.91585 1.03527 -2.97734 2.0443 1.10984 -0.0281776 0.0326307
1.44621 -1.28897 -1.93522 1.70619 -1.50529 0.956192 1.42014 1.99966 -3.04821 -2.91585 1.03527 -2.97734 2.0443 1.10984 -0.0281776 0.0326307
1.44671 -1.28897 -1.93522 1.70619 -1.50529 0.956192 1.42014 1.99966 -3.04821 -2.91585 1.03527 -2.97734 2.0443 1.10984 -0.0281776 0.0326307
1.44723 -1.28897 -1.93522 1.70619 -1.50529 0.956192 1.42014 1.99966 -3.04821 -2.91585 1.03527 -2.97734 2.0443 1.10984 -0.0281776 0.0326307
1.44784 -1.28897 -1.93522 1.70619 -1.50529 0.956192 1.42014 1.99966 -3.04821 -2.91585 1.03527 -2.97734 2.0443 1.10984 -0.0281776 0.0326307
1.44852 -1.28897 -1.93522 1.70619 -1.50529 0.956192 1.42014 1.99966 -3.04821 -2.91585 1.03527 -2.97734 2.0443 1.10984 -0.0281776 0.0326307
1.44928 -1.28897 -1.93522 1.70619 -1.50529 0.956192 1.42014 1.99966 -3.04821 -2.91585 1.03527 -2.97734 2.0443 1.10984 -0.0281776 0.0326307
1.45006 -1.28897 -1.93522 1.70619 -1.50529 0.956192 1.42014 1.99966 -3.04821 -2.91585 1.03527 -2.97734 2.0443 1.10984 -0.0281776 0.0326307
1.45089 -1.28897 -1.93522 1.70619 -1.50529 0.956192 1.42014 1.99966 -3.04821 -2.91585 1.03527 -2.97734 2.0443 1.10984 -0.0281776 0.0326307
1.45179 -1.28897 -1.93522 1.70619 -1.50529 0.956192 1.42014 1.99966 -3.04821 -2.91585 1.03527 -2.97734 2.0443 1.10984 -0.0281776 0.0326307
1.45276 -1.28897 -1.93522 1.70619 -1.50529 0.956192 1.42014 1.99966 -3.04821 -2.91585 1.03527 -2.97734 2.0443 1.10984 -0.0281776 0.0326307
1.45382 -1.28897 -1.93522 1.70619 -1.50529 0.956192 1.42014 1.99966 -3.04821 -2.91585 1.03527 -2.97734 2.0443 1.10984 -0.0281776 0.0326307
1.45588 -1.28897 -1.93522 1.70619 -1.50529 0.956192 1.42014 1.99966 -3.04821 -2.91585 1.03527 -2.97734 2.0443 1.10984 -0.0281776 0.0326307
1.45826 -1.28897 -1.93522 1.70619 -1.50529 0.956192 1.42014 1.99966 -3.04821 -2.91585 1.03527 -2.97734 2.0443 1.10984 -0.0281776 0.0326307
1.46098 -1.28897 -1.93522 1.70619 -1.50529 0.956192 1.42014 1.99966 -3.04821 -2.91585 1.03527 -2.97734 2.0443 1.10984 -0.0281776 0.0326307
1.4637 -1.28897 -1.93522 1.70619 -1.50529 0.956192 1.42014 1.99966 -3.04821 -2.91585 1.03527 -2.97734 2.0443 1.10984 -0.0281776 0.0326307
1.4665 -1.28897 -1.93522 1.70619 -1.50529 0.956192 1.42014 1.99966 -3.04821 -2.91585 1.03527 -2.97734 2.0443 1.10984 -0.0281776 0.0326307
1.46921 -1.28897 -1.93522 1.70619 -1.50529 0.956192 1.42014 1.99966 -3.04821 -2.91585 1.03527 -2.97734 2.0443 1.10984 -0.0281776 0.0326307
1.47197 -1.28897 -1.93522 1.70619 -1.50529 0.956192 1.42014 1.99966 -3.04821 -2.91585 1.03527 -2.97734 2.0443 1.10984 -0.0281776 0.0326307
1.4755 -1.28897 -1.93522 1.70619 -1.50529 0.956192 1.42014 1.99966 -3.04821 -2.91585 1.03527 -2.97734 2.0443 1.10984 -0.0281776 0.0326307
1.4789 -1.28897 -1.93522 1.70619 -1.50529 0.956192 1.42014 1.99966 -3.04821 -2.91585 1.03527 -2.97734 2.0443 1.10984 -0.0281776 0.0326307
1.48262 -1.28897 -1.93522 1.70619 -1.50529 0.956192 1.42014 1.99966 -3.04821 -2.91585 1.03527 -2.97734 2.0443 1.10984 -0.0281776 0.0326307
1.4864 -1.28897 -1.93522 1.70619 -1.50529 0.956192 1.42014 1.99966 -3.04821 -2.91585 1.03527 -2.97734 2.0443 1.10984 -0.0281776 0.0326307
1.48995 -1.28897 -1.93522 1.70619 -1.50529 0.956192 1.42014 1.99966 -3.04821 -2.91585 1.03527 -2.97734 2.0443 1.10984 -0.0281776 0.0326307
1.49363 -1.28897 -1.93522 1.70619 -1.50529 0.956192 1.42014 1.99966 -3.04821 -2.91585 1.03527 -2.97734 2.0443 1.10984 -0.0281776 0.0326307
1.49733 -1.28897 -1.93522 1.70619 -1.50529 0.956192 1.42014 1.99966 -3.04821 -2.91585 1.03527 -2.97734 2.0443 1.10984 -0.0281776 0.0326307
1.5012 -1.28897 -1.93522 1.70619 -1.50529 0.956192 1.42014 1.99966 -3.04821 -2.91585 1.03527 -2.97734 2.0443 1.10984 -0.0281776 0.0326307
1.50532 -1.28897 -1.93522 1.70619 -1.50529 0.956192 1.42014 1.99966 -3.04821 -2.91585 1.03527 -2.97734 2.0443 1.10984 -0.0281776 0.0326307
1.50961 -1.28897 -1.93522 1.70619 -1.50529 0.956192 1.42014 1.99966 -3.04821 -2.91585 1.03527 -2.97734 2.0443 1.10984 -0.0281776 0.0326307
1.5139 -1.28897 -1.93522 1.70619 -1.50529 0.956192 1.42014 1.99966 -3.04821 -2.91585 1.03527 -2.97734 2.0443 1.10984 -0.0281776 0.0326307
1.51845 -1.28897 -1.93522 1.70619 -1.50529 0.956192 1.42014 1.99966 -3.04821 -2.91585 1.03527 -2.97734 2.0443 1.10984 -0.0281776 0.0326307
1.52302 -1.28897 -1.93522 1.70619 -1.50529 0.956192 1.42014 1.99966 -3.04821 -2.91585 1.03527 -2.97734 2.0443 1.10984 -0.0281776 0.0326307
1.5277 -1.28897 -1.93522 1.70619 -1.50529 0.956192 1.42014 1.99966 -3.04821 -2.91585 1.03527 -2.97734 2.0443 1.10984 -0.0281776 0.0326307
1.53236 -1.28897 -1.93522 1.70619 -1.50529 0.956192 1.42014 1.99966 -3.04821 -2.91585 1.03527 -2.97734 2.0443 1.10984 -0.0281776 0.0326307
1.53715 -1.28897 -1.93522 1.70619 -1.50529 0.956192 1.42014 1.99966 -3.04821 -2.91585 1.03527 -2.97734 2.0443 1.10984 -0.0281776 0.0326307
1.54232 -1.28897 -1.93522 1.70619 -1.50529 0.956192 1.42014 1.99966 -3.04821 -2.91585 1.03527 -2.97734 2.0443 1.10984 -0.0281776 0.0326307
1.54773 -1.28897 -1.93522 1.70619 -1.50529 0.956192 1.42014 1.99966 -3.04821 -2.91585 1.03527 -2.97734 2.0443 1.10984 -0.0281776 0.0326307
1.55303 -1.28897 -1.93522 1.70619 -1.50529 0.956192 1.42014 1.99966 -3.04821 -2.91585 1.03527 -2.97734 2.0443 1.10984 -0.0281776 0.0326307
1.55884 -1.28897 -1.93522 1.70619 -1.50529 0.956192 1.42014 1.99966 -3.04821 -2.91585 1.03527 -2.97734 2.0443 1.10984 -0.0281776 0.0326307
1.56472 -1.28897 -1.93522 1.70619 -1.50529 0.956192 1.42014 1.99966 -3.04821 -2.91585 1.03527 -2.97734 2.0443 1.10984 -0.0281776 0.0326307
1.5706 -1.28897 -1.93522 1.70619 -1.50529 0.956192 1.42014 1.99966 -3.04821 -2.91585 1.03527 -2.97734 2.0443 1.10984 -0.0281776 0.0326307
1.57668 -1.28897 -1.93522 1.70619 -1.50529 0.956192 1.42014 1.99966 -3.04821 -2.91585 1.03527 -2.97734 2.0443 1.10984 -0.0281776 0.0326307
1.58304 -1.28897 -1.93522 1.70619 -1.50529 0.956192 1.42014 1.99966 -3.04821 -2.91585 1.03527 -2.97734 2.0443 1.10984 -0.0281776 0.0326307
1.58951 -1.28897 -1.93522 1.70619 -1.50529 0.956192 1.42014 1.99966 -3.04821 -2.91585 1.03527 -2.97734 2.0443 1.10984 -0.0281776 0.0326307
1.59668 -1.28897 -1.93522 1.70619 -1.50529 0.956192 1.42014 1.99966 -3.04821 -2.91585 1.03527 -2.97734 2.0443 1.10984 -0.0281776 0.0326307
1.60362 -1.28897 -1.93522 1.70619 -1.50529 0.956192 1.42014 1.99966 -3.04821 -2.91585 1.03527 -2.97734 2.0443 1.10984 -0.0281776 0.0326307
1.61117 -1.28897 -1.93522 1.70619 -1.50529 0.956192 1.42014 1.99966 -3.04821 -2.91585 1.03527 -2.97734 2.0443 1.10984 -0.0281776 0.0326307
1.61862 -1.28897 -1.93522 1.70619 -1.50529 0.956192 1.42014 1.99966 -3.04821 -2.91585 1.03527 -2.97734 2.0443 1.10984 -0.0281776 0.0326307
1.6263 -1.28897 -1.93522 1.70619 -1.50529 0.956192 1.42014 1.99966 -3.04821 -2.91585 1.03527 -2.97734 2.0443 1.10984 -0.0281776 0.0326307
1.63406 -1.28897 -1.93522 1.70619 -1.50529 0.956192 1.42014 1.99966 -3.04821 -2.91585 1.03527 -2.97734 2.0443 1.10984 -0.0281776 0.0326307
1.64213 -1.28897 -1.93522 1.70619 -1.50529 0.956192 1.42014 1.99966 -3.04821 -2.91585 1.03527 -2.97734 2.0443 1.10984 -0.0281776 0.0326307
1.65043 -1.28897 -1.93522 1.70619 -1.50529 0.956192 1.42014 1.99966 -3.04821 -2.91585 1.03527 -2.97734 2.0443 1.10984 -0.0281776 0.0326307
1.65894 -1.28897 -1.93522 1.70619 -1.50529 0.956192 1.42014 1.99966 -3.04821 -2.91585 1.03527 -2.97734 2.0443 1.10984 -0.0281776 0.0326307
1.66786 -1.28897 -1.93522 1.70619 -1.50529 0.956192 1.42014 1.99966 -3.04821 -2.91585 1.03527 -2.97734 2.0443 1.10984 -0.0281776 0.0326307
1.67711 -1.28897 -1.93522 1.70619 -1.50529 0.956192 1.42014 1.99966 -3.04821 -2.91585 1.03527 -2.97734 2.0443 1.10984 -0.0281776 0.0326307
1.68672 -1.28897 -1.93522 1.70619 -1.50529 0.956192 1.42014 1.99966 -3.04821 -2.91585 1.03527 -2.97734 2.0443 1.10984 -0.0281776 0.0326307
1.69642 -1.28897 -1.93522 1.70619 -1.50529 0.956192 1.42014 1.99966 -3.04821 -2.91585 1.03527 -2.97734 2.0443 1.10984 -0.0281776 0.0326307
1.79603 -1.28897 -1.93522 1.70619 -1.50529 0.956192 1.42014 1.99966 -3.04821 -2.91585 1.03527 -2.97734 2.0443 1.10984 -0.0281776 0.0326307
1.79396 -1.28897 -1.93522 1.70619 -1.50529 0.956192 1.42014 1.99966 -3.04821 -2.91585 1.03527 -2.97734 2.0443 1.10984 -0.0281776 0.0326307
1.79186 -1.28897 -1.93522 1.70619 -1.50529 0.956192 1.42014 1.99966 -3.04821 -2.91585 1.03527 -2.97734 2.0443 1.10984 -0.0281776 0.0326307
1.78976 -1.28897 -1.93522 1.70619 -1.50529 0.956192 1.42014 1.99966 -3.04821 -2.91585 1.03527 -2.97734 2.0443 1.10984 -0.0281776 0.0326307
1.78759 -1.28897 -1.93522 1.70619 -1.50529 0.956192 1.42014 1.99966 -3.04821 -2.91585 1.03527 -2.97734 2.0443 1.10984 -0.0281776 0.0326307
1.78544 -1.28897 -1.93522 1.70619 -1.50529 0.956192 1.42014 1.99966 -3.04821 -2.91585 1.03527 -2.97734 2.0443 1.10984 -0.0281776 0.0326307
1.78324 -1.28897 -1.93522 1.70619 -1.50529 0.956192 1.42014 1.99966 -3.04821 -2.91585 1.03527 -2.97734 2.0443 1.10984 -0.0281776 0.0326307
1.78105 -1.28897 -1.93522 1.70619 -1.50529 0.956192 1.42014 1.99966 -3.04821 -2.91585 1.03527 -2.97734 2.0443 1.10984 -0.0281776 0.0326307
1.77884 -1.28897 -1.93522 1.70619 -1.50529 0.956192 1.42014 1.99966 -3.04821 -2.91585 1.03527 -2.97734 2.0443 1.10984 -0.0281776 0.0326307
1.77661 -1.28897 -1.93522 1.70619 -1.50529 0.956192 1.42014 1.99966 -3.04821 -2.91585 1.03527 -2.97734 2.0443 1.10984 -0.0281776 0.0326307
1.77442 -1.28897 -1.93522 1.70619 -1.50529 0.956192 1.42014 1.99966 -3.04821 -2.91585 1.03527 -2.97734 2.0443 1.10984 -0.0281776 0.0326307
1.77224 -1.28897 -1.93522 1.70619 -1.50529 0.956192 1.42014 1.99966 -3.04821 -2.91585 1.03527 -2.97734 2.0443 1.10984 -0.0281776 0.0326307
1.77008 -1.28897 -1.93522 1.70619 -1.50529 0.956192 1.42014 1.99966 -3.04821 -2.91585 1.03527 -2.97734 2.0443 1.10984 -0.0281776 0.0326307
1.76604 -1.28897 -1.93522 1.70619 -1.50529 0.956192 1.42014 1.99966 -3.04821 -2.91585 1.03527 -2.97734 2.0443 1.10984 -0.0281776 0.0326307
1.76196 -1.28897 -1.93522 1.70619 -1.50529 0.956192 1.42014 1.99966 -3.04821 -2.91585 1.03527 -2.97734 2.0443 1.10984 -0.0281776 0.0326307
1.75761 -1.28897 -1.93522 1.70619 -1.50529 0.956192 1.42014 1.99966 -3.04821 -2.91585 1.03527 -2.97734 2.0443 1.10984 -0.0281776 0.0326307
1.75338 -1.28897 -1.93522 1.70619 -1.50529 0.956192 1.42014 1.99966 -3.04821 -2.91585 1.03527 -2.97734 2.0443 1.10984 -0.0281776 0.0326307
1.74922 -1.28897 -1.93522 1.70619 -1.50529 0.956192 1.42014 1.99966 -3.04821 -2.91585 1.03527 -2.97734 2.0443 1.10984 -0.0281776 0.0326307
1.74482 -1.28897 -1.93522 1.70619 -1.50529 0.956192 1.42014 1.99966 -3.04821 -2.91585 1.03527 -2.97734 2.0443 1.10984 -0.0281776 0.0326307
1.74059 -1.28897 -1.93522 1.70619 -1.50529 0.956192 1.42014 1.99966 -3.04821 -2.91585 1.03527 -2.97734 2.0443 1.10984 -0.0281776 0.0326307
1.73642 -1.28897 -1.93522 1.70619 -1.50529 0.956192 1.42014 1.99966 -3.04821 -2.91585 1.03527 -2.97734 2.0443 1.10984 -0.0281776 0.0326307
1.73216 -1.28897 -1.93522 1.70619 -1.50529 0.956192 1.42014 1.99966 -3.04821 -2.91585 1.03527 -2.97734 2.0443 1.10984 -0.0281776 0.0326307
1.7279 -1.28897 -1.93522 1.70619 -1.50529 0.956192 1.42014 1.99966 -3.04821 -2.91585 1.03527 -2.97734 2.0443 1.10984 -0.0281776 0.0326307
1.72367 -1.28897 -1.93522 1.70619 -1.50529 0.956192 1.42014 1.99966 -3.04821 -2.91585 1.03527 -2.97734 2.0443 1.10984 -0.0281776 0.0326307
1.71921 -1.28897 -1.93522 1.70619 -1.50529 0.956192 1.42014 1.99966 -3.04821 -2.91585 1.03527 -2.97734 2.0443 1.10984 -0.0281776 0.0326307
1.71466 -1.28897 -1.93522 1.70619 -1.50529 0.956192 1.42014 1.99966 -3.04821 -2.91585 1.03527 -2.97734 2.0443 1.10984 -0.0281776 0.0326307
1.71037 -1.28897 -1.93522 1.70619 -1.50529 0.956192 1.42014 1.99966 -3.04821 -2.91585 1.03527 -2.97734 2.0443 1.10984 -0.0281776 0.0326307
1.70569 -1.28897 -1.93522 1.70619 -1.50529 0.956192 1.42014 1.99966 -3.04821 -2.91585 1.03527 -2.97734 2.0443 1.10984 -0.0281776 0.0326307
1.70132 -1.28897 -1.93522 1.70619 -1.50529 0.956192 1.42014 1.99966 -3.04821 -2.91585 1.03527 -2.97734 2.0443 1.10984 -0.0281776 0.0326307
1.69697 -1.28897 -1.93522 1.70619 -1.50529 0.956192 1.42014 1.99966 -3.04821 -2.91585 1.03527 -2.97734 2.0443 1.10984 -0.0281776 0.0326307
1.69252 -1.28897 -1.93522 1.70619 -1.50529 0.956192 1.42014 1.99966 -3.04821 -2.91585 1.03527 -2.97734 2.0443 1.10984 -0.0281776 0.0326307
1.68814 -1.28897 -1.93522 1.70619 -1.50529 0.956192 1.42014 1.99966 -3.04821 -2.91585 1.03527 -2.97734 2.0443 1.10984 -0.0281776 0.0326307
1.6836 -1.28897 -1.93522 1.70619 -1.50529 0.956192 1.42014 1.99966 -3.04821 -2.91585 1.03527 -2.97734 2.0443 1.10984 -0.0281776 0.0326307
1.67914 -1.28897 -1.93522 1.70619 -1.50529 0.956192 1.42014 1.99966 -3.04821 -2.91585 1.03527 -2.97734 2.0443 1.10984 -0.0281776 0.0326307
1.67469 -1.28897 -1.93522 1.70619 -1.50529 0.956192 1.42014 1.99966 -3.04821 -2.91585 1.03527 -2.97734 2.0443 1.10984 -0.0281776 0.0326307
1.67015 -1.28897 -1.93522 1.70619 -1.50529 0.956192 1.42014 1.99966 -3.04821 -2.91585 1.03527 -2.97734 2.0443 1.10984 -0.0281776 0.0326307
1.66551 -1.28897 -1.93522 1.70619 -1.50529 0.956192 1.42014 1.99966 -3.04821 -2.91585 1.03527 -2.97734 2.0443 1.10984 -0.0281776 0.0326307
1.66093 -1.28897 -1.93522 1.70619 -1.50529 0.956192 1.42014 1.99966 -3.04821 -2.91585 1.03527 -2.97734 2.0443 1.10984 -0.0281776 0.0326307
1.65635 -1.28897 -1.93522 1.70619 -1.50529 0.956192 1.42014 1.99966 -3.04821 -2.91585 1.03527 -2.97734 2.0443 1.10984 -0.0281776 0.0326307
1.65182 -1.28897 -1.93522 1.70619 -1.50529 0.956192 1.42014 1.99966 -3.04821 -2.91585 1.03527 -2.97734 2.0443 1.10984 -0.0281776 0.0326307
1.64725 -1.28897 -1.93522 1.70619 -1.50529 0.956192 1.42014 1.99966 -3.04821 -2.91585 1.03527 -2.97734 2.0443 1.10984 -0.0281776 0.0326307
1.64258 -1.28897 -1.93522 1.70619 -1.50529 0.956192 1.42014 1.99966 -3.04821 -2.91585 1.03527 -2.97734 2.0443 1.10984 -0.0281776 0.0326307
1.63738 -1.28897 -1.93522 1.70619 -1.50529 0.956192 1.42014 1.99966 -3.04821 -2.91585 1.03527 -2.97734 2.0443 1.10984 -0.0281776 0.0326307
1.63259 -1.28897 -1.93522 1.70619 -1.50529 0.956192 1.42014 1.99966 -3.04821 -2.91585 1.03527 -2.97734 2.0443 1.10984 -0.0281776 0.0326307
1.62777 -1.28897 -1.93522 1.70619 -1.50529 0.956192 1.42014 1.99966 -3.04821 -2.91585 1.03527 -2.97734 2.0443 1.10984 -0.0281776 0.0326307
1.62304 -1.28897 -1.93522 1.70619 -1.50529 0.956192 1.42014 1.99966 -3.04821 -2.91585 1.03527 -2.97734 2.0443 1.10984 -0.0281776 0.0326307
1.6184 -1.28897 -1.93522 1.70619 -1.50529 0.956192 1.42014 1.99966 -3.04821 -2.91585 1.03527 -2.97734 2.0443 1.10984 -0.0281776 0.0326307
1.61365 -1.28897 -1.93522 1.70619 -1.50529 0.956192 1.42014 1.99966 -3.04821 -2.91585 1.03527 -2.97734 2.0443 1.10984 -0.0281776 0.0326307
1.60891 -1.28897 -1.93522 1.70619 -1.50529 0.956192 1.42014 1.99966 -3.04821 -2.91585 1.03527 -2.97734 2.0443 1.10984 -0.0281776 0.0326307
1.60408 -1.28897 -1.93522 1.70619 -1.50529 0.956192 1.42014 1.99966 -3.04821 -2.91585 1.03527 -2.97734 2.0443 1.10984 -0.0281776 0.0326307
1.59916 -1.28897 -1.93522 1.70619 -1.50529 0.956192 1.42014 1.99966 -3.04821 -2.91585 1.03527 -2.97734 2.0443 1.10984 -0.0281776 0.0326307
1.59435 -1.28897 -1.93522 1.70619 -1.50529 0.956192 1.42014 1.99966 -3.04821 -2.91585 1.03527 -2.97734 2.0443 1.10984 -0.0281776 0.0326307
1.58953 -1.28897 -1.93522 1.70619 -1.50529 0.956192 1.42014 1.99966 -3.04821 -2.91585 1.03527 -2.97734 2.0443 1.10984 -0.0281776 0.0326307
1.58471 -1.28897 -1.93522 1.70619 -1.50529 0.956192 1.42014 1.99966 -3.04821 -2.91585 1.03527 -2.97734 2.0443 1.10984 -0.0281776 0.0326307
1.57986 -1.28897 -1.93522 1.70619 -1.50529 0.956192 1.42014 1.99966 -3.04821 -2.91585 1.03527 -2.97734 2.0443 1.10984 -0.0281776 0.0326307
1.57503 -1.28897 -1.93522 1.70619 -1.50529 0.956192 1.42014 1.99966 -3.04821 -2.91585 1.03527 -2.97734 2.0443 1.10984 -0.0281776 0.0326307
1.57016 -1.28897 -1.93522 1.70619 -1.50529 0.956192 1.42014 1.99966 -3.04821 -2.91585 1.03527 -2.97734 2.0443 1.10984 -0.0281776 0.0326307
1.56521 -1.28897 -1.93522 1.70619 -1.50529 0.956192 1.42014 1.99966 -3.04821 -2.91585 1.03527 -2.97734 2.0443 1.10984 -0.0281776 0.0326307
1.56028 -1.28897 -1.93522 1.70619 -1.50529 0.956192 1.42014 1.99966 -3.04821 -2.91585 1.03527 -2.97734 2.0443 1.10984 -0.0281776 0.0326307
1.55533 -1.28897 -1.93522 1.70619 -1.50529 0.956192 1.42014 1.99966 -3.04821 -2.91585 1.03527 -2.97734 2.0443 1.10984 -0.0281776 0.0326307
1.5501 -1.28897 -1.93522 1.70619 -1.50529 0.956192 1.42014 1.99966 -3.04821 -2.91585 1.03527 -2.97734 2.0443 1.10984 -0.0281776 0.0326307
1.54503 -1.28897 -1.93522 1.70619 -1.50529 0.956192 1.42014 1.99966 -3.04821 -2.91585 1.03527 -2.97734 2.0443 1.10984 -0.0281776 0.0326307
1.53989 -1.28897 -1.93522 1.70619 -1.50529 0.956192 1.42014 1.99966 -3.04821 -2.91585 1.03527 -2.97734 2.0443 1.10984 -0.0281776 0.0326307
1.5348 -1.28897 -1.93522 1.70619 -1.50529 0.956192 1.42014 1.99966 -3.04821 -2.91585 1.03527 -2.97734 2.0443 1.10984 -0.0281776 0.0326307
1.52971 -1.28897 -1.93522 1.70619 -1.50529 0.956192 1.42014 1.99966 -3.04821 -2.91585 1.03527 -2.97734 2.0443 1.10984 -0.0281776 0.0326307
1.52456 -1.28897 -1.93522 1.70619 -1.50529 0.956192 1.42014 1.99966 -3.04821 -2.91585 1.03527 -2.97734 2.0443 1.10984 -0.0281776 0.0326307
1.51949 -1.28897 -1.93522 1.70619 -1.50529 0.956192 1.42014 1.99966 -3.04821 -2.91585 1.03527 -2.97734 2.0443 1.10984 -0.0281776 0.0326307
1.51441 -1.28897 -1.93522 1.70619 -1.50529 0.956192 1.42014 1.99966 -3.04821 -2.91585 1.03527 -2.97734 2.0443 1.10984 -0.0281776 0.0326307
1.50915 -1.28897 -1.93522 1.70619 -1.50529 0.956192 1.42014 1.99966 -3.04821 -2.91585 1.03527 -2.97734 2.0443 1.10984 -0.0281776 0.0326307
1.50368 -1.28897 -1.93522 1.70619 -1.50529 0.956192 1.42014 1.99966 -3.04821 -2.91585 1.03527 -2.97734 2.0443 1.10984 -0.0281776 0.0326307
1.49848 -1.28897 -1.93522 1.70619 -1.50529 0.956192 1.42014 1.99966 -3.04821 -2.91585 1.03527 -2.97734 2.0443 1.10984 -0.0281776 0.0326307
1.49323 -1.28897 -1.93522 1.70619 -1.50529 0.956192 1.42014 1.99966 -3.04821 -2.91585 1.03527 -2.97734 2.0443 1.10984 -0.0281776 0.0326307
