2.272
2.283
2.293
2.303
2.314
2.324
2.335
2.345
2.355
2.368
2.388
2.409
2.429
2.45
2.472
2.492
2.512
2.533
2.553
2.574
2.613
2.652
2.691
2.73
2.768
2.807
2.85
2.89
2.932
2.973
3.011
3.05
3.089
3.128
3.167
3.206
3.245
3.286
3.324
3.363
3.401
3.44
3.479
3.518
3.557
3.597
3.637
3.676
3.715
3.754
3.792
3.831
3.873
3.913
3.954
3.993
4.032
4.07
4.109
4.148
4.187
4.226
4.265
4.304
4.343
7.692
7.702
7.713
7.723
7.734
7.744
7.754
7.765
7.775
7.788
7.808
7.829
7.849
7.888
7.926
7.968
8.007
8.048
8.086
8.124
8.163
8.202
8.24
8.279
8.321
8.36
8.4
8.439
8.478
8.516
8.555
8.593
8.633
8.671
8.709
8.749
8.788
8.827
8.866
8.904
8.943
8.986
9.025
9.066
9.105
9.143
9.183
9.221
9.259
9.299
9.338
9.377
9.416
9.454
9.492
9.531
9.569
9.608
9.647
9.686
9.726
9.765
9.805
9.844
9.883
9.921
9.96
9.998
10.038
10.078
10.117
10.155
