2.75367 -0.449504 -1.82616 -0.676595 0.928045 -1.56634 0.762348 -1.92954 -0.214061 1.42086 -0.995534 0.888725 -0.0846864 1.54379 1.11527 -1.77154
2.75179 -0.449504 -1.82616 -0.676595 0.928045 -1.56634 0.762348 -1.92954 -0.214061 1.42086 -0.995534 0.888725 -0.0846864 1.54379 1.11527 -1.77154
2.74991 -0.449504 -1.82616 -0.676595 0.928045 -1.56634 0.762348 -1.92954 -0.214061 1.42086 -0.995534 0.888725 -0.0846864 1.54379 1.11527 -1.77154
2.74798 -0.449504 -1.82616 -0.676595 0.928045 -1.56634 0.762348 -1.92954 -0.214061 1.42086 -0.995534 0.888725 -0.0846864 1.54379 1.11527 -1.77154
2.74601 -0.449504 -1.82616 -0.676595 0.928045 -1.56634 0.762348 -1.92954 -0.214061 1.42086 -0.995534 0.888725 -0.0846864 1.54379 1.11527 -1.77154
2.74402 -0.449504 -1.82616 -0.676595 0.928045 -1.56634 0.762348 -1.92954 -0.214061 1.42086 -0.995534 0.888725 -0.0846864 1.54379 1.11527 -1.77154
2.74203 -0.449504 -1.82616 -0.676595 0.928045 -1.56634 0.762348 -1.92954 -0.214061 1.42086 -0.995534 0.888725 -0.0846864 1.54379 1.11527 -1.77154
2.73999 -0.449504 -1.82616 -0.676595 0.928045 -1.56634 0.762348 -1.92954 -0.214061 1.42086 -0.995534 0.888725 -0.0846864 1.54379 1.11527 -1.77154
2.73795 -0.449504 -1.82616 -0.676595 0.928045 -1.56634 0.762348 -1.92954 -0.214061 1.42086 -0.995534 0.888725 -0.0846864 1.54379 1.11527 -1.77154
2.73589 -0.449504 -1.82616 -0.676595 0.928045 -1.56634 0.762348 -1.92954 -0.214061 1.42086 -0.995534 0.888725 -0.0846864 1.54379 1.11527 -1.77154
2.73391 -0.449504 -1.82616 -0.676595 0.928045 -1.56634 0.762348 -1.92954 -0.214061 1.42086 -0.995534 0.888725 -0.0846864 1.54379 1.11527 -1.77154
2.732 -0.449504 -1.82616 -0.676595 0.928045 -1.56634 0.762348 -1.92954 -0.214061 1.42086 -0.995534 0.888725 -0.0846864 1.54379 1.11527 -1.77154
2.73011 -0.449504 -1.82616 -0.676595 0.928045 -1.56634 0.762348 -1.92954 -0.214061 1.42086 -0.995534 0.888725 -0.0846864 1.54379 1.11527 -1.77154
2.72818 -0.449504 -1.82616 -0.676595 0.928045 -1.56634 0.762348 -1.92954 -0.214061 1.42086 -0.995534 0.888725 -0.0846864 1.54379 1.11527 -1.77154
2.72625 -0.449504 -1.82616 -0.676595 0.928045 -1.56634 0.762348 -1.92954 -0.214061 1.42086 -0.995534 0.888725 -0.0846864 1.54379 1.11527 -1.77154
2.72435 -0.449504 -1.82616 -0.676595 0.928045 -1.56634 0.762348 -1.92954 -0.214061 1.42086 -0.995534 0.888725 -0.0846864 1.54379 1.11527 -1.77154
2.72245 -0.449504 -1.82616 -0.676595 0.928045 -1.56634 0.762348 -1.92954 -0.214061 1.42086 -0.995534 0.888725 -0.0846864 1.54379 1.11527 -1.77154
2.72053 -0.449504 -1.82616 -0.676595 0.928045 -1.56634 0.762348 -1.92954 -0.214061 1.42086 -0.995534 0.888725 -0.0846864 1.54379 1.11527 -1.77154
2.7186 -0.449504 -1.82616 -0.676595 0.928045 -1.56634 0.762348 -1.92954 -0.214061 1.42086 -0.995534 0.888725 -0.0846864 1.54379 1.11527 -1.77154
2.71668 -0.449504 -1.82616 -0.676595 0.928045 -1.56634 0.762348 -1.92954 -0.214061 1.42086 -0.995534 0.888725 -0.0846864 1.54379 1.11527 -1.77154
2.71305 -0.449504 -1.82616 -0.676595 0.928045 -1.56634 0.762348 -1.92954 -0.214061 1.42086 -0.995534 0.888725 -0.0846864 1.54379 1.11527 -1.77154
2.7094 -0.449504 -1.82616 -0.676595 0.928045 -1.56634 0.762348 -1.92954 -0.214061 1.42086 -0.995534 0.888725 -0.0846864 1.54379 1.11527 -1.77154
2.7055 -0.449504 -1.82616 -0.676595 0.928045 -1.56634 0.762348 -1.92954 -0.214061 1.42086 -0.995534 0.888725 -0.0846864 1.54379 1.11527 -1.77154
2.70163 -0.449504 -1.82616 -0.676595 0.928045 -1.56634 0.762348 -1.92954 -0.214061 1.42086 -0.995534 0.888725 -0.0846864 1.54379 1.11527 -1.77154
2.69786 -0.449504 -1.82616 -0.676595 0.928045 -1.56634 0.762348 -1.92954 -0.214061 1.42086 -0.995534 0.888725 -0.0846864 1.54379 1.11527 -1.77154
2.69408 -0.449504 -1.82616 -0.676595 0.928045 -1.56634 0.762348 -1.92954 -0.214061 1.42086 -0.995534 0.888725 -0.0846864 1.54379 1.11527 -1.77154
2.69035 -0.449504 -1.82616 -0.676595 0.928045 -1.56634 0.762348 -1.92954 -0.214061 1.42086 -0.995534 0.888725 -0.0846864 1.54379 1.11527 -1.77154
2.68653 -0.449504 -1.82616 -0.676595 0.928045 -1.56634 0.762348 -1.92954 -0.214061 1.42086 -0.995534 0.888725 -0.0846864 1.54379 1.11527 -1.77154
2.6827 -0.449504 -1.82616 -0.676595 0.928045 -1.56634 0.762348 -1.92954 -0.214061 1.42086 -0.995534 0.888725 -0.0846864 1.54379 1.11527 -1.77154
2.67882 -0.449504 -1.82616 -0.676595 0.928045 -1.56634 0.762348 -1.92954 -0.214061 1.42086 -0.995534 0.888725 -0.0846864 1.54379 1.11527 -1.77154
2.67497 -0.449504 -1.82616 -0.676595 0.928045 -1.56634 0.762348 -1.92954 -0.214061 1.42086 -0.995534 0.888725 -0.0846864 1.54379 1.11527 -1.77154
2.67099 -0.449504 -1.82616 -0.676595 0.928045 -1.56634 0.762348 -1.92954 -0.214061 1.42086 -0.995534 0.888725 -0.0846864 1.54379 1.11527 -1.77154
2.66704 -0.449504 -1.82616 -0.676595 0.928045 -1.56634 0.762348 -1.92954 -0.214061 1.42086 -0.995534 0.888725 -0.0846864 1.54379 1.11527 -1.77154
2.66303 -0.449504 -1.82616 -0.676595 0.928045 -1.56634 0.762348 -1.92954 -0.214061 1.42086 -0.995534 0.888725 -0.0846864 1.54379 1.11527 -1.77154
2.65904 -0.449504 -1.82616 -0.676595 0.928045 -1.56634 0.762348 -1.92954 -0.214061 1.42086 -0.995534 0.888725 -0.0846864 1.54379 1.11527 -1.77154
2.65513 -0.449504 -1.82616 -0.676595 0.928045 -1.56634 0.762348 -1.92954 -0.214061 1.42086 -0.995534 0.888725 -0.0846864 1.54379 1.11527 -1.77154
2.65129 -0.449504 -1.82616 -0.676595 0.928045 -1.56634 0.762348 -1.92954 -0.214061 1.42086 -0.995534 0.888725 -0.0846864 1.54379 1.11527 -1.77154
2.64736 -0.449504 -1.82616 -0.676595 0.928045 -1.56634 0.762348 -1.92954 -0.214061 1.42086 -0.995534 0.888725 -0.0846864 1.54379 1.11527 -1.77154
2.64335 -0.449504 -1.82616 -0.676595 0.928045 -1.56634 0.762348 -1.92954 -0.214061 1.42086 -0.995534 0.888725 -0.0846864 1.54379 1.11527 -1.77154
2.63939 -0.449504 -1.82616 -0.676595 0.928045 -1.56634 0.762348 -1.92954 -0.214061 1.42086 -0.995534 0.888725 -0.0846864 1.54379 1.11527 -1.77154
2.63539 -0.449504 -1.82616 -0.676595 0.928045 -1.56634 0.762348 -1.92954 -0.214061 1.42086 -0.995534 0.888725 -0.0846864 1.54379 1.11527 -1.77154
2.63137 -0.449504 -1.82616 -0.676595 0.928045 -1.56634 0.762348 -1.92954 -0.214061 1.42086 -0.995534 0.888725 -0.0846864 1.54379 1.11527 -1.77154
2.62728 -0.449504 -1.82616 -0.676595 0.928045 -1.56634 0.762348 -1.92954 -0.214061 1.42086 -0.995534 0.888725 -0.0846864 1.54379 1.11527 -1.77154
2.6232 -0.449504 -1.82616 -0.676595 0.928045 -1.56634 0.762348 -1.92954 -0.214061 1.42086 -0.995534 0.888725 -0.0846864 1.54379 1.11527 -1.77154
2.61915 -0.449504 -1.82616 -0.676595 0.928045 -1.56634 0.762348 -1.92954 -0.214061 1.42086 -0.995534 0.888725 -0.0846864 1.54379 1.11527 -1.77154
2.61515 -0.449504 -1.82616 -0.676595 0.928045 -1.56634 0.762348 -1.92954 -0.214061 1.42086 -0.995534 0.888725 -0.0846864 1.54379 1.11527 -1.77154
2.61108 -0.449504 -1.82616 -0.676595 0.928045 -1.56634 0.762348 -1.92954 -0.214061 1.42086 -0.995534 0.888725 -0.0846864 1.54379 1.11527 -1.77154
2.60693 -0.449504 -1.82616 -0.676595 0.928045 -1.56634 0.762348 -1.92954 -0.214061 1.42086 -0.995534 0.888725 -0.0846864 1.54379 1.11527 -1.77154
2.60287 -0.449504 -1.82616 -0.676595 0.928045 -1.56634 0.762348 -1.92954 -0.214061 1.42086 -0.995534 0.888725 -0.0846864 1.54379 1.11527 -1.77154
2.59875 -0.449504 -1.82616 -0.676595 0.928045 -1.56634 0.762348 -1.92954 -0.214061 1.42086 -0.995534 0.888725 -0.0846864 1.54379 1.11527 -1.77154
2.59446 -0.449504 -1.82616 -0.676595 0.928045 -1.56634 0.762348 -1.92954 -0.214061 1.42086 -0.995534 0.888725 -0.0846864 1.54379 1.11527 -1.77154
2.5903 -0.449504 -1.82616 -0.676595 0.928045 -1.56634 0.762348 -1.92954 -0.214061 1.42086 -0.995534 0.888725 -0.0846864 1.54379 1.11527 -1.77154
2.58611 -0.449504 -1.82616 -0.676595 0.928045 -1.56634 0.762348 -1.92954 -0.214061 1.42086 -0.995534 0.888725 -0.0846864 1.54379 1.11527 -1.77154
2.58189 -0.449504 -1.82616 -0.676595 0.928045 -1.56634 0.762348 -1.92954 -0.214061 1.42086 -0.995534 0.888725 -0.0846864 1.54379 1.11527 -1.77154
2.57752 -0.449504 -1.82616 -0.676595 0.928045 -1.56634 0.762348 -1.92954 -0.214061 1.42086 -0.995534 0.888725 -0.0846864 1.54379 1.11527 -1.77154
2.57318 -0.449504 -1.82616 -0.676595 0.928045 -1.56634 0.762348 -1.92954 -0.214061 1.42086 -0.995534 0.888725 -0.0846864 1.54379 1.11527 -1.77154
2.56895 -0.449504 -1.82616 -0.676595 0.928045 -1.56634 0.762348 -1.92954 -0.214061 1.42086 -0.995534 0.888725 -0.0846864 1.54379 1.11527 -1.77154
2.56463 -0.449504 -1.82616 -0.676595 0.928045 -1.56634 0.762348 -1.92954 -0.214061 1.42086 -0.995534 0.888725 -0.0846864 1.54379 1.11527 -1.77154
2.56022 -0.449504 -1.82616 -0.676595 0.928045 -1.56634 0.762348 -1.92954 -0.214061 1.42086 -0.995534 0.888725 -0.0846864 1.54379 1.11527 -1.77154
2.55588 -0.449504 -1.82616 -0.676595 0.928045 -1.56634 0.762348 -1.92954 -0.214061 1.42086 -0.995534 0.888725 -0.0846864 1.54379 1.11527 -1.77154
2.55154 -0.449504 -1.82616 -0.676595 0.928045 -1.56634 0.762348 -1.92954 -0.214061 1.42086 -0.995534 0.888725 -0.0846864 1.54379 1.11527 -1.77154
2.5471 -0.449504 -1.82616 -0.676595 0.928045 -1.56634 0.762348 -1.92954 -0.214061 1.42086 -0.995534 0.888725 -0.0846864 1.54379 1.11527 -1.77154
2.54272 -0.449504 -1.82616 -0.676595 0.928045 -1.56634 0.762348 -1.92954 -0.214061 1.42086 -0.995534 0.888725 -0.0846864 1.54379 1.11527 -1.77154
2.53834 -0.449504 -1.82616 -0.676595 0.928045 -1.56634 0.762348 -1.92954 -0.214061 1.42086 -0.995534 0.888725 -0.0846864 1.54379 1.11527 -1.77154
2.53401 -0.449504 -1.82616 -0.676595 0.928045 -1.56634 0.762348 -1.92954 -0.214061 1.42086 -0.995534 0.888725 -0.0846864 1.54379 1.11527 -1.77154
2.52962 -0.449504 -1.82616 -0.676595 0.928045 -1.56634 0.762348 -1.92954 -0.214061 1.42086 -0.995534 0.888725 -0.0846864 1.54379 1.11527 -1.77154
2.52516 -0.449504 -1.82616 -0.676595 0.928045 -1.56634 0.762348 -1.92954 -0.214061 1.42086 -0.995534 0.888725 -0.0846864 1.54379 1.11527 -1.77154
2.52071 -0.449504 -1.82616 -0.676595 0.928045 -1.56634 0.762348 -1.92954 -0.214061 1.42086 -0.995534 0.888725 -0.0846864 1.54379 1.11527 -1.77154
2.51625 -0.449504 -1.82616 -0.676595 0.928045 -1.56634 0.762348 -1.92954 -0.214061 1.42086 -0.995534 0.888725 -0.0846864 1.54379 1.11527 -1.77154
2.51181 -0.449504 -1.82616 -0.676595 0.928045 -1.56634 0.762348 -1.92954 -0.214061 1.42086 -0.995534 0.888725 -0.0846864 1.54379 1.11527 -1.77154
2.50732 -0.449504 -1.82616 -0.676595 0.928045 -1.56634 0.762348 -1.92954 -0.214061 1.42086 -0.995534 0.888725 -0.0846864 1.54379 1.11527 -1.77154
2.50281 -0.449504 -1.82616 -0.676595 0.928045 -1.56634 0.762348 -1.92954 -0.214061 1.42086 -0.995534 0.888725 -0.0846864 1.54379 1.11527 -1.77154
2.49831 -0.449504 -1.82616 -0.676595 0.928045 -1.56634 0.762348 -1.92954 -0.214061 1.42086 -0.995534 0.888725 -0.0846864 1.54379 1.11527 -1.77154
2.49376 -0.449504 -1.82616 -0.676595 0.928045 -1.56634 0.762348 -1.92954 -0.214061 1.42086 -0.995534 0.888725 -0.0846864 1.54379 1.11527 -1.77154
2.48917 -0.449504 -1.82616 -0.676595 0.928045 -1.56634 0.762348 -1.92954 -0.214061 1.42086 -0.995534 0.888725 -0.0846864 1.54379 1.11527 -1.77154
2.48459 -0.449504 -1.82616 -0.676595 0.928045 -1.56634 0.762348 -1.92954 -0.214061 1.42086 -0.995534 0.888725 -0.0846864 1.54379 1.11527 -1.77154
2.47998 -0.449504 -1.82616 -0.676595 0.928045 -1.56634 0.762348 -1.92954 -0.214061 1.42086 -0.995534 0.888725 -0.0846864 1.54379 1.11527 -1.77154
2.47523 -0.449504 -1.82616 -0.676595 0.928045 -1.56634 0.762348 -1.92954 -0.214061 1.42086 -0.995534 0.888725 -0.0846864 1.54379 1.11527 -1.77154
2.47055 -0.449504 -1.82616 -0.676595 0.928045 -1.56634 0.762348 -1.92954 -0.214061 1.42086 -0.995534 0.888725 -0.0846864 1.54379 1.11527 -1.77154
2.46586 -0.449504 -1.82616 -0.676595 0.928045 -1.56634 0.762348 -1.92954 -0.214061 1.42086 -0.995534 0.888725 -0.0846864 1.54379 1.11527 -1.77154
2.46108 -0.449504 -1.82616 -0.676595 0.928045 -1.56634 0.762348 -1.92954 -0.214061 1.42086 -0.995534 0.888725 -0.0846864 1.54379 1.11527 -1.77154
2.45631 -0.449504 -1.82616 -0.676595 0.928045 -1.56634 0.762348 -1.92954 -0.214061 1.42086 -0.995534 0.888725 -0.0846864 1.54379 1.11527 -1.77154
2.45152 -0.449504 -1.82616 -0.676595 0.928045 -1.56634 0.762348 -1.92954 -0.214061 1.42086 -0.995534 0.888725 -0.0846864 1.54379 1.11527 -1.77154
2.44668 -0.449504 -1.82616 -0.676595 0.928045 -1.56634 0.762348 -1.92954 -0.214061 1.42086 -0.995534 0.888725 -0.0846864 1.54379 1.11527 -1.77154
2.44188 -0.449504 -1.82616 -0.676595 0.928045 -1.56634 0.762348 -1.92954 -0.214061 1.42086 -0.995534 0.888725 -0.0846864 1.54379 1.11527 -1.77154
2.43704 -0.449504 -1.82616 -0.676595 0.928045 -1.56634 0.762348 -1.92954 -0.214061 1.42086 -0.995534 0.888725 -0.0846864 1.54379 1.11527 -1.77154
2.43211 -0.449504 -1.82616 -0.676595 0.928045 -1.56634 0.762348 -1.92954 -0.214061 1.42086 -0.995534 0.888725 -0.0846864 1.54379 1.11527 -1.77154
2.42724 -0.449504 -1.82616 -0.676595 0.928045 -1.56634 0.762348 -1.92954 -0.214061 1.42086 -0.995534 0.888725 -0.0846864 1.54379 1.11527 -1.77154
2.42239 -0.449504 -1.82616 -0.676595 0.928045 -1.56634 0.762348 -1.92954 -0.214061 1.42086 -0.995534 0.888725 -0.0846864 1.54379 1.11527 -1.77154
2.41759 -0.449504 -1.82616 -0.676595 0.928045 -1.56634 0.762348 -1.92954 -0.214061 1.42086 -0.995534 0.888725 -0.0846864 1.54379 1.11527 -1.77154
2.41271 -0.449504 -1.82616 -0.676595 0.928045 -1.56634 0.762348 -1.92954 -0.214061 1.42086 -0.995534 0.888725 -0.0846864 1.54379 1.11527 -1.77154
2.40773 -0.449504 -1.82616 -0.676595 0.928045 -1.56634 0.762348 -1.92954 -0.214061 1.42086 -0.995534 0.888725 -0.0846864 1.54379 1.11527 -1.77154
2.40281 -0.449504 -1.82616 -0.676595 0.928045 -1.56634 0.762348 -1.92954 -0.214061 1.42086 -0.995534 0.888725 -0.0846864 1.54379 1.11527 -1.77154
2.39791 -0.449504 -1.82616 -0.676595 0.928045 -1.56634 0.762348 -1.92954 -0.214061 1.42086 -0.995534 0.888725 -0.0846864 1.54379 1.11527 -1.77154
2.39291 -0.449504 -1.82616 -0.676595 0.928045 -1.56634 0.762348 -1.92954 -0.214061 1.42086 -0.995534 0.888725 -0.0846864 1.54379 1.11527 -1.77154
2.38779 -0.449504 -1.82616 -0.676595 0.928045 -1.56634 0.762348 -1.92954 -0.214061 1.42086 -0.995534 0.888725 -0.0846864 1.54379 1.11527 -1.77154
2.38276 -0.449504 -1.82616 -0.676595 0.928045 -1.56634 0.762348 -1.92954 -0.214061 1.42086 -0.995534 0.888725 -0.0846864 1.54379 1.11527 -1.77154
2.37745 -0.449504 -1.82616 -0.676595 0.928045 -1.56634 0.762348 -1.92954 -0.214061 1.42086 -0.995534 0.888725 -0.0846864 1.54379 1.11527 -1.77154
2.37241 -0.449504 -1.82616 -0.676595 0.928045 -1.56634 0.762348 -1.92954 -0.214061 1.42086 -0.995534 0.888725 -0.0846864 1.54379 1.11527 -1.77154
2.36734 -0.449504 -1.82616 -0.676595 0.928045 -1.56634 0.762348 -1.92954 -0.214061 1.42086 -0.995534 0.888725 -0.0846864 1.54379 1.11527 -1.77154
2.35552 -0.449504 -1.82616 -0.676595 0.928045 -1.56634 0.762348 -1.92954 -0.214061 1.42086 -0.995534 0.888725 -0.0846864 1.54379 1.11527 -1.77154
2.35552 -0.449504 -1.82616 -0.676595 0.928045 -1.56634 0.762348 -1.92954 -0.214061 1.42086 -0.995534 0.888725 -0.0846864 1.54379 1.11527 -1.77154
2.35552 -0.449504 -1.82616 -0.676595 0.928045 -1.56634 0.762348 -1.92954 -0.214061 1.42086 -0.995534 0.888725 -0.0846864 1.54379 1.11527 -1.77154
2.35552 -0.449504 -1.82616 -0.676595 0.928045 -1.56634 0.762348 -1.92954 -0.214061 1.42086 -0.995534 0.888725 -0.0846864 1.54379 1.11527 -1.77154
2.35552 -0.449504 -1.82616 -0.676595 0.928045 -1.56634 0.762348 -1.92954 -0.214061 1.42086 -0.995534 0.888725 -0.0846864 1.54379 1.11527 -1.77154
2.35622 -0.449504 -1.82616 -0.676595 0.928045 -1.56634 0.762348 -1.92954 -0.214061 1.42086 -0.995534 0.888725 -0.0846864 1.54379 1.11527 -1.77154
2.35766 -0.449504 -1.82616 -0.676595 0.928045 -1.56634 0.762348 -1.92954 -0.214061 1.42086 -0.995534 0.888725 -0.0846864 1.54379 1.11527 -1.77154
2.35947 -0.449504 -1.82616 -0.676595 0.928045 -1.56634 0.762348 -1.92954 -0.214061 1.42086 -0.995534 0.888725 -0.0846864 1.54379 1.11527 -1.77154
2.36151 -0.449504 -1.82616 -0.676595 0.928045 -1.56634 0.762348 -1.92954 -0.214061 1.42086 -0.995534 0.888725 -0.0846864 1.54379 1.11527 -1.77154
2.36361 -0.449504 -1.82616 -0.676595 0.928045 -1.56634 0.762348 -1.92954 -0.214061 1.42086 -0.995534 0.888725 -0.0846864 1.54379 1.11527 -1.77154
2.36753 -0.449504 -1.82616 -0.676595 0.928045 -1.56634 0.762348 -1.92954 -0.214061 1.42086 -0.995534 0.888725 -0.0846864 1.54379 1.11527 -1.77154
2.37122 -0.449504 -1.82616 -0.676595 0.928045 -1.56634 0.762348 -1.92954 -0.214061 1.42086 -0.995534 0.888725 -0.0846864 1.54379 1.11527 -1.77154
2.37498 -0.449504 -1.82616 -0.676595 0.928045 -1.56634 0.762348 -1.92954 -0.214061 1.42086 -0.995534 0.888725 -0.0846864 1.54379 1.11527 -1.77154
2.3795 -0.449504 -1.82616 -0.676595 0.928045 -1.56634 0.762348 -1.92954 -0.214061 1.42086 -0.995534 0.888725 -0.0846864 1.54379 1.11527 -1.77154
2.38481 -0.449504 -1.82616 -0.676595 0.928045 -1.56634 0.762348 -1.92954 -0.214061 1.42086 -0.995534 0.888725 -0.0846864 1.54379 1.11527 -1.77154
2.39073 -0.449504 -1.82616 -0.676595 0.928045 -1.56634 0.762348 -1.92954 -0.214061 1.42086 -0.995534 0.888725 -0.0846864 1.54379 1.11527 -1.77154
2.39699 -0.449504 -1.82616 -0.676595 0.928045 -1.56634 0.762348 -1.92954 -0.214061 1.42086 -0.995534 0.888725 -0.0846864 1.54379 1.11527 -1.77154
2.40341 -0.449504 -1.82616 -0.676595 0.928045 -1.56634 0.762348 -1.92954 -0.214061 1.42086 -0.995534 0.888725 -0.0846864 1.54379 1.11527 -1.77154
2.41017 -0.449504 -1.82616 -0.676595 0.928045 -1.56634 0.762348 -1.92954 -0.214061 1.42086 -0.995534 0.888725 -0.0846864 1.54379 1.11527 -1.77154
2.41676 -0.449504 -1.82616 -0.676595 0.928045 -1.56634 0.762348 -1.92954 -0.214061 1.42086 -0.995534 0.888725 -0.0846864 1.54379 1.11527 -1.77154
2.4239 -0.449504 -1.82616 -0.676595 0.928045 -1.56634 0.762348 -1.92954 -0.214061 1.42086 -0.995534 0.888725 -0.0846864 1.54379 1.11527 -1.77154
2.43116 -0.449504 -1.82616 -0.676595 0.928045 -1.56634 0.762348 -1.92954 -0.214061 1.42086 -0.995534 0.888725 -0.0846864 1.54379 1.11527 -1.77154
2.43837 -0.449504 -1.82616 -0.676595 0.928045 -1.56634 0.762348 -1.92954 -0.214061 1.42086 -0.995534 0.888725 -0.0846864 1.54379 1.11527 -1.77154
2.44607 -0.449504 -1.82616 -0.676595 0.928045 -1.56634 0.762348 -1.92954 -0.214061 1.42086 -0.995534 0.888725 -0.0846864 1.54379 1.11527 -1.77154
2.45393 -0.449504 -1.82616 -0.676595 0.928045 -1.56634 0.762348 -1.92954 -0.214061 1.42086 -0.995534 0.888725 -0.0846864 1.54379 1.11527 -1.77154
2.46183 -0.449504 -1.82616 -0.676595 0.928045 -1.56634 0.762348 -1.92954 -0.214061 1.42086 -0.995534 0.888725 -0.0846864 1.54379 1.11527 -1.77154
2.47021 -0.449504 -1.82616 -0.676595 0.928045 -1.56634 0.762348 -1.92954 -0.214061 1.42086 -0.995534 0.888725 -0.0846864 1.54379 1.11527 -1.77154
2.47867 -0.449504 -1.82616 -0.676595 0.928045 -1.56634 0.762348 -1.92954 -0.214061 1.42086 -0.995534 0.888725 -0.0846864 1.54379 1.11527 -1.77154
2.48738 -0.449504 -1.82616 -0.676595 0.928045 -1.56634 0.762348 -1.92954 -0.214061 1.42086 -0.995534 0.888725 -0.0846864 1.54379 1.11527 -1.77154
2.49656 -0.449504 -1.82616 -0.676595 0.928045 -1.56634 0.762348 -1.92954 -0.214061 1.42086 -0.995534 0.888725 -0.0846864 1.54379 1.11527 -1.77154
2.5059 -0.449504 -1.82616 -0.676595 0.928045 -1.56634 0.762348 -1.92954 -0.214061 1.42086 -0.995534 0.888725 -0.0846864 1.54379 1.11527 -1.77154
2.51554 -0.449504 -1.82616 -0.676595 0.928045 -1.56634 0.762348 -1.92954 -0.214061 1.42086 -0.995534 0.888725 -0.0846864 1.54379 1.11527 -1.77154
2.52548 -0.449504 -1.82616 -0.676595 0.928045 -1.56634 0.762348 -1.92954 -0.214061 1.42086 -0.995534 0.888725 -0.0846864 1.54379 1.11527 -1.77154
2.53574 -0.449504 -1.82616 -0.676595 0.928045 -1.56634 0.762348 -1.92954 -0.214061 1.42086 -0.995534 0.888725 -0.0846864 1.54379 1.11527 -1.77154
2.54635 -0.449504 -1.82616 -0.676595 0.928045 -1.56634 0.762348 -1.92954 -0.214061 1.42086 -0.995534 0.888725 -0.0846864 1.54379 1.11527 -1.77154
2.55719 -0.449504 -1.82616 -0.676595 0.928045 -1.56634 0.762348 -1.92954 -0.214061 1.42086 -0.995534 0.888725 -0.0846864 1.54379 1.11527 -1.77154
2.56854 -0.449504 -1.82616 -0.676595 0.928045 -1.56634 0.762348 -1.92954 -0.214061 1.42086 -0.995534 0.888725 -0.0846864 1.54379 1.11527 -1.77154
2.5804 -0.449504 -1.82616 -0.676595 0.928045 -1.56634 0.762348 -1.92954 -0.214061 1.42086 -0.995534 0.888725 -0.0846864 1.54379 1.11527 -1.77154
2.59243 -0.449504 -1.82616 -0.676595 0.928045 -1.56634 0.762348 -1.92954 -0.214061 1.42086 -0.995534 0.888725 -0.0846864 1.54379 1.11527 -1.77154
2.6057 -0.449504 -1.82616 -0.676595 0.928045 -1.56634 0.762348 -1.92954 -0.214061 1.42086 -0.995534 0.888725 -0.0846864 1.54379 1.11527 -1.77154
2.61953 -0.449504 -1.82616 -0.676595 0.928045 -1.56634 0.762348 -1.92954 -0.214061 1.42086 -0.995534 0.888725 -0.0846864 1.54379 1.11527 -1.77154
2.63304 -0.449504 -1.82616 -0.676595 0.928045 -1.56634 0.762348 -1.92954 -0.214061 1.42086 -0.995534 0.888725 -0.0846864 1.54379 1.11527 -1.77154
2.64699 -0.449504 -1.82616 -0.676595 0.928045 -1.56634 0.762348 -1.92954 -0.214061 1.42086 -0.995534 0.888725 -0.0846864 1.54379 1.11527 -1.77154
2.66133 -0.449504 -1.82616 -0.676595 0.928045 -1.56634 0.762348 -1.92954 -0.214061 1.42086 -0.995534 0.888725 -0.0846864 1.54379 1.11527 -1.77154
