6.348
6.359
6.369
6.38
6.39
6.401
6.411
6.421
6.432
6.443
6.465
6.485
6.506
6.526
6.547
6.567
6.589
6.609
6.63
6.65
6.689
6.728
6.767
6.806
6.844
6.883
6.922
6.961
7.001
7.039
7.079
7.118
7.157
7.197
7.236
7.274
7.313
7.351
7.389
7.428
7.467
7.506
7.545
7.584
7.623
7.661
7.7
7.738
7.777
7.816
7.855
7.894
7.933
7.972
8.013
8.052
8.091
8.129
8.169
8.208
8.248
8.287
8.326
8.364
8.403
8.441
8.48
8.52
8.558
8.596
8.635
8.674
8.712
8.751
8.79
8.828
8.867
8.907
8.946
8.985
9.025
9.064
9.103
9.142
9.181
9.221
9.261
9.299
9.338
9.377
9.415
9.454
9.493
9.532
9.571
9.611
9.652
9.691
9.73
9.768
10.527
10.538
10.548
10.559
10.57
10.58
10.591
10.602
10.613
10.627
10.666
10.705
10.743
10.782
10.821
10.859
10.898
10.939
10.978
11.018
11.061
11.1
11.139
11.178
11.216
11.255
11.294
11.333
11.371
11.41
11.449
11.487
11.526
11.564
11.603
11.641
11.68
11.719
11.76
11.801
11.84
11.878
11.917
11.956
