1.39892 -1.08257 -1.21635 0.961144 -1.98358 1.381 2.28475 -1.53225 -0.527674 -2.16586 0.953148 -1.18619 -1.28063 -1.98908 1.58504 1.14412
1.39892 -1.08257 -1.21635 0.961144 -1.98358 1.381 2.28475 -1.53225 -0.527674 -2.16586 0.953148 -1.18619 -1.28063 -1.98908 1.58504 1.14412
1.39892 -1.08257 -1.21635 0.961144 -1.98358 1.381 2.28475 -1.53225 -0.527674 -2.16586 0.953148 -1.18619 -1.28063 -1.98908 1.58504 1.14412
1.39892 -1.08257 -1.21635 0.961144 -1.98358 1.381 2.28475 -1.53225 -0.527674 -2.16586 0.953148 -1.18619 -1.28063 -1.98908 1.58504 1.14412
1.39892 -1.08257 -1.21635 0.961144 -1.98358 1.381 2.28475 -1.53225 -0.527674 -2.16586 0.953148 -1.18619 -1.28063 -1.98908 1.58504 1.14412
1.39892 -1.08257 -1.21635 0.961144 -1.98358 1.381 2.28475 -1.53225 -0.527674 -2.16586 0.953148 -1.18619 -1.28063 -1.98908 1.58504 1.14412
1.39892 -1.08257 -1.21635 0.961144 -1.98358 1.381 2.28475 -1.53225 -0.527674 -2.16586 0.953148 -1.18619 -1.28063 -1.98908 1.58504 1.14412
1.39892 -1.08257 -1.21635 0.961144 -1.98358 1.381 2.28475 -1.53225 -0.527674 -2.16586 0.953148 -1.18619 -1.28063 -1.98908 1.58504 1.14412
1.39892 -1.08257 -1.21635 0.961144 -1.98358 1.381 2.28475 -1.53225 -0.527674 -2.16586 0.953148 -1.18619 -1.28063 -1.98908 1.58504 1.14412
1.39892 -1.08257 -1.21635 0.961144 -1.98358 1.381 2.28475 -1.53225 -0.527674 -2.16586 0.953148 -1.18619 -1.28063 -1.98908 1.58504 1.14412
1.39935 -1.08257 -1.21635 0.961144 -1.98358 1.381 2.28475 -1.53225 -0.527674 -2.16586 0.953148 -1.18619 -1.28063 -1.98908 1.58504 1.14412
1.40005 -1.08257 -1.21635 0.961144 -1.98358 1.381 2.28475 -1.53225 -0.527674 -2.16586 0.953148 -1.18619 -1.28063 -1.98908 1.58504 1.14412
1.40079 -1.08257 -1.21635 0.961144 -1.98358 1.381 2.28475 -1.53225 -0.527674 -2.16586 0.953148 -1.18619 -1.28063 -1.98908 1.58504 1.14412
1.40148 -1.08257 -1.21635 0.961144 -1.98358 1.381 2.28475 -1.53225 -0.527674 -2.16586 0.953148 -1.18619 -1.28063 -1.98908 1.58504 1.14412
1.40217 -1.08257 -1.21635 0.961144 -1.98358 1.381 2.28475 -1.53225 -0.527674 -2.16586 0.953148 -1.18619 -1.28063 -1.98908 1.58504 1.14412
1.4029 -1.08257 -1.21635 0.961144 -1.98358 1.381 2.28475 -1.53225 -0.527674 -2.16586 0.953148 -1.18619 -1.28063 -1.98908 1.58504 1.14412
1.40363 -1.08257 -1.21635 0.961144 -1.98358 1.381 2.28475 -1.53225 -0.527674 -2.16586 0.953148 -1.18619 -1.28063 -1.98908 1.58504 1.14412
1.40443 -1.08257 -1.21635 0.961144 -1.98358 1.381 2.28475 -1.53225 -0.527674 -2.16586 0.953148 -1.18619 -1.28063 -1.98908 1.58504 1.14412
1.40534 -1.08257 -1.21635 0.961144 -1.98358 1.381 2.28475 -1.53225 -0.527674 -2.16586 0.953148 -1.18619 -1.28063 -1.98908 1.58504 1.14412
1.40637 -1.08257 -1.21635 0.961144 -1.98358 1.381 2.28475 -1.53225 -0.527674 -2.16586 0.953148 -1.18619 -1.28063 -1.98908 1.58504 1.14412
1.40868 -1.08257 -1.21635 0.961144 -1.98358 1.381 2.28475 -1.53225 -0.527674 -2.16586 0.953148 -1.18619 -1.28063 -1.98908 1.58504 1.14412
1.41125 -1.08257 -1.21635 0.961144 -1.98358 1.381 2.28475 -1.53225 -0.527674 -2.16586 0.953148 -1.18619 -1.28063 -1.98908 1.58504 1.14412
1.41395 -1.08257 -1.21635 0.961144 -1.98358 1.381 2.28475 -1.53225 -0.527674 -2.16586 0.953148 -1.18619 -1.28063 -1.98908 1.58504 1.14412
1.41688 -1.08257 -1.21635 0.961144 -1.98358 1.381 2.28475 -1.53225 -0.527674 -2.16586 0.953148 -1.18619 -1.28063 -1.98908 1.58504 1.14412
1.42 -1.08257 -1.21635 0.961144 -1.98358 1.381 2.28475 -1.53225 -0.527674 -2.16586 0.953148 -1.18619 -1.28063 -1.98908 1.58504 1.14412
1.42327 -1.08257 -1.21635 0.961144 -1.98358 1.381 2.28475 -1.53225 -0.527674 -2.16586 0.953148 -1.18619 -1.28063 -1.98908 1.58504 1.14412
1.4267 -1.08257 -1.21635 0.961144 -1.98358 1.381 2.28475 -1.53225 -0.527674 -2.16586 0.953148 -1.18619 -1.28063 -1.98908 1.58504 1.14412
1.43012 -1.08257 -1.21635 0.961144 -1.98358 1.381 2.28475 -1.53225 -0.527674 -2.16586 0.953148 -1.18619 -1.28063 -1.98908 1.58504 1.14412
1.43356 -1.08257 -1.21635 0.961144 -1.98358 1.381 2.28475 -1.53225 -0.527674 -2.16586 0.953148 -1.18619 -1.28063 -1.98908 1.58504 1.14412
1.4371 -1.08257 -1.21635 0.961144 -1.98358 1.381 2.28475 -1.53225 -0.527674 -2.16586 0.953148 -1.18619 -1.28063 -1.98908 1.58504 1.14412
1.44085 -1.08257 -1.21635 0.961144 -1.98358 1.381 2.28475 -1.53225 -0.527674 -2.16586 0.953148 -1.18619 -1.28063 -1.98908 1.58504 1.14412
1.44494 -1.08257 -1.21635 0.961144 -1.98358 1.381 2.28475 -1.53225 -0.527674 -2.16586 0.953148 -1.18619 -1.28063 -1.98908 1.58504 1.14412
1.4491 -1.08257 -1.21635 0.961144 -1.98358 1.381 2.28475 -1.53225 -0.527674 -2.16586 0.953148 -1.18619 -1.28063 -1.98908 1.58504 1.14412
1.45315 -1.08257 -1.21635 0.961144 -1.98358 1.381 2.28475 -1.53225 -0.527674 -2.16586 0.953148 -1.18619 -1.28063 -1.98908 1.58504 1.14412
1.45746 -1.08257 -1.21635 0.961144 -1.98358 1.381 2.28475 -1.53225 -0.527674 -2.16586 0.953148 -1.18619 -1.28063 -1.98908 1.58504 1.14412
1.46205 -1.08257 -1.21635 0.961144 -1.98358 1.381 2.28475 -1.53225 -0.527674 -2.16586 0.953148 -1.18619 -1.28063 -1.98908 1.58504 1.14412
1.46686 -1.08257 -1.21635 0.961144 -1.98358 1.381 2.28475 -1.53225 -0.527674 -2.16586 0.953148 -1.18619 -1.28063 -1.98908 1.58504 1.14412
1.47154 -1.08257 -1.21635 0.961144 -1.98358 1.381 2.28475 -1.53225 -0.527674 -2.16586 0.953148 -1.18619 -1.28063 -1.98908 1.58504 1.14412
1.47637 -1.08257 -1.21635 0.961144 -1.98358 1.381 2.28475 -1.53225 -0.527674 -2.16586 0.953148 -1.18619 -1.28063 -1.98908 1.58504 1.14412
1.48147 -1.08257 -1.21635 0.961144 -1.98358 1.381 2.28475 -1.53225 -0.527674 -2.16586 0.953148 -1.18619 -1.28063 -1.98908 1.58504 1.14412
1.48685 -1.08257 -1.21635 0.961144 -1.98358 1.381 2.28475 -1.53225 -0.527674 -2.16586 0.953148 -1.18619 -1.28063 -1.98908 1.58504 1.14412
1.49227 -1.08257 -1.21635 0.961144 -1.98358 1.381 2.28475 -1.53225 -0.527674 -2.16586 0.953148 -1.18619 -1.28063 -1.98908 1.58504 1.14412
1.49789 -1.08257 -1.21635 0.961144 -1.98358 1.381 2.28475 -1.53225 -0.527674 -2.16586 0.953148 -1.18619 -1.28063 -1.98908 1.58504 1.14412
1.50368 -1.08257 -1.21635 0.961144 -1.98358 1.381 2.28475 -1.53225 -0.527674 -2.16586 0.953148 -1.18619 -1.28063 -1.98908 1.58504 1.14412
1.50968 -1.08257 -1.21635 0.961144 -1.98358 1.381 2.28475 -1.53225 -0.527674 -2.16586 0.953148 -1.18619 -1.28063 -1.98908 1.58504 1.14412
1.51587 -1.08257 -1.21635 0.961144 -1.98358 1.381 2.28475 -1.53225 -0.527674 -2.16586 0.953148 -1.18619 -1.28063 -1.98908 1.58504 1.14412
1.52208 -1.08257 -1.21635 0.961144 -1.98358 1.381 2.28475 -1.53225 -0.527674 -2.16586 0.953148 -1.18619 -1.28063 -1.98908 1.58504 1.14412
1.52853 -1.08257 -1.21635 0.961144 -1.98358 1.381 2.28475 -1.53225 -0.527674 -2.16586 0.953148 -1.18619 -1.28063 -1.98908 1.58504 1.14412
1.53512 -1.08257 -1.21635 0.961144 -1.98358 1.381 2.28475 -1.53225 -0.527674 -2.16586 0.953148 -1.18619 -1.28063 -1.98908 1.58504 1.14412
1.54199 -1.08257 -1.21635 0.961144 -1.98358 1.381 2.28475 -1.53225 -0.527674 -2.16586 0.953148 -1.18619 -1.28063 -1.98908 1.58504 1.14412
1.54925 -1.08257 -1.21635 0.961144 -1.98358 1.381 2.28475 -1.53225 -0.527674 -2.16586 0.953148 -1.18619 -1.28063 -1.98908 1.58504 1.14412
1.55658 -1.08257 -1.21635 0.961144 -1.98358 1.381 2.28475 -1.53225 -0.527674 -2.16586 0.953148 -1.18619 -1.28063 -1.98908 1.58504 1.14412
1.5643 -1.08257 -1.21635 0.961144 -1.98358 1.381 2.28475 -1.53225 -0.527674 -2.16586 0.953148 -1.18619 -1.28063 -1.98908 1.58504 1.14412
1.57204 -1.08257 -1.21635 0.961144 -1.98358 1.381 2.28475 -1.53225 -0.527674 -2.16586 0.953148 -1.18619 -1.28063 -1.98908 1.58504 1.14412
1.58013 -1.08257 -1.21635 0.961144 -1.98358 1.381 2.28475 -1.53225 -0.527674 -2.16586 0.953148 -1.18619 -1.28063 -1.98908 1.58504 1.14412
1.58886 -1.08257 -1.21635 0.961144 -1.98358 1.381 2.28475 -1.53225 -0.527674 -2.16586 0.953148 -1.18619 -1.28063 -1.98908 1.58504 1.14412
1.59757 -1.08257 -1.21635 0.961144 -1.98358 1.381 2.28475 -1.53225 -0.527674 -2.16586 0.953148 -1.18619 -1.28063 -1.98908 1.58504 1.14412
1.60712 -1.08257 -1.21635 0.961144 -1.98358 1.381 2.28475 -1.53225 -0.527674 -2.16586 0.953148 -1.18619 -1.28063 -1.98908 1.58504 1.14412
1.61639 -1.08257 -1.21635 0.961144 -1.98358 1.381 2.28475 -1.53225 -0.527674 -2.16586 0.953148 -1.18619 -1.28063 -1.98908 1.58504 1.14412
1.62606 -1.08257 -1.21635 0.961144 -1.98358 1.381 2.28475 -1.53225 -0.527674 -2.16586 0.953148 -1.18619 -1.28063 -1.98908 1.58504 1.14412
1.63629 -1.08257 -1.21635 0.961144 -1.98358 1.381 2.28475 -1.53225 -0.527674 -2.16586 0.953148 -1.18619 -1.28063 -1.98908 1.58504 1.14412
1.64888 -1.08257 -1.21635 0.961144 -1.98358 1.381 2.28475 -1.53225 -0.527674 -2.16586 0.953148 -1.18619 -1.28063 -1.98908 1.58504 1.14412
1.64708 -1.08257 -1.21635 0.961144 -1.98358 1.381 2.28475 -1.53225 -0.527674 -2.16586 0.953148 -1.18619 -1.28063 -1.98908 1.58504 1.14412
1.64546 -1.08257 -1.21635 0.961144 -1.98358 1.381 2.28475 -1.53225 -0.527674 -2.16586 0.953148 -1.18619 -1.28063 -1.98908 1.58504 1.14412
1.64408 -1.08257 -1.21635 0.961144 -1.98358 1.381 2.28475 -1.53225 -0.527674 -2.16586 0.953148 -1.18619 -1.28063 -1.98908 1.58504 1.14412
1.64297 -1.08257 -1.21635 0.961144 -1.98358 1.381 2.28475 -1.53225 -0.527674 -2.16586 0.953148 -1.18619 -1.28063 -1.98908 1.58504 1.14412
1.64192 -1.08257 -1.21635 0.961144 -1.98358 1.381 2.28475 -1.53225 -0.527674 -2.16586 0.953148 -1.18619 -1.28063 -1.98908 1.58504 1.14412
1.64077 -1.08257 -1.21635 0.961144 -1.98358 1.381 2.28475 -1.53225 -0.527674 -2.16586 0.953148 -1.18619 -1.28063 -1.98908 1.58504 1.14412
1.63943 -1.08257 -1.21635 0.961144 -1.98358 1.381 2.28475 -1.53225 -0.527674 -2.16586 0.953148 -1.18619 -1.28063 -1.98908 1.58504 1.14412
1.6373 -1.08257 -1.21635 0.961144 -1.98358 1.381 2.28475 -1.53225 -0.527674 -2.16586 0.953148 -1.18619 -1.28063 -1.98908 1.58504 1.14412
1.6349 -1.08257 -1.21635 0.961144 -1.98358 1.381 2.28475 -1.53225 -0.527674 -2.16586 0.953148 -1.18619 -1.28063 -1.98908 1.58504 1.14412
1.63035 -1.08257 -1.21635 0.961144 -1.98358 1.381 2.28475 -1.53225 -0.527674 -2.16586 0.953148 -1.18619 -1.28063 -1.98908 1.58504 1.14412
1.62591 -1.08257 -1.21635 0.961144 -1.98358 1.381 2.28475 -1.53225 -0.527674 -2.16586 0.953148 -1.18619 -1.28063 -1.98908 1.58504 1.14412
1.62158 -1.08257 -1.21635 0.961144 -1.98358 1.381 2.28475 -1.53225 -0.527674 -2.16586 0.953148 -1.18619 -1.28063 -1.98908 1.58504 1.14412
1.61728 -1.08257 -1.21635 0.961144 -1.98358 1.381 2.28475 -1.53225 -0.527674 -2.16586 0.953148 -1.18619 -1.28063 -1.98908 1.58504 1.14412
1.61284 -1.08257 -1.21635 0.961144 -1.98358 1.381 2.28475 -1.53225 -0.527674 -2.16586 0.953148 -1.18619 -1.28063 -1.98908 1.58504 1.14412
1.60854 -1.08257 -1.21635 0.961144 -1.98358 1.381 2.28475 -1.53225 -0.527674 -2.16586 0.953148 -1.18619 -1.28063 -1.98908 1.58504 1.14412
1.60414 -1.08257 -1.21635 0.961144 -1.98358 1.381 2.28475 -1.53225 -0.527674 -2.16586 0.953148 -1.18619 -1.28063 -1.98908 1.58504 1.14412
1.59961 -1.08257 -1.21635 0.961144 -1.98358 1.381 2.28475 -1.53225 -0.527674 -2.16586 0.953148 -1.18619 -1.28063 -1.98908 1.58504 1.14412
1.59487 -1.08257 -1.21635 0.961144 -1.98358 1.381 2.28475 -1.53225 -0.527674 -2.16586 0.953148 -1.18619 -1.28063 -1.98908 1.58504 1.14412
1.59012 -1.08257 -1.21635 0.961144 -1.98358 1.381 2.28475 -1.53225 -0.527674 -2.16586 0.953148 -1.18619 -1.28063 -1.98908 1.58504 1.14412
1.58528 -1.08257 -1.21635 0.961144 -1.98358 1.381 2.28475 -1.53225 -0.527674 -2.16586 0.953148 -1.18619 -1.28063 -1.98908 1.58504 1.14412
1.58036 -1.08257 -1.21635 0.961144 -1.98358 1.381 2.28475 -1.53225 -0.527674 -2.16586 0.953148 -1.18619 -1.28063 -1.98908 1.58504 1.14412
1.57573 -1.08257 -1.21635 0.961144 -1.98358 1.381 2.28475 -1.53225 -0.527674 -2.16586 0.953148 -1.18619 -1.28063 -1.98908 1.58504 1.14412
1.57121 -1.08257 -1.21635 0.961144 -1.98358 1.381 2.28475 -1.53225 -0.527674 -2.16586 0.953148 -1.18619 -1.28063 -1.98908 1.58504 1.14412
1.5666 -1.08257 -1.21635 0.961144 -1.98358 1.381 2.28475 -1.53225 -0.527674 -2.16586 0.953148 -1.18619 -1.28063 -1.98908 1.58504 1.14412
1.56197 -1.08257 -1.21635 0.961144 -1.98358 1.381 2.28475 -1.53225 -0.527674 -2.16586 0.953148 -1.18619 -1.28063 -1.98908 1.58504 1.14412
1.5571 -1.08257 -1.21635 0.961144 -1.98358 1.381 2.28475 -1.53225 -0.527674 -2.16586 0.953148 -1.18619 -1.28063 -1.98908 1.58504 1.14412
1.55247 -1.08257 -1.21635 0.961144 -1.98358 1.381 2.28475 -1.53225 -0.527674 -2.16586 0.953148 -1.18619 -1.28063 -1.98908 1.58504 1.14412
1.54774 -1.08257 -1.21635 0.961144 -1.98358 1.381 2.28475 -1.53225 -0.527674 -2.16586 0.953148 -1.18619 -1.28063 -1.98908 1.58504 1.14412
1.54302 -1.08257 -1.21635 0.961144 -1.98358 1.381 2.28475 -1.53225 -0.527674 -2.16586 0.953148 -1.18619 -1.28063 -1.98908 1.58504 1.14412
1.53831 -1.08257 -1.21635 0.961144 -1.98358 1.381 2.28475 -1.53225 -0.527674 -2.16586 0.953148 -1.18619 -1.28063 -1.98908 1.58504 1.14412
1.53345 -1.08257 -1.21635 0.961144 -1.98358 1.381 2.28475 -1.53225 -0.527674 -2.16586 0.953148 -1.18619 -1.28063 -1.98908 1.58504 1.14412
1.52868 -1.08257 -1.21635 0.961144 -1.98358 1.381 2.28475 -1.53225 -0.527674 -2.16586 0.953148 -1.18619 -1.28063 -1.98908 1.58504 1.14412
1.52387 -1.08257 -1.21635 0.961144 -1.98358 1.381 2.28475 -1.53225 -0.527674 -2.16586 0.953148 -1.18619 -1.28063 -1.98908 1.58504 1.14412
1.51906 -1.08257 -1.21635 0.961144 -1.98358 1.381 2.28475 -1.53225 -0.527674 -2.16586 0.953148 -1.18619 -1.28063 -1.98908 1.58504 1.14412
1.51419 -1.08257 -1.21635 0.961144 -1.98358 1.381 2.28475 -1.53225 -0.527674 -2.16586 0.953148 -1.18619 -1.28063 -1.98908 1.58504 1.14412
1.50925 -1.08257 -1.21635 0.961144 -1.98358 1.381 2.28475 -1.53225 -0.527674 -2.16586 0.953148 -1.18619 -1.28063 -1.98908 1.58504 1.14412
1.50429 -1.08257 -1.21635 0.961144 -1.98358 1.381 2.28475 -1.53225 -0.527674 -2.16586 0.953148 -1.18619 -1.28063 -1.98908 1.58504 1.14412
1.49933 -1.08257 -1.21635 0.961144 -1.98358 1.381 2.28475 -1.53225 -0.527674 -2.16586 0.953148 -1.18619 -1.28063 -1.98908 1.58504 1.14412
1.49424 -1.08257 -1.21635 0.961144 -1.98358 1.381 2.28475 -1.53225 -0.527674 -2.16586 0.953148 -1.18619 -1.28063 -1.98908 1.58504 1.14412
1.48917 -1.08257 -1.21635 0.961144 -1.98358 1.381 2.28475 -1.53225 -0.527674 -2.16586 0.953148 -1.18619 -1.28063 -1.98908 1.58504 1.14412
1.48408 -1.08257 -1.21635 0.961144 -1.98358 1.381 2.28475 -1.53225 -0.527674 -2.16586 0.953148 -1.18619 -1.28063 -1.98908 1.58504 1.14412
1.47905 -1.08257 -1.21635 0.961144 -1.98358 1.381 2.28475 -1.53225 -0.527674 -2.16586 0.953148 -1.18619 -1.28063 -1.98908 1.58504 1.14412
1.47402 -1.08257 -1.21635 0.961144 -1.98358 1.381 2.28475 -1.53225 -0.527674 -2.16586 0.953148 -1.18619 -1.28063 -1.98908 1.58504 1.14412
1.4686 -1.08257 -1.21635 0.961144 -1.98358 1.381 2.28475 -1.53225 -0.527674 -2.16586 0.953148 -1.18619 -1.28063 -1.98908 1.58504 1.14412
1.46346 -1.08257 -1.21635 0.961144 -1.98358 1.381 2.28475 -1.53225 -0.527674 -2.16586 0.953148 -1.18619 -1.28063 -1.98908 1.58504 1.14412
1.4581 -1.08257 -1.21635 0.961144 -1.98358 1.381 2.28475 -1.53225 -0.527674 -2.16586 0.953148 -1.18619 -1.28063 -1.98908 1.58504 1.14412
1.45297 -1.08257 -1.21635 0.961144 -1.98358 1.381 2.28475 -1.53225 -0.527674 -2.16586 0.953148 -1.18619 -1.28063 -1.98908 1.58504 1.14412
1.44776 -1.08257 -1.21635 0.961144 -1.98358 1.381 2.28475 -1.53225 -0.527674 -2.16586 0.953148 -1.18619 -1.28063 -1.98908 1.58504 1.14412
1.44209 -1.08257 -1.21635 0.961144 -1.98358 1.381 2.28475 -1.53225 -0.527674 -2.16586 0.953148 -1.18619 -1.28063 -1.98908 1.58504 1.14412
1.43685 -1.08257 -1.21635 0.961144 -1.98358 1.381 2.28475 -1.53225 -0.527674 -2.16586 0.953148 -1.18619 -1.28063 -1.98908 1.58504 1.14412
1.43154 -1.08257 -1.21635 0.961144 -1.98358 1.381 2.28475 -1.53225 -0.527674 -2.16586 0.953148 -1.18619 -1.28063 -1.98908 1.58504 1.14412
1.42625 -1.08257 -1.21635 0.961144 -1.98358 1.381 2.28475 -1.53225 -0.527674 -2.16586 0.953148 -1.18619 -1.28063 -1.98908 1.58504 1.14412
1.42098 -1.08257 -1.21635 0.961144 -1.98358 1.381 2.28475 -1.53225 -0.527674 -2.16586 0.953148 -1.18619 -1.28063 -1.98908 1.58504 1.14412
1.4157 -1.08257 -1.21635 0.961144 -1.98358 1.381 2.28475 -1.53225 -0.527674 -2.16586 0.953148 -1.18619 -1.28063 -1.98908 1.58504 1.14412
1.41036 -1.08257 -1.21635 0.961144 -1.98358 1.381 2.28475 -1.53225 -0.527674 -2.16586 0.953148 -1.18619 -1.28063 -1.98908 1.58504 1.14412
1.40502 -1.08257 -1.21635 0.961144 -1.98358 1.381 2.28475 -1.53225 -0.527674 -2.16586 0.953148 -1.18619 -1.28063 -1.98908 1.58504 1.14412
1.39968 -1.08257 -1.21635 0.961144 -1.98358 1.381 2.28475 -1.53225 -0.527674 -2.16586 0.953148 -1.18619 -1.28063 -1.98908 1.58504 1.14412
1.39415 -1.08257 -1.21635 0.961144 -1.98358 1.381 2.28475 -1.53225 -0.527674 -2.16586 0.953148 -1.18619 -1.28063 -1.98908 1.58504 1.14412
1.38867 -1.08257 -1.21635 0.961144 -1.98358 1.381 2.28475 -1.53225 -0.527674 -2.16586 0.953148 -1.18619 -1.28063 -1.98908 1.58504 1.14412
1.38314 -1.08257 -1.21635 0.961144 -1.98358 1.381 2.28475 -1.53225 -0.527674 -2.16586 0.953148 -1.18619 -1.28063 -1.98908 1.58504 1.14412
1.37761 -1.08257 -1.21635 0.961144 -1.98358 1.381 2.28475 -1.53225 -0.527674 -2.16586 0.953148 -1.18619 -1.28063 -1.98908 1.58504 1.14412
1.37209 -1.08257 -1.21635 0.961144 -1.98358 1.381 2.28475 -1.53225 -0.527674 -2.16586 0.953148 -1.18619 -1.28063 -1.98908 1.58504 1.14412
1.36647 -1.08257 -1.21635 0.961144 -1.98358 1.381 2.28475 -1.53225 -0.527674 -2.16586 0.953148 -1.18619 -1.28063 -1.98908 1.58504 1.14412
1.36087 -1.08257 -1.21635 0.961144 -1.98358 1.381 2.28475 -1.53225 -0.527674 -2.16586 0.953148 -1.18619 -1.28063 -1.98908 1.58504 1.14412
1.35524 -1.08257 -1.21635 0.961144 -1.98358 1.381 2.28475 -1.53225 -0.527674 -2.16586 0.953148 -1.18619 -1.28063 -1.98908 1.58504 1.14412
1.34956 -1.08257 -1.21635 0.961144 -1.98358 1.381 2.28475 -1.53225 -0.527674 -2.16586 0.953148 -1.18619 -1.28063 -1.98908 1.58504 1.14412
1.34385 -1.08257 -1.21635 0.961144 -1.98358 1.381 2.28475 -1.53225 -0.527674 -2.16586 0.953148 -1.18619 -1.28063 -1.98908 1.58504 1.14412
1.33799 -1.08257 -1.21635 0.961144 -1.98358 1.381 2.28475 -1.53225 -0.527674 -2.16586 0.953148 -1.18619 -1.28063 -1.98908 1.58504 1.14412
