15.232
15.242
15.253
15.263
15.273
15.284
15.294
15.305
15.315
15.327
15.347
15.368
15.389
15.409
15.43
15.451
15.471
15.492
15.512
15.533
15.571
15.611
15.649
15.688
15.727
15.766
15.804
15.844
15.883
15.921
15.96
15.999
16.038
16.076
16.116
16.156
16.195
16.234
16.273
16.312
16.351
16.391
16.43
16.469
16.508
16.547
16.585
16.624
16.662
16.701
16.74
16.779
16.817
16.856
16.895
16.934
16.975
17.013
17.052
17.091
17.131
19.769
19.78
19.791
19.801
19.812
19.823
19.834
19.844
19.855
19.868
19.908
19.947
19.985
20.023
20.063
20.101
20.14
20.181
20.222
20.263
20.304
20.343
20.382
20.42
20.459
20.5
20.538
20.576
20.615
20.653
20.692
20.731
20.769
20.808
20.847
20.885
20.924
20.963
21.002
21.042
21.081
21.12
21.158
21.199
21.238
21.279
21.317
21.356
21.397
21.437
21.476
21.514
21.553
21.591
21.63
21.668
21.707
21.745
21.785
21.823
21.862
21.901
21.94
21.979
22.018
22.057
22.096
22.134
22.174
