1.51148 1.5386 0.204935 1.79291 -1.39303 -0.849686 -1.33554 0.250525 -3.06894 2.89479 -1.31436 1.0461 -0.542984 -1.7185 1.12589 -0.822511
1.51148 1.5386 0.204935 1.79291 -1.39303 -0.849686 -1.33554 0.250525 -3.06894 2.89479 -1.31436 1.0461 -0.542984 -1.7185 1.12589 -0.822511
1.51148 1.5386 0.204935 1.79291 -1.39303 -0.849686 -1.33554 0.250525 -3.06894 2.89479 -1.31436 1.0461 -0.542984 -1.7185 1.12589 -0.822511
1.51179 1.5386 0.204935 1.79291 -1.39303 -0.849686 -1.33554 0.250525 -3.06894 2.89479 -1.31436 1.0461 -0.542984 -1.7185 1.12589 -0.822511
1.51216 1.5386 0.204935 1.79291 -1.39303 -0.849686 -1.33554 0.250525 -3.06894 2.89479 -1.31436 1.0461 -0.542984 -1.7185 1.12589 -0.822511
1.51252 1.5386 0.204935 1.79291 -1.39303 -0.849686 -1.33554 0.250525 -3.06894 2.89479 -1.31436 1.0461 -0.542984 -1.7185 1.12589 -0.822511
1.51285 1.5386 0.204935 1.79291 -1.39303 -0.849686 -1.33554 0.250525 -3.06894 2.89479 -1.31436 1.0461 -0.542984 -1.7185 1.12589 -0.822511
1.51317 1.5386 0.204935 1.79291 -1.39303 -0.849686 -1.33554 0.250525 -3.06894 2.89479 -1.31436 1.0461 -0.542984 -1.7185 1.12589 -0.822511
1.51353 1.5386 0.204935 1.79291 -1.39303 -0.849686 -1.33554 0.250525 -3.06894 2.89479 -1.31436 1.0461 -0.542984 -1.7185 1.12589 -0.822511
1.5139 1.5386 0.204935 1.79291 -1.39303 -0.849686 -1.33554 0.250525 -3.06894 2.89479 -1.31436 1.0461 -0.542984 -1.7185 1.12589 -0.822511
1.51434 1.5386 0.204935 1.79291 -1.39303 -0.849686 -1.33554 0.250525 -3.06894 2.89479 -1.31436 1.0461 -0.542984 -1.7185 1.12589 -0.822511
1.51485 1.5386 0.204935 1.79291 -1.39303 -0.849686 -1.33554 0.250525 -3.06894 2.89479 -1.31436 1.0461 -0.542984 -1.7185 1.12589 -0.822511
1.51536 1.5386 0.204935 1.79291 -1.39303 -0.849686 -1.33554 0.250525 -3.06894 2.89479 -1.31436 1.0461 -0.542984 -1.7185 1.12589 -0.822511
1.51592 1.5386 0.204935 1.79291 -1.39303 -0.849686 -1.33554 0.250525 -3.06894 2.89479 -1.31436 1.0461 -0.542984 -1.7185 1.12589 -0.822511
1.51649 1.5386 0.204935 1.79291 -1.39303 -0.849686 -1.33554 0.250525 -3.06894 2.89479 -1.31436 1.0461 -0.542984 -1.7185 1.12589 -0.822511
1.51708 1.5386 0.204935 1.79291 -1.39303 -0.849686 -1.33554 0.250525 -3.06894 2.89479 -1.31436 1.0461 -0.542984 -1.7185 1.12589 -0.822511
1.5177 1.5386 0.204935 1.79291 -1.39303 -0.849686 -1.33554 0.250525 -3.06894 2.89479 -1.31436 1.0461 -0.542984 -1.7185 1.12589 -0.822511
1.51836 1.5386 0.204935 1.79291 -1.39303 -0.849686 -1.33554 0.250525 -3.06894 2.89479 -1.31436 1.0461 -0.542984 -1.7185 1.12589 -0.822511
1.51906 1.5386 0.204935 1.79291 -1.39303 -0.849686 -1.33554 0.250525 -3.06894 2.89479 -1.31436 1.0461 -0.542984 -1.7185 1.12589 -0.822511
1.51977 1.5386 0.204935 1.79291 -1.39303 -0.849686 -1.33554 0.250525 -3.06894 2.89479 -1.31436 1.0461 -0.542984 -1.7185 1.12589 -0.822511
1.5211 1.5386 0.204935 1.79291 -1.39303 -0.849686 -1.33554 0.250525 -3.06894 2.89479 -1.31436 1.0461 -0.542984 -1.7185 1.12589 -0.822511
1.52252 1.5386 0.204935 1.79291 -1.39303 -0.849686 -1.33554 0.250525 -3.06894 2.89479 -1.31436 1.0461 -0.542984 -1.7185 1.12589 -0.822511
1.5241 1.5386 0.204935 1.79291 -1.39303 -0.849686 -1.33554 0.250525 -3.06894 2.89479 -1.31436 1.0461 -0.542984 -1.7185 1.12589 -0.822511
1.52584 1.5386 0.204935 1.79291 -1.39303 -0.849686 -1.33554 0.250525 -3.06894 2.89479 -1.31436 1.0461 -0.542984 -1.7185 1.12589 -0.822511
1.52762 1.5386 0.204935 1.79291 -1.39303 -0.849686 -1.33554 0.250525 -3.06894 2.89479 -1.31436 1.0461 -0.542984 -1.7185 1.12589 -0.822511
1.52927 1.5386 0.204935 1.79291 -1.39303 -0.849686 -1.33554 0.250525 -3.06894 2.89479 -1.31436 1.0461 -0.542984 -1.7185 1.12589 -0.822511
1.53105 1.5386 0.204935 1.79291 -1.39303 -0.849686 -1.33554 0.250525 -3.06894 2.89479 -1.31436 1.0461 -0.542984 -1.7185 1.12589 -0.822511
1.53288 1.5386 0.204935 1.79291 -1.39303 -0.849686 -1.33554 0.250525 -3.06894 2.89479 -1.31436 1.0461 -0.542984 -1.7185 1.12589 -0.822511
1.53464 1.5386 0.204935 1.79291 -1.39303 -0.849686 -1.33554 0.250525 -3.06894 2.89479 -1.31436 1.0461 -0.542984 -1.7185 1.12589 -0.822511
1.53648 1.5386 0.204935 1.79291 -1.39303 -0.849686 -1.33554 0.250525 -3.06894 2.89479 -1.31436 1.0461 -0.542984 -1.7185 1.12589 -0.822511
1.53837 1.5386 0.204935 1.79291 -1.39303 -0.849686 -1.33554 0.250525 -3.06894 2.89479 -1.31436 1.0461 -0.542984 -1.7185 1.12589 -0.822511
1.54038 1.5386 0.204935 1.79291 -1.39303 -0.849686 -1.33554 0.250525 -3.06894 2.89479 -1.31436 1.0461 -0.542984 -1.7185 1.12589 -0.822511
1.54243 1.5386 0.204935 1.79291 -1.39303 -0.849686 -1.33554 0.250525 -3.06894 2.89479 -1.31436 1.0461 -0.542984 -1.7185 1.12589 -0.822511
1.54466 1.5386 0.204935 1.79291 -1.39303 -0.849686 -1.33554 0.250525 -3.06894 2.89479 -1.31436 1.0461 -0.542984 -1.7185 1.12589 -0.822511
1.54691 1.5386 0.204935 1.79291 -1.39303 -0.849686 -1.33554 0.250525 -3.06894 2.89479 -1.31436 1.0461 -0.542984 -1.7185 1.12589 -0.822511
1.54922 1.5386 0.204935 1.79291 -1.39303 -0.849686 -1.33554 0.250525 -3.06894 2.89479 -1.31436 1.0461 -0.542984 -1.7185 1.12589 -0.822511
1.55145 1.5386 0.204935 1.79291 -1.39303 -0.849686 -1.33554 0.250525 -3.06894 2.89479 -1.31436 1.0461 -0.542984 -1.7185 1.12589 -0.822511
1.55391 1.5386 0.204935 1.79291 -1.39303 -0.849686 -1.33554 0.250525 -3.06894 2.89479 -1.31436 1.0461 -0.542984 -1.7185 1.12589 -0.822511
1.55625 1.5386 0.204935 1.79291 -1.39303 -0.849686 -1.33554 0.250525 -3.06894 2.89479 -1.31436 1.0461 -0.542984 -1.7185 1.12589 -0.822511
1.55884 1.5386 0.204935 1.79291 -1.39303 -0.849686 -1.33554 0.250525 -3.06894 2.89479 -1.31436 1.0461 -0.542984 -1.7185 1.12589 -0.822511
1.56167 1.5386 0.204935 1.79291 -1.39303 -0.849686 -1.33554 0.250525 -3.06894 2.89479 -1.31436 1.0461 -0.542984 -1.7185 1.12589 -0.822511
1.56422 1.5386 0.204935 1.79291 -1.39303 -0.849686 -1.33554 0.250525 -3.06894 2.89479 -1.31436 1.0461 -0.542984 -1.7185 1.12589 -0.822511
1.56674 1.5386 0.204935 1.79291 -1.39303 -0.849686 -1.33554 0.250525 -3.06894 2.89479 -1.31436 1.0461 -0.542984 -1.7185 1.12589 -0.822511
1.56929 1.5386 0.204935 1.79291 -1.39303 -0.849686 -1.33554 0.250525 -3.06894 2.89479 -1.31436 1.0461 -0.542984 -1.7185 1.12589 -0.822511
1.57199 1.5386 0.204935 1.79291 -1.39303 -0.849686 -1.33554 0.250525 -3.06894 2.89479 -1.31436 1.0461 -0.542984 -1.7185 1.12589 -0.822511
1.57482 1.5386 0.204935 1.79291 -1.39303 -0.849686 -1.33554 0.250525 -3.06894 2.89479 -1.31436 1.0461 -0.542984 -1.7185 1.12589 -0.822511
1.57772 1.5386 0.204935 1.79291 -1.39303 -0.849686 -1.33554 0.250525 -3.06894 2.89479 -1.31436 1.0461 -0.542984 -1.7185 1.12589 -0.822511
1.58078 1.5386 0.204935 1.79291 -1.39303 -0.849686 -1.33554 0.250525 -3.06894 2.89479 -1.31436 1.0461 -0.542984 -1.7185 1.12589 -0.822511
1.5838 1.5386 0.204935 1.79291 -1.39303 -0.849686 -1.33554 0.250525 -3.06894 2.89479 -1.31436 1.0461 -0.542984 -1.7185 1.12589 -0.822511
1.58685 1.5386 0.204935 1.79291 -1.39303 -0.849686 -1.33554 0.250525 -3.06894 2.89479 -1.31436 1.0461 -0.542984 -1.7185 1.12589 -0.822511
1.58987 1.5386 0.204935 1.79291 -1.39303 -0.849686 -1.33554 0.250525 -3.06894 2.89479 -1.31436 1.0461 -0.542984 -1.7185 1.12589 -0.822511
1.59308 1.5386 0.204935 1.79291 -1.39303 -0.849686 -1.33554 0.250525 -3.06894 2.89479 -1.31436 1.0461 -0.542984 -1.7185 1.12589 -0.822511
1.59641 1.5386 0.204935 1.79291 -1.39303 -0.849686 -1.33554 0.250525 -3.06894 2.89479 -1.31436 1.0461 -0.542984 -1.7185 1.12589 -0.822511
1.59994 1.5386 0.204935 1.79291 -1.39303 -0.849686 -1.33554 0.250525 -3.06894 2.89479 -1.31436 1.0461 -0.542984 -1.7185 1.12589 -0.822511
1.60354 1.5386 0.204935 1.79291 -1.39303 -0.849686 -1.33554 0.250525 -3.06894 2.89479 -1.31436 1.0461 -0.542984 -1.7185 1.12589 -0.822511
1.60707 1.5386 0.204935 1.79291 -1.39303 -0.849686 -1.33554 0.250525 -3.06894 2.89479 -1.31436 1.0461 -0.542984 -1.7185 1.12589 -0.822511
1.61056 1.5386 0.204935 1.79291 -1.39303 -0.849686 -1.33554 0.250525 -3.06894 2.89479 -1.31436 1.0461 -0.542984 -1.7185 1.12589 -0.822511
1.61418 1.5386 0.204935 1.79291 -1.39303 -0.849686 -1.33554 0.250525 -3.06894 2.89479 -1.31436 1.0461 -0.542984 -1.7185 1.12589 -0.822511
1.61793 1.5386 0.204935 1.79291 -1.39303 -0.849686 -1.33554 0.250525 -3.06894 2.89479 -1.31436 1.0461 -0.542984 -1.7185 1.12589 -0.822511
1.62201 1.5386 0.204935 1.79291 -1.39303 -0.849686 -1.33554 0.250525 -3.06894 2.89479 -1.31436 1.0461 -0.542984 -1.7185 1.12589 -0.822511
1.62614 1.5386 0.204935 1.79291 -1.39303 -0.849686 -1.33554 0.250525 -3.06894 2.89479 -1.31436 1.0461 -0.542984 -1.7185 1.12589 -0.822511
1.63004 1.5386 0.204935 1.79291 -1.39303 -0.849686 -1.33554 0.250525 -3.06894 2.89479 -1.31436 1.0461 -0.542984 -1.7185 1.12589 -0.822511
1.63406 1.5386 0.204935 1.79291 -1.39303 -0.849686 -1.33554 0.250525 -3.06894 2.89479 -1.31436 1.0461 -0.542984 -1.7185 1.12589 -0.822511
1.63828 1.5386 0.204935 1.79291 -1.39303 -0.849686 -1.33554 0.250525 -3.06894 2.89479 -1.31436 1.0461 -0.542984 -1.7185 1.12589 -0.822511
1.64276 1.5386 0.204935 1.79291 -1.39303 -0.849686 -1.33554 0.250525 -3.06894 2.89479 -1.31436 1.0461 -0.542984 -1.7185 1.12589 -0.822511
1.64728 1.5386 0.204935 1.79291 -1.39303 -0.849686 -1.33554 0.250525 -3.06894 2.89479 -1.31436 1.0461 -0.542984 -1.7185 1.12589 -0.822511
1.65183 1.5386 0.204935 1.79291 -1.39303 -0.849686 -1.33554 0.250525 -3.06894 2.89479 -1.31436 1.0461 -0.542984 -1.7185 1.12589 -0.822511
1.65663 1.5386 0.204935 1.79291 -1.39303 -0.849686 -1.33554 0.250525 -3.06894 2.89479 -1.31436 1.0461 -0.542984 -1.7185 1.12589 -0.822511
1.66173 1.5386 0.204935 1.79291 -1.39303 -0.849686 -1.33554 0.250525 -3.06894 2.89479 -1.31436 1.0461 -0.542984 -1.7185 1.12589 -0.822511
1.66683 1.5386 0.204935 1.79291 -1.39303 -0.849686 -1.33554 0.250525 -3.06894 2.89479 -1.31436 1.0461 -0.542984 -1.7185 1.12589 -0.822511
1.67189 1.5386 0.204935 1.79291 -1.39303 -0.849686 -1.33554 0.250525 -3.06894 2.89479 -1.31436 1.0461 -0.542984 -1.7185 1.12589 -0.822511
1.67715 1.5386 0.204935 1.79291 -1.39303 -0.849686 -1.33554 0.250525 -3.06894 2.89479 -1.31436 1.0461 -0.542984 -1.7185 1.12589 -0.822511
1.68257 1.5386 0.204935 1.79291 -1.39303 -0.849686 -1.33554 0.250525 -3.06894 2.89479 -1.31436 1.0461 -0.542984 -1.7185 1.12589 -0.822511
1.68809 1.5386 0.204935 1.79291 -1.39303 -0.849686 -1.33554 0.250525 -3.06894 2.89479 -1.31436 1.0461 -0.542984 -1.7185 1.12589 -0.822511
1.69375 1.5386 0.204935 1.79291 -1.39303 -0.849686 -1.33554 0.250525 -3.06894 2.89479 -1.31436 1.0461 -0.542984 -1.7185 1.12589 -0.822511
1.69964 1.5386 0.204935 1.79291 -1.39303 -0.849686 -1.33554 0.250525 -3.06894 2.89479 -1.31436 1.0461 -0.542984 -1.7185 1.12589 -0.822511
1.7057 1.5386 0.204935 1.79291 -1.39303 -0.849686 -1.33554 0.250525 -3.06894 2.89479 -1.31436 1.0461 -0.542984 -1.7185 1.12589 -0.822511
1.71203 1.5386 0.204935 1.79291 -1.39303 -0.849686 -1.33554 0.250525 -3.06894 2.89479 -1.31436 1.0461 -0.542984 -1.7185 1.12589 -0.822511
1.71831 1.5386 0.204935 1.79291 -1.39303 -0.849686 -1.33554 0.250525 -3.06894 2.89479 -1.31436 1.0461 -0.542984 -1.7185 1.12589 -0.822511
1.72483 1.5386 0.204935 1.79291 -1.39303 -0.849686 -1.33554 0.250525 -3.06894 2.89479 -1.31436 1.0461 -0.542984 -1.7185 1.12589 -0.822511
1.73139 1.5386 0.204935 1.79291 -1.39303 -0.849686 -1.33554 0.250525 -3.06894 2.89479 -1.31436 1.0461 -0.542984 -1.7185 1.12589 -0.822511
1.73813 1.5386 0.204935 1.79291 -1.39303 -0.849686 -1.33554 0.250525 -3.06894 2.89479 -1.31436 1.0461 -0.542984 -1.7185 1.12589 -0.822511
1.74509 1.5386 0.204935 1.79291 -1.39303 -0.849686 -1.33554 0.250525 -3.06894 2.89479 -1.31436 1.0461 -0.542984 -1.7185 1.12589 -0.822511
1.75217 1.5386 0.204935 1.79291 -1.39303 -0.849686 -1.33554 0.250525 -3.06894 2.89479 -1.31436 1.0461 -0.542984 -1.7185 1.12589 -0.822511
1.7595 1.5386 0.204935 1.79291 -1.39303 -0.849686 -1.33554 0.250525 -3.06894 2.89479 -1.31436 1.0461 -0.542984 -1.7185 1.12589 -0.822511
1.76707 1.5386 0.204935 1.79291 -1.39303 -0.849686 -1.33554 0.250525 -3.06894 2.89479 -1.31436 1.0461 -0.542984 -1.7185 1.12589 -0.822511
1.77495 1.5386 0.204935 1.79291 -1.39303 -0.849686 -1.33554 0.250525 -3.06894 2.89479 -1.31436 1.0461 -0.542984 -1.7185 1.12589 -0.822511
1.78298 1.5386 0.204935 1.79291 -1.39303 -0.849686 -1.33554 0.250525 -3.06894 2.89479 -1.31436 1.0461 -0.542984 -1.7185 1.12589 -0.822511
1.79117 1.5386 0.204935 1.79291 -1.39303 -0.849686 -1.33554 0.250525 -3.06894 2.89479 -1.31436 1.0461 -0.542984 -1.7185 1.12589 -0.822511
1.79952 1.5386 0.204935 1.79291 -1.39303 -0.849686 -1.33554 0.250525 -3.06894 2.89479 -1.31436 1.0461 -0.542984 -1.7185 1.12589 -0.822511
1.80814 1.5386 0.204935 1.79291 -1.39303 -0.849686 -1.33554 0.250525 -3.06894 2.89479 -1.31436 1.0461 -0.542984 -1.7185 1.12589 -0.822511
1.81749 1.5386 0.204935 1.79291 -1.39303 -0.849686 -1.33554 0.250525 -3.06894 2.89479 -1.31436 1.0461 -0.542984 -1.7185 1.12589 -0.822511
1.81282 1.5386 0.204935 1.79291 -1.39303 -0.849686 -1.33554 0.250525 -3.06894 2.89479 -1.31436 1.0461 -0.542984 -1.7185 1.12589 -0.822511
1.81153 1.5386 0.204935 1.79291 -1.39303 -0.849686 -1.33554 0.250525 -3.06894 2.89479 -1.31436 1.0461 -0.542984 -1.7185 1.12589 -0.822511
1.81002 1.5386 0.204935 1.79291 -1.39303 -0.849686 -1.33554 0.250525 -3.06894 2.89479 -1.31436 1.0461 -0.542984 -1.7185 1.12589 -0.822511
1.80777 1.5386 0.204935 1.79291 -1.39303 -0.849686 -1.33554 0.250525 -3.06894 2.89479 -1.31436 1.0461 -0.542984 -1.7185 1.12589 -0.822511
1.80532 1.5386 0.204935 1.79291 -1.39303 -0.849686 -1.33554 0.250525 -3.06894 2.89479 -1.31436 1.0461 -0.542984 -1.7185 1.12589 -0.822511
1.80279 1.5386 0.204935 1.79291 -1.39303 -0.849686 -1.33554 0.250525 -3.06894 2.89479 -1.31436 1.0461 -0.542984 -1.7185 1.12589 -0.822511
1.80025 1.5386 0.204935 1.79291 -1.39303 -0.849686 -1.33554 0.250525 -3.06894 2.89479 -1.31436 1.0461 -0.542984 -1.7185 1.12589 -0.822511
1.79782 1.5386 0.204935 1.79291 -1.39303 -0.849686 -1.33554 0.250525 -3.06894 2.89479 -1.31436 1.0461 -0.542984 -1.7185 1.12589 -0.822511
1.79524 1.5386 0.204935 1.79291 -1.39303 -0.849686 -1.33554 0.250525 -3.06894 2.89479 -1.31436 1.0461 -0.542984 -1.7185 1.12589 -0.822511
1.79282 1.5386 0.204935 1.79291 -1.39303 -0.849686 -1.33554 0.250525 -3.06894 2.89479 -1.31436 1.0461 -0.542984 -1.7185 1.12589 -0.822511
1.78837 1.5386 0.204935 1.79291 -1.39303 -0.849686 -1.33554 0.250525 -3.06894 2.89479 -1.31436 1.0461 -0.542984 -1.7185 1.12589 -0.822511
1.78378 1.5386 0.204935 1.79291 -1.39303 -0.849686 -1.33554 0.250525 -3.06894 2.89479 -1.31436 1.0461 -0.542984 -1.7185 1.12589 -0.822511
1.77903 1.5386 0.204935 1.79291 -1.39303 -0.849686 -1.33554 0.250525 -3.06894 2.89479 -1.31436 1.0461 -0.542984 -1.7185 1.12589 -0.822511
1.77416 1.5386 0.204935 1.79291 -1.39303 -0.849686 -1.33554 0.250525 -3.06894 2.89479 -1.31436 1.0461 -0.542984 -1.7185 1.12589 -0.822511
1.7694 1.5386 0.204935 1.79291 -1.39303 -0.849686 -1.33554 0.250525 -3.06894 2.89479 -1.31436 1.0461 -0.542984 -1.7185 1.12589 -0.822511
1.7647 1.5386 0.204935 1.79291 -1.39303 -0.849686 -1.33554 0.250525 -3.06894 2.89479 -1.31436 1.0461 -0.542984 -1.7185 1.12589 -0.822511
1.75999 1.5386 0.204935 1.79291 -1.39303 -0.849686 -1.33554 0.250525 -3.06894 2.89479 -1.31436 1.0461 -0.542984 -1.7185 1.12589 -0.822511
1.75536 1.5386 0.204935 1.79291 -1.39303 -0.849686 -1.33554 0.250525 -3.06894 2.89479 -1.31436 1.0461 -0.542984 -1.7185 1.12589 -0.822511
1.75073 1.5386 0.204935 1.79291 -1.39303 -0.849686 -1.33554 0.250525 -3.06894 2.89479 -1.31436 1.0461 -0.542984 -1.7185 1.12589 -0.822511
1.74606 1.5386 0.204935 1.79291 -1.39303 -0.849686 -1.33554 0.250525 -3.06894 2.89479 -1.31436 1.0461 -0.542984 -1.7185 1.12589 -0.822511
1.74134 1.5386 0.204935 1.79291 -1.39303 -0.849686 -1.33554 0.250525 -3.06894 2.89479 -1.31436 1.0461 -0.542984 -1.7185 1.12589 -0.822511
1.73662 1.5386 0.204935 1.79291 -1.39303 -0.849686 -1.33554 0.250525 -3.06894 2.89479 -1.31436 1.0461 -0.542984 -1.7185 1.12589 -0.822511
1.73179 1.5386 0.204935 1.79291 -1.39303 -0.849686 -1.33554 0.250525 -3.06894 2.89479 -1.31436 1.0461 -0.542984 -1.7185 1.12589 -0.822511
1.7269 1.5386 0.204935 1.79291 -1.39303 -0.849686 -1.33554 0.250525 -3.06894 2.89479 -1.31436 1.0461 -0.542984 -1.7185 1.12589 -0.822511
1.72206 1.5386 0.204935 1.79291 -1.39303 -0.849686 -1.33554 0.250525 -3.06894 2.89479 -1.31436 1.0461 -0.542984 -1.7185 1.12589 -0.822511
1.71716 1.5386 0.204935 1.79291 -1.39303 -0.849686 -1.33554 0.250525 -3.06894 2.89479 -1.31436 1.0461 -0.542984 -1.7185 1.12589 -0.822511
1.71226 1.5386 0.204935 1.79291 -1.39303 -0.849686 -1.33554 0.250525 -3.06894 2.89479 -1.31436 1.0461 -0.542984 -1.7185 1.12589 -0.822511
1.70735 1.5386 0.204935 1.79291 -1.39303 -0.849686 -1.33554 0.250525 -3.06894 2.89479 -1.31436 1.0461 -0.542984 -1.7185 1.12589 -0.822511
1.70244 1.5386 0.204935 1.79291 -1.39303 -0.849686 -1.33554 0.250525 -3.06894 2.89479 -1.31436 1.0461 -0.542984 -1.7185 1.12589 -0.822511
1.6975 1.5386 0.204935 1.79291 -1.39303 -0.849686 -1.33554 0.250525 -3.06894 2.89479 -1.31436 1.0461 -0.542984 -1.7185 1.12589 -0.822511
1.69251 1.5386 0.204935 1.79291 -1.39303 -0.849686 -1.33554 0.250525 -3.06894 2.89479 -1.31436 1.0461 -0.542984 -1.7185 1.12589 -0.822511
1.68746 1.5386 0.204935 1.79291 -1.39303 -0.849686 -1.33554 0.250525 -3.06894 2.89479 -1.31436 1.0461 -0.542984 -1.7185 1.12589 -0.822511
1.68253 1.5386 0.204935 1.79291 -1.39303 -0.849686 -1.33554 0.250525 -3.06894 2.89479 -1.31436 1.0461 -0.542984 -1.7185 1.12589 -0.822511
1.67754 1.5386 0.204935 1.79291 -1.39303 -0.849686 -1.33554 0.250525 -3.06894 2.89479 -1.31436 1.0461 -0.542984 -1.7185 1.12589 -0.822511
1.67256 1.5386 0.204935 1.79291 -1.39303 -0.849686 -1.33554 0.250525 -3.06894 2.89479 -1.31436 1.0461 -0.542984 -1.7185 1.12589 -0.822511
1.66658 1.5386 0.204935 1.79291 -1.39303 -0.849686 -1.33554 0.250525 -3.06894 2.89479 -1.31436 1.0461 -0.542984 -1.7185 1.12589 -0.822511
1.66127 1.5386 0.204935 1.79291 -1.39303 -0.849686 -1.33554 0.250525 -3.06894 2.89479 -1.31436 1.0461 -0.542984 -1.7185 1.12589 -0.822511
1.65607 1.5386 0.204935 1.79291 -1.39303 -0.849686 -1.33554 0.250525 -3.06894 2.89479 -1.31436 1.0461 -0.542984 -1.7185 1.12589 -0.822511
1.65088 1.5386 0.204935 1.79291 -1.39303 -0.849686 -1.33554 0.250525 -3.06894 2.89479 -1.31436 1.0461 -0.542984 -1.7185 1.12589 -0.822511
1.64577 1.5386 0.204935 1.79291 -1.39303 -0.849686 -1.33554 0.250525 -3.06894 2.89479 -1.31436 1.0461 -0.542984 -1.7185 1.12589 -0.822511
1.64064 1.5386 0.204935 1.79291 -1.39303 -0.849686 -1.33554 0.250525 -3.06894 2.89479 -1.31436 1.0461 -0.542984 -1.7185 1.12589 -0.822511
1.63547 1.5386 0.204935 1.79291 -1.39303 -0.849686 -1.33554 0.250525 -3.06894 2.89479 -1.31436 1.0461 -0.542984 -1.7185 1.12589 -0.822511
1.63025 1.5386 0.204935 1.79291 -1.39303 -0.849686 -1.33554 0.250525 -3.06894 2.89479 -1.31436 1.0461 -0.542984 -1.7185 1.12589 -0.822511
1.62507 1.5386 0.204935 1.79291 -1.39303 -0.849686 -1.33554 0.250525 -3.06894 2.89479 -1.31436 1.0461 -0.542984 -1.7185 1.12589 -0.822511
1.61985 1.5386 0.204935 1.79291 -1.39303 -0.849686 -1.33554 0.250525 -3.06894 2.89479 -1.31436 1.0461 -0.542984 -1.7185 1.12589 -0.822511
1.61464 1.5386 0.204935 1.79291 -1.39303 -0.849686 -1.33554 0.250525 -3.06894 2.89479 -1.31436 1.0461 -0.542984 -1.7185 1.12589 -0.822511
1.60936 1.5386 0.204935 1.79291 -1.39303 -0.849686 -1.33554 0.250525 -3.06894 2.89479 -1.31436 1.0461 -0.542984 -1.7185 1.12589 -0.822511
1.60407 1.5386 0.204935 1.79291 -1.39303 -0.849686 -1.33554 0.250525 -3.06894 2.89479 -1.31436 1.0461 -0.542984 -1.7185 1.12589 -0.822511
1.59878 1.5386 0.204935 1.79291 -1.39303 -0.849686 -1.33554 0.250525 -3.06894 2.89479 -1.31436 1.0461 -0.542984 -1.7185 1.12589 -0.822511
1.59351 1.5386 0.204935 1.79291 -1.39303 -0.849686 -1.33554 0.250525 -3.06894 2.89479 -1.31436 1.0461 -0.542984 -1.7185 1.12589 -0.822511
1.58823 1.5386 0.204935 1.79291 -1.39303 -0.849686 -1.33554 0.250525 -3.06894 2.89479 -1.31436 1.0461 -0.542984 -1.7185 1.12589 -0.822511
1.58285 1.5386 0.204935 1.79291 -1.39303 -0.849686 -1.33554 0.250525 -3.06894 2.89479 -1.31436 1.0461 -0.542984 -1.7185 1.12589 -0.822511
1.57745 1.5386 0.204935 1.79291 -1.39303 -0.849686 -1.33554 0.250525 -3.06894 2.89479 -1.31436 1.0461 -0.542984 -1.7185 1.12589 -0.822511
1.57208 1.5386 0.204935 1.79291 -1.39303 -0.849686 -1.33554 0.250525 -3.06894 2.89479 -1.31436 1.0461 -0.542984 -1.7185 1.12589 -0.822511
1.56666 1.5386 0.204935 1.79291 -1.39303 -0.849686 -1.33554 0.250525 -3.06894 2.89479 -1.31436 1.0461 -0.542984 -1.7185 1.12589 -0.822511
1.56117 1.5386 0.204935 1.79291 -1.39303 -0.849686 -1.33554 0.250525 -3.06894 2.89479 -1.31436 1.0461 -0.542984 -1.7185 1.12589 -0.822511
1.55565 1.5386 0.204935 1.79291 -1.39303 -0.849686 -1.33554 0.250525 -3.06894 2.89479 -1.31436 1.0461 -0.542984 -1.7185 1.12589 -0.822511
1.54996 1.5386 0.204935 1.79291 -1.39303 -0.849686 -1.33554 0.250525 -3.06894 2.89479 -1.31436 1.0461 -0.542984 -1.7185 1.12589 -0.822511
1.5444 1.5386 0.204935 1.79291 -1.39303 -0.849686 -1.33554 0.250525 -3.06894 2.89479 -1.31436 1.0461 -0.542984 -1.7185 1.12589 -0.822511
1.5389 1.5386 0.204935 1.79291 -1.39303 -0.849686 -1.33554 0.250525 -3.06894 2.89479 -1.31436 1.0461 -0.542984 -1.7185 1.12589 -0.822511
1.53325 1.5386 0.204935 1.79291 -1.39303 -0.849686 -1.33554 0.250525 -3.06894 2.89479 -1.31436 1.0461 -0.542984 -1.7185 1.12589 -0.822511
1.52704 1.5386 0.204935 1.79291 -1.39303 -0.849686 -1.33554 0.250525 -3.06894 2.89479 -1.31436 1.0461 -0.542984 -1.7185 1.12589 -0.822511
1.52127 1.5386 0.204935 1.79291 -1.39303 -0.849686 -1.33554 0.250525 -3.06894 2.89479 -1.31436 1.0461 -0.542984 -1.7185 1.12589 -0.822511
1.51545 1.5386 0.204935 1.79291 -1.39303 -0.849686 -1.33554 0.250525 -3.06894 2.89479 -1.31436 1.0461 -0.542984 -1.7185 1.12589 -0.822511
1.50975 1.5386 0.204935 1.79291 -1.39303 -0.849686 -1.33554 0.250525 -3.06894 2.89479 -1.31436 1.0461 -0.542984 -1.7185 1.12589 -0.822511
1.50411 1.5386 0.204935 1.79291 -1.39303 -0.849686 -1.33554 0.250525 -3.06894 2.89479 -1.31436 1.0461 -0.542984 -1.7185 1.12589 -0.822511
1.49843 1.5386 0.204935 1.79291 -1.39303 -0.849686 -1.33554 0.250525 -3.06894 2.89479 -1.31436 1.0461 -0.542984 -1.7185 1.12589 -0.822511
1.49278 1.5386 0.204935 1.79291 -1.39303 -0.849686 -1.33554 0.250525 -3.06894 2.89479 -1.31436 1.0461 -0.542984 -1.7185 1.12589 -0.822511
1.48707 1.5386 0.204935 1.79291 -1.39303 -0.849686 -1.33554 0.250525 -3.06894 2.89479 -1.31436 1.0461 -0.542984 -1.7185 1.12589 -0.822511
1.48129 1.5386 0.204935 1.79291 -1.39303 -0.849686 -1.33554 0.250525 -3.06894 2.89479 -1.31436 1.0461 -0.542984 -1.7185 1.12589 -0.822511
1.47555 1.5386 0.204935 1.79291 -1.39303 -0.849686 -1.33554 0.250525 -3.06894 2.89479 -1.31436 1.0461 -0.542984 -1.7185 1.12589 -0.822511
1.46982 1.5386 0.204935 1.79291 -1.39303 -0.849686 -1.33554 0.250525 -3.06894 2.89479 -1.31436 1.0461 -0.542984 -1.7185 1.12589 -0.822511
1.46398 1.5386 0.204935 1.79291 -1.39303 -0.849686 -1.33554 0.250525 -3.06894 2.89479 -1.31436 1.0461 -0.542984 -1.7185 1.12589 -0.822511
1.45815 1.5386 0.204935 1.79291 -1.39303 -0.849686 -1.33554 0.250525 -3.06894 2.89479 -1.31436 1.0461 -0.542984 -1.7185 1.12589 -0.822511
1.45235 1.5386 0.204935 1.79291 -1.39303 -0.849686 -1.33554 0.250525 -3.06894 2.89479 -1.31436 1.0461 -0.542984 -1.7185 1.12589 -0.822511
1.44649 1.5386 0.204935 1.79291 -1.39303 -0.849686 -1.33554 0.250525 -3.06894 2.89479 -1.31436 1.0461 -0.542984 -1.7185 1.12589 -0.822511
