18.869
18.879
18.89
18.9
18.911
18.924
18.934
18.944
18.954
18.965
18.984
19.005
19.026
19.046
19.067
19.087
19.108
19.129
19.15
19.17
19.209
19.248
19.287
19.328
19.367
19.406
19.444
19.483
19.521
19.559
19.598
19.637
19.676
19.716
19.756
19.795
19.836
19.875
19.914
19.958
19.999
20.038
20.076
20.115
20.153
20.192
20.23
20.269
20.308
20.348
20.386
20.426
20.465
20.504
20.543
20.582
20.62
20.659
20.698
20.737
20.776
20.814
20.853
20.892
20.931
20.969
21.009
21.049
21.088
21.127
21.166
21.204
21.243
21.282
21.321
21.36
21.4
21.439
21.478
21.517
21.556
21.594
21.632
21.671
21.709
21.748
21.788
21.826
21.865
21.903
21.944
21.985
23.994
24.005
24.016
24.026
24.037
24.048
24.059
24.071
24.081
24.094
24.133
24.172
24.213
24.252
24.29
24.329
24.367
24.406
24.445
24.483
24.522
24.56
24.599
24.638
24.677
24.716
24.755
24.794
24.833
24.872
24.911
24.95
24.989
25.027
25.073
25.113
25.154
25.193
25.232
25.271
25.31
25.349
25.388
25.426
25.465
25.504
25.543
25.582
25.62
25.659
25.697
25.736
25.775
25.814
25.853
25.892
25.932
25.971
26.01
26.049
26.093
26.132
26.173
26.212
26.251
26.289
26.328
26.367
26.405
26.444
26.483
26.521
26.56
26.598
26.637
26.675
