-1.17417
-1.26223
-1.37965
-1.46771
-1.58513
-1.79061
-1.79061
-1.87867
-1.99609
-2.02544
-1.79061
-1.87867
-1.76125
-1.76125
-1.87867
-1.76125
-2.02544
-2.02544
-2.02544
-2.02544
-2.02544
-2.02544
-2.02544
-2.02544
-2.02544
-2.02544
-2.02544
-2.02544
-2.02544
-2.02544
-2.02544
-2.02544
-2.02544
-2.02544
-2.02544
-2.02544
-2.02544
-2.02544
-2.02544
-2.02544
-2.02544
-2.02544
-2.02544
-2.02544
-2.02544
-2.02544
-2.02544
-2.02544
-2.02544
-2.02544
-2.02544
-2.02544
-2.02544
-2.02544
-2.02544
-2.02544
-2.02544
-2.02544
-2.02544
-2.02544
-2.02544
-2.02544
-2.02544
-2.02544
-2.02544
-2.02544
-2.02544
-2.02544
-2.02544
-2.02544
-2.02544
-2.02544
-2.02544
-2.02544
-2.02544
-2.02544
-2.02544
-2.02544
-2.02544
-2.02544
-2.02544
-2.02544
-2.02544
-2.02544
-2.02544
-2.02544
-2.02544
-2.02544
-2.02544
-2.02544
-2.02544
-2.02544
-2.02544
-2.02544
-2.02544
-2.02544
-2.02544
-2.02544
-2.02544
-2.02544
-2.02544
-2.02544
-2.02544
-2.02544
-2.02544
-2.02544
-2.02544
-2.02544
-2.02544
0
0
0
0
0
0
0
0
0
0
0
0
0
0
0
0
0
0
0
0
0
0
0
0
0
0
0
0
0
0
0
0
0
0
0
0
0
0
0
0
0
0
0
0
0
0
0
0
0
0
0
0
0
0
0
0
0
0
0
0
0
0
0
0
0
0
0
0
0
0
