2.78598 -0.0917421 -1.97464 1.72263 -1.02398 -1.75621 -0.60993 -1.74141 2.42087 2.91563 1.88152 -2.28566 1.36302 -0.410467 1.78738 0.587007
2.78599 -0.0917421 -1.97464 1.72263 -1.02398 -1.75621 -0.60993 -1.74141 2.42087 2.91563 1.88152 -2.28566 1.36302 -0.410467 1.78738 0.587007
2.78597 -0.0917421 -1.97464 1.72263 -1.02398 -1.75621 -0.60993 -1.74141 2.42087 2.91563 1.88152 -2.28566 1.36302 -0.410467 1.78738 0.587007
2.78585 -0.0917421 -1.97464 1.72263 -1.02398 -1.75621 -0.60993 -1.74141 2.42087 2.91563 1.88152 -2.28566 1.36302 -0.410467 1.78738 0.587007
2.78563 -0.0917421 -1.97464 1.72263 -1.02398 -1.75621 -0.60993 -1.74141 2.42087 2.91563 1.88152 -2.28566 1.36302 -0.410467 1.78738 0.587007
2.78515 -0.0917421 -1.97464 1.72263 -1.02398 -1.75621 -0.60993 -1.74141 2.42087 2.91563 1.88152 -2.28566 1.36302 -0.410467 1.78738 0.587007
2.78419 -0.0917421 -1.97464 1.72263 -1.02398 -1.75621 -0.60993 -1.74141 2.42087 2.91563 1.88152 -2.28566 1.36302 -0.410467 1.78738 0.587007
2.78309 -0.0917421 -1.97464 1.72263 -1.02398 -1.75621 -0.60993 -1.74141 2.42087 2.91563 1.88152 -2.28566 1.36302 -0.410467 1.78738 0.587007
2.78174 -0.0917421 -1.97464 1.72263 -1.02398 -1.75621 -0.60993 -1.74141 2.42087 2.91563 1.88152 -2.28566 1.36302 -0.410467 1.78738 0.587007
2.78007 -0.0917421 -1.97464 1.72263 -1.02398 -1.75621 -0.60993 -1.74141 2.42087 2.91563 1.88152 -2.28566 1.36302 -0.410467 1.78738 0.587007
2.7783 -0.0917421 -1.97464 1.72263 -1.02398 -1.75621 -0.60993 -1.74141 2.42087 2.91563 1.88152 -2.28566 1.36302 -0.410467 1.78738 0.587007
2.77694 -0.0917421 -1.97464 1.72263 -1.02398 -1.75621 -0.60993 -1.74141 2.42087 2.91563 1.88152 -2.28566 1.36302 -0.410467 1.78738 0.587007
2.77552 -0.0917421 -1.97464 1.72263 -1.02398 -1.75621 -0.60993 -1.74141 2.42087 2.91563 1.88152 -2.28566 1.36302 -0.410467 1.78738 0.587007
2.77418 -0.0917421 -1.97464 1.72263 -1.02398 -1.75621 -0.60993 -1.74141 2.42087 2.91563 1.88152 -2.28566 1.36302 -0.410467 1.78738 0.587007
2.77288 -0.0917421 -1.97464 1.72263 -1.02398 -1.75621 -0.60993 -1.74141 2.42087 2.91563 1.88152 -2.28566 1.36302 -0.410467 1.78738 0.587007
2.77067 -0.0917421 -1.97464 1.72263 -1.02398 -1.75621 -0.60993 -1.74141 2.42087 2.91563 1.88152 -2.28566 1.36302 -0.410467 1.78738 0.587007
2.76709 -0.0917421 -1.97464 1.72263 -1.02398 -1.75621 -0.60993 -1.74141 2.42087 2.91563 1.88152 -2.28566 1.36302 -0.410467 1.78738 0.587007
2.7651 -0.0917421 -1.97464 1.72263 -1.02398 -1.75621 -0.60993 -1.74141 2.42087 2.91563 1.88152 -2.28566 1.36302 -0.410467 1.78738 0.587007
2.76305 -0.0917421 -1.97464 1.72263 -1.02398 -1.75621 -0.60993 -1.74141 2.42087 2.91563 1.88152 -2.28566 1.36302 -0.410467 1.78738 0.587007
2.76099 -0.0917421 -1.97464 1.72263 -1.02398 -1.75621 -0.60993 -1.74141 2.42087 2.91563 1.88152 -2.28566 1.36302 -0.410467 1.78738 0.587007
2.75723 -0.0917421 -1.97464 1.72263 -1.02398 -1.75621 -0.60993 -1.74141 2.42087 2.91563 1.88152 -2.28566 1.36302 -0.410467 1.78738 0.587007
2.75355 -0.0917421 -1.97464 1.72263 -1.02398 -1.75621 -0.60993 -1.74141 2.42087 2.91563 1.88152 -2.28566 1.36302 -0.410467 1.78738 0.587007
2.74991 -0.0917421 -1.97464 1.72263 -1.02398 -1.75621 -0.60993 -1.74141 2.42087 2.91563 1.88152 -2.28566 1.36302 -0.410467 1.78738 0.587007
2.74611 -0.0917421 -1.97464 1.72263 -1.02398 -1.75621 -0.60993 -1.74141 2.42087 2.91563 1.88152 -2.28566 1.36302 -0.410467 1.78738 0.587007
2.74226 -0.0917421 -1.97464 1.72263 -1.02398 -1.75621 -0.60993 -1.74141 2.42087 2.91563 1.88152 -2.28566 1.36302 -0.410467 1.78738 0.587007
2.73841 -0.0917421 -1.97464 1.72263 -1.02398 -1.75621 -0.60993 -1.74141 2.42087 2.91563 1.88152 -2.28566 1.36302 -0.410467 1.78738 0.587007
2.73449 -0.0917421 -1.97464 1.72263 -1.02398 -1.75621 -0.60993 -1.74141 2.42087 2.91563 1.88152 -2.28566 1.36302 -0.410467 1.78738 0.587007
2.73044 -0.0917421 -1.97464 1.72263 -1.02398 -1.75621 -0.60993 -1.74141 2.42087 2.91563 1.88152 -2.28566 1.36302 -0.410467 1.78738 0.587007
2.7262 -0.0917421 -1.97464 1.72263 -1.02398 -1.75621 -0.60993 -1.74141 2.42087 2.91563 1.88152 -2.28566 1.36302 -0.410467 1.78738 0.587007
2.7221 -0.0917421 -1.97464 1.72263 -1.02398 -1.75621 -0.60993 -1.74141 2.42087 2.91563 1.88152 -2.28566 1.36302 -0.410467 1.78738 0.587007
2.71773 -0.0917421 -1.97464 1.72263 -1.02398 -1.75621 -0.60993 -1.74141 2.42087 2.91563 1.88152 -2.28566 1.36302 -0.410467 1.78738 0.587007
2.71379 -0.0917421 -1.97464 1.72263 -1.02398 -1.75621 -0.60993 -1.74141 2.42087 2.91563 1.88152 -2.28566 1.36302 -0.410467 1.78738 0.587007
2.70982 -0.0917421 -1.97464 1.72263 -1.02398 -1.75621 -0.60993 -1.74141 2.42087 2.91563 1.88152 -2.28566 1.36302 -0.410467 1.78738 0.587007
2.70584 -0.0917421 -1.97464 1.72263 -1.02398 -1.75621 -0.60993 -1.74141 2.42087 2.91563 1.88152 -2.28566 1.36302 -0.410467 1.78738 0.587007
2.70182 -0.0917421 -1.97464 1.72263 -1.02398 -1.75621 -0.60993 -1.74141 2.42087 2.91563 1.88152 -2.28566 1.36302 -0.410467 1.78738 0.587007
2.69787 -0.0917421 -1.97464 1.72263 -1.02398 -1.75621 -0.60993 -1.74141 2.42087 2.91563 1.88152 -2.28566 1.36302 -0.410467 1.78738 0.587007
2.69383 -0.0917421 -1.97464 1.72263 -1.02398 -1.75621 -0.60993 -1.74141 2.42087 2.91563 1.88152 -2.28566 1.36302 -0.410467 1.78738 0.587007
2.6898 -0.0917421 -1.97464 1.72263 -1.02398 -1.75621 -0.60993 -1.74141 2.42087 2.91563 1.88152 -2.28566 1.36302 -0.410467 1.78738 0.587007
2.68569 -0.0917421 -1.97464 1.72263 -1.02398 -1.75621 -0.60993 -1.74141 2.42087 2.91563 1.88152 -2.28566 1.36302 -0.410467 1.78738 0.587007
2.6815 -0.0917421 -1.97464 1.72263 -1.02398 -1.75621 -0.60993 -1.74141 2.42087 2.91563 1.88152 -2.28566 1.36302 -0.410467 1.78738 0.587007
2.67716 -0.0917421 -1.97464 1.72263 -1.02398 -1.75621 -0.60993 -1.74141 2.42087 2.91563 1.88152 -2.28566 1.36302 -0.410467 1.78738 0.587007
2.67285 -0.0917421 -1.97464 1.72263 -1.02398 -1.75621 -0.60993 -1.74141 2.42087 2.91563 1.88152 -2.28566 1.36302 -0.410467 1.78738 0.587007
2.66875 -0.0917421 -1.97464 1.72263 -1.02398 -1.75621 -0.60993 -1.74141 2.42087 2.91563 1.88152 -2.28566 1.36302 -0.410467 1.78738 0.587007
2.66458 -0.0917421 -1.97464 1.72263 -1.02398 -1.75621 -0.60993 -1.74141 2.42087 2.91563 1.88152 -2.28566 1.36302 -0.410467 1.78738 0.587007
2.66042 -0.0917421 -1.97464 1.72263 -1.02398 -1.75621 -0.60993 -1.74141 2.42087 2.91563 1.88152 -2.28566 1.36302 -0.410467 1.78738 0.587007
2.65623 -0.0917421 -1.97464 1.72263 -1.02398 -1.75621 -0.60993 -1.74141 2.42087 2.91563 1.88152 -2.28566 1.36302 -0.410467 1.78738 0.587007
2.65202 -0.0917421 -1.97464 1.72263 -1.02398 -1.75621 -0.60993 -1.74141 2.42087 2.91563 1.88152 -2.28566 1.36302 -0.410467 1.78738 0.587007
2.64777 -0.0917421 -1.97464 1.72263 -1.02398 -1.75621 -0.60993 -1.74141 2.42087 2.91563 1.88152 -2.28566 1.36302 -0.410467 1.78738 0.587007
2.64348 -0.0917421 -1.97464 1.72263 -1.02398 -1.75621 -0.60993 -1.74141 2.42087 2.91563 1.88152 -2.28566 1.36302 -0.410467 1.78738 0.587007
2.63925 -0.0917421 -1.97464 1.72263 -1.02398 -1.75621 -0.60993 -1.74141 2.42087 2.91563 1.88152 -2.28566 1.36302 -0.410467 1.78738 0.587007
2.63502 -0.0917421 -1.97464 1.72263 -1.02398 -1.75621 -0.60993 -1.74141 2.42087 2.91563 1.88152 -2.28566 1.36302 -0.410467 1.78738 0.587007
2.6307 -0.0917421 -1.97464 1.72263 -1.02398 -1.75621 -0.60993 -1.74141 2.42087 2.91563 1.88152 -2.28566 1.36302 -0.410467 1.78738 0.587007
2.62637 -0.0917421 -1.97464 1.72263 -1.02398 -1.75621 -0.60993 -1.74141 2.42087 2.91563 1.88152 -2.28566 1.36302 -0.410467 1.78738 0.587007
2.62194 -0.0917421 -1.97464 1.72263 -1.02398 -1.75621 -0.60993 -1.74141 2.42087 2.91563 1.88152 -2.28566 1.36302 -0.410467 1.78738 0.587007
2.61715 -0.0917421 -1.97464 1.72263 -1.02398 -1.75621 -0.60993 -1.74141 2.42087 2.91563 1.88152 -2.28566 1.36302 -0.410467 1.78738 0.587007
2.61239 -0.0917421 -1.97464 1.72263 -1.02398 -1.75621 -0.60993 -1.74141 2.42087 2.91563 1.88152 -2.28566 1.36302 -0.410467 1.78738 0.587007
2.60797 -0.0917421 -1.97464 1.72263 -1.02398 -1.75621 -0.60993 -1.74141 2.42087 2.91563 1.88152 -2.28566 1.36302 -0.410467 1.78738 0.587007
2.60356 -0.0917421 -1.97464 1.72263 -1.02398 -1.75621 -0.60993 -1.74141 2.42087 2.91563 1.88152 -2.28566 1.36302 -0.410467 1.78738 0.587007
2.59918 -0.0917421 -1.97464 1.72263 -1.02398 -1.75621 -0.60993 -1.74141 2.42087 2.91563 1.88152 -2.28566 1.36302 -0.410467 1.78738 0.587007
2.59477 -0.0917421 -1.97464 1.72263 -1.02398 -1.75621 -0.60993 -1.74141 2.42087 2.91563 1.88152 -2.28566 1.36302 -0.410467 1.78738 0.587007
2.5903 -0.0917421 -1.97464 1.72263 -1.02398 -1.75621 -0.60993 -1.74141 2.42087 2.91563 1.88152 -2.28566 1.36302 -0.410467 1.78738 0.587007
2.58582 -0.0917421 -1.97464 1.72263 -1.02398 -1.75621 -0.60993 -1.74141 2.42087 2.91563 1.88152 -2.28566 1.36302 -0.410467 1.78738 0.587007
2.58136 -0.0917421 -1.97464 1.72263 -1.02398 -1.75621 -0.60993 -1.74141 2.42087 2.91563 1.88152 -2.28566 1.36302 -0.410467 1.78738 0.587007
2.57682 -0.0917421 -1.97464 1.72263 -1.02398 -1.75621 -0.60993 -1.74141 2.42087 2.91563 1.88152 -2.28566 1.36302 -0.410467 1.78738 0.587007
2.57227 -0.0917421 -1.97464 1.72263 -1.02398 -1.75621 -0.60993 -1.74141 2.42087 2.91563 1.88152 -2.28566 1.36302 -0.410467 1.78738 0.587007
2.56762 -0.0917421 -1.97464 1.72263 -1.02398 -1.75621 -0.60993 -1.74141 2.42087 2.91563 1.88152 -2.28566 1.36302 -0.410467 1.78738 0.587007
2.56308 -0.0917421 -1.97464 1.72263 -1.02398 -1.75621 -0.60993 -1.74141 2.42087 2.91563 1.88152 -2.28566 1.36302 -0.410467 1.78738 0.587007
2.55848 -0.0917421 -1.97464 1.72263 -1.02398 -1.75621 -0.60993 -1.74141 2.42087 2.91563 1.88152 -2.28566 1.36302 -0.410467 1.78738 0.587007
2.55388 -0.0917421 -1.97464 1.72263 -1.02398 -1.75621 -0.60993 -1.74141 2.42087 2.91563 1.88152 -2.28566 1.36302 -0.410467 1.78738 0.587007
2.5492 -0.0917421 -1.97464 1.72263 -1.02398 -1.75621 -0.60993 -1.74141 2.42087 2.91563 1.88152 -2.28566 1.36302 -0.410467 1.78738 0.587007
2.54451 -0.0917421 -1.97464 1.72263 -1.02398 -1.75621 -0.60993 -1.74141 2.42087 2.91563 1.88152 -2.28566 1.36302 -0.410467 1.78738 0.587007
2.53986 -0.0917421 -1.97464 1.72263 -1.02398 -1.75621 -0.60993 -1.74141 2.42087 2.91563 1.88152 -2.28566 1.36302 -0.410467 1.78738 0.587007
2.53494 -0.0917421 -1.97464 1.72263 -1.02398 -1.75621 -0.60993 -1.74141 2.42087 2.91563 1.88152 -2.28566 1.36302 -0.410467 1.78738 0.587007
2.53012 -0.0917421 -1.97464 1.72263 -1.02398 -1.75621 -0.60993 -1.74141 2.42087 2.91563 1.88152 -2.28566 1.36302 -0.410467 1.78738 0.587007
2.52532 -0.0917421 -1.97464 1.72263 -1.02398 -1.75621 -0.60993 -1.74141 2.42087 2.91563 1.88152 -2.28566 1.36302 -0.410467 1.78738 0.587007
2.52036 -0.0917421 -1.97464 1.72263 -1.02398 -1.75621 -0.60993 -1.74141 2.42087 2.91563 1.88152 -2.28566 1.36302 -0.410467 1.78738 0.587007
2.51545 -0.0917421 -1.97464 1.72263 -1.02398 -1.75621 -0.60993 -1.74141 2.42087 2.91563 1.88152 -2.28566 1.36302 -0.410467 1.78738 0.587007
2.51067 -0.0917421 -1.97464 1.72263 -1.02398 -1.75621 -0.60993 -1.74141 2.42087 2.91563 1.88152 -2.28566 1.36302 -0.410467 1.78738 0.587007
2.50585 -0.0917421 -1.97464 1.72263 -1.02398 -1.75621 -0.60993 -1.74141 2.42087 2.91563 1.88152 -2.28566 1.36302 -0.410467 1.78738 0.587007
2.50102 -0.0917421 -1.97464 1.72263 -1.02398 -1.75621 -0.60993 -1.74141 2.42087 2.91563 1.88152 -2.28566 1.36302 -0.410467 1.78738 0.587007
2.49571 -0.0917421 -1.97464 1.72263 -1.02398 -1.75621 -0.60993 -1.74141 2.42087 2.91563 1.88152 -2.28566 1.36302 -0.410467 1.78738 0.587007
2.49043 -0.0917421 -1.97464 1.72263 -1.02398 -1.75621 -0.60993 -1.74141 2.42087 2.91563 1.88152 -2.28566 1.36302 -0.410467 1.78738 0.587007
2.48532 -0.0917421 -1.97464 1.72263 -1.02398 -1.75621 -0.60993 -1.74141 2.42087 2.91563 1.88152 -2.28566 1.36302 -0.410467 1.78738 0.587007
2.48035 -0.0917421 -1.97464 1.72263 -1.02398 -1.75621 -0.60993 -1.74141 2.42087 2.91563 1.88152 -2.28566 1.36302 -0.410467 1.78738 0.587007
2.47538 -0.0917421 -1.97464 1.72263 -1.02398 -1.75621 -0.60993 -1.74141 2.42087 2.91563 1.88152 -2.28566 1.36302 -0.410467 1.78738 0.587007
2.47037 -0.0917421 -1.97464 1.72263 -1.02398 -1.75621 -0.60993 -1.74141 2.42087 2.91563 1.88152 -2.28566 1.36302 -0.410467 1.78738 0.587007
2.4653 -0.0917421 -1.97464 1.72263 -1.02398 -1.75621 -0.60993 -1.74141 2.42087 2.91563 1.88152 -2.28566 1.36302 -0.410467 1.78738 0.587007
2.46025 -0.0917421 -1.97464 1.72263 -1.02398 -1.75621 -0.60993 -1.74141 2.42087 2.91563 1.88152 -2.28566 1.36302 -0.410467 1.78738 0.587007
2.45511 -0.0917421 -1.97464 1.72263 -1.02398 -1.75621 -0.60993 -1.74141 2.42087 2.91563 1.88152 -2.28566 1.36302 -0.410467 1.78738 0.587007
2.45002 -0.0917421 -1.97464 1.72263 -1.02398 -1.75621 -0.60993 -1.74141 2.42087 2.91563 1.88152 -2.28566 1.36302 -0.410467 1.78738 0.587007
2.44501 -0.0917421 -1.97464 1.72263 -1.02398 -1.75621 -0.60993 -1.74141 2.42087 2.91563 1.88152 -2.28566 1.36302 -0.410467 1.78738 0.587007
2.43994 -0.0917421 -1.97464 1.72263 -1.02398 -1.75621 -0.60993 -1.74141 2.42087 2.91563 1.88152 -2.28566 1.36302 -0.410467 1.78738 0.587007
2.43487 -0.0917421 -1.97464 1.72263 -1.02398 -1.75621 -0.60993 -1.74141 2.42087 2.91563 1.88152 -2.28566 1.36302 -0.410467 1.78738 0.587007
2.42974 -0.0917421 -1.97464 1.72263 -1.02398 -1.75621 -0.60993 -1.74141 2.42087 2.91563 1.88152 -2.28566 1.36302 -0.410467 1.78738 0.587007
2.42462 -0.0917421 -1.97464 1.72263 -1.02398 -1.75621 -0.60993 -1.74141 2.42087 2.91563 1.88152 -2.28566 1.36302 -0.410467 1.78738 0.587007
2.41947 -0.0917421 -1.97464 1.72263 -1.02398 -1.75621 -0.60993 -1.74141 2.42087 2.91563 1.88152 -2.28566 1.36302 -0.410467 1.78738 0.587007
2.41414 -0.0917421 -1.97464 1.72263 -1.02398 -1.75621 -0.60993 -1.74141 2.42087 2.91563 1.88152 -2.28566 1.36302 -0.410467 1.78738 0.587007
2.40858 -0.0917421 -1.97464 1.72263 -1.02398 -1.75621 -0.60993 -1.74141 2.42087 2.91563 1.88152 -2.28566 1.36302 -0.410467 1.78738 0.587007
2.40321 -0.0917421 -1.97464 1.72263 -1.02398 -1.75621 -0.60993 -1.74141 2.42087 2.91563 1.88152 -2.28566 1.36302 -0.410467 1.78738 0.587007
2.39799 -0.0917421 -1.97464 1.72263 -1.02398 -1.75621 -0.60993 -1.74141 2.42087 2.91563 1.88152 -2.28566 1.36302 -0.410467 1.78738 0.587007
2.39268 -0.0917421 -1.97464 1.72263 -1.02398 -1.75621 -0.60993 -1.74141 2.42087 2.91563 1.88152 -2.28566 1.36302 -0.410467 1.78738 0.587007
2.38699 -0.0917421 -1.97464 1.72263 -1.02398 -1.75621 -0.60993 -1.74141 2.42087 2.91563 1.88152 -2.28566 1.36302 -0.410467 1.78738 0.587007
2.38169 -0.0917421 -1.97464 1.72263 -1.02398 -1.75621 -0.60993 -1.74141 2.42087 2.91563 1.88152 -2.28566 1.36302 -0.410467 1.78738 0.587007
2.37628 -0.0917421 -1.97464 1.72263 -1.02398 -1.75621 -0.60993 -1.74141 2.42087 2.91563 1.88152 -2.28566 1.36302 -0.410467 1.78738 0.587007
2.37086 -0.0917421 -1.97464 1.72263 -1.02398 -1.75621 -0.60993 -1.74141 2.42087 2.91563 1.88152 -2.28566 1.36302 -0.410467 1.78738 0.587007
2.36525 -0.0917421 -1.97464 1.72263 -1.02398 -1.75621 -0.60993 -1.74141 2.42087 2.91563 1.88152 -2.28566 1.36302 -0.410467 1.78738 0.587007
2.35955 -0.0917421 -1.97464 1.72263 -1.02398 -1.75621 -0.60993 -1.74141 2.42087 2.91563 1.88152 -2.28566 1.36302 -0.410467 1.78738 0.587007
2.35387 -0.0917421 -1.97464 1.72263 -1.02398 -1.75621 -0.60993 -1.74141 2.42087 2.91563 1.88152 -2.28566 1.36302 -0.410467 1.78738 0.587007
2.34834 -0.0917421 -1.97464 1.72263 -1.02398 -1.75621 -0.60993 -1.74141 2.42087 2.91563 1.88152 -2.28566 1.36302 -0.410467 1.78738 0.587007
2.33538 -0.0917421 -1.97464 1.72263 -1.02398 -1.75621 -0.60993 -1.74141 2.42087 2.91563 1.88152 -2.28566 1.36302 -0.410467 1.78738 0.587007
2.33574 -0.0917421 -1.97464 1.72263 -1.02398 -1.75621 -0.60993 -1.74141 2.42087 2.91563 1.88152 -2.28566 1.36302 -0.410467 1.78738 0.587007
2.33613 -0.0917421 -1.97464 1.72263 -1.02398 -1.75621 -0.60993 -1.74141 2.42087 2.91563 1.88152 -2.28566 1.36302 -0.410467 1.78738 0.587007
2.33654 -0.0917421 -1.97464 1.72263 -1.02398 -1.75621 -0.60993 -1.74141 2.42087 2.91563 1.88152 -2.28566 1.36302 -0.410467 1.78738 0.587007
2.33694 -0.0917421 -1.97464 1.72263 -1.02398 -1.75621 -0.60993 -1.74141 2.42087 2.91563 1.88152 -2.28566 1.36302 -0.410467 1.78738 0.587007
2.33747 -0.0917421 -1.97464 1.72263 -1.02398 -1.75621 -0.60993 -1.74141 2.42087 2.91563 1.88152 -2.28566 1.36302 -0.410467 1.78738 0.587007
2.33816 -0.0917421 -1.97464 1.72263 -1.02398 -1.75621 -0.60993 -1.74141 2.42087 2.91563 1.88152 -2.28566 1.36302 -0.410467 1.78738 0.587007
2.33901 -0.0917421 -1.97464 1.72263 -1.02398 -1.75621 -0.60993 -1.74141 2.42087 2.91563 1.88152 -2.28566 1.36302 -0.410467 1.78738 0.587007
2.34001 -0.0917421 -1.97464 1.72263 -1.02398 -1.75621 -0.60993 -1.74141 2.42087 2.91563 1.88152 -2.28566 1.36302 -0.410467 1.78738 0.587007
2.34116 -0.0917421 -1.97464 1.72263 -1.02398 -1.75621 -0.60993 -1.74141 2.42087 2.91563 1.88152 -2.28566 1.36302 -0.410467 1.78738 0.587007
2.34357 -0.0917421 -1.97464 1.72263 -1.02398 -1.75621 -0.60993 -1.74141 2.42087 2.91563 1.88152 -2.28566 1.36302 -0.410467 1.78738 0.587007
2.34612 -0.0917421 -1.97464 1.72263 -1.02398 -1.75621 -0.60993 -1.74141 2.42087 2.91563 1.88152 -2.28566 1.36302 -0.410467 1.78738 0.587007
2.34867 -0.0917421 -1.97464 1.72263 -1.02398 -1.75621 -0.60993 -1.74141 2.42087 2.91563 1.88152 -2.28566 1.36302 -0.410467 1.78738 0.587007
2.35147 -0.0917421 -1.97464 1.72263 -1.02398 -1.75621 -0.60993 -1.74141 2.42087 2.91563 1.88152 -2.28566 1.36302 -0.410467 1.78738 0.587007
2.35376 -0.0917421 -1.97464 1.72263 -1.02398 -1.75621 -0.60993 -1.74141 2.42087 2.91563 1.88152 -2.28566 1.36302 -0.410467 1.78738 0.587007
2.35615 -0.0917421 -1.97464 1.72263 -1.02398 -1.75621 -0.60993 -1.74141 2.42087 2.91563 1.88152 -2.28566 1.36302 -0.410467 1.78738 0.587007
2.35874 -0.0917421 -1.97464 1.72263 -1.02398 -1.75621 -0.60993 -1.74141 2.42087 2.91563 1.88152 -2.28566 1.36302 -0.410467 1.78738 0.587007
2.36145 -0.0917421 -1.97464 1.72263 -1.02398 -1.75621 -0.60993 -1.74141 2.42087 2.91563 1.88152 -2.28566 1.36302 -0.410467 1.78738 0.587007
2.36414 -0.0917421 -1.97464 1.72263 -1.02398 -1.75621 -0.60993 -1.74141 2.42087 2.91563 1.88152 -2.28566 1.36302 -0.410467 1.78738 0.587007
2.36684 -0.0917421 -1.97464 1.72263 -1.02398 -1.75621 -0.60993 -1.74141 2.42087 2.91563 1.88152 -2.28566 1.36302 -0.410467 1.78738 0.587007
2.36964 -0.0917421 -1.97464 1.72263 -1.02398 -1.75621 -0.60993 -1.74141 2.42087 2.91563 1.88152 -2.28566 1.36302 -0.410467 1.78738 0.587007
2.3725 -0.0917421 -1.97464 1.72263 -1.02398 -1.75621 -0.60993 -1.74141 2.42087 2.91563 1.88152 -2.28566 1.36302 -0.410467 1.78738 0.587007
2.37545 -0.0917421 -1.97464 1.72263 -1.02398 -1.75621 -0.60993 -1.74141 2.42087 2.91563 1.88152 -2.28566 1.36302 -0.410467 1.78738 0.587007
2.37863 -0.0917421 -1.97464 1.72263 -1.02398 -1.75621 -0.60993 -1.74141 2.42087 2.91563 1.88152 -2.28566 1.36302 -0.410467 1.78738 0.587007
2.38181 -0.0917421 -1.97464 1.72263 -1.02398 -1.75621 -0.60993 -1.74141 2.42087 2.91563 1.88152 -2.28566 1.36302 -0.410467 1.78738 0.587007
2.38505 -0.0917421 -1.97464 1.72263 -1.02398 -1.75621 -0.60993 -1.74141 2.42087 2.91563 1.88152 -2.28566 1.36302 -0.410467 1.78738 0.587007
2.38823 -0.0917421 -1.97464 1.72263 -1.02398 -1.75621 -0.60993 -1.74141 2.42087 2.91563 1.88152 -2.28566 1.36302 -0.410467 1.78738 0.587007
2.39162 -0.0917421 -1.97464 1.72263 -1.02398 -1.75621 -0.60993 -1.74141 2.42087 2.91563 1.88152 -2.28566 1.36302 -0.410467 1.78738 0.587007
2.39499 -0.0917421 -1.97464 1.72263 -1.02398 -1.75621 -0.60993 -1.74141 2.42087 2.91563 1.88152 -2.28566 1.36302 -0.410467 1.78738 0.587007
2.3985 -0.0917421 -1.97464 1.72263 -1.02398 -1.75621 -0.60993 -1.74141 2.42087 2.91563 1.88152 -2.28566 1.36302 -0.410467 1.78738 0.587007
2.40212 -0.0917421 -1.97464 1.72263 -1.02398 -1.75621 -0.60993 -1.74141 2.42087 2.91563 1.88152 -2.28566 1.36302 -0.410467 1.78738 0.587007
2.40583 -0.0917421 -1.97464 1.72263 -1.02398 -1.75621 -0.60993 -1.74141 2.42087 2.91563 1.88152 -2.28566 1.36302 -0.410467 1.78738 0.587007
2.40965 -0.0917421 -1.97464 1.72263 -1.02398 -1.75621 -0.60993 -1.74141 2.42087 2.91563 1.88152 -2.28566 1.36302 -0.410467 1.78738 0.587007
2.41356 -0.0917421 -1.97464 1.72263 -1.02398 -1.75621 -0.60993 -1.74141 2.42087 2.91563 1.88152 -2.28566 1.36302 -0.410467 1.78738 0.587007
2.41752 -0.0917421 -1.97464 1.72263 -1.02398 -1.75621 -0.60993 -1.74141 2.42087 2.91563 1.88152 -2.28566 1.36302 -0.410467 1.78738 0.587007
2.42165 -0.0917421 -1.97464 1.72263 -1.02398 -1.75621 -0.60993 -1.74141 2.42087 2.91563 1.88152 -2.28566 1.36302 -0.410467 1.78738 0.587007
2.42599 -0.0917421 -1.97464 1.72263 -1.02398 -1.75621 -0.60993 -1.74141 2.42087 2.91563 1.88152 -2.28566 1.36302 -0.410467 1.78738 0.587007
2.43045 -0.0917421 -1.97464 1.72263 -1.02398 -1.75621 -0.60993 -1.74141 2.42087 2.91563 1.88152 -2.28566 1.36302 -0.410467 1.78738 0.587007
2.43493 -0.0917421 -1.97464 1.72263 -1.02398 -1.75621 -0.60993 -1.74141 2.42087 2.91563 1.88152 -2.28566 1.36302 -0.410467 1.78738 0.587007
2.44003 -0.0917421 -1.97464 1.72263 -1.02398 -1.75621 -0.60993 -1.74141 2.42087 2.91563 1.88152 -2.28566 1.36302 -0.410467 1.78738 0.587007
2.44505 -0.0917421 -1.97464 1.72263 -1.02398 -1.75621 -0.60993 -1.74141 2.42087 2.91563 1.88152 -2.28566 1.36302 -0.410467 1.78738 0.587007
2.45033 -0.0917421 -1.97464 1.72263 -1.02398 -1.75621 -0.60993 -1.74141 2.42087 2.91563 1.88152 -2.28566 1.36302 -0.410467 1.78738 0.587007
2.45539 -0.0917421 -1.97464 1.72263 -1.02398 -1.75621 -0.60993 -1.74141 2.42087 2.91563 1.88152 -2.28566 1.36302 -0.410467 1.78738 0.587007
2.46067 -0.0917421 -1.97464 1.72263 -1.02398 -1.75621 -0.60993 -1.74141 2.42087 2.91563 1.88152 -2.28566 1.36302 -0.410467 1.78738 0.587007
2.46614 -0.0917421 -1.97464 1.72263 -1.02398 -1.75621 -0.60993 -1.74141 2.42087 2.91563 1.88152 -2.28566 1.36302 -0.410467 1.78738 0.587007
2.47166 -0.0917421 -1.97464 1.72263 -1.02398 -1.75621 -0.60993 -1.74141 2.42087 2.91563 1.88152 -2.28566 1.36302 -0.410467 1.78738 0.587007
2.47741 -0.0917421 -1.97464 1.72263 -1.02398 -1.75621 -0.60993 -1.74141 2.42087 2.91563 1.88152 -2.28566 1.36302 -0.410467 1.78738 0.587007
2.48334 -0.0917421 -1.97464 1.72263 -1.02398 -1.75621 -0.60993 -1.74141 2.42087 2.91563 1.88152 -2.28566 1.36302 -0.410467 1.78738 0.587007
2.48954 -0.0917421 -1.97464 1.72263 -1.02398 -1.75621 -0.60993 -1.74141 2.42087 2.91563 1.88152 -2.28566 1.36302 -0.410467 1.78738 0.587007
2.49593 -0.0917421 -1.97464 1.72263 -1.02398 -1.75621 -0.60993 -1.74141 2.42087 2.91563 1.88152 -2.28566 1.36302 -0.410467 1.78738 0.587007
2.50304 -0.0917421 -1.97464 1.72263 -1.02398 -1.75621 -0.60993 -1.74141 2.42087 2.91563 1.88152 -2.28566 1.36302 -0.410467 1.78738 0.587007
2.50998 -0.0917421 -1.97464 1.72263 -1.02398 -1.75621 -0.60993 -1.74141 2.42087 2.91563 1.88152 -2.28566 1.36302 -0.410467 1.78738 0.587007
2.51696 -0.0917421 -1.97464 1.72263 -1.02398 -1.75621 -0.60993 -1.74141 2.42087 2.91563 1.88152 -2.28566 1.36302 -0.410467 1.78738 0.587007
2.52419 -0.0917421 -1.97464 1.72263 -1.02398 -1.75621 -0.60993 -1.74141 2.42087 2.91563 1.88152 -2.28566 1.36302 -0.410467 1.78738 0.587007
2.53176 -0.0917421 -1.97464 1.72263 -1.02398 -1.75621 -0.60993 -1.74141 2.42087 2.91563 1.88152 -2.28566 1.36302 -0.410467 1.78738 0.587007
2.53941 -0.0917421 -1.97464 1.72263 -1.02398 -1.75621 -0.60993 -1.74141 2.42087 2.91563 1.88152 -2.28566 1.36302 -0.410467 1.78738 0.587007
2.54727 -0.0917421 -1.97464 1.72263 -1.02398 -1.75621 -0.60993 -1.74141 2.42087 2.91563 1.88152 -2.28566 1.36302 -0.410467 1.78738 0.587007
2.55536 -0.0917421 -1.97464 1.72263 -1.02398 -1.75621 -0.60993 -1.74141 2.42087 2.91563 1.88152 -2.28566 1.36302 -0.410467 1.78738 0.587007
2.56371 -0.0917421 -1.97464 1.72263 -1.02398 -1.75621 -0.60993 -1.74141 2.42087 2.91563 1.88152 -2.28566 1.36302 -0.410467 1.78738 0.587007
2.57237 -0.0917421 -1.97464 1.72263 -1.02398 -1.75621 -0.60993 -1.74141 2.42087 2.91563 1.88152 -2.28566 1.36302 -0.410467 1.78738 0.587007
2.58148 -0.0917421 -1.97464 1.72263 -1.02398 -1.75621 -0.60993 -1.74141 2.42087 2.91563 1.88152 -2.28566 1.36302 -0.410467 1.78738 0.587007
2.59073 -0.0917421 -1.97464 1.72263 -1.02398 -1.75621 -0.60993 -1.74141 2.42087 2.91563 1.88152 -2.28566 1.36302 -0.410467 1.78738 0.587007
2.60034 -0.0917421 -1.97464 1.72263 -1.02398 -1.75621 -0.60993 -1.74141 2.42087 2.91563 1.88152 -2.28566 1.36302 -0.410467 1.78738 0.587007
2.61014 -0.0917421 -1.97464 1.72263 -1.02398 -1.75621 -0.60993 -1.74141 2.42087 2.91563 1.88152 -2.28566 1.36302 -0.410467 1.78738 0.587007
2.6204 -0.0917421 -1.97464 1.72263 -1.02398 -1.75621 -0.60993 -1.74141 2.42087 2.91563 1.88152 -2.28566 1.36302 -0.410467 1.78738 0.587007
2.63087 -0.0917421 -1.97464 1.72263 -1.02398 -1.75621 -0.60993 -1.74141 2.42087 2.91563 1.88152 -2.28566 1.36302 -0.410467 1.78738 0.587007
2.64206 -0.0917421 -1.97464 1.72263 -1.02398 -1.75621 -0.60993 -1.74141 2.42087 2.91563 1.88152 -2.28566 1.36302 -0.410467 1.78738 0.587007
2.65344 -0.0917421 -1.97464 1.72263 -1.02398 -1.75621 -0.60993 -1.74141 2.42087 2.91563 1.88152 -2.28566 1.36302 -0.410467 1.78738 0.587007
2.66524 -0.0917421 -1.97464 1.72263 -1.02398 -1.75621 -0.60993 -1.74141 2.42087 2.91563 1.88152 -2.28566 1.36302 -0.410467 1.78738 0.587007
2.67755 -0.0917421 -1.97464 1.72263 -1.02398 -1.75621 -0.60993 -1.74141 2.42087 2.91563 1.88152 -2.28566 1.36302 -0.410467 1.78738 0.587007
