1.944
1.955
1.965
1.976
1.986
1.996
2.007
2.017
2.028
2.039
2.06
2.081
2.102
2.122
2.143
2.179
2.223
2.244
2.265
2.286
2.325
2.363
2.402
2.44
2.479
2.517
2.556
2.598
2.64
2.682
2.722
2.761
2.799
2.838
2.876
2.915
2.953
2.992
3.032
3.073
3.114
3.153
3.191
3.23
3.268
3.307
3.345
3.385
3.423
3.462
3.501
3.539
3.578
3.62
3.664
3.704
3.742
3.78
3.819
3.857
3.896
3.934
3.974
4.012
4.052
4.09
4.129
4.168
4.207
4.246
4.284
4.325
4.364
4.404
4.443
4.484
4.523
4.562
4.6
4.642
4.683
4.725
4.764
4.804
4.843
4.882
4.921
4.961
5.001
5.039
5.078
5.116
5.155
5.194
5.232
5.271
5.313
5.354
5.393
5.431
5.472
5.512
5.55
5.589
5.629
5.669
5.711
5.749
5.788
6.466
6.477
6.488
6.498
6.509
6.52
6.531
6.541
6.552
6.565
6.604
6.643
6.684
6.726
6.766
6.804
6.843
6.881
6.92
6.959
6.997
7.036
7.076
7.115
7.154
7.194
7.233
7.271
7.31
7.348
7.386
7.425
7.464
7.503
7.542
7.58
7.619
7.657
7.7
7.739
7.78
7.82
7.858
7.897
7.935
7.973
8.012
8.05
8.089
8.13
8.17
8.209
8.248
8.287
8.326
8.364
8.403
8.441
8.48
8.518
8.557
8.596
8.635
8.673
8.711
8.751
8.789
8.828
8.867
8.907
