1.26359 -0.25517 0.240399 -2.00616 1.38179 2.0525 -0.0907306 -0.767846 2.04947 2.91271 -1.52447 0.425727 0.495102 2.76301 -0.97275 0.930749
1.26359 -0.25517 0.240399 -2.00616 1.38179 2.0525 -0.0907306 -0.767846 2.04947 2.91271 -1.52447 0.425727 0.495102 2.76301 -0.97275 0.930749
1.26359 -0.25517 0.240399 -2.00616 1.38179 2.0525 -0.0907306 -0.767846 2.04947 2.91271 -1.52447 0.425727 0.495102 2.76301 -0.97275 0.930749
1.26359 -0.25517 0.240399 -2.00616 1.38179 2.0525 -0.0907306 -0.767846 2.04947 2.91271 -1.52447 0.425727 0.495102 2.76301 -0.97275 0.930749
1.26359 -0.25517 0.240399 -2.00616 1.38179 2.0525 -0.0907306 -0.767846 2.04947 2.91271 -1.52447 0.425727 0.495102 2.76301 -0.97275 0.930749
1.2636 -0.25517 0.240399 -2.00616 1.38179 2.0525 -0.0907306 -0.767846 2.04947 2.91271 -1.52447 0.425727 0.495102 2.76301 -0.97275 0.930749
1.2636 -0.25517 0.240399 -2.00616 1.38179 2.0525 -0.0907306 -0.767846 2.04947 2.91271 -1.52447 0.425727 0.495102 2.76301 -0.97275 0.930749
1.2636 -0.25517 0.240399 -2.00616 1.38179 2.0525 -0.0907306 -0.767846 2.04947 2.91271 -1.52447 0.425727 0.495102 2.76301 -0.97275 0.930749
1.26422 -0.25517 0.240399 -2.00616 1.38179 2.0525 -0.0907306 -0.767846 2.04947 2.91271 -1.52447 0.425727 0.495102 2.76301 -0.97275 0.930749
1.26539 -0.25517 0.240399 -2.00616 1.38179 2.0525 -0.0907306 -0.767846 2.04947 2.91271 -1.52447 0.425727 0.495102 2.76301 -0.97275 0.930749
1.26677 -0.25517 0.240399 -2.00616 1.38179 2.0525 -0.0907306 -0.767846 2.04947 2.91271 -1.52447 0.425727 0.495102 2.76301 -0.97275 0.930749
1.26819 -0.25517 0.240399 -2.00616 1.38179 2.0525 -0.0907306 -0.767846 2.04947 2.91271 -1.52447 0.425727 0.495102 2.76301 -0.97275 0.930749
1.26957 -0.25517 0.240399 -2.00616 1.38179 2.0525 -0.0907306 -0.767846 2.04947 2.91271 -1.52447 0.425727 0.495102 2.76301 -0.97275 0.930749
1.27102 -0.25517 0.240399 -2.00616 1.38179 2.0525 -0.0907306 -0.767846 2.04947 2.91271 -1.52447 0.425727 0.495102 2.76301 -0.97275 0.930749
1.27247 -0.25517 0.240399 -2.00616 1.38179 2.0525 -0.0907306 -0.767846 2.04947 2.91271 -1.52447 0.425727 0.495102 2.76301 -0.97275 0.930749
1.27402 -0.25517 0.240399 -2.00616 1.38179 2.0525 -0.0907306 -0.767846 2.04947 2.91271 -1.52447 0.425727 0.495102 2.76301 -0.97275 0.930749
1.27571 -0.25517 0.240399 -2.00616 1.38179 2.0525 -0.0907306 -0.767846 2.04947 2.91271 -1.52447 0.425727 0.495102 2.76301 -0.97275 0.930749
1.27758 -0.25517 0.240399 -2.00616 1.38179 2.0525 -0.0907306 -0.767846 2.04947 2.91271 -1.52447 0.425727 0.495102 2.76301 -0.97275 0.930749
1.27966 -0.25517 0.240399 -2.00616 1.38179 2.0525 -0.0907306 -0.767846 2.04947 2.91271 -1.52447 0.425727 0.495102 2.76301 -0.97275 0.930749
1.28197 -0.25517 0.240399 -2.00616 1.38179 2.0525 -0.0907306 -0.767846 2.04947 2.91271 -1.52447 0.425727 0.495102 2.76301 -0.97275 0.930749
1.28658 -0.25517 0.240399 -2.00616 1.38179 2.0525 -0.0907306 -0.767846 2.04947 2.91271 -1.52447 0.425727 0.495102 2.76301 -0.97275 0.930749
1.29122 -0.25517 0.240399 -2.00616 1.38179 2.0525 -0.0907306 -0.767846 2.04947 2.91271 -1.52447 0.425727 0.495102 2.76301 -0.97275 0.930749
1.29566 -0.25517 0.240399 -2.00616 1.38179 2.0525 -0.0907306 -0.767846 2.04947 2.91271 -1.52447 0.425727 0.495102 2.76301 -0.97275 0.930749
1.30024 -0.25517 0.240399 -2.00616 1.38179 2.0525 -0.0907306 -0.767846 2.04947 2.91271 -1.52447 0.425727 0.495102 2.76301 -0.97275 0.930749
1.30517 -0.25517 0.240399 -2.00616 1.38179 2.0525 -0.0907306 -0.767846 2.04947 2.91271 -1.52447 0.425727 0.495102 2.76301 -0.97275 0.930749
1.31057 -0.25517 0.240399 -2.00616 1.38179 2.0525 -0.0907306 -0.767846 2.04947 2.91271 -1.52447 0.425727 0.495102 2.76301 -0.97275 0.930749
1.31602 -0.25517 0.240399 -2.00616 1.38179 2.0525 -0.0907306 -0.767846 2.04947 2.91271 -1.52447 0.425727 0.495102 2.76301 -0.97275 0.930749
1.32153 -0.25517 0.240399 -2.00616 1.38179 2.0525 -0.0907306 -0.767846 2.04947 2.91271 -1.52447 0.425727 0.495102 2.76301 -0.97275 0.930749
1.3275 -0.25517 0.240399 -2.00616 1.38179 2.0525 -0.0907306 -0.767846 2.04947 2.91271 -1.52447 0.425727 0.495102 2.76301 -0.97275 0.930749
1.33379 -0.25517 0.240399 -2.00616 1.38179 2.0525 -0.0907306 -0.767846 2.04947 2.91271 -1.52447 0.425727 0.495102 2.76301 -0.97275 0.930749
1.33998 -0.25517 0.240399 -2.00616 1.38179 2.0525 -0.0907306 -0.767846 2.04947 2.91271 -1.52447 0.425727 0.495102 2.76301 -0.97275 0.930749
1.34623 -0.25517 0.240399 -2.00616 1.38179 2.0525 -0.0907306 -0.767846 2.04947 2.91271 -1.52447 0.425727 0.495102 2.76301 -0.97275 0.930749
1.35289 -0.25517 0.240399 -2.00616 1.38179 2.0525 -0.0907306 -0.767846 2.04947 2.91271 -1.52447 0.425727 0.495102 2.76301 -0.97275 0.930749
1.3593 -0.25517 0.240399 -2.00616 1.38179 2.0525 -0.0907306 -0.767846 2.04947 2.91271 -1.52447 0.425727 0.495102 2.76301 -0.97275 0.930749
1.36612 -0.25517 0.240399 -2.00616 1.38179 2.0525 -0.0907306 -0.767846 2.04947 2.91271 -1.52447 0.425727 0.495102 2.76301 -0.97275 0.930749
1.3736 -0.25517 0.240399 -2.00616 1.38179 2.0525 -0.0907306 -0.767846 2.04947 2.91271 -1.52447 0.425727 0.495102 2.76301 -0.97275 0.930749
1.38113 -0.25517 0.240399 -2.00616 1.38179 2.0525 -0.0907306 -0.767846 2.04947 2.91271 -1.52447 0.425727 0.495102 2.76301 -0.97275 0.930749
1.38859 -0.25517 0.240399 -2.00616 1.38179 2.0525 -0.0907306 -0.767846 2.04947 2.91271 -1.52447 0.425727 0.495102 2.76301 -0.97275 0.930749
1.39632 -0.25517 0.240399 -2.00616 1.38179 2.0525 -0.0907306 -0.767846 2.04947 2.91271 -1.52447 0.425727 0.495102 2.76301 -0.97275 0.930749
1.40415 -0.25517 0.240399 -2.00616 1.38179 2.0525 -0.0907306 -0.767846 2.04947 2.91271 -1.52447 0.425727 0.495102 2.76301 -0.97275 0.930749
1.41227 -0.25517 0.240399 -2.00616 1.38179 2.0525 -0.0907306 -0.767846 2.04947 2.91271 -1.52447 0.425727 0.495102 2.76301 -0.97275 0.930749
1.42062 -0.25517 0.240399 -2.00616 1.38179 2.0525 -0.0907306 -0.767846 2.04947 2.91271 -1.52447 0.425727 0.495102 2.76301 -0.97275 0.930749
1.42922 -0.25517 0.240399 -2.00616 1.38179 2.0525 -0.0907306 -0.767846 2.04947 2.91271 -1.52447 0.425727 0.495102 2.76301 -0.97275 0.930749
1.43803 -0.25517 0.240399 -2.00616 1.38179 2.0525 -0.0907306 -0.767846 2.04947 2.91271 -1.52447 0.425727 0.495102 2.76301 -0.97275 0.930749
1.44714 -0.25517 0.240399 -2.00616 1.38179 2.0525 -0.0907306 -0.767846 2.04947 2.91271 -1.52447 0.425727 0.495102 2.76301 -0.97275 0.930749
1.45673 -0.25517 0.240399 -2.00616 1.38179 2.0525 -0.0907306 -0.767846 2.04947 2.91271 -1.52447 0.425727 0.495102 2.76301 -0.97275 0.930749
1.46653 -0.25517 0.240399 -2.00616 1.38179 2.0525 -0.0907306 -0.767846 2.04947 2.91271 -1.52447 0.425727 0.495102 2.76301 -0.97275 0.930749
1.5752 -0.25517 0.240399 -2.00616 1.38179 2.0525 -0.0907306 -0.767846 2.04947 2.91271 -1.52447 0.425727 0.495102 2.76301 -0.97275 0.930749
1.57373 -0.25517 0.240399 -2.00616 1.38179 2.0525 -0.0907306 -0.767846 2.04947 2.91271 -1.52447 0.425727 0.495102 2.76301 -0.97275 0.930749
1.5716 -0.25517 0.240399 -2.00616 1.38179 2.0525 -0.0907306 -0.767846 2.04947 2.91271 -1.52447 0.425727 0.495102 2.76301 -0.97275 0.930749
1.56939 -0.25517 0.240399 -2.00616 1.38179 2.0525 -0.0907306 -0.767846 2.04947 2.91271 -1.52447 0.425727 0.495102 2.76301 -0.97275 0.930749
1.5672 -0.25517 0.240399 -2.00616 1.38179 2.0525 -0.0907306 -0.767846 2.04947 2.91271 -1.52447 0.425727 0.495102 2.76301 -0.97275 0.930749
1.565 -0.25517 0.240399 -2.00616 1.38179 2.0525 -0.0907306 -0.767846 2.04947 2.91271 -1.52447 0.425727 0.495102 2.76301 -0.97275 0.930749
1.56284 -0.25517 0.240399 -2.00616 1.38179 2.0525 -0.0907306 -0.767846 2.04947 2.91271 -1.52447 0.425727 0.495102 2.76301 -0.97275 0.930749
1.5607 -0.25517 0.240399 -2.00616 1.38179 2.0525 -0.0907306 -0.767846 2.04947 2.91271 -1.52447 0.425727 0.495102 2.76301 -0.97275 0.930749
1.55853 -0.25517 0.240399 -2.00616 1.38179 2.0525 -0.0907306 -0.767846 2.04947 2.91271 -1.52447 0.425727 0.495102 2.76301 -0.97275 0.930749
1.55615 -0.25517 0.240399 -2.00616 1.38179 2.0525 -0.0907306 -0.767846 2.04947 2.91271 -1.52447 0.425727 0.495102 2.76301 -0.97275 0.930749
1.55382 -0.25517 0.240399 -2.00616 1.38179 2.0525 -0.0907306 -0.767846 2.04947 2.91271 -1.52447 0.425727 0.495102 2.76301 -0.97275 0.930749
1.55161 -0.25517 0.240399 -2.00616 1.38179 2.0525 -0.0907306 -0.767846 2.04947 2.91271 -1.52447 0.425727 0.495102 2.76301 -0.97275 0.930749
1.5473 -0.25517 0.240399 -2.00616 1.38179 2.0525 -0.0907306 -0.767846 2.04947 2.91271 -1.52447 0.425727 0.495102 2.76301 -0.97275 0.930749
1.5431 -0.25517 0.240399 -2.00616 1.38179 2.0525 -0.0907306 -0.767846 2.04947 2.91271 -1.52447 0.425727 0.495102 2.76301 -0.97275 0.930749
1.53895 -0.25517 0.240399 -2.00616 1.38179 2.0525 -0.0907306 -0.767846 2.04947 2.91271 -1.52447 0.425727 0.495102 2.76301 -0.97275 0.930749
1.53477 -0.25517 0.240399 -2.00616 1.38179 2.0525 -0.0907306 -0.767846 2.04947 2.91271 -1.52447 0.425727 0.495102 2.76301 -0.97275 0.930749
1.53048 -0.25517 0.240399 -2.00616 1.38179 2.0525 -0.0907306 -0.767846 2.04947 2.91271 -1.52447 0.425727 0.495102 2.76301 -0.97275 0.930749
1.5262 -0.25517 0.240399 -2.00616 1.38179 2.0525 -0.0907306 -0.767846 2.04947 2.91271 -1.52447 0.425727 0.495102 2.76301 -0.97275 0.930749
1.52198 -0.25517 0.240399 -2.00616 1.38179 2.0525 -0.0907306 -0.767846 2.04947 2.91271 -1.52447 0.425727 0.495102 2.76301 -0.97275 0.930749
1.51772 -0.25517 0.240399 -2.00616 1.38179 2.0525 -0.0907306 -0.767846 2.04947 2.91271 -1.52447 0.425727 0.495102 2.76301 -0.97275 0.930749
1.51337 -0.25517 0.240399 -2.00616 1.38179 2.0525 -0.0907306 -0.767846 2.04947 2.91271 -1.52447 0.425727 0.495102 2.76301 -0.97275 0.930749
1.50885 -0.25517 0.240399 -2.00616 1.38179 2.0525 -0.0907306 -0.767846 2.04947 2.91271 -1.52447 0.425727 0.495102 2.76301 -0.97275 0.930749
1.50448 -0.25517 0.240399 -2.00616 1.38179 2.0525 -0.0907306 -0.767846 2.04947 2.91271 -1.52447 0.425727 0.495102 2.76301 -0.97275 0.930749
1.50019 -0.25517 0.240399 -2.00616 1.38179 2.0525 -0.0907306 -0.767846 2.04947 2.91271 -1.52447 0.425727 0.495102 2.76301 -0.97275 0.930749
1.49532 -0.25517 0.240399 -2.00616 1.38179 2.0525 -0.0907306 -0.767846 2.04947 2.91271 -1.52447 0.425727 0.495102 2.76301 -0.97275 0.930749
1.49092 -0.25517 0.240399 -2.00616 1.38179 2.0525 -0.0907306 -0.767846 2.04947 2.91271 -1.52447 0.425727 0.495102 2.76301 -0.97275 0.930749
1.48651 -0.25517 0.240399 -2.00616 1.38179 2.0525 -0.0907306 -0.767846 2.04947 2.91271 -1.52447 0.425727 0.495102 2.76301 -0.97275 0.930749
1.4819 -0.25517 0.240399 -2.00616 1.38179 2.0525 -0.0907306 -0.767846 2.04947 2.91271 -1.52447 0.425727 0.495102 2.76301 -0.97275 0.930749
1.47753 -0.25517 0.240399 -2.00616 1.38179 2.0525 -0.0907306 -0.767846 2.04947 2.91271 -1.52447 0.425727 0.495102 2.76301 -0.97275 0.930749
1.47295 -0.25517 0.240399 -2.00616 1.38179 2.0525 -0.0907306 -0.767846 2.04947 2.91271 -1.52447 0.425727 0.495102 2.76301 -0.97275 0.930749
1.46849 -0.25517 0.240399 -2.00616 1.38179 2.0525 -0.0907306 -0.767846 2.04947 2.91271 -1.52447 0.425727 0.495102 2.76301 -0.97275 0.930749
1.46401 -0.25517 0.240399 -2.00616 1.38179 2.0525 -0.0907306 -0.767846 2.04947 2.91271 -1.52447 0.425727 0.495102 2.76301 -0.97275 0.930749
1.45962 -0.25517 0.240399 -2.00616 1.38179 2.0525 -0.0907306 -0.767846 2.04947 2.91271 -1.52447 0.425727 0.495102 2.76301 -0.97275 0.930749
1.45516 -0.25517 0.240399 -2.00616 1.38179 2.0525 -0.0907306 -0.767846 2.04947 2.91271 -1.52447 0.425727 0.495102 2.76301 -0.97275 0.930749
1.45061 -0.25517 0.240399 -2.00616 1.38179 2.0525 -0.0907306 -0.767846 2.04947 2.91271 -1.52447 0.425727 0.495102 2.76301 -0.97275 0.930749
1.44606 -0.25517 0.240399 -2.00616 1.38179 2.0525 -0.0907306 -0.767846 2.04947 2.91271 -1.52447 0.425727 0.495102 2.76301 -0.97275 0.930749
1.44155 -0.25517 0.240399 -2.00616 1.38179 2.0525 -0.0907306 -0.767846 2.04947 2.91271 -1.52447 0.425727 0.495102 2.76301 -0.97275 0.930749
1.43708 -0.25517 0.240399 -2.00616 1.38179 2.0525 -0.0907306 -0.767846 2.04947 2.91271 -1.52447 0.425727 0.495102 2.76301 -0.97275 0.930749
1.43242 -0.25517 0.240399 -2.00616 1.38179 2.0525 -0.0907306 -0.767846 2.04947 2.91271 -1.52447 0.425727 0.495102 2.76301 -0.97275 0.930749
1.42762 -0.25517 0.240399 -2.00616 1.38179 2.0525 -0.0907306 -0.767846 2.04947 2.91271 -1.52447 0.425727 0.495102 2.76301 -0.97275 0.930749
1.42301 -0.25517 0.240399 -2.00616 1.38179 2.0525 -0.0907306 -0.767846 2.04947 2.91271 -1.52447 0.425727 0.495102 2.76301 -0.97275 0.930749
1.41841 -0.25517 0.240399 -2.00616 1.38179 2.0525 -0.0907306 -0.767846 2.04947 2.91271 -1.52447 0.425727 0.495102 2.76301 -0.97275 0.930749
1.41374 -0.25517 0.240399 -2.00616 1.38179 2.0525 -0.0907306 -0.767846 2.04947 2.91271 -1.52447 0.425727 0.495102 2.76301 -0.97275 0.930749
1.40905 -0.25517 0.240399 -2.00616 1.38179 2.0525 -0.0907306 -0.767846 2.04947 2.91271 -1.52447 0.425727 0.495102 2.76301 -0.97275 0.930749
1.40434 -0.25517 0.240399 -2.00616 1.38179 2.0525 -0.0907306 -0.767846 2.04947 2.91271 -1.52447 0.425727 0.495102 2.76301 -0.97275 0.930749
1.39964 -0.25517 0.240399 -2.00616 1.38179 2.0525 -0.0907306 -0.767846 2.04947 2.91271 -1.52447 0.425727 0.495102 2.76301 -0.97275 0.930749
1.39485 -0.25517 0.240399 -2.00616 1.38179 2.0525 -0.0907306 -0.767846 2.04947 2.91271 -1.52447 0.425727 0.495102 2.76301 -0.97275 0.930749
1.39005 -0.25517 0.240399 -2.00616 1.38179 2.0525 -0.0907306 -0.767846 2.04947 2.91271 -1.52447 0.425727 0.495102 2.76301 -0.97275 0.930749
1.38512 -0.25517 0.240399 -2.00616 1.38179 2.0525 -0.0907306 -0.767846 2.04947 2.91271 -1.52447 0.425727 0.495102 2.76301 -0.97275 0.930749
1.38033 -0.25517 0.240399 -2.00616 1.38179 2.0525 -0.0907306 -0.767846 2.04947 2.91271 -1.52447 0.425727 0.495102 2.76301 -0.97275 0.930749
1.3755 -0.25517 0.240399 -2.00616 1.38179 2.0525 -0.0907306 -0.767846 2.04947 2.91271 -1.52447 0.425727 0.495102 2.76301 -0.97275 0.930749
1.37068 -0.25517 0.240399 -2.00616 1.38179 2.0525 -0.0907306 -0.767846 2.04947 2.91271 -1.52447 0.425727 0.495102 2.76301 -0.97275 0.930749
1.36563 -0.25517 0.240399 -2.00616 1.38179 2.0525 -0.0907306 -0.767846 2.04947 2.91271 -1.52447 0.425727 0.495102 2.76301 -0.97275 0.930749
1.36061 -0.25517 0.240399 -2.00616 1.38179 2.0525 -0.0907306 -0.767846 2.04947 2.91271 -1.52447 0.425727 0.495102 2.76301 -0.97275 0.930749
1.35576 -0.25517 0.240399 -2.00616 1.38179 2.0525 -0.0907306 -0.767846 2.04947 2.91271 -1.52447 0.425727 0.495102 2.76301 -0.97275 0.930749
1.35088 -0.25517 0.240399 -2.00616 1.38179 2.0525 -0.0907306 -0.767846 2.04947 2.91271 -1.52447 0.425727 0.495102 2.76301 -0.97275 0.930749
1.34581 -0.25517 0.240399 -2.00616 1.38179 2.0525 -0.0907306 -0.767846 2.04947 2.91271 -1.52447 0.425727 0.495102 2.76301 -0.97275 0.930749
1.34092 -0.25517 0.240399 -2.00616 1.38179 2.0525 -0.0907306 -0.767846 2.04947 2.91271 -1.52447 0.425727 0.495102 2.76301 -0.97275 0.930749
1.33597 -0.25517 0.240399 -2.00616 1.38179 2.0525 -0.0907306 -0.767846 2.04947 2.91271 -1.52447 0.425727 0.495102 2.76301 -0.97275 0.930749
1.33097 -0.25517 0.240399 -2.00616 1.38179 2.0525 -0.0907306 -0.767846 2.04947 2.91271 -1.52447 0.425727 0.495102 2.76301 -0.97275 0.930749
1.32596 -0.25517 0.240399 -2.00616 1.38179 2.0525 -0.0907306 -0.767846 2.04947 2.91271 -1.52447 0.425727 0.495102 2.76301 -0.97275 0.930749
1.32101 -0.25517 0.240399 -2.00616 1.38179 2.0525 -0.0907306 -0.767846 2.04947 2.91271 -1.52447 0.425727 0.495102 2.76301 -0.97275 0.930749
1.31601 -0.25517 0.240399 -2.00616 1.38179 2.0525 -0.0907306 -0.767846 2.04947 2.91271 -1.52447 0.425727 0.495102 2.76301 -0.97275 0.930749
1.31094 -0.25517 0.240399 -2.00616 1.38179 2.0525 -0.0907306 -0.767846 2.04947 2.91271 -1.52447 0.425727 0.495102 2.76301 -0.97275 0.930749
1.30591 -0.25517 0.240399 -2.00616 1.38179 2.0525 -0.0907306 -0.767846 2.04947 2.91271 -1.52447 0.425727 0.495102 2.76301 -0.97275 0.930749
1.3009 -0.25517 0.240399 -2.00616 1.38179 2.0525 -0.0907306 -0.767846 2.04947 2.91271 -1.52447 0.425727 0.495102 2.76301 -0.97275 0.930749
1.29567 -0.25517 0.240399 -2.00616 1.38179 2.0525 -0.0907306 -0.767846 2.04947 2.91271 -1.52447 0.425727 0.495102 2.76301 -0.97275 0.930749
1.29055 -0.25517 0.240399 -2.00616 1.38179 2.0525 -0.0907306 -0.767846 2.04947 2.91271 -1.52447 0.425727 0.495102 2.76301 -0.97275 0.930749
1.28516 -0.25517 0.240399 -2.00616 1.38179 2.0525 -0.0907306 -0.767846 2.04947 2.91271 -1.52447 0.425727 0.495102 2.76301 -0.97275 0.930749
1.28 -0.25517 0.240399 -2.00616 1.38179 2.0525 -0.0907306 -0.767846 2.04947 2.91271 -1.52447 0.425727 0.495102 2.76301 -0.97275 0.930749
1.27483 -0.25517 0.240399 -2.00616 1.38179 2.0525 -0.0907306 -0.767846 2.04947 2.91271 -1.52447 0.425727 0.495102 2.76301 -0.97275 0.930749
1.26948 -0.25517 0.240399 -2.00616 1.38179 2.0525 -0.0907306 -0.767846 2.04947 2.91271 -1.52447 0.425727 0.495102 2.76301 -0.97275 0.930749
1.26421 -0.25517 0.240399 -2.00616 1.38179 2.0525 -0.0907306 -0.767846 2.04947 2.91271 -1.52447 0.425727 0.495102 2.76301 -0.97275 0.930749
1.25895 -0.25517 0.240399 -2.00616 1.38179 2.0525 -0.0907306 -0.767846 2.04947 2.91271 -1.52447 0.425727 0.495102 2.76301 -0.97275 0.930749
