10.204
10.215
10.225
10.236
10.246
10.256
10.267
10.277
10.288
10.3
10.32
10.341
10.362
10.383
10.403
10.424
10.445
10.465
10.486
10.507
10.546
10.584
10.623
10.662
10.701
10.74
10.778
10.817
10.856
10.899
10.938
10.977
11.017
11.056
11.096
11.137
11.176
11.214
11.253
11.292
11.331
11.37
11.408
11.447
11.486
11.525
11.564
17.411
17.422
17.432
17.443
17.453
17.464
17.474
17.485
17.495
17.509
17.532
17.552
17.592
17.63
17.669
17.708
17.747
17.785
17.825
17.864
17.904
17.944
17.982
18.021
18.064
18.103
18.144
18.182
18.221
18.261
18.299
18.338
18.376
18.415
18.453
18.492
18.531
18.569
18.609
18.648
18.687
18.725
18.764
18.803
18.842
18.881
18.92
18.96
18.999
19.038
19.077
19.116
19.157
19.196
19.235
19.274
19.314
19.352
19.391
19.43
19.469
19.507
19.546
19.584
19.623
19.662
19.701
19.742
19.781
19.819
19.858
19.898
19.937
19.976
