1.12488 -1.52991 -0.111445 0.872029 -3.04635 1.85024 2.99121 1.99139 1.18822 -1.96262 -0.931123 -2.09821 0.252744 1.47818 -1.4104 1.12204
1.12488 -1.52991 -0.111445 0.872029 -3.04635 1.85024 2.99121 1.99139 1.18822 -1.96262 -0.931123 -2.09821 0.252744 1.47818 -1.4104 1.12204
1.12488 -1.52991 -0.111445 0.872029 -3.04635 1.85024 2.99121 1.99139 1.18822 -1.96262 -0.931123 -2.09821 0.252744 1.47818 -1.4104 1.12204
1.12488 -1.52991 -0.111445 0.872029 -3.04635 1.85024 2.99121 1.99139 1.18822 -1.96262 -0.931123 -2.09821 0.252744 1.47818 -1.4104 1.12204
1.12488 -1.52991 -0.111445 0.872029 -3.04635 1.85024 2.99121 1.99139 1.18822 -1.96262 -0.931123 -2.09821 0.252744 1.47818 -1.4104 1.12204
1.12488 -1.52991 -0.111445 0.872029 -3.04635 1.85024 2.99121 1.99139 1.18822 -1.96262 -0.931123 -2.09821 0.252744 1.47818 -1.4104 1.12204
1.12488 -1.52991 -0.111445 0.872029 -3.04635 1.85024 2.99121 1.99139 1.18822 -1.96262 -0.931123 -2.09821 0.252744 1.47818 -1.4104 1.12204
1.12488 -1.52991 -0.111445 0.872029 -3.04635 1.85024 2.99121 1.99139 1.18822 -1.96262 -0.931123 -2.09821 0.252744 1.47818 -1.4104 1.12204
1.12488 -1.52991 -0.111445 0.872029 -3.04635 1.85024 2.99121 1.99139 1.18822 -1.96262 -0.931123 -2.09821 0.252744 1.47818 -1.4104 1.12204
1.12488 -1.52991 -0.111445 0.872029 -3.04635 1.85024 2.99121 1.99139 1.18822 -1.96262 -0.931123 -2.09821 0.252744 1.47818 -1.4104 1.12204
1.12482 -1.52991 -0.111445 0.872029 -3.04635 1.85024 2.99121 1.99139 1.18822 -1.96262 -0.931123 -2.09821 0.252744 1.47818 -1.4104 1.12204
1.12376 -1.52991 -0.111445 0.872029 -3.04635 1.85024 2.99121 1.99139 1.18822 -1.96262 -0.931123 -2.09821 0.252744 1.47818 -1.4104 1.12204
1.12207 -1.52991 -0.111445 0.872029 -3.04635 1.85024 2.99121 1.99139 1.18822 -1.96262 -0.931123 -2.09821 0.252744 1.47818 -1.4104 1.12204
1.11999 -1.52991 -0.111445 0.872029 -3.04635 1.85024 2.99121 1.99139 1.18822 -1.96262 -0.931123 -2.09821 0.252744 1.47818 -1.4104 1.12204
1.11766 -1.52991 -0.111445 0.872029 -3.04635 1.85024 2.99121 1.99139 1.18822 -1.96262 -0.931123 -2.09821 0.252744 1.47818 -1.4104 1.12204
1.11523 -1.52991 -0.111445 0.872029 -3.04635 1.85024 2.99121 1.99139 1.18822 -1.96262 -0.931123 -2.09821 0.252744 1.47818 -1.4104 1.12204
1.11276 -1.52991 -0.111445 0.872029 -3.04635 1.85024 2.99121 1.99139 1.18822 -1.96262 -0.931123 -2.09821 0.252744 1.47818 -1.4104 1.12204
1.11039 -1.52991 -0.111445 0.872029 -3.04635 1.85024 2.99121 1.99139 1.18822 -1.96262 -0.931123 -2.09821 0.252744 1.47818 -1.4104 1.12204
1.10805 -1.52991 -0.111445 0.872029 -3.04635 1.85024 2.99121 1.99139 1.18822 -1.96262 -0.931123 -2.09821 0.252744 1.47818 -1.4104 1.12204
1.10554 -1.52991 -0.111445 0.872029 -3.04635 1.85024 2.99121 1.99139 1.18822 -1.96262 -0.931123 -2.09821 0.252744 1.47818 -1.4104 1.12204
1.10032 -1.52991 -0.111445 0.872029 -3.04635 1.85024 2.99121 1.99139 1.18822 -1.96262 -0.931123 -2.09821 0.252744 1.47818 -1.4104 1.12204
1.09424 -1.52991 -0.111445 0.872029 -3.04635 1.85024 2.99121 1.99139 1.18822 -1.96262 -0.931123 -2.09821 0.252744 1.47818 -1.4104 1.12204
1.08726 -1.52991 -0.111445 0.872029 -3.04635 1.85024 2.99121 1.99139 1.18822 -1.96262 -0.931123 -2.09821 0.252744 1.47818 -1.4104 1.12204
1.07942 -1.52991 -0.111445 0.872029 -3.04635 1.85024 2.99121 1.99139 1.18822 -1.96262 -0.931123 -2.09821 0.252744 1.47818 -1.4104 1.12204
1.07101 -1.52991 -0.111445 0.872029 -3.04635 1.85024 2.99121 1.99139 1.18822 -1.96262 -0.931123 -2.09821 0.252744 1.47818 -1.4104 1.12204
1.06206 -1.52991 -0.111445 0.872029 -3.04635 1.85024 2.99121 1.99139 1.18822 -1.96262 -0.931123 -2.09821 0.252744 1.47818 -1.4104 1.12204
1.05192 -1.52991 -0.111445 0.872029 -3.04635 1.85024 2.99121 1.99139 1.18822 -1.96262 -0.931123 -2.09821 0.252744 1.47818 -1.4104 1.12204
1.04197 -1.52991 -0.111445 0.872029 -3.04635 1.85024 2.99121 1.99139 1.18822 -1.96262 -0.931123 -2.09821 0.252744 1.47818 -1.4104 1.12204
1.03162 -1.52991 -0.111445 0.872029 -3.04635 1.85024 2.99121 1.99139 1.18822 -1.96262 -0.931123 -2.09821 0.252744 1.47818 -1.4104 1.12204
1.02115 -1.52991 -0.111445 0.872029 -3.04635 1.85024 2.99121 1.99139 1.18822 -1.96262 -0.931123 -2.09821 0.252744 1.47818 -1.4104 1.12204
1.01048 -1.52991 -0.111445 0.872029 -3.04635 1.85024 2.99121 1.99139 1.18822 -1.96262 -0.931123 -2.09821 0.252744 1.47818 -1.4104 1.12204
