2.69505 -0.841329 3.13816 -0.184174 1.7523 -0.61132 0.0456897 -1.19779 1.39778 0.0613316 -1.64915 -2.10904 0.723746 -1.28537 0.0639587 0.650938
2.69495 -0.841329 3.13816 -0.184174 1.7523 -0.61132 0.0456897 -1.19779 1.39778 0.0613316 -1.64915 -2.10904 0.723746 -1.28537 0.0639587 0.650938
2.69465 -0.841329 3.13816 -0.184174 1.7523 -0.61132 0.0456897 -1.19779 1.39778 0.0613316 -1.64915 -2.10904 0.723746 -1.28537 0.0639587 0.650938
2.69411 -0.841329 3.13816 -0.184174 1.7523 -0.61132 0.0456897 -1.19779 1.39778 0.0613316 -1.64915 -2.10904 0.723746 -1.28537 0.0639587 0.650938
2.69334 -0.841329 3.13816 -0.184174 1.7523 -0.61132 0.0456897 -1.19779 1.39778 0.0613316 -1.64915 -2.10904 0.723746 -1.28537 0.0639587 0.650938
2.69228 -0.841329 3.13816 -0.184174 1.7523 -0.61132 0.0456897 -1.19779 1.39778 0.0613316 -1.64915 -2.10904 0.723746 -1.28537 0.0639587 0.650938
2.69094 -0.841329 3.13816 -0.184174 1.7523 -0.61132 0.0456897 -1.19779 1.39778 0.0613316 -1.64915 -2.10904 0.723746 -1.28537 0.0639587 0.650938
2.68954 -0.841329 3.13816 -0.184174 1.7523 -0.61132 0.0456897 -1.19779 1.39778 0.0613316 -1.64915 -2.10904 0.723746 -1.28537 0.0639587 0.650938
2.68806 -0.841329 3.13816 -0.184174 1.7523 -0.61132 0.0456897 -1.19779 1.39778 0.0613316 -1.64915 -2.10904 0.723746 -1.28537 0.0639587 0.650938
2.68648 -0.841329 3.13816 -0.184174 1.7523 -0.61132 0.0456897 -1.19779 1.39778 0.0613316 -1.64915 -2.10904 0.723746 -1.28537 0.0639587 0.650938
2.68506 -0.841329 3.13816 -0.184174 1.7523 -0.61132 0.0456897 -1.19779 1.39778 0.0613316 -1.64915 -2.10904 0.723746 -1.28537 0.0639587 0.650938
2.68359 -0.841329 3.13816 -0.184174 1.7523 -0.61132 0.0456897 -1.19779 1.39778 0.0613316 -1.64915 -2.10904 0.723746 -1.28537 0.0639587 0.650938
2.68219 -0.841329 3.13816 -0.184174 1.7523 -0.61132 0.0456897 -1.19779 1.39778 0.0613316 -1.64915 -2.10904 0.723746 -1.28537 0.0639587 0.650938
2.68048 -0.841329 3.13816 -0.184174 1.7523 -0.61132 0.0456897 -1.19779 1.39778 0.0613316 -1.64915 -2.10904 0.723746 -1.28537 0.0639587 0.650938
2.67881 -0.841329 3.13816 -0.184174 1.7523 -0.61132 0.0456897 -1.19779 1.39778 0.0613316 -1.64915 -2.10904 0.723746 -1.28537 0.0639587 0.650938
2.67675 -0.841329 3.13816 -0.184174 1.7523 -0.61132 0.0456897 -1.19779 1.39778 0.0613316 -1.64915 -2.10904 0.723746 -1.28537 0.0639587 0.650938
2.67446 -0.841329 3.13816 -0.184174 1.7523 -0.61132 0.0456897 -1.19779 1.39778 0.0613316 -1.64915 -2.10904 0.723746 -1.28537 0.0639587 0.650938
2.67214 -0.841329 3.13816 -0.184174 1.7523 -0.61132 0.0456897 -1.19779 1.39778 0.0613316 -1.64915 -2.10904 0.723746 -1.28537 0.0639587 0.650938
2.66977 -0.841329 3.13816 -0.184174 1.7523 -0.61132 0.0456897 -1.19779 1.39778 0.0613316 -1.64915 -2.10904 0.723746 -1.28537 0.0639587 0.650938
2.66734 -0.841329 3.13816 -0.184174 1.7523 -0.61132 0.0456897 -1.19779 1.39778 0.0613316 -1.64915 -2.10904 0.723746 -1.28537 0.0639587 0.650938
2.66266 -0.841329 3.13816 -0.184174 1.7523 -0.61132 0.0456897 -1.19779 1.39778 0.0613316 -1.64915 -2.10904 0.723746 -1.28537 0.0639587 0.650938
2.658 -0.841329 3.13816 -0.184174 1.7523 -0.61132 0.0456897 -1.19779 1.39778 0.0613316 -1.64915 -2.10904 0.723746 -1.28537 0.0639587 0.650938
2.65344 -0.841329 3.13816 -0.184174 1.7523 -0.61132 0.0456897 -1.19779 1.39778 0.0613316 -1.64915 -2.10904 0.723746 -1.28537 0.0639587 0.650938
2.64852 -0.841329 3.13816 -0.184174 1.7523 -0.61132 0.0456897 -1.19779 1.39778 0.0613316 -1.64915 -2.10904 0.723746 -1.28537 0.0639587 0.650938
2.64333 -0.841329 3.13816 -0.184174 1.7523 -0.61132 0.0456897 -1.19779 1.39778 0.0613316 -1.64915 -2.10904 0.723746 -1.28537 0.0639587 0.650938
2.63852 -0.841329 3.13816 -0.184174 1.7523 -0.61132 0.0456897 -1.19779 1.39778 0.0613316 -1.64915 -2.10904 0.723746 -1.28537 0.0639587 0.650938
2.63376 -0.841329 3.13816 -0.184174 1.7523 -0.61132 0.0456897 -1.19779 1.39778 0.0613316 -1.64915 -2.10904 0.723746 -1.28537 0.0639587 0.650938
2.62875 -0.841329 3.13816 -0.184174 1.7523 -0.61132 0.0456897 -1.19779 1.39778 0.0613316 -1.64915 -2.10904 0.723746 -1.28537 0.0639587 0.650938
2.62397 -0.841329 3.13816 -0.184174 1.7523 -0.61132 0.0456897 -1.19779 1.39778 0.0613316 -1.64915 -2.10904 0.723746 -1.28537 0.0639587 0.650938
2.61885 -0.841329 3.13816 -0.184174 1.7523 -0.61132 0.0456897 -1.19779 1.39778 0.0613316 -1.64915 -2.10904 0.723746 -1.28537 0.0639587 0.650938
2.61378 -0.841329 3.13816 -0.184174 1.7523 -0.61132 0.0456897 -1.19779 1.39778 0.0613316 -1.64915 -2.10904 0.723746 -1.28537 0.0639587 0.650938
2.60894 -0.841329 3.13816 -0.184174 1.7523 -0.61132 0.0456897 -1.19779 1.39778 0.0613316 -1.64915 -2.10904 0.723746 -1.28537 0.0639587 0.650938
2.60405 -0.841329 3.13816 -0.184174 1.7523 -0.61132 0.0456897 -1.19779 1.39778 0.0613316 -1.64915 -2.10904 0.723746 -1.28537 0.0639587 0.650938
2.59917 -0.841329 3.13816 -0.184174 1.7523 -0.61132 0.0456897 -1.19779 1.39778 0.0613316 -1.64915 -2.10904 0.723746 -1.28537 0.0639587 0.650938
2.59426 -0.841329 3.13816 -0.184174 1.7523 -0.61132 0.0456897 -1.19779 1.39778 0.0613316 -1.64915 -2.10904 0.723746 -1.28537 0.0639587 0.650938
2.58925 -0.841329 3.13816 -0.184174 1.7523 -0.61132 0.0456897 -1.19779 1.39778 0.0613316 -1.64915 -2.10904 0.723746 -1.28537 0.0639587 0.650938
2.58384 -0.841329 3.13816 -0.184174 1.7523 -0.61132 0.0456897 -1.19779 1.39778 0.0613316 -1.64915 -2.10904 0.723746 -1.28537 0.0639587 0.650938
2.57855 -0.841329 3.13816 -0.184174 1.7523 -0.61132 0.0456897 -1.19779 1.39778 0.0613316 -1.64915 -2.10904 0.723746 -1.28537 0.0639587 0.650938
2.57332 -0.841329 3.13816 -0.184174 1.7523 -0.61132 0.0456897 -1.19779 1.39778 0.0613316 -1.64915 -2.10904 0.723746 -1.28537 0.0639587 0.650938
2.56808 -0.841329 3.13816 -0.184174 1.7523 -0.61132 0.0456897 -1.19779 1.39778 0.0613316 -1.64915 -2.10904 0.723746 -1.28537 0.0639587 0.650938
2.56299 -0.841329 3.13816 -0.184174 1.7523 -0.61132 0.0456897 -1.19779 1.39778 0.0613316 -1.64915 -2.10904 0.723746 -1.28537 0.0639587 0.650938
2.55798 -0.841329 3.13816 -0.184174 1.7523 -0.61132 0.0456897 -1.19779 1.39778 0.0613316 -1.64915 -2.10904 0.723746 -1.28537 0.0639587 0.650938
2.55297 -0.841329 3.13816 -0.184174 1.7523 -0.61132 0.0456897 -1.19779 1.39778 0.0613316 -1.64915 -2.10904 0.723746 -1.28537 0.0639587 0.650938
2.54789 -0.841329 3.13816 -0.184174 1.7523 -0.61132 0.0456897 -1.19779 1.39778 0.0613316 -1.64915 -2.10904 0.723746 -1.28537 0.0639587 0.650938
2.54272 -0.841329 3.13816 -0.184174 1.7523 -0.61132 0.0456897 -1.19779 1.39778 0.0613316 -1.64915 -2.10904 0.723746 -1.28537 0.0639587 0.650938
2.53755 -0.841329 3.13816 -0.184174 1.7523 -0.61132 0.0456897 -1.19779 1.39778 0.0613316 -1.64915 -2.10904 0.723746 -1.28537 0.0639587 0.650938
2.53238 -0.841329 3.13816 -0.184174 1.7523 -0.61132 0.0456897 -1.19779 1.39778 0.0613316 -1.64915 -2.10904 0.723746 -1.28537 0.0639587 0.650938
2.52714 -0.841329 3.13816 -0.184174 1.7523 -0.61132 0.0456897 -1.19779 1.39778 0.0613316 -1.64915 -2.10904 0.723746 -1.28537 0.0639587 0.650938
2.52195 -0.841329 3.13816 -0.184174 1.7523 -0.61132 0.0456897 -1.19779 1.39778 0.0613316 -1.64915 -2.10904 0.723746 -1.28537 0.0639587 0.650938
2.51667 -0.841329 3.13816 -0.184174 1.7523 -0.61132 0.0456897 -1.19779 1.39778 0.0613316 -1.64915 -2.10904 0.723746 -1.28537 0.0639587 0.650938
2.51128 -0.841329 3.13816 -0.184174 1.7523 -0.61132 0.0456897 -1.19779 1.39778 0.0613316 -1.64915 -2.10904 0.723746 -1.28537 0.0639587 0.650938
2.50598 -0.841329 3.13816 -0.184174 1.7523 -0.61132 0.0456897 -1.19779 1.39778 0.0613316 -1.64915 -2.10904 0.723746 -1.28537 0.0639587 0.650938
2.50067 -0.841329 3.13816 -0.184174 1.7523 -0.61132 0.0456897 -1.19779 1.39778 0.0613316 -1.64915 -2.10904 0.723746 -1.28537 0.0639587 0.650938
2.49531 -0.841329 3.13816 -0.184174 1.7523 -0.61132 0.0456897 -1.19779 1.39778 0.0613316 -1.64915 -2.10904 0.723746 -1.28537 0.0639587 0.650938
2.48992 -0.841329 3.13816 -0.184174 1.7523 -0.61132 0.0456897 -1.19779 1.39778 0.0613316 -1.64915 -2.10904 0.723746 -1.28537 0.0639587 0.650938
2.48448 -0.841329 3.13816 -0.184174 1.7523 -0.61132 0.0456897 -1.19779 1.39778 0.0613316 -1.64915 -2.10904 0.723746 -1.28537 0.0639587 0.650938
2.47893 -0.841329 3.13816 -0.184174 1.7523 -0.61132 0.0456897 -1.19779 1.39778 0.0613316 -1.64915 -2.10904 0.723746 -1.28537 0.0639587 0.650938
2.47338 -0.841329 3.13816 -0.184174 1.7523 -0.61132 0.0456897 -1.19779 1.39778 0.0613316 -1.64915 -2.10904 0.723746 -1.28537 0.0639587 0.650938
2.46787 -0.841329 3.13816 -0.184174 1.7523 -0.61132 0.0456897 -1.19779 1.39778 0.0613316 -1.64915 -2.10904 0.723746 -1.28537 0.0639587 0.650938
2.46212 -0.841329 3.13816 -0.184174 1.7523 -0.61132 0.0456897 -1.19779 1.39778 0.0613316 -1.64915 -2.10904 0.723746 -1.28537 0.0639587 0.650938
2.45193 -0.841329 3.13816 -0.184174 1.7523 -0.61132 0.0456897 -1.19779 1.39778 0.0613316 -1.64915 -2.10904 0.723746 -1.28537 0.0639587 0.650938
2.4523 -0.841329 3.13816 -0.184174 1.7523 -0.61132 0.0456897 -1.19779 1.39778 0.0613316 -1.64915 -2.10904 0.723746 -1.28537 0.0639587 0.650938
2.45268 -0.841329 3.13816 -0.184174 1.7523 -0.61132 0.0456897 -1.19779 1.39778 0.0613316 -1.64915 -2.10904 0.723746 -1.28537 0.0639587 0.650938
2.45309 -0.841329 3.13816 -0.184174 1.7523 -0.61132 0.0456897 -1.19779 1.39778 0.0613316 -1.64915 -2.10904 0.723746 -1.28537 0.0639587 0.650938
2.4535 -0.841329 3.13816 -0.184174 1.7523 -0.61132 0.0456897 -1.19779 1.39778 0.0613316 -1.64915 -2.10904 0.723746 -1.28537 0.0639587 0.650938
2.45397 -0.841329 3.13816 -0.184174 1.7523 -0.61132 0.0456897 -1.19779 1.39778 0.0613316 -1.64915 -2.10904 0.723746 -1.28537 0.0639587 0.650938
2.45451 -0.841329 3.13816 -0.184174 1.7523 -0.61132 0.0456897 -1.19779 1.39778 0.0613316 -1.64915 -2.10904 0.723746 -1.28537 0.0639587 0.650938
2.45506 -0.841329 3.13816 -0.184174 1.7523 -0.61132 0.0456897 -1.19779 1.39778 0.0613316 -1.64915 -2.10904 0.723746 -1.28537 0.0639587 0.650938
2.45558 -0.841329 3.13816 -0.184174 1.7523 -0.61132 0.0456897 -1.19779 1.39778 0.0613316 -1.64915 -2.10904 0.723746 -1.28537 0.0639587 0.650938
2.45611 -0.841329 3.13816 -0.184174 1.7523 -0.61132 0.0456897 -1.19779 1.39778 0.0613316 -1.64915 -2.10904 0.723746 -1.28537 0.0639587 0.650938
2.45711 -0.841329 3.13816 -0.184174 1.7523 -0.61132 0.0456897 -1.19779 1.39778 0.0613316 -1.64915 -2.10904 0.723746 -1.28537 0.0639587 0.650938
2.45821 -0.841329 3.13816 -0.184174 1.7523 -0.61132 0.0456897 -1.19779 1.39778 0.0613316 -1.64915 -2.10904 0.723746 -1.28537 0.0639587 0.650938
2.4593 -0.841329 3.13816 -0.184174 1.7523 -0.61132 0.0456897 -1.19779 1.39778 0.0613316 -1.64915 -2.10904 0.723746 -1.28537 0.0639587 0.650938
2.46037 -0.841329 3.13816 -0.184174 1.7523 -0.61132 0.0456897 -1.19779 1.39778 0.0613316 -1.64915 -2.10904 0.723746 -1.28537 0.0639587 0.650938
2.46164 -0.841329 3.13816 -0.184174 1.7523 -0.61132 0.0456897 -1.19779 1.39778 0.0613316 -1.64915 -2.10904 0.723746 -1.28537 0.0639587 0.650938
2.46291 -0.841329 3.13816 -0.184174 1.7523 -0.61132 0.0456897 -1.19779 1.39778 0.0613316 -1.64915 -2.10904 0.723746 -1.28537 0.0639587 0.650938
2.46417 -0.841329 3.13816 -0.184174 1.7523 -0.61132 0.0456897 -1.19779 1.39778 0.0613316 -1.64915 -2.10904 0.723746 -1.28537 0.0639587 0.650938
2.46545 -0.841329 3.13816 -0.184174 1.7523 -0.61132 0.0456897 -1.19779 1.39778 0.0613316 -1.64915 -2.10904 0.723746 -1.28537 0.0639587 0.650938
2.46666 -0.841329 3.13816 -0.184174 1.7523 -0.61132 0.0456897 -1.19779 1.39778 0.0613316 -1.64915 -2.10904 0.723746 -1.28537 0.0639587 0.650938
2.46789 -0.841329 3.13816 -0.184174 1.7523 -0.61132 0.0456897 -1.19779 1.39778 0.0613316 -1.64915 -2.10904 0.723746 -1.28537 0.0639587 0.650938
2.46911 -0.841329 3.13816 -0.184174 1.7523 -0.61132 0.0456897 -1.19779 1.39778 0.0613316 -1.64915 -2.10904 0.723746 -1.28537 0.0639587 0.650938
2.47031 -0.841329 3.13816 -0.184174 1.7523 -0.61132 0.0456897 -1.19779 1.39778 0.0613316 -1.64915 -2.10904 0.723746 -1.28537 0.0639587 0.650938
2.47164 -0.841329 3.13816 -0.184174 1.7523 -0.61132 0.0456897 -1.19779 1.39778 0.0613316 -1.64915 -2.10904 0.723746 -1.28537 0.0639587 0.650938
2.4731 -0.841329 3.13816 -0.184174 1.7523 -0.61132 0.0456897 -1.19779 1.39778 0.0613316 -1.64915 -2.10904 0.723746 -1.28537 0.0639587 0.650938
2.47468 -0.841329 3.13816 -0.184174 1.7523 -0.61132 0.0456897 -1.19779 1.39778 0.0613316 -1.64915 -2.10904 0.723746 -1.28537 0.0639587 0.650938
2.4763 -0.841329 3.13816 -0.184174 1.7523 -0.61132 0.0456897 -1.19779 1.39778 0.0613316 -1.64915 -2.10904 0.723746 -1.28537 0.0639587 0.650938
2.4779 -0.841329 3.13816 -0.184174 1.7523 -0.61132 0.0456897 -1.19779 1.39778 0.0613316 -1.64915 -2.10904 0.723746 -1.28537 0.0639587 0.650938
2.47943 -0.841329 3.13816 -0.184174 1.7523 -0.61132 0.0456897 -1.19779 1.39778 0.0613316 -1.64915 -2.10904 0.723746 -1.28537 0.0639587 0.650938
2.48105 -0.841329 3.13816 -0.184174 1.7523 -0.61132 0.0456897 -1.19779 1.39778 0.0613316 -1.64915 -2.10904 0.723746 -1.28537 0.0639587 0.650938
2.48271 -0.841329 3.13816 -0.184174 1.7523 -0.61132 0.0456897 -1.19779 1.39778 0.0613316 -1.64915 -2.10904 0.723746 -1.28537 0.0639587 0.650938
2.48442 -0.841329 3.13816 -0.184174 1.7523 -0.61132 0.0456897 -1.19779 1.39778 0.0613316 -1.64915 -2.10904 0.723746 -1.28537 0.0639587 0.650938
2.4861 -0.841329 3.13816 -0.184174 1.7523 -0.61132 0.0456897 -1.19779 1.39778 0.0613316 -1.64915 -2.10904 0.723746 -1.28537 0.0639587 0.650938
2.48792 -0.841329 3.13816 -0.184174 1.7523 -0.61132 0.0456897 -1.19779 1.39778 0.0613316 -1.64915 -2.10904 0.723746 -1.28537 0.0639587 0.650938
2.48981 -0.841329 3.13816 -0.184174 1.7523 -0.61132 0.0456897 -1.19779 1.39778 0.0613316 -1.64915 -2.10904 0.723746 -1.28537 0.0639587 0.650938
2.49176 -0.841329 3.13816 -0.184174 1.7523 -0.61132 0.0456897 -1.19779 1.39778 0.0613316 -1.64915 -2.10904 0.723746 -1.28537 0.0639587 0.650938
2.49373 -0.841329 3.13816 -0.184174 1.7523 -0.61132 0.0456897 -1.19779 1.39778 0.0613316 -1.64915 -2.10904 0.723746 -1.28537 0.0639587 0.650938
2.49581 -0.841329 3.13816 -0.184174 1.7523 -0.61132 0.0456897 -1.19779 1.39778 0.0613316 -1.64915 -2.10904 0.723746 -1.28537 0.0639587 0.650938
2.49798 -0.841329 3.13816 -0.184174 1.7523 -0.61132 0.0456897 -1.19779 1.39778 0.0613316 -1.64915 -2.10904 0.723746 -1.28537 0.0639587 0.650938
2.50007 -0.841329 3.13816 -0.184174 1.7523 -0.61132 0.0456897 -1.19779 1.39778 0.0613316 -1.64915 -2.10904 0.723746 -1.28537 0.0639587 0.650938
2.50214 -0.841329 3.13816 -0.184174 1.7523 -0.61132 0.0456897 -1.19779 1.39778 0.0613316 -1.64915 -2.10904 0.723746 -1.28537 0.0639587 0.650938
2.50445 -0.841329 3.13816 -0.184174 1.7523 -0.61132 0.0456897 -1.19779 1.39778 0.0613316 -1.64915 -2.10904 0.723746 -1.28537 0.0639587 0.650938
2.50687 -0.841329 3.13816 -0.184174 1.7523 -0.61132 0.0456897 -1.19779 1.39778 0.0613316 -1.64915 -2.10904 0.723746 -1.28537 0.0639587 0.650938
2.50923 -0.841329 3.13816 -0.184174 1.7523 -0.61132 0.0456897 -1.19779 1.39778 0.0613316 -1.64915 -2.10904 0.723746 -1.28537 0.0639587 0.650938
2.51157 -0.841329 3.13816 -0.184174 1.7523 -0.61132 0.0456897 -1.19779 1.39778 0.0613316 -1.64915 -2.10904 0.723746 -1.28537 0.0639587 0.650938
2.5142 -0.841329 3.13816 -0.184174 1.7523 -0.61132 0.0456897 -1.19779 1.39778 0.0613316 -1.64915 -2.10904 0.723746 -1.28537 0.0639587 0.650938
2.51688 -0.841329 3.13816 -0.184174 1.7523 -0.61132 0.0456897 -1.19779 1.39778 0.0613316 -1.64915 -2.10904 0.723746 -1.28537 0.0639587 0.650938
2.51948 -0.841329 3.13816 -0.184174 1.7523 -0.61132 0.0456897 -1.19779 1.39778 0.0613316 -1.64915 -2.10904 0.723746 -1.28537 0.0639587 0.650938
2.52213 -0.841329 3.13816 -0.184174 1.7523 -0.61132 0.0456897 -1.19779 1.39778 0.0613316 -1.64915 -2.10904 0.723746 -1.28537 0.0639587 0.650938
2.52491 -0.841329 3.13816 -0.184174 1.7523 -0.61132 0.0456897 -1.19779 1.39778 0.0613316 -1.64915 -2.10904 0.723746 -1.28537 0.0639587 0.650938
2.52773 -0.841329 3.13816 -0.184174 1.7523 -0.61132 0.0456897 -1.19779 1.39778 0.0613316 -1.64915 -2.10904 0.723746 -1.28537 0.0639587 0.650938
2.53077 -0.841329 3.13816 -0.184174 1.7523 -0.61132 0.0456897 -1.19779 1.39778 0.0613316 -1.64915 -2.10904 0.723746 -1.28537 0.0639587 0.650938
2.53369 -0.841329 3.13816 -0.184174 1.7523 -0.61132 0.0456897 -1.19779 1.39778 0.0613316 -1.64915 -2.10904 0.723746 -1.28537 0.0639587 0.650938
2.53684 -0.841329 3.13816 -0.184174 1.7523 -0.61132 0.0456897 -1.19779 1.39778 0.0613316 -1.64915 -2.10904 0.723746 -1.28537 0.0639587 0.650938
2.54009 -0.841329 3.13816 -0.184174 1.7523 -0.61132 0.0456897 -1.19779 1.39778 0.0613316 -1.64915 -2.10904 0.723746 -1.28537 0.0639587 0.650938
2.54337 -0.841329 3.13816 -0.184174 1.7523 -0.61132 0.0456897 -1.19779 1.39778 0.0613316 -1.64915 -2.10904 0.723746 -1.28537 0.0639587 0.650938
2.54677 -0.841329 3.13816 -0.184174 1.7523 -0.61132 0.0456897 -1.19779 1.39778 0.0613316 -1.64915 -2.10904 0.723746 -1.28537 0.0639587 0.650938
2.55025 -0.841329 3.13816 -0.184174 1.7523 -0.61132 0.0456897 -1.19779 1.39778 0.0613316 -1.64915 -2.10904 0.723746 -1.28537 0.0639587 0.650938
2.55372 -0.841329 3.13816 -0.184174 1.7523 -0.61132 0.0456897 -1.19779 1.39778 0.0613316 -1.64915 -2.10904 0.723746 -1.28537 0.0639587 0.650938
2.55738 -0.841329 3.13816 -0.184174 1.7523 -0.61132 0.0456897 -1.19779 1.39778 0.0613316 -1.64915 -2.10904 0.723746 -1.28537 0.0639587 0.650938
2.56129 -0.841329 3.13816 -0.184174 1.7523 -0.61132 0.0456897 -1.19779 1.39778 0.0613316 -1.64915 -2.10904 0.723746 -1.28537 0.0639587 0.650938
2.56533 -0.841329 3.13816 -0.184174 1.7523 -0.61132 0.0456897 -1.19779 1.39778 0.0613316 -1.64915 -2.10904 0.723746 -1.28537 0.0639587 0.650938
2.56925 -0.841329 3.13816 -0.184174 1.7523 -0.61132 0.0456897 -1.19779 1.39778 0.0613316 -1.64915 -2.10904 0.723746 -1.28537 0.0639587 0.650938
2.57356 -0.841329 3.13816 -0.184174 1.7523 -0.61132 0.0456897 -1.19779 1.39778 0.0613316 -1.64915 -2.10904 0.723746 -1.28537 0.0639587 0.650938
2.57775 -0.841329 3.13816 -0.184174 1.7523 -0.61132 0.0456897 -1.19779 1.39778 0.0613316 -1.64915 -2.10904 0.723746 -1.28537 0.0639587 0.650938
2.5821 -0.841329 3.13816 -0.184174 1.7523 -0.61132 0.0456897 -1.19779 1.39778 0.0613316 -1.64915 -2.10904 0.723746 -1.28537 0.0639587 0.650938
2.58652 -0.841329 3.13816 -0.184174 1.7523 -0.61132 0.0456897 -1.19779 1.39778 0.0613316 -1.64915 -2.10904 0.723746 -1.28537 0.0639587 0.650938
2.59122 -0.841329 3.13816 -0.184174 1.7523 -0.61132 0.0456897 -1.19779 1.39778 0.0613316 -1.64915 -2.10904 0.723746 -1.28537 0.0639587 0.650938
2.59621 -0.841329 3.13816 -0.184174 1.7523 -0.61132 0.0456897 -1.19779 1.39778 0.0613316 -1.64915 -2.10904 0.723746 -1.28537 0.0639587 0.650938
2.60106 -0.841329 3.13816 -0.184174 1.7523 -0.61132 0.0456897 -1.19779 1.39778 0.0613316 -1.64915 -2.10904 0.723746 -1.28537 0.0639587 0.650938
2.60635 -0.841329 3.13816 -0.184174 1.7523 -0.61132 0.0456897 -1.19779 1.39778 0.0613316 -1.64915 -2.10904 0.723746 -1.28537 0.0639587 0.650938
2.61154 -0.841329 3.13816 -0.184174 1.7523 -0.61132 0.0456897 -1.19779 1.39778 0.0613316 -1.64915 -2.10904 0.723746 -1.28537 0.0639587 0.650938
2.61687 -0.841329 3.13816 -0.184174 1.7523 -0.61132 0.0456897 -1.19779 1.39778 0.0613316 -1.64915 -2.10904 0.723746 -1.28537 0.0639587 0.650938
2.62235 -0.841329 3.13816 -0.184174 1.7523 -0.61132 0.0456897 -1.19779 1.39778 0.0613316 -1.64915 -2.10904 0.723746 -1.28537 0.0639587 0.650938
2.62797 -0.841329 3.13816 -0.184174 1.7523 -0.61132 0.0456897 -1.19779 1.39778 0.0613316 -1.64915 -2.10904 0.723746 -1.28537 0.0639587 0.650938
2.6337 -0.841329 3.13816 -0.184174 1.7523 -0.61132 0.0456897 -1.19779 1.39778 0.0613316 -1.64915 -2.10904 0.723746 -1.28537 0.0639587 0.650938
2.6397 -0.841329 3.13816 -0.184174 1.7523 -0.61132 0.0456897 -1.19779 1.39778 0.0613316 -1.64915 -2.10904 0.723746 -1.28537 0.0639587 0.650938
2.64598 -0.841329 3.13816 -0.184174 1.7523 -0.61132 0.0456897 -1.19779 1.39778 0.0613316 -1.64915 -2.10904 0.723746 -1.28537 0.0639587 0.650938
2.6523 -0.841329 3.13816 -0.184174 1.7523 -0.61132 0.0456897 -1.19779 1.39778 0.0613316 -1.64915 -2.10904 0.723746 -1.28537 0.0639587 0.650938
