1.691
1.702
1.712
1.723
1.733
1.744
1.754
1.764
1.775
1.787
1.808
1.828
1.849
1.869
1.89
1.911
1.932
1.952
1.973
1.993
2.032
2.07
2.111
2.153
2.192
2.231
2.271
2.31
2.351
2.392
2.431
2.47
2.508
2.547
2.585
2.627
2.667
2.709
2.748
2.788
2.826
2.864
2.903
2.941
2.98
3.018
3.057
3.095
3.133
3.172
3.211
3.249
3.288
3.326
3.365
3.404
3.443
3.482
3.521
3.561
4.432
4.443
4.454
4.465
4.475
4.486
4.497
4.508
4.518
4.531
4.57
4.608
4.647
4.686
4.728
4.767
4.806
4.844
4.885
4.924
4.963
5.002
5.041
5.08
5.121
5.16
5.199
5.238
5.277
5.316
5.355
5.394
5.433
5.472
5.51
5.549
5.588
5.627
5.665
5.704
5.746
5.785
5.823
5.864
5.903
5.942
5.98
6.018
6.057
6.096
6.135
6.175
6.214
6.253
6.291
6.33
6.369
6.407
6.446
6.488
6.526
6.567
6.605
6.644
6.683
6.722
6.764
6.803
6.844
6.883
6.922
6.96
6.999
7.038
7.077
7.116
7.155
7.194
