0
0
0
0
0
0
0
0
0
0
-1.12867
-1.23199
-1.33488
-1.43774
-1.54092
-1.64368
-1.74665
-1.74405
-1.7418
-1.73913
-1.79114
-1.98682
-2.027
-2.027
-2.027
-2.027
-2.027
-2.027
-2.027
-2.027
-2.027
-2.027
-2.027
-2.027
-2.027
-2.027
-2.027
-2.027
-2.027
-2.027
-2.027
-2.027
-2.027
-2.027
-2.027
-2.027
-2.027
-2.027
-2.027
-2.027
-2.027
-2.027
-2.027
-2.027
-2.027
-2.027
0
-0.712697
-0.869337
-1.13045
-0.972319
-0.707534
-0.652958
-0.598659
-0.544539
-0.489628
-0.434728
-0.24188
-0.0500277
-0.027
-0.027
-0.027
-0.027
-0.027
-0.027
-0.027
-0.027
-0.027
-0.027
-0.027
-0.027
-0.027
-0.027
-0.027
-0.027
-0.027
-0.027
-0.027
-0.027
-0.027
-0.027
-0.027
-0.027
-0.027
-0.027
-0.027
-0.027
-0.027
-0.027
-0.027
-0.027
-0.027
-0.027
-0.027
-0.027
-0.027
0
0
0
0
-1.12912
-1.18076
-1.23237
-1.28391
-1.33532
-1.38679
-1.4899
-1.59275
-1.69569
-1.74726
-1.94185
-2.027
-2.027
-2.027
-2.027
-2.027
-2.027
-2.027
-2.027
-2.027
-2.027
-2.027
-2.027
-2.027
-2.027
-2.027
-2.027
-2.027
-2.027
-2.027
-2.027
-2.027
-2.027
-2.027
-2.027
