1.45371 0.0638794 -1.92519 -1.23925 1.85091 1.57845 1.79309 -0.701349 -3.10539 -3.03802 -1.37767 0.191976 -0.210953 3.13496 -1.63239 -1.54499
1.45371 0.0638794 -1.92519 -1.23925 1.85091 1.57845 1.79309 -0.701349 -3.10539 -3.03802 -1.37767 0.191976 -0.210953 3.13496 -1.63239 -1.54499
1.45371 0.0638794 -1.92519 -1.23925 1.85091 1.57845 1.79309 -0.701349 -3.10539 -3.03802 -1.37767 0.191976 -0.210953 3.13496 -1.63239 -1.54499
1.45371 0.0638794 -1.92519 -1.23925 1.85091 1.57845 1.79309 -0.701349 -3.10539 -3.03802 -1.37767 0.191976 -0.210953 3.13496 -1.63239 -1.54499
1.45371 0.0638794 -1.92519 -1.23925 1.85091 1.57845 1.79309 -0.701349 -3.10539 -3.03802 -1.37767 0.191976 -0.210953 3.13496 -1.63239 -1.54499
1.45371 0.0638794 -1.92519 -1.23925 1.85091 1.57845 1.79309 -0.701349 -3.10539 -3.03802 -1.37767 0.191976 -0.210953 3.13496 -1.63239 -1.54499
1.45371 0.0638794 -1.92519 -1.23925 1.85091 1.57845 1.79309 -0.701349 -3.10539 -3.03802 -1.37767 0.191976 -0.210953 3.13496 -1.63239 -1.54499
1.45371 0.0638794 -1.92519 -1.23925 1.85091 1.57845 1.79309 -0.701349 -3.10539 -3.03802 -1.37767 0.191976 -0.210953 3.13496 -1.63239 -1.54499
1.45371 0.0638794 -1.92519 -1.23925 1.85091 1.57845 1.79309 -0.701349 -3.10539 -3.03802 -1.37767 0.191976 -0.210953 3.13496 -1.63239 -1.54499
1.45371 0.0638794 -1.92519 -1.23925 1.85091 1.57845 1.79309 -0.701349 -3.10539 -3.03802 -1.37767 0.191976 -0.210953 3.13496 -1.63239 -1.54499
1.45371 0.0638794 -1.92519 -1.23925 1.85091 1.57845 1.79309 -0.701349 -3.10539 -3.03802 -1.37767 0.191976 -0.210953 3.13496 -1.63239 -1.54499
1.45366 0.0638794 -1.92519 -1.23925 1.85091 1.57845 1.79309 -0.701349 -3.10539 -3.03802 -1.37767 0.191976 -0.210953 3.13496 -1.63239 -1.54499
1.45349 0.0638794 -1.92519 -1.23925 1.85091 1.57845 1.79309 -0.701349 -3.10539 -3.03802 -1.37767 0.191976 -0.210953 3.13496 -1.63239 -1.54499
1.45312 0.0638794 -1.92519 -1.23925 1.85091 1.57845 1.79309 -0.701349 -3.10539 -3.03802 -1.37767 0.191976 -0.210953 3.13496 -1.63239 -1.54499
1.45252 0.0638794 -1.92519 -1.23925 1.85091 1.57845 1.79309 -0.701349 -3.10539 -3.03802 -1.37767 0.191976 -0.210953 3.13496 -1.63239 -1.54499
1.45165 0.0638794 -1.92519 -1.23925 1.85091 1.57845 1.79309 -0.701349 -3.10539 -3.03802 -1.37767 0.191976 -0.210953 3.13496 -1.63239 -1.54499
1.45046 0.0638794 -1.92519 -1.23925 1.85091 1.57845 1.79309 -0.701349 -3.10539 -3.03802 -1.37767 0.191976 -0.210953 3.13496 -1.63239 -1.54499
1.44903 0.0638794 -1.92519 -1.23925 1.85091 1.57845 1.79309 -0.701349 -3.10539 -3.03802 -1.37767 0.191976 -0.210953 3.13496 -1.63239 -1.54499
1.44756 0.0638794 -1.92519 -1.23925 1.85091 1.57845 1.79309 -0.701349 -3.10539 -3.03802 -1.37767 0.191976 -0.210953 3.13496 -1.63239 -1.54499
1.44607 0.0638794 -1.92519 -1.23925 1.85091 1.57845 1.79309 -0.701349 -3.10539 -3.03802 -1.37767 0.191976 -0.210953 3.13496 -1.63239 -1.54499
1.44323 0.0638794 -1.92519 -1.23925 1.85091 1.57845 1.79309 -0.701349 -3.10539 -3.03802 -1.37767 0.191976 -0.210953 3.13496 -1.63239 -1.54499
1.44007 0.0638794 -1.92519 -1.23925 1.85091 1.57845 1.79309 -0.701349 -3.10539 -3.03802 -1.37767 0.191976 -0.210953 3.13496 -1.63239 -1.54499
1.43573 0.0638794 -1.92519 -1.23925 1.85091 1.57845 1.79309 -0.701349 -3.10539 -3.03802 -1.37767 0.191976 -0.210953 3.13496 -1.63239 -1.54499
1.43119 0.0638794 -1.92519 -1.23925 1.85091 1.57845 1.79309 -0.701349 -3.10539 -3.03802 -1.37767 0.191976 -0.210953 3.13496 -1.63239 -1.54499
1.42659 0.0638794 -1.92519 -1.23925 1.85091 1.57845 1.79309 -0.701349 -3.10539 -3.03802 -1.37767 0.191976 -0.210953 3.13496 -1.63239 -1.54499
1.42204 0.0638794 -1.92519 -1.23925 1.85091 1.57845 1.79309 -0.701349 -3.10539 -3.03802 -1.37767 0.191976 -0.210953 3.13496 -1.63239 -1.54499
1.4175 0.0638794 -1.92519 -1.23925 1.85091 1.57845 1.79309 -0.701349 -3.10539 -3.03802 -1.37767 0.191976 -0.210953 3.13496 -1.63239 -1.54499
1.41279 0.0638794 -1.92519 -1.23925 1.85091 1.57845 1.79309 -0.701349 -3.10539 -3.03802 -1.37767 0.191976 -0.210953 3.13496 -1.63239 -1.54499
1.40815 0.0638794 -1.92519 -1.23925 1.85091 1.57845 1.79309 -0.701349 -3.10539 -3.03802 -1.37767 0.191976 -0.210953 3.13496 -1.63239 -1.54499
1.40332 0.0638794 -1.92519 -1.23925 1.85091 1.57845 1.79309 -0.701349 -3.10539 -3.03802 -1.37767 0.191976 -0.210953 3.13496 -1.63239 -1.54499
1.39865 0.0638794 -1.92519 -1.23925 1.85091 1.57845 1.79309 -0.701349 -3.10539 -3.03802 -1.37767 0.191976 -0.210953 3.13496 -1.63239 -1.54499
1.39395 0.0638794 -1.92519 -1.23925 1.85091 1.57845 1.79309 -0.701349 -3.10539 -3.03802 -1.37767 0.191976 -0.210953 3.13496 -1.63239 -1.54499
1.38925 0.0638794 -1.92519 -1.23925 1.85091 1.57845 1.79309 -0.701349 -3.10539 -3.03802 -1.37767 0.191976 -0.210953 3.13496 -1.63239 -1.54499
1.38457 0.0638794 -1.92519 -1.23925 1.85091 1.57845 1.79309 -0.701349 -3.10539 -3.03802 -1.37767 0.191976 -0.210953 3.13496 -1.63239 -1.54499
1.37985 0.0638794 -1.92519 -1.23925 1.85091 1.57845 1.79309 -0.701349 -3.10539 -3.03802 -1.37767 0.191976 -0.210953 3.13496 -1.63239 -1.54499
1.37509 0.0638794 -1.92519 -1.23925 1.85091 1.57845 1.79309 -0.701349 -3.10539 -3.03802 -1.37767 0.191976 -0.210953 3.13496 -1.63239 -1.54499
1.37031 0.0638794 -1.92519 -1.23925 1.85091 1.57845 1.79309 -0.701349 -3.10539 -3.03802 -1.37767 0.191976 -0.210953 3.13496 -1.63239 -1.54499
1.36553 0.0638794 -1.92519 -1.23925 1.85091 1.57845 1.79309 -0.701349 -3.10539 -3.03802 -1.37767 0.191976 -0.210953 3.13496 -1.63239 -1.54499
1.36075 0.0638794 -1.92519 -1.23925 1.85091 1.57845 1.79309 -0.701349 -3.10539 -3.03802 -1.37767 0.191976 -0.210953 3.13496 -1.63239 -1.54499
1.35588 0.0638794 -1.92519 -1.23925 1.85091 1.57845 1.79309 -0.701349 -3.10539 -3.03802 -1.37767 0.191976 -0.210953 3.13496 -1.63239 -1.54499
1.35103 0.0638794 -1.92519 -1.23925 1.85091 1.57845 1.79309 -0.701349 -3.10539 -3.03802 -1.37767 0.191976 -0.210953 3.13496 -1.63239 -1.54499
1.34618 0.0638794 -1.92519 -1.23925 1.85091 1.57845 1.79309 -0.701349 -3.10539 -3.03802 -1.37767 0.191976 -0.210953 3.13496 -1.63239 -1.54499
1.34135 0.0638794 -1.92519 -1.23925 1.85091 1.57845 1.79309 -0.701349 -3.10539 -3.03802 -1.37767 0.191976 -0.210953 3.13496 -1.63239 -1.54499
1.33642 0.0638794 -1.92519 -1.23925 1.85091 1.57845 1.79309 -0.701349 -3.10539 -3.03802 -1.37767 0.191976 -0.210953 3.13496 -1.63239 -1.54499
1.3315 0.0638794 -1.92519 -1.23925 1.85091 1.57845 1.79309 -0.701349 -3.10539 -3.03802 -1.37767 0.191976 -0.210953 3.13496 -1.63239 -1.54499
1.32664 0.0638794 -1.92519 -1.23925 1.85091 1.57845 1.79309 -0.701349 -3.10539 -3.03802 -1.37767 0.191976 -0.210953 3.13496 -1.63239 -1.54499
1.32175 0.0638794 -1.92519 -1.23925 1.85091 1.57845 1.79309 -0.701349 -3.10539 -3.03802 -1.37767 0.191976 -0.210953 3.13496 -1.63239 -1.54499
1.31677 0.0638794 -1.92519 -1.23925 1.85091 1.57845 1.79309 -0.701349 -3.10539 -3.03802 -1.37767 0.191976 -0.210953 3.13496 -1.63239 -1.54499
1.3117 0.0638794 -1.92519 -1.23925 1.85091 1.57845 1.79309 -0.701349 -3.10539 -3.03802 -1.37767 0.191976 -0.210953 3.13496 -1.63239 -1.54499
1.30676 0.0638794 -1.92519 -1.23925 1.85091 1.57845 1.79309 -0.701349 -3.10539 -3.03802 -1.37767 0.191976 -0.210953 3.13496 -1.63239 -1.54499
1.30171 0.0638794 -1.92519 -1.23925 1.85091 1.57845 1.79309 -0.701349 -3.10539 -3.03802 -1.37767 0.191976 -0.210953 3.13496 -1.63239 -1.54499
1.29664 0.0638794 -1.92519 -1.23925 1.85091 1.57845 1.79309 -0.701349 -3.10539 -3.03802 -1.37767 0.191976 -0.210953 3.13496 -1.63239 -1.54499
1.29159 0.0638794 -1.92519 -1.23925 1.85091 1.57845 1.79309 -0.701349 -3.10539 -3.03802 -1.37767 0.191976 -0.210953 3.13496 -1.63239 -1.54499
1.28646 0.0638794 -1.92519 -1.23925 1.85091 1.57845 1.79309 -0.701349 -3.10539 -3.03802 -1.37767 0.191976 -0.210953 3.13496 -1.63239 -1.54499
1.28132 0.0638794 -1.92519 -1.23925 1.85091 1.57845 1.79309 -0.701349 -3.10539 -3.03802 -1.37767 0.191976 -0.210953 3.13496 -1.63239 -1.54499
1.27617 0.0638794 -1.92519 -1.23925 1.85091 1.57845 1.79309 -0.701349 -3.10539 -3.03802 -1.37767 0.191976 -0.210953 3.13496 -1.63239 -1.54499
1.26345 0.0638794 -1.92519 -1.23925 1.85091 1.57845 1.79309 -0.701349 -3.10539 -3.03802 -1.37767 0.191976 -0.210953 3.13496 -1.63239 -1.54499
1.26349 0.0638794 -1.92519 -1.23925 1.85091 1.57845 1.79309 -0.701349 -3.10539 -3.03802 -1.37767 0.191976 -0.210953 3.13496 -1.63239 -1.54499
1.26396 0.0638794 -1.92519 -1.23925 1.85091 1.57845 1.79309 -0.701349 -3.10539 -3.03802 -1.37767 0.191976 -0.210953 3.13496 -1.63239 -1.54499
1.26396 0.0638794 -1.92519 -1.23925 1.85091 1.57845 1.79309 -0.701349 -3.10539 -3.03802 -1.37767 0.191976 -0.210953 3.13496 -1.63239 -1.54499
1.26396 0.0638794 -1.92519 -1.23925 1.85091 1.57845 1.79309 -0.701349 -3.10539 -3.03802 -1.37767 0.191976 -0.210953 3.13496 -1.63239 -1.54499
1.26396 0.0638794 -1.92519 -1.23925 1.85091 1.57845 1.79309 -0.701349 -3.10539 -3.03802 -1.37767 0.191976 -0.210953 3.13496 -1.63239 -1.54499
1.2639 0.0638794 -1.92519 -1.23925 1.85091 1.57845 1.79309 -0.701349 -3.10539 -3.03802 -1.37767 0.191976 -0.210953 3.13496 -1.63239 -1.54499
1.2636 0.0638794 -1.92519 -1.23925 1.85091 1.57845 1.79309 -0.701349 -3.10539 -3.03802 -1.37767 0.191976 -0.210953 3.13496 -1.63239 -1.54499
1.26357 0.0638794 -1.92519 -1.23925 1.85091 1.57845 1.79309 -0.701349 -3.10539 -3.03802 -1.37767 0.191976 -0.210953 3.13496 -1.63239 -1.54499
1.26357 0.0638794 -1.92519 -1.23925 1.85091 1.57845 1.79309 -0.701349 -3.10539 -3.03802 -1.37767 0.191976 -0.210953 3.13496 -1.63239 -1.54499
1.26358 0.0638794 -1.92519 -1.23925 1.85091 1.57845 1.79309 -0.701349 -3.10539 -3.03802 -1.37767 0.191976 -0.210953 3.13496 -1.63239 -1.54499
1.26358 0.0638794 -1.92519 -1.23925 1.85091 1.57845 1.79309 -0.701349 -3.10539 -3.03802 -1.37767 0.191976 -0.210953 3.13496 -1.63239 -1.54499
1.26359 0.0638794 -1.92519 -1.23925 1.85091 1.57845 1.79309 -0.701349 -3.10539 -3.03802 -1.37767 0.191976 -0.210953 3.13496 -1.63239 -1.54499
1.26359 0.0638794 -1.92519 -1.23925 1.85091 1.57845 1.79309 -0.701349 -3.10539 -3.03802 -1.37767 0.191976 -0.210953 3.13496 -1.63239 -1.54499
1.26486 0.0638794 -1.92519 -1.23925 1.85091 1.57845 1.79309 -0.701349 -3.10539 -3.03802 -1.37767 0.191976 -0.210953 3.13496 -1.63239 -1.54499
1.2664 0.0638794 -1.92519 -1.23925 1.85091 1.57845 1.79309 -0.701349 -3.10539 -3.03802 -1.37767 0.191976 -0.210953 3.13496 -1.63239 -1.54499
1.26775 0.0638794 -1.92519 -1.23925 1.85091 1.57845 1.79309 -0.701349 -3.10539 -3.03802 -1.37767 0.191976 -0.210953 3.13496 -1.63239 -1.54499
1.26911 0.0638794 -1.92519 -1.23925 1.85091 1.57845 1.79309 -0.701349 -3.10539 -3.03802 -1.37767 0.191976 -0.210953 3.13496 -1.63239 -1.54499
1.27083 0.0638794 -1.92519 -1.23925 1.85091 1.57845 1.79309 -0.701349 -3.10539 -3.03802 -1.37767 0.191976 -0.210953 3.13496 -1.63239 -1.54499
1.27312 0.0638794 -1.92519 -1.23925 1.85091 1.57845 1.79309 -0.701349 -3.10539 -3.03802 -1.37767 0.191976 -0.210953 3.13496 -1.63239 -1.54499
1.27606 0.0638794 -1.92519 -1.23925 1.85091 1.57845 1.79309 -0.701349 -3.10539 -3.03802 -1.37767 0.191976 -0.210953 3.13496 -1.63239 -1.54499
1.27939 0.0638794 -1.92519 -1.23925 1.85091 1.57845 1.79309 -0.701349 -3.10539 -3.03802 -1.37767 0.191976 -0.210953 3.13496 -1.63239 -1.54499
1.28282 0.0638794 -1.92519 -1.23925 1.85091 1.57845 1.79309 -0.701349 -3.10539 -3.03802 -1.37767 0.191976 -0.210953 3.13496 -1.63239 -1.54499
1.2864 0.0638794 -1.92519 -1.23925 1.85091 1.57845 1.79309 -0.701349 -3.10539 -3.03802 -1.37767 0.191976 -0.210953 3.13496 -1.63239 -1.54499
1.28971 0.0638794 -1.92519 -1.23925 1.85091 1.57845 1.79309 -0.701349 -3.10539 -3.03802 -1.37767 0.191976 -0.210953 3.13496 -1.63239 -1.54499
1.29275 0.0638794 -1.92519 -1.23925 1.85091 1.57845 1.79309 -0.701349 -3.10539 -3.03802 -1.37767 0.191976 -0.210953 3.13496 -1.63239 -1.54499
1.29575 0.0638794 -1.92519 -1.23925 1.85091 1.57845 1.79309 -0.701349 -3.10539 -3.03802 -1.37767 0.191976 -0.210953 3.13496 -1.63239 -1.54499
1.29897 0.0638794 -1.92519 -1.23925 1.85091 1.57845 1.79309 -0.701349 -3.10539 -3.03802 -1.37767 0.191976 -0.210953 3.13496 -1.63239 -1.54499
1.30245 0.0638794 -1.92519 -1.23925 1.85091 1.57845 1.79309 -0.701349 -3.10539 -3.03802 -1.37767 0.191976 -0.210953 3.13496 -1.63239 -1.54499
1.30622 0.0638794 -1.92519 -1.23925 1.85091 1.57845 1.79309 -0.701349 -3.10539 -3.03802 -1.37767 0.191976 -0.210953 3.13496 -1.63239 -1.54499
1.31016 0.0638794 -1.92519 -1.23925 1.85091 1.57845 1.79309 -0.701349 -3.10539 -3.03802 -1.37767 0.191976 -0.210953 3.13496 -1.63239 -1.54499
1.31389 0.0638794 -1.92519 -1.23925 1.85091 1.57845 1.79309 -0.701349 -3.10539 -3.03802 -1.37767 0.191976 -0.210953 3.13496 -1.63239 -1.54499
1.31743 0.0638794 -1.92519 -1.23925 1.85091 1.57845 1.79309 -0.701349 -3.10539 -3.03802 -1.37767 0.191976 -0.210953 3.13496 -1.63239 -1.54499
1.32115 0.0638794 -1.92519 -1.23925 1.85091 1.57845 1.79309 -0.701349 -3.10539 -3.03802 -1.37767 0.191976 -0.210953 3.13496 -1.63239 -1.54499
1.32509 0.0638794 -1.92519 -1.23925 1.85091 1.57845 1.79309 -0.701349 -3.10539 -3.03802 -1.37767 0.191976 -0.210953 3.13496 -1.63239 -1.54499
1.3294 0.0638794 -1.92519 -1.23925 1.85091 1.57845 1.79309 -0.701349 -3.10539 -3.03802 -1.37767 0.191976 -0.210953 3.13496 -1.63239 -1.54499
1.33377 0.0638794 -1.92519 -1.23925 1.85091 1.57845 1.79309 -0.701349 -3.10539 -3.03802 -1.37767 0.191976 -0.210953 3.13496 -1.63239 -1.54499
1.33797 0.0638794 -1.92519 -1.23925 1.85091 1.57845 1.79309 -0.701349 -3.10539 -3.03802 -1.37767 0.191976 -0.210953 3.13496 -1.63239 -1.54499
1.34223 0.0638794 -1.92519 -1.23925 1.85091 1.57845 1.79309 -0.701349 -3.10539 -3.03802 -1.37767 0.191976 -0.210953 3.13496 -1.63239 -1.54499
1.34691 0.0638794 -1.92519 -1.23925 1.85091 1.57845 1.79309 -0.701349 -3.10539 -3.03802 -1.37767 0.191976 -0.210953 3.13496 -1.63239 -1.54499
1.3519 0.0638794 -1.92519 -1.23925 1.85091 1.57845 1.79309 -0.701349 -3.10539 -3.03802 -1.37767 0.191976 -0.210953 3.13496 -1.63239 -1.54499
1.35669 0.0638794 -1.92519 -1.23925 1.85091 1.57845 1.79309 -0.701349 -3.10539 -3.03802 -1.37767 0.191976 -0.210953 3.13496 -1.63239 -1.54499
1.36165 0.0638794 -1.92519 -1.23925 1.85091 1.57845 1.79309 -0.701349 -3.10539 -3.03802 -1.37767 0.191976 -0.210953 3.13496 -1.63239 -1.54499
1.36684 0.0638794 -1.92519 -1.23925 1.85091 1.57845 1.79309 -0.701349 -3.10539 -3.03802 -1.37767 0.191976 -0.210953 3.13496 -1.63239 -1.54499
1.3721 0.0638794 -1.92519 -1.23925 1.85091 1.57845 1.79309 -0.701349 -3.10539 -3.03802 -1.37767 0.191976 -0.210953 3.13496 -1.63239 -1.54499
1.37739 0.0638794 -1.92519 -1.23925 1.85091 1.57845 1.79309 -0.701349 -3.10539 -3.03802 -1.37767 0.191976 -0.210953 3.13496 -1.63239 -1.54499
1.38279 0.0638794 -1.92519 -1.23925 1.85091 1.57845 1.79309 -0.701349 -3.10539 -3.03802 -1.37767 0.191976 -0.210953 3.13496 -1.63239 -1.54499
1.38845 0.0638794 -1.92519 -1.23925 1.85091 1.57845 1.79309 -0.701349 -3.10539 -3.03802 -1.37767 0.191976 -0.210953 3.13496 -1.63239 -1.54499
1.39418 0.0638794 -1.92519 -1.23925 1.85091 1.57845 1.79309 -0.701349 -3.10539 -3.03802 -1.37767 0.191976 -0.210953 3.13496 -1.63239 -1.54499
1.39996 0.0638794 -1.92519 -1.23925 1.85091 1.57845 1.79309 -0.701349 -3.10539 -3.03802 -1.37767 0.191976 -0.210953 3.13496 -1.63239 -1.54499
1.40832 0.0638794 -1.92519 -1.23925 1.85091 1.57845 1.79309 -0.701349 -3.10539 -3.03802 -1.37767 0.191976 -0.210953 3.13496 -1.63239 -1.54499
1.40832 0.0638794 -1.92519 -1.23925 1.85091 1.57845 1.79309 -0.701349 -3.10539 -3.03802 -1.37767 0.191976 -0.210953 3.13496 -1.63239 -1.54499
1.40832 0.0638794 -1.92519 -1.23925 1.85091 1.57845 1.79309 -0.701349 -3.10539 -3.03802 -1.37767 0.191976 -0.210953 3.13496 -1.63239 -1.54499
1.40832 0.0638794 -1.92519 -1.23925 1.85091 1.57845 1.79309 -0.701349 -3.10539 -3.03802 -1.37767 0.191976 -0.210953 3.13496 -1.63239 -1.54499
1.40832 0.0638794 -1.92519 -1.23925 1.85091 1.57845 1.79309 -0.701349 -3.10539 -3.03802 -1.37767 0.191976 -0.210953 3.13496 -1.63239 -1.54499
1.40832 0.0638794 -1.92519 -1.23925 1.85091 1.57845 1.79309 -0.701349 -3.10539 -3.03802 -1.37767 0.191976 -0.210953 3.13496 -1.63239 -1.54499
1.40832 0.0638794 -1.92519 -1.23925 1.85091 1.57845 1.79309 -0.701349 -3.10539 -3.03802 -1.37767 0.191976 -0.210953 3.13496 -1.63239 -1.54499
1.40832 0.0638794 -1.92519 -1.23925 1.85091 1.57845 1.79309 -0.701349 -3.10539 -3.03802 -1.37767 0.191976 -0.210953 3.13496 -1.63239 -1.54499
1.40821 0.0638794 -1.92519 -1.23925 1.85091 1.57845 1.79309 -0.701349 -3.10539 -3.03802 -1.37767 0.191976 -0.210953 3.13496 -1.63239 -1.54499
1.40797 0.0638794 -1.92519 -1.23925 1.85091 1.57845 1.79309 -0.701349 -3.10539 -3.03802 -1.37767 0.191976 -0.210953 3.13496 -1.63239 -1.54499
1.40747 0.0638794 -1.92519 -1.23925 1.85091 1.57845 1.79309 -0.701349 -3.10539 -3.03802 -1.37767 0.191976 -0.210953 3.13496 -1.63239 -1.54499
1.40661 0.0638794 -1.92519 -1.23925 1.85091 1.57845 1.79309 -0.701349 -3.10539 -3.03802 -1.37767 0.191976 -0.210953 3.13496 -1.63239 -1.54499
1.4055 0.0638794 -1.92519 -1.23925 1.85091 1.57845 1.79309 -0.701349 -3.10539 -3.03802 -1.37767 0.191976 -0.210953 3.13496 -1.63239 -1.54499
1.40303 0.0638794 -1.92519 -1.23925 1.85091 1.57845 1.79309 -0.701349 -3.10539 -3.03802 -1.37767 0.191976 -0.210953 3.13496 -1.63239 -1.54499
1.4002 0.0638794 -1.92519 -1.23925 1.85091 1.57845 1.79309 -0.701349 -3.10539 -3.03802 -1.37767 0.191976 -0.210953 3.13496 -1.63239 -1.54499
1.39633 0.0638794 -1.92519 -1.23925 1.85091 1.57845 1.79309 -0.701349 -3.10539 -3.03802 -1.37767 0.191976 -0.210953 3.13496 -1.63239 -1.54499
1.39184 0.0638794 -1.92519 -1.23925 1.85091 1.57845 1.79309 -0.701349 -3.10539 -3.03802 -1.37767 0.191976 -0.210953 3.13496 -1.63239 -1.54499
1.38716 0.0638794 -1.92519 -1.23925 1.85091 1.57845 1.79309 -0.701349 -3.10539 -3.03802 -1.37767 0.191976 -0.210953 3.13496 -1.63239 -1.54499
1.3824 0.0638794 -1.92519 -1.23925 1.85091 1.57845 1.79309 -0.701349 -3.10539 -3.03802 -1.37767 0.191976 -0.210953 3.13496 -1.63239 -1.54499
1.37764 0.0638794 -1.92519 -1.23925 1.85091 1.57845 1.79309 -0.701349 -3.10539 -3.03802 -1.37767 0.191976 -0.210953 3.13496 -1.63239 -1.54499
1.37273 0.0638794 -1.92519 -1.23925 1.85091 1.57845 1.79309 -0.701349 -3.10539 -3.03802 -1.37767 0.191976 -0.210953 3.13496 -1.63239 -1.54499
1.36781 0.0638794 -1.92519 -1.23925 1.85091 1.57845 1.79309 -0.701349 -3.10539 -3.03802 -1.37767 0.191976 -0.210953 3.13496 -1.63239 -1.54499
1.36298 0.0638794 -1.92519 -1.23925 1.85091 1.57845 1.79309 -0.701349 -3.10539 -3.03802 -1.37767 0.191976 -0.210953 3.13496 -1.63239 -1.54499
1.358 0.0638794 -1.92519 -1.23925 1.85091 1.57845 1.79309 -0.701349 -3.10539 -3.03802 -1.37767 0.191976 -0.210953 3.13496 -1.63239 -1.54499
1.35315 0.0638794 -1.92519 -1.23925 1.85091 1.57845 1.79309 -0.701349 -3.10539 -3.03802 -1.37767 0.191976 -0.210953 3.13496 -1.63239 -1.54499
1.34828 0.0638794 -1.92519 -1.23925 1.85091 1.57845 1.79309 -0.701349 -3.10539 -3.03802 -1.37767 0.191976 -0.210953 3.13496 -1.63239 -1.54499
1.34342 0.0638794 -1.92519 -1.23925 1.85091 1.57845 1.79309 -0.701349 -3.10539 -3.03802 -1.37767 0.191976 -0.210953 3.13496 -1.63239 -1.54499
1.33854 0.0638794 -1.92519 -1.23925 1.85091 1.57845 1.79309 -0.701349 -3.10539 -3.03802 -1.37767 0.191976 -0.210953 3.13496 -1.63239 -1.54499
1.33359 0.0638794 -1.92519 -1.23925 1.85091 1.57845 1.79309 -0.701349 -3.10539 -3.03802 -1.37767 0.191976 -0.210953 3.13496 -1.63239 -1.54499
1.32857 0.0638794 -1.92519 -1.23925 1.85091 1.57845 1.79309 -0.701349 -3.10539 -3.03802 -1.37767 0.191976 -0.210953 3.13496 -1.63239 -1.54499
1.3236 0.0638794 -1.92519 -1.23925 1.85091 1.57845 1.79309 -0.701349 -3.10539 -3.03802 -1.37767 0.191976 -0.210953 3.13496 -1.63239 -1.54499
1.31865 0.0638794 -1.92519 -1.23925 1.85091 1.57845 1.79309 -0.701349 -3.10539 -3.03802 -1.37767 0.191976 -0.210953 3.13496 -1.63239 -1.54499
1.31356 0.0638794 -1.92519 -1.23925 1.85091 1.57845 1.79309 -0.701349 -3.10539 -3.03802 -1.37767 0.191976 -0.210953 3.13496 -1.63239 -1.54499
1.30855 0.0638794 -1.92519 -1.23925 1.85091 1.57845 1.79309 -0.701349 -3.10539 -3.03802 -1.37767 0.191976 -0.210953 3.13496 -1.63239 -1.54499
1.30359 0.0638794 -1.92519 -1.23925 1.85091 1.57845 1.79309 -0.701349 -3.10539 -3.03802 -1.37767 0.191976 -0.210953 3.13496 -1.63239 -1.54499
1.29858 0.0638794 -1.92519 -1.23925 1.85091 1.57845 1.79309 -0.701349 -3.10539 -3.03802 -1.37767 0.191976 -0.210953 3.13496 -1.63239 -1.54499
1.29349 0.0638794 -1.92519 -1.23925 1.85091 1.57845 1.79309 -0.701349 -3.10539 -3.03802 -1.37767 0.191976 -0.210953 3.13496 -1.63239 -1.54499
1.28846 0.0638794 -1.92519 -1.23925 1.85091 1.57845 1.79309 -0.701349 -3.10539 -3.03802 -1.37767 0.191976 -0.210953 3.13496 -1.63239 -1.54499
1.28336 0.0638794 -1.92519 -1.23925 1.85091 1.57845 1.79309 -0.701349 -3.10539 -3.03802 -1.37767 0.191976 -0.210953 3.13496 -1.63239 -1.54499
