68.198
68.209
68.219
68.229
68.24
68.25
68.26
68.271
68.281
68.293
68.313
68.334
68.355
68.375
68.396
68.416
68.437
68.457
68.478
68.499
68.538
68.576
68.615
68.653
68.691
68.73
68.768
68.807
68.847
68.887
68.926
68.965
69.003
69.042
69.08
69.119
69.157
69.196
69.235
69.274
69.313
69.351
69.39
69.429
69.467
69.505
69.544
69.583
69.622
69.66
69.699
69.738
69.777
69.816
69.855
69.894
70.101
70.112
70.123
70.133
70.144
70.155
70.166
70.177
70.188
70.201
70.24
70.278
70.317
70.356
70.395
70.434
70.473
70.513
70.552
70.591
70.63
70.668
70.707
70.746
70.784
70.823
70.861
70.899
70.937
70.976
71.014
71.052
71.091
71.13
71.168
71.207
71.245
71.284
71.324
71.363
71.402
71.441
71.481
71.52
71.558
71.596
71.634
71.673
71.711
71.749
77.261
77.271
77.282
77.292
77.302
77.313
77.323
77.334
77.344
77.356
77.376
77.397
77.418
77.457
77.496
77.535
77.573
77.612
77.651
77.689
77.728
77.767
77.806
77.846
77.885
77.924
77.963
78.001
78.04
78.079
78.118
78.156
78.196
78.235
78.273
78.312
78.35
78.389
78.428
