1.47217 1.29321 -0.16854 1.34016 -0.163939 -0.629996 -3.02753 1.92166 -1.74864 0.471223 1.51995 2.89734 -0.0203983 -1.80171 -1.39717 -1.36632
1.47217 1.29321 -0.16854 1.34016 -0.163939 -0.629996 -3.02753 1.92166 -1.74864 0.471223 1.51995 2.89734 -0.0203983 -1.80171 -1.39717 -1.36632
1.47217 1.29321 -0.16854 1.34016 -0.163939 -0.629996 -3.02753 1.92166 -1.74864 0.471223 1.51995 2.89734 -0.0203983 -1.80171 -1.39717 -1.36632
1.47217 1.29321 -0.16854 1.34016 -0.163939 -0.629996 -3.02753 1.92166 -1.74864 0.471223 1.51995 2.89734 -0.0203983 -1.80171 -1.39717 -1.36632
1.47217 1.29321 -0.16854 1.34016 -0.163939 -0.629996 -3.02753 1.92166 -1.74864 0.471223 1.51995 2.89734 -0.0203983 -1.80171 -1.39717 -1.36632
1.47217 1.29321 -0.16854 1.34016 -0.163939 -0.629996 -3.02753 1.92166 -1.74864 0.471223 1.51995 2.89734 -0.0203983 -1.80171 -1.39717 -1.36632
1.47217 1.29321 -0.16854 1.34016 -0.163939 -0.629996 -3.02753 1.92166 -1.74864 0.471223 1.51995 2.89734 -0.0203983 -1.80171 -1.39717 -1.36632
1.47217 1.29321 -0.16854 1.34016 -0.163939 -0.629996 -3.02753 1.92166 -1.74864 0.471223 1.51995 2.89734 -0.0203983 -1.80171 -1.39717 -1.36632
1.47217 1.29321 -0.16854 1.34016 -0.163939 -0.629996 -3.02753 1.92166 -1.74864 0.471223 1.51995 2.89734 -0.0203983 -1.80171 -1.39717 -1.36632
1.47218 1.29321 -0.16854 1.34016 -0.163939 -0.629996 -3.02753 1.92166 -1.74864 0.471223 1.51995 2.89734 -0.0203983 -1.80171 -1.39717 -1.36632
1.47218 1.29321 -0.16854 1.34016 -0.163939 -0.629996 -3.02753 1.92166 -1.74864 0.471223 1.51995 2.89734 -0.0203983 -1.80171 -1.39717 -1.36632
1.47275 1.29321 -0.16854 1.34016 -0.163939 -0.629996 -3.02753 1.92166 -1.74864 0.471223 1.51995 2.89734 -0.0203983 -1.80171 -1.39717 -1.36632
1.47386 1.29321 -0.16854 1.34016 -0.163939 -0.629996 -3.02753 1.92166 -1.74864 0.471223 1.51995 2.89734 -0.0203983 -1.80171 -1.39717 -1.36632
1.47516 1.29321 -0.16854 1.34016 -0.163939 -0.629996 -3.02753 1.92166 -1.74864 0.471223 1.51995 2.89734 -0.0203983 -1.80171 -1.39717 -1.36632
1.47653 1.29321 -0.16854 1.34016 -0.163939 -0.629996 -3.02753 1.92166 -1.74864 0.471223 1.51995 2.89734 -0.0203983 -1.80171 -1.39717 -1.36632
1.47793 1.29321 -0.16854 1.34016 -0.163939 -0.629996 -3.02753 1.92166 -1.74864 0.471223 1.51995 2.89734 -0.0203983 -1.80171 -1.39717 -1.36632
1.47934 1.29321 -0.16854 1.34016 -0.163939 -0.629996 -3.02753 1.92166 -1.74864 0.471223 1.51995 2.89734 -0.0203983 -1.80171 -1.39717 -1.36632
1.48083 1.29321 -0.16854 1.34016 -0.163939 -0.629996 -3.02753 1.92166 -1.74864 0.471223 1.51995 2.89734 -0.0203983 -1.80171 -1.39717 -1.36632
1.48242 1.29321 -0.16854 1.34016 -0.163939 -0.629996 -3.02753 1.92166 -1.74864 0.471223 1.51995 2.89734 -0.0203983 -1.80171 -1.39717 -1.36632
1.48407 1.29321 -0.16854 1.34016 -0.163939 -0.629996 -3.02753 1.92166 -1.74864 0.471223 1.51995 2.89734 -0.0203983 -1.80171 -1.39717 -1.36632
1.48754 1.29321 -0.16854 1.34016 -0.163939 -0.629996 -3.02753 1.92166 -1.74864 0.471223 1.51995 2.89734 -0.0203983 -1.80171 -1.39717 -1.36632
1.49159 1.29321 -0.16854 1.34016 -0.163939 -0.629996 -3.02753 1.92166 -1.74864 0.471223 1.51995 2.89734 -0.0203983 -1.80171 -1.39717 -1.36632
1.49626 1.29321 -0.16854 1.34016 -0.163939 -0.629996 -3.02753 1.92166 -1.74864 0.471223 1.51995 2.89734 -0.0203983 -1.80171 -1.39717 -1.36632
1.5013 1.29321 -0.16854 1.34016 -0.163939 -0.629996 -3.02753 1.92166 -1.74864 0.471223 1.51995 2.89734 -0.0203983 -1.80171 -1.39717 -1.36632
1.50674 1.29321 -0.16854 1.34016 -0.163939 -0.629996 -3.02753 1.92166 -1.74864 0.471223 1.51995 2.89734 -0.0203983 -1.80171 -1.39717 -1.36632
1.51189 1.29321 -0.16854 1.34016 -0.163939 -0.629996 -3.02753 1.92166 -1.74864 0.471223 1.51995 2.89734 -0.0203983 -1.80171 -1.39717 -1.36632
1.51699 1.29321 -0.16854 1.34016 -0.163939 -0.629996 -3.02753 1.92166 -1.74864 0.471223 1.51995 2.89734 -0.0203983 -1.80171 -1.39717 -1.36632
1.52226 1.29321 -0.16854 1.34016 -0.163939 -0.629996 -3.02753 1.92166 -1.74864 0.471223 1.51995 2.89734 -0.0203983 -1.80171 -1.39717 -1.36632
1.52785 1.29321 -0.16854 1.34016 -0.163939 -0.629996 -3.02753 1.92166 -1.74864 0.471223 1.51995 2.89734 -0.0203983 -1.80171 -1.39717 -1.36632
1.5336 1.29321 -0.16854 1.34016 -0.163939 -0.629996 -3.02753 1.92166 -1.74864 0.471223 1.51995 2.89734 -0.0203983 -1.80171 -1.39717 -1.36632
1.53949 1.29321 -0.16854 1.34016 -0.163939 -0.629996 -3.02753 1.92166 -1.74864 0.471223 1.51995 2.89734 -0.0203983 -1.80171 -1.39717 -1.36632
1.54571 1.29321 -0.16854 1.34016 -0.163939 -0.629996 -3.02753 1.92166 -1.74864 0.471223 1.51995 2.89734 -0.0203983 -1.80171 -1.39717 -1.36632
1.55225 1.29321 -0.16854 1.34016 -0.163939 -0.629996 -3.02753 1.92166 -1.74864 0.471223 1.51995 2.89734 -0.0203983 -1.80171 -1.39717 -1.36632
1.55896 1.29321 -0.16854 1.34016 -0.163939 -0.629996 -3.02753 1.92166 -1.74864 0.471223 1.51995 2.89734 -0.0203983 -1.80171 -1.39717 -1.36632
1.56555 1.29321 -0.16854 1.34016 -0.163939 -0.629996 -3.02753 1.92166 -1.74864 0.471223 1.51995 2.89734 -0.0203983 -1.80171 -1.39717 -1.36632
1.57225 1.29321 -0.16854 1.34016 -0.163939 -0.629996 -3.02753 1.92166 -1.74864 0.471223 1.51995 2.89734 -0.0203983 -1.80171 -1.39717 -1.36632
1.57922 1.29321 -0.16854 1.34016 -0.163939 -0.629996 -3.02753 1.92166 -1.74864 0.471223 1.51995 2.89734 -0.0203983 -1.80171 -1.39717 -1.36632
1.58649 1.29321 -0.16854 1.34016 -0.163939 -0.629996 -3.02753 1.92166 -1.74864 0.471223 1.51995 2.89734 -0.0203983 -1.80171 -1.39717 -1.36632
1.59395 1.29321 -0.16854 1.34016 -0.163939 -0.629996 -3.02753 1.92166 -1.74864 0.471223 1.51995 2.89734 -0.0203983 -1.80171 -1.39717 -1.36632
1.60189 1.29321 -0.16854 1.34016 -0.163939 -0.629996 -3.02753 1.92166 -1.74864 0.471223 1.51995 2.89734 -0.0203983 -1.80171 -1.39717 -1.36632
1.61065 1.29321 -0.16854 1.34016 -0.163939 -0.629996 -3.02753 1.92166 -1.74864 0.471223 1.51995 2.89734 -0.0203983 -1.80171 -1.39717 -1.36632
1.61899 1.29321 -0.16854 1.34016 -0.163939 -0.629996 -3.02753 1.92166 -1.74864 0.471223 1.51995 2.89734 -0.0203983 -1.80171 -1.39717 -1.36632
1.62761 1.29321 -0.16854 1.34016 -0.163939 -0.629996 -3.02753 1.92166 -1.74864 0.471223 1.51995 2.89734 -0.0203983 -1.80171 -1.39717 -1.36632
1.6361 1.29321 -0.16854 1.34016 -0.163939 -0.629996 -3.02753 1.92166 -1.74864 0.471223 1.51995 2.89734 -0.0203983 -1.80171 -1.39717 -1.36632
1.64483 1.29321 -0.16854 1.34016 -0.163939 -0.629996 -3.02753 1.92166 -1.74864 0.471223 1.51995 2.89734 -0.0203983 -1.80171 -1.39717 -1.36632
1.6538 1.29321 -0.16854 1.34016 -0.163939 -0.629996 -3.02753 1.92166 -1.74864 0.471223 1.51995 2.89734 -0.0203983 -1.80171 -1.39717 -1.36632
1.66317 1.29321 -0.16854 1.34016 -0.163939 -0.629996 -3.02753 1.92166 -1.74864 0.471223 1.51995 2.89734 -0.0203983 -1.80171 -1.39717 -1.36632
1.67271 1.29321 -0.16854 1.34016 -0.163939 -0.629996 -3.02753 1.92166 -1.74864 0.471223 1.51995 2.89734 -0.0203983 -1.80171 -1.39717 -1.36632
1.68264 1.29321 -0.16854 1.34016 -0.163939 -0.629996 -3.02753 1.92166 -1.74864 0.471223 1.51995 2.89734 -0.0203983 -1.80171 -1.39717 -1.36632
1.69284 1.29321 -0.16854 1.34016 -0.163939 -0.629996 -3.02753 1.92166 -1.74864 0.471223 1.51995 2.89734 -0.0203983 -1.80171 -1.39717 -1.36632
1.70328 1.29321 -0.16854 1.34016 -0.163939 -0.629996 -3.02753 1.92166 -1.74864 0.471223 1.51995 2.89734 -0.0203983 -1.80171 -1.39717 -1.36632
1.71412 1.29321 -0.16854 1.34016 -0.163939 -0.629996 -3.02753 1.92166 -1.74864 0.471223 1.51995 2.89734 -0.0203983 -1.80171 -1.39717 -1.36632
1.72522 1.29321 -0.16854 1.34016 -0.163939 -0.629996 -3.02753 1.92166 -1.74864 0.471223 1.51995 2.89734 -0.0203983 -1.80171 -1.39717 -1.36632
1.73659 1.29321 -0.16854 1.34016 -0.163939 -0.629996 -3.02753 1.92166 -1.74864 0.471223 1.51995 2.89734 -0.0203983 -1.80171 -1.39717 -1.36632
1.74835 1.29321 -0.16854 1.34016 -0.163939 -0.629996 -3.02753 1.92166 -1.74864 0.471223 1.51995 2.89734 -0.0203983 -1.80171 -1.39717 -1.36632
1.76037 1.29321 -0.16854 1.34016 -0.163939 -0.629996 -3.02753 1.92166 -1.74864 0.471223 1.51995 2.89734 -0.0203983 -1.80171 -1.39717 -1.36632
1.77285 1.29321 -0.16854 1.34016 -0.163939 -0.629996 -3.02753 1.92166 -1.74864 0.471223 1.51995 2.89734 -0.0203983 -1.80171 -1.39717 -1.36632
1.78577 1.29321 -0.16854 1.34016 -0.163939 -0.629996 -3.02753 1.92166 -1.74864 0.471223 1.51995 2.89734 -0.0203983 -1.80171 -1.39717 -1.36632
1.79955 1.29321 -0.16854 1.34016 -0.163939 -0.629996 -3.02753 1.92166 -1.74864 0.471223 1.51995 2.89734 -0.0203983 -1.80171 -1.39717 -1.36632
1.78678 1.29321 -0.16854 1.34016 -0.163939 -0.629996 -3.02753 1.92166 -1.74864 0.471223 1.51995 2.89734 -0.0203983 -1.80171 -1.39717 -1.36632
1.78535 1.29321 -0.16854 1.34016 -0.163939 -0.629996 -3.02753 1.92166 -1.74864 0.471223 1.51995 2.89734 -0.0203983 -1.80171 -1.39717 -1.36632
1.78373 1.29321 -0.16854 1.34016 -0.163939 -0.629996 -3.02753 1.92166 -1.74864 0.471223 1.51995 2.89734 -0.0203983 -1.80171 -1.39717 -1.36632
1.78152 1.29321 -0.16854 1.34016 -0.163939 -0.629996 -3.02753 1.92166 -1.74864 0.471223 1.51995 2.89734 -0.0203983 -1.80171 -1.39717 -1.36632
1.77927 1.29321 -0.16854 1.34016 -0.163939 -0.629996 -3.02753 1.92166 -1.74864 0.471223 1.51995 2.89734 -0.0203983 -1.80171 -1.39717 -1.36632
1.77697 1.29321 -0.16854 1.34016 -0.163939 -0.629996 -3.02753 1.92166 -1.74864 0.471223 1.51995 2.89734 -0.0203983 -1.80171 -1.39717 -1.36632
1.77473 1.29321 -0.16854 1.34016 -0.163939 -0.629996 -3.02753 1.92166 -1.74864 0.471223 1.51995 2.89734 -0.0203983 -1.80171 -1.39717 -1.36632
1.77254 1.29321 -0.16854 1.34016 -0.163939 -0.629996 -3.02753 1.92166 -1.74864 0.471223 1.51995 2.89734 -0.0203983 -1.80171 -1.39717 -1.36632
1.77039 1.29321 -0.16854 1.34016 -0.163939 -0.629996 -3.02753 1.92166 -1.74864 0.471223 1.51995 2.89734 -0.0203983 -1.80171 -1.39717 -1.36632
1.76821 1.29321 -0.16854 1.34016 -0.163939 -0.629996 -3.02753 1.92166 -1.74864 0.471223 1.51995 2.89734 -0.0203983 -1.80171 -1.39717 -1.36632
1.7643 1.29321 -0.16854 1.34016 -0.163939 -0.629996 -3.02753 1.92166 -1.74864 0.471223 1.51995 2.89734 -0.0203983 -1.80171 -1.39717 -1.36632
1.76024 1.29321 -0.16854 1.34016 -0.163939 -0.629996 -3.02753 1.92166 -1.74864 0.471223 1.51995 2.89734 -0.0203983 -1.80171 -1.39717 -1.36632
1.75615 1.29321 -0.16854 1.34016 -0.163939 -0.629996 -3.02753 1.92166 -1.74864 0.471223 1.51995 2.89734 -0.0203983 -1.80171 -1.39717 -1.36632
1.75195 1.29321 -0.16854 1.34016 -0.163939 -0.629996 -3.02753 1.92166 -1.74864 0.471223 1.51995 2.89734 -0.0203983 -1.80171 -1.39717 -1.36632
1.74767 1.29321 -0.16854 1.34016 -0.163939 -0.629996 -3.02753 1.92166 -1.74864 0.471223 1.51995 2.89734 -0.0203983 -1.80171 -1.39717 -1.36632
1.74342 1.29321 -0.16854 1.34016 -0.163939 -0.629996 -3.02753 1.92166 -1.74864 0.471223 1.51995 2.89734 -0.0203983 -1.80171 -1.39717 -1.36632
1.73924 1.29321 -0.16854 1.34016 -0.163939 -0.629996 -3.02753 1.92166 -1.74864 0.471223 1.51995 2.89734 -0.0203983 -1.80171 -1.39717 -1.36632
1.73511 1.29321 -0.16854 1.34016 -0.163939 -0.629996 -3.02753 1.92166 -1.74864 0.471223 1.51995 2.89734 -0.0203983 -1.80171 -1.39717 -1.36632
1.731 1.29321 -0.16854 1.34016 -0.163939 -0.629996 -3.02753 1.92166 -1.74864 0.471223 1.51995 2.89734 -0.0203983 -1.80171 -1.39717 -1.36632
1.72676 1.29321 -0.16854 1.34016 -0.163939 -0.629996 -3.02753 1.92166 -1.74864 0.471223 1.51995 2.89734 -0.0203983 -1.80171 -1.39717 -1.36632
1.72249 1.29321 -0.16854 1.34016 -0.163939 -0.629996 -3.02753 1.92166 -1.74864 0.471223 1.51995 2.89734 -0.0203983 -1.80171 -1.39717 -1.36632
1.71797 1.29321 -0.16854 1.34016 -0.163939 -0.629996 -3.02753 1.92166 -1.74864 0.471223 1.51995 2.89734 -0.0203983 -1.80171 -1.39717 -1.36632
1.71372 1.29321 -0.16854 1.34016 -0.163939 -0.629996 -3.02753 1.92166 -1.74864 0.471223 1.51995 2.89734 -0.0203983 -1.80171 -1.39717 -1.36632
1.70937 1.29321 -0.16854 1.34016 -0.163939 -0.629996 -3.02753 1.92166 -1.74864 0.471223 1.51995 2.89734 -0.0203983 -1.80171 -1.39717 -1.36632
1.70497 1.29321 -0.16854 1.34016 -0.163939 -0.629996 -3.02753 1.92166 -1.74864 0.471223 1.51995 2.89734 -0.0203983 -1.80171 -1.39717 -1.36632
1.70059 1.29321 -0.16854 1.34016 -0.163939 -0.629996 -3.02753 1.92166 -1.74864 0.471223 1.51995 2.89734 -0.0203983 -1.80171 -1.39717 -1.36632
1.69617 1.29321 -0.16854 1.34016 -0.163939 -0.629996 -3.02753 1.92166 -1.74864 0.471223 1.51995 2.89734 -0.0203983 -1.80171 -1.39717 -1.36632
1.69181 1.29321 -0.16854 1.34016 -0.163939 -0.629996 -3.02753 1.92166 -1.74864 0.471223 1.51995 2.89734 -0.0203983 -1.80171 -1.39717 -1.36632
1.68713 1.29321 -0.16854 1.34016 -0.163939 -0.629996 -3.02753 1.92166 -1.74864 0.471223 1.51995 2.89734 -0.0203983 -1.80171 -1.39717 -1.36632
1.68254 1.29321 -0.16854 1.34016 -0.163939 -0.629996 -3.02753 1.92166 -1.74864 0.471223 1.51995 2.89734 -0.0203983 -1.80171 -1.39717 -1.36632
1.67796 1.29321 -0.16854 1.34016 -0.163939 -0.629996 -3.02753 1.92166 -1.74864 0.471223 1.51995 2.89734 -0.0203983 -1.80171 -1.39717 -1.36632
1.67359 1.29321 -0.16854 1.34016 -0.163939 -0.629996 -3.02753 1.92166 -1.74864 0.471223 1.51995 2.89734 -0.0203983 -1.80171 -1.39717 -1.36632
1.66916 1.29321 -0.16854 1.34016 -0.163939 -0.629996 -3.02753 1.92166 -1.74864 0.471223 1.51995 2.89734 -0.0203983 -1.80171 -1.39717 -1.36632
1.66467 1.29321 -0.16854 1.34016 -0.163939 -0.629996 -3.02753 1.92166 -1.74864 0.471223 1.51995 2.89734 -0.0203983 -1.80171 -1.39717 -1.36632
1.66019 1.29321 -0.16854 1.34016 -0.163939 -0.629996 -3.02753 1.92166 -1.74864 0.471223 1.51995 2.89734 -0.0203983 -1.80171 -1.39717 -1.36632
1.65571 1.29321 -0.16854 1.34016 -0.163939 -0.629996 -3.02753 1.92166 -1.74864 0.471223 1.51995 2.89734 -0.0203983 -1.80171 -1.39717 -1.36632
1.65122 1.29321 -0.16854 1.34016 -0.163939 -0.629996 -3.02753 1.92166 -1.74864 0.471223 1.51995 2.89734 -0.0203983 -1.80171 -1.39717 -1.36632
1.64655 1.29321 -0.16854 1.34016 -0.163939 -0.629996 -3.02753 1.92166 -1.74864 0.471223 1.51995 2.89734 -0.0203983 -1.80171 -1.39717 -1.36632
1.64193 1.29321 -0.16854 1.34016 -0.163939 -0.629996 -3.02753 1.92166 -1.74864 0.471223 1.51995 2.89734 -0.0203983 -1.80171 -1.39717 -1.36632
1.63738 1.29321 -0.16854 1.34016 -0.163939 -0.629996 -3.02753 1.92166 -1.74864 0.471223 1.51995 2.89734 -0.0203983 -1.80171 -1.39717 -1.36632
1.63284 1.29321 -0.16854 1.34016 -0.163939 -0.629996 -3.02753 1.92166 -1.74864 0.471223 1.51995 2.89734 -0.0203983 -1.80171 -1.39717 -1.36632
1.62819 1.29321 -0.16854 1.34016 -0.163939 -0.629996 -3.02753 1.92166 -1.74864 0.471223 1.51995 2.89734 -0.0203983 -1.80171 -1.39717 -1.36632
1.62359 1.29321 -0.16854 1.34016 -0.163939 -0.629996 -3.02753 1.92166 -1.74864 0.471223 1.51995 2.89734 -0.0203983 -1.80171 -1.39717 -1.36632
1.619 1.29321 -0.16854 1.34016 -0.163939 -0.629996 -3.02753 1.92166 -1.74864 0.471223 1.51995 2.89734 -0.0203983 -1.80171 -1.39717 -1.36632
1.61438 1.29321 -0.16854 1.34016 -0.163939 -0.629996 -3.02753 1.92166 -1.74864 0.471223 1.51995 2.89734 -0.0203983 -1.80171 -1.39717 -1.36632
1.6097 1.29321 -0.16854 1.34016 -0.163939 -0.629996 -3.02753 1.92166 -1.74864 0.471223 1.51995 2.89734 -0.0203983 -1.80171 -1.39717 -1.36632
1.60489 1.29321 -0.16854 1.34016 -0.163939 -0.629996 -3.02753 1.92166 -1.74864 0.471223 1.51995 2.89734 -0.0203983 -1.80171 -1.39717 -1.36632
1.60006 1.29321 -0.16854 1.34016 -0.163939 -0.629996 -3.02753 1.92166 -1.74864 0.471223 1.51995 2.89734 -0.0203983 -1.80171 -1.39717 -1.36632
1.59529 1.29321 -0.16854 1.34016 -0.163939 -0.629996 -3.02753 1.92166 -1.74864 0.471223 1.51995 2.89734 -0.0203983 -1.80171 -1.39717 -1.36632
1.59044 1.29321 -0.16854 1.34016 -0.163939 -0.629996 -3.02753 1.92166 -1.74864 0.471223 1.51995 2.89734 -0.0203983 -1.80171 -1.39717 -1.36632
1.58563 1.29321 -0.16854 1.34016 -0.163939 -0.629996 -3.02753 1.92166 -1.74864 0.471223 1.51995 2.89734 -0.0203983 -1.80171 -1.39717 -1.36632
1.58082 1.29321 -0.16854 1.34016 -0.163939 -0.629996 -3.02753 1.92166 -1.74864 0.471223 1.51995 2.89734 -0.0203983 -1.80171 -1.39717 -1.36632
1.5761 1.29321 -0.16854 1.34016 -0.163939 -0.629996 -3.02753 1.92166 -1.74864 0.471223 1.51995 2.89734 -0.0203983 -1.80171 -1.39717 -1.36632
1.57135 1.29321 -0.16854 1.34016 -0.163939 -0.629996 -3.02753 1.92166 -1.74864 0.471223 1.51995 2.89734 -0.0203983 -1.80171 -1.39717 -1.36632
1.56661 1.29321 -0.16854 1.34016 -0.163939 -0.629996 -3.02753 1.92166 -1.74864 0.471223 1.51995 2.89734 -0.0203983 -1.80171 -1.39717 -1.36632
1.56112 1.29321 -0.16854 1.34016 -0.163939 -0.629996 -3.02753 1.92166 -1.74864 0.471223 1.51995 2.89734 -0.0203983 -1.80171 -1.39717 -1.36632
1.55609 1.29321 -0.16854 1.34016 -0.163939 -0.629996 -3.02753 1.92166 -1.74864 0.471223 1.51995 2.89734 -0.0203983 -1.80171 -1.39717 -1.36632
1.55115 1.29321 -0.16854 1.34016 -0.163939 -0.629996 -3.02753 1.92166 -1.74864 0.471223 1.51995 2.89734 -0.0203983 -1.80171 -1.39717 -1.36632
1.54626 1.29321 -0.16854 1.34016 -0.163939 -0.629996 -3.02753 1.92166 -1.74864 0.471223 1.51995 2.89734 -0.0203983 -1.80171 -1.39717 -1.36632
1.54106 1.29321 -0.16854 1.34016 -0.163939 -0.629996 -3.02753 1.92166 -1.74864 0.471223 1.51995 2.89734 -0.0203983 -1.80171 -1.39717 -1.36632
1.53623 1.29321 -0.16854 1.34016 -0.163939 -0.629996 -3.02753 1.92166 -1.74864 0.471223 1.51995 2.89734 -0.0203983 -1.80171 -1.39717 -1.36632
1.53124 1.29321 -0.16854 1.34016 -0.163939 -0.629996 -3.02753 1.92166 -1.74864 0.471223 1.51995 2.89734 -0.0203983 -1.80171 -1.39717 -1.36632
1.52624 1.29321 -0.16854 1.34016 -0.163939 -0.629996 -3.02753 1.92166 -1.74864 0.471223 1.51995 2.89734 -0.0203983 -1.80171 -1.39717 -1.36632
1.52114 1.29321 -0.16854 1.34016 -0.163939 -0.629996 -3.02753 1.92166 -1.74864 0.471223 1.51995 2.89734 -0.0203983 -1.80171 -1.39717 -1.36632
1.51617 1.29321 -0.16854 1.34016 -0.163939 -0.629996 -3.02753 1.92166 -1.74864 0.471223 1.51995 2.89734 -0.0203983 -1.80171 -1.39717 -1.36632
1.51113 1.29321 -0.16854 1.34016 -0.163939 -0.629996 -3.02753 1.92166 -1.74864 0.471223 1.51995 2.89734 -0.0203983 -1.80171 -1.39717 -1.36632
1.50611 1.29321 -0.16854 1.34016 -0.163939 -0.629996 -3.02753 1.92166 -1.74864 0.471223 1.51995 2.89734 -0.0203983 -1.80171 -1.39717 -1.36632
1.50105 1.29321 -0.16854 1.34016 -0.163939 -0.629996 -3.02753 1.92166 -1.74864 0.471223 1.51995 2.89734 -0.0203983 -1.80171 -1.39717 -1.36632
1.49593 1.29321 -0.16854 1.34016 -0.163939 -0.629996 -3.02753 1.92166 -1.74864 0.471223 1.51995 2.89734 -0.0203983 -1.80171 -1.39717 -1.36632
1.49087 1.29321 -0.16854 1.34016 -0.163939 -0.629996 -3.02753 1.92166 -1.74864 0.471223 1.51995 2.89734 -0.0203983 -1.80171 -1.39717 -1.36632
1.48572 1.29321 -0.16854 1.34016 -0.163939 -0.629996 -3.02753 1.92166 -1.74864 0.471223 1.51995 2.89734 -0.0203983 -1.80171 -1.39717 -1.36632
1.48057 1.29321 -0.16854 1.34016 -0.163939 -0.629996 -3.02753 1.92166 -1.74864 0.471223 1.51995 2.89734 -0.0203983 -1.80171 -1.39717 -1.36632
1.4754 1.29321 -0.16854 1.34016 -0.163939 -0.629996 -3.02753 1.92166 -1.74864 0.471223 1.51995 2.89734 -0.0203983 -1.80171 -1.39717 -1.36632
1.47012 1.29321 -0.16854 1.34016 -0.163939 -0.629996 -3.02753 1.92166 -1.74864 0.471223 1.51995 2.89734 -0.0203983 -1.80171 -1.39717 -1.36632
1.4648 1.29321 -0.16854 1.34016 -0.163939 -0.629996 -3.02753 1.92166 -1.74864 0.471223 1.51995 2.89734 -0.0203983 -1.80171 -1.39717 -1.36632
1.45956 1.29321 -0.16854 1.34016 -0.163939 -0.629996 -3.02753 1.92166 -1.74864 0.471223 1.51995 2.89734 -0.0203983 -1.80171 -1.39717 -1.36632
