13.004
13.015
13.025
13.035
13.046
13.056
13.067
13.077
13.087
13.099
13.119
13.14
13.16
13.181
13.202
13.222
13.243
13.264
13.284
13.305
13.343
13.382
13.421
13.463
13.501
13.54
13.578
13.617
13.656
13.695
13.733
13.773
13.814
13.853
13.891
13.93
13.969
14.008
14.046
14.089
14.131
14.172
14.21
14.248
14.287
14.326
14.364
14.403
14.442
14.48
14.519
14.558
14.596
14.635
14.673
14.712
14.75
14.789
14.829
16.313
16.324
16.335
16.346
16.356
16.367
16.378
16.389
16.399
16.413
16.451
16.489
16.528
16.566
16.605
16.643
16.682
16.72
16.758
16.797
16.838
16.877
16.915
16.954
16.993
17.032
17.072
17.111
17.152
17.193
17.231
17.27
17.308
17.347
17.385
17.424
17.462
17.502
17.541
17.58
17.618
17.657
17.695
17.734
17.772
17.812
17.851
17.891
17.93
17.97
18.009
18.047
18.086
18.124
18.166
18.207
18.247
18.285
18.326
18.365
18.403
18.442
18.482
18.52
18.559
18.597
18.636
18.675
18.714
18.752
18.791
18.829
18.869
18.908
18.947
18.986
