0
0
0
0
0
0
-0.0105281
-0.0105281
-0.0210563
-0.0421125
-0.0631688
-0.0736969
-0.084225
-0.084225
-0.0736969
-0.0631688
-0.0631688
-0.0631688
-0.0631688
-0.084225
-0.105281
-0.115809
-0.136866
-0.136866
-0.136866
-0.136866
-0.136866
-0.147394
-0.147394
-0.147394
-0.147394
-0.147394
-0.147394
-0.147394
-0.136866
-0.147394
-0.147394
-0.147394
-0.147394
-0.147394
-0.147394
-0.147394
-0.157922
-0.147394
-0.147394
-0.147394
-0.157922
-0.157922
-0.157922
-0.157922
-0.157922
-0.16845
-0.157922
-0.157922
-0.157922
-0.16845
-0.157922
-0.157922
-0.16845
-0.157922
-0.157922
-0.16845
-0.16845
-0.157922
-0.16845
-0.16845
-0.157922
-0.16845
-0.16845
-0.16845
-0.178978
-0.16845
-0.178978
-0.178978
-0.178978
-0.178978
-0.200034
-0.178978
-0.189506
-0.189506
-0.189506
