2.47929 0.735858 1.49685 1.50405 1.15447 -2.05284 -2.21954 -0.696825 0.745377 1.34488 -0.160022 0.645603 2.05264 -2.42957 1.62739 -1.48795
2.47929 0.735858 1.49685 1.50405 1.15447 -2.05284 -2.21954 -0.696825 0.745377 1.34488 -0.160022 0.645603 2.05264 -2.42957 1.62739 -1.48795
2.47929 0.735858 1.49685 1.50405 1.15447 -2.05284 -2.21954 -0.696825 0.745377 1.34488 -0.160022 0.645603 2.05264 -2.42957 1.62739 -1.48795
2.47929 0.735858 1.49685 1.50405 1.15447 -2.05284 -2.21954 -0.696825 0.745377 1.34488 -0.160022 0.645603 2.05264 -2.42957 1.62739 -1.48795
2.47929 0.735858 1.49685 1.50405 1.15447 -2.05284 -2.21954 -0.696825 0.745377 1.34488 -0.160022 0.645603 2.05264 -2.42957 1.62739 -1.48795
2.47929 0.735858 1.49685 1.50405 1.15447 -2.05284 -2.21954 -0.696825 0.745377 1.34488 -0.160022 0.645603 2.05264 -2.42957 1.62739 -1.48795
2.47928 0.735858 1.49685 1.50405 1.15447 -2.05284 -2.21954 -0.696825 0.745377 1.34488 -0.160022 0.645603 2.05264 -2.42957 1.62739 -1.48795
2.47899 0.735858 1.49685 1.50405 1.15447 -2.05284 -2.21954 -0.696825 0.745377 1.34488 -0.160022 0.645603 2.05264 -2.42957 1.62739 -1.48795
2.47848 0.735858 1.49685 1.50405 1.15447 -2.05284 -2.21954 -0.696825 0.745377 1.34488 -0.160022 0.645603 2.05264 -2.42957 1.62739 -1.48795
2.47773 0.735858 1.49685 1.50405 1.15447 -2.05284 -2.21954 -0.696825 0.745377 1.34488 -0.160022 0.645603 2.05264 -2.42957 1.62739 -1.48795
2.47663 0.735858 1.49685 1.50405 1.15447 -2.05284 -2.21954 -0.696825 0.745377 1.34488 -0.160022 0.645603 2.05264 -2.42957 1.62739 -1.48795
2.47524 0.735858 1.49685 1.50405 1.15447 -2.05284 -2.21954 -0.696825 0.745377 1.34488 -0.160022 0.645603 2.05264 -2.42957 1.62739 -1.48795
2.47373 0.735858 1.49685 1.50405 1.15447 -2.05284 -2.21954 -0.696825 0.745377 1.34488 -0.160022 0.645603 2.05264 -2.42957 1.62739 -1.48795
2.47215 0.735858 1.49685 1.50405 1.15447 -2.05284 -2.21954 -0.696825 0.745377 1.34488 -0.160022 0.645603 2.05264 -2.42957 1.62739 -1.48795
2.47045 0.735858 1.49685 1.50405 1.15447 -2.05284 -2.21954 -0.696825 0.745377 1.34488 -0.160022 0.645603 2.05264 -2.42957 1.62739 -1.48795
2.46898 0.735858 1.49685 1.50405 1.15447 -2.05284 -2.21954 -0.696825 0.745377 1.34488 -0.160022 0.645603 2.05264 -2.42957 1.62739 -1.48795
2.46762 0.735858 1.49685 1.50405 1.15447 -2.05284 -2.21954 -0.696825 0.745377 1.34488 -0.160022 0.645603 2.05264 -2.42957 1.62739 -1.48795
2.46632 0.735858 1.49685 1.50405 1.15447 -2.05284 -2.21954 -0.696825 0.745377 1.34488 -0.160022 0.645603 2.05264 -2.42957 1.62739 -1.48795
2.46497 0.735858 1.49685 1.50405 1.15447 -2.05284 -2.21954 -0.696825 0.745377 1.34488 -0.160022 0.645603 2.05264 -2.42957 1.62739 -1.48795
2.46342 0.735858 1.49685 1.50405 1.15447 -2.05284 -2.21954 -0.696825 0.745377 1.34488 -0.160022 0.645603 2.05264 -2.42957 1.62739 -1.48795
2.45949 0.735858 1.49685 1.50405 1.15447 -2.05284 -2.21954 -0.696825 0.745377 1.34488 -0.160022 0.645603 2.05264 -2.42957 1.62739 -1.48795
2.45538 0.735858 1.49685 1.50405 1.15447 -2.05284 -2.21954 -0.696825 0.745377 1.34488 -0.160022 0.645603 2.05264 -2.42957 1.62739 -1.48795
2.45031 0.735858 1.49685 1.50405 1.15447 -2.05284 -2.21954 -0.696825 0.745377 1.34488 -0.160022 0.645603 2.05264 -2.42957 1.62739 -1.48795
2.44502 0.735858 1.49685 1.50405 1.15447 -2.05284 -2.21954 -0.696825 0.745377 1.34488 -0.160022 0.645603 2.05264 -2.42957 1.62739 -1.48795
2.43975 0.735858 1.49685 1.50405 1.15447 -2.05284 -2.21954 -0.696825 0.745377 1.34488 -0.160022 0.645603 2.05264 -2.42957 1.62739 -1.48795
2.43441 0.735858 1.49685 1.50405 1.15447 -2.05284 -2.21954 -0.696825 0.745377 1.34488 -0.160022 0.645603 2.05264 -2.42957 1.62739 -1.48795
2.42904 0.735858 1.49685 1.50405 1.15447 -2.05284 -2.21954 -0.696825 0.745377 1.34488 -0.160022 0.645603 2.05264 -2.42957 1.62739 -1.48795
2.42334 0.735858 1.49685 1.50405 1.15447 -2.05284 -2.21954 -0.696825 0.745377 1.34488 -0.160022 0.645603 2.05264 -2.42957 1.62739 -1.48795
2.41772 0.735858 1.49685 1.50405 1.15447 -2.05284 -2.21954 -0.696825 0.745377 1.34488 -0.160022 0.645603 2.05264 -2.42957 1.62739 -1.48795
2.41215 0.735858 1.49685 1.50405 1.15447 -2.05284 -2.21954 -0.696825 0.745377 1.34488 -0.160022 0.645603 2.05264 -2.42957 1.62739 -1.48795
2.40657 0.735858 1.49685 1.50405 1.15447 -2.05284 -2.21954 -0.696825 0.745377 1.34488 -0.160022 0.645603 2.05264 -2.42957 1.62739 -1.48795
2.40094 0.735858 1.49685 1.50405 1.15447 -2.05284 -2.21954 -0.696825 0.745377 1.34488 -0.160022 0.645603 2.05264 -2.42957 1.62739 -1.48795
2.39541 0.735858 1.49685 1.50405 1.15447 -2.05284 -2.21954 -0.696825 0.745377 1.34488 -0.160022 0.645603 2.05264 -2.42957 1.62739 -1.48795
2.38982 0.735858 1.49685 1.50405 1.15447 -2.05284 -2.21954 -0.696825 0.745377 1.34488 -0.160022 0.645603 2.05264 -2.42957 1.62739 -1.48795
2.38422 0.735858 1.49685 1.50405 1.15447 -2.05284 -2.21954 -0.696825 0.745377 1.34488 -0.160022 0.645603 2.05264 -2.42957 1.62739 -1.48795
2.37858 0.735858 1.49685 1.50405 1.15447 -2.05284 -2.21954 -0.696825 0.745377 1.34488 -0.160022 0.645603 2.05264 -2.42957 1.62739 -1.48795
2.37292 0.735858 1.49685 1.50405 1.15447 -2.05284 -2.21954 -0.696825 0.745377 1.34488 -0.160022 0.645603 2.05264 -2.42957 1.62739 -1.48795
2.36707 0.735858 1.49685 1.50405 1.15447 -2.05284 -2.21954 -0.696825 0.745377 1.34488 -0.160022 0.645603 2.05264 -2.42957 1.62739 -1.48795
2.36118 0.735858 1.49685 1.50405 1.15447 -2.05284 -2.21954 -0.696825 0.745377 1.34488 -0.160022 0.645603 2.05264 -2.42957 1.62739 -1.48795
2.35527 0.735858 1.49685 1.50405 1.15447 -2.05284 -2.21954 -0.696825 0.745377 1.34488 -0.160022 0.645603 2.05264 -2.42957 1.62739 -1.48795
2.34938 0.735858 1.49685 1.50405 1.15447 -2.05284 -2.21954 -0.696825 0.745377 1.34488 -0.160022 0.645603 2.05264 -2.42957 1.62739 -1.48795
2.34345 0.735858 1.49685 1.50405 1.15447 -2.05284 -2.21954 -0.696825 0.745377 1.34488 -0.160022 0.645603 2.05264 -2.42957 1.62739 -1.48795
2.33741 0.735858 1.49685 1.50405 1.15447 -2.05284 -2.21954 -0.696825 0.745377 1.34488 -0.160022 0.645603 2.05264 -2.42957 1.62739 -1.48795
2.33132 0.735858 1.49685 1.50405 1.15447 -2.05284 -2.21954 -0.696825 0.745377 1.34488 -0.160022 0.645603 2.05264 -2.42957 1.62739 -1.48795
2.32532 0.735858 1.49685 1.50405 1.15447 -2.05284 -2.21954 -0.696825 0.745377 1.34488 -0.160022 0.645603 2.05264 -2.42957 1.62739 -1.48795
2.31928 0.735858 1.49685 1.50405 1.15447 -2.05284 -2.21954 -0.696825 0.745377 1.34488 -0.160022 0.645603 2.05264 -2.42957 1.62739 -1.48795
2.31338 0.735858 1.49685 1.50405 1.15447 -2.05284 -2.21954 -0.696825 0.745377 1.34488 -0.160022 0.645603 2.05264 -2.42957 1.62739 -1.48795
2.30746 0.735858 1.49685 1.50405 1.15447 -2.05284 -2.21954 -0.696825 0.745377 1.34488 -0.160022 0.645603 2.05264 -2.42957 1.62739 -1.48795
2.30144 0.735858 1.49685 1.50405 1.15447 -2.05284 -2.21954 -0.696825 0.745377 1.34488 -0.160022 0.645603 2.05264 -2.42957 1.62739 -1.48795
2.29541 0.735858 1.49685 1.50405 1.15447 -2.05284 -2.21954 -0.696825 0.745377 1.34488 -0.160022 0.645603 2.05264 -2.42957 1.62739 -1.48795
2.28947 0.735858 1.49685 1.50405 1.15447 -2.05284 -2.21954 -0.696825 0.745377 1.34488 -0.160022 0.645603 2.05264 -2.42957 1.62739 -1.48795
2.28342 0.735858 1.49685 1.50405 1.15447 -2.05284 -2.21954 -0.696825 0.745377 1.34488 -0.160022 0.645603 2.05264 -2.42957 1.62739 -1.48795
2.27734 0.735858 1.49685 1.50405 1.15447 -2.05284 -2.21954 -0.696825 0.745377 1.34488 -0.160022 0.645603 2.05264 -2.42957 1.62739 -1.48795
2.27131 0.735858 1.49685 1.50405 1.15447 -2.05284 -2.21954 -0.696825 0.745377 1.34488 -0.160022 0.645603 2.05264 -2.42957 1.62739 -1.48795
2.26512 0.735858 1.49685 1.50405 1.15447 -2.05284 -2.21954 -0.696825 0.745377 1.34488 -0.160022 0.645603 2.05264 -2.42957 1.62739 -1.48795
2.25894 0.735858 1.49685 1.50405 1.15447 -2.05284 -2.21954 -0.696825 0.745377 1.34488 -0.160022 0.645603 2.05264 -2.42957 1.62739 -1.48795
2.25284 0.735858 1.49685 1.50405 1.15447 -2.05284 -2.21954 -0.696825 0.745377 1.34488 -0.160022 0.645603 2.05264 -2.42957 1.62739 -1.48795
2.24668 0.735858 1.49685 1.50405 1.15447 -2.05284 -2.21954 -0.696825 0.745377 1.34488 -0.160022 0.645603 2.05264 -2.42957 1.62739 -1.48795
2.2405 0.735858 1.49685 1.50405 1.15447 -2.05284 -2.21954 -0.696825 0.745377 1.34488 -0.160022 0.645603 2.05264 -2.42957 1.62739 -1.48795
2.23416 0.735858 1.49685 1.50405 1.15447 -2.05284 -2.21954 -0.696825 0.745377 1.34488 -0.160022 0.645603 2.05264 -2.42957 1.62739 -1.48795
2.22788 0.735858 1.49685 1.50405 1.15447 -2.05284 -2.21954 -0.696825 0.745377 1.34488 -0.160022 0.645603 2.05264 -2.42957 1.62739 -1.48795
2.22162 0.735858 1.49685 1.50405 1.15447 -2.05284 -2.21954 -0.696825 0.745377 1.34488 -0.160022 0.645603 2.05264 -2.42957 1.62739 -1.48795
2.2153 0.735858 1.49685 1.50405 1.15447 -2.05284 -2.21954 -0.696825 0.745377 1.34488 -0.160022 0.645603 2.05264 -2.42957 1.62739 -1.48795
2.20885 0.735858 1.49685 1.50405 1.15447 -2.05284 -2.21954 -0.696825 0.745377 1.34488 -0.160022 0.645603 2.05264 -2.42957 1.62739 -1.48795
2.20223 0.735858 1.49685 1.50405 1.15447 -2.05284 -2.21954 -0.696825 0.745377 1.34488 -0.160022 0.645603 2.05264 -2.42957 1.62739 -1.48795
2.19573 0.735858 1.49685 1.50405 1.15447 -2.05284 -2.21954 -0.696825 0.745377 1.34488 -0.160022 0.645603 2.05264 -2.42957 1.62739 -1.48795
2.18919 0.735858 1.49685 1.50405 1.15447 -2.05284 -2.21954 -0.696825 0.745377 1.34488 -0.160022 0.645603 2.05264 -2.42957 1.62739 -1.48795
2.18238 0.735858 1.49685 1.50405 1.15447 -2.05284 -2.21954 -0.696825 0.745377 1.34488 -0.160022 0.645603 2.05264 -2.42957 1.62739 -1.48795
2.17579 0.735858 1.49685 1.50405 1.15447 -2.05284 -2.21954 -0.696825 0.745377 1.34488 -0.160022 0.645603 2.05264 -2.42957 1.62739 -1.48795
2.16915 0.735858 1.49685 1.50405 1.15447 -2.05284 -2.21954 -0.696825 0.745377 1.34488 -0.160022 0.645603 2.05264 -2.42957 1.62739 -1.48795
2.16254 0.735858 1.49685 1.50405 1.15447 -2.05284 -2.21954 -0.696825 0.745377 1.34488 -0.160022 0.645603 2.05264 -2.42957 1.62739 -1.48795
2.15591 0.735858 1.49685 1.50405 1.15447 -2.05284 -2.21954 -0.696825 0.745377 1.34488 -0.160022 0.645603 2.05264 -2.42957 1.62739 -1.48795
2.14911 0.735858 1.49685 1.50405 1.15447 -2.05284 -2.21954 -0.696825 0.745377 1.34488 -0.160022 0.645603 2.05264 -2.42957 1.62739 -1.48795
2.14234 0.735858 1.49685 1.50405 1.15447 -2.05284 -2.21954 -0.696825 0.745377 1.34488 -0.160022 0.645603 2.05264 -2.42957 1.62739 -1.48795
2.13562 0.735858 1.49685 1.50405 1.15447 -2.05284 -2.21954 -0.696825 0.745377 1.34488 -0.160022 0.645603 2.05264 -2.42957 1.62739 -1.48795
2.1283 0.735858 1.49685 1.50405 1.15447 -2.05284 -2.21954 -0.696825 0.745377 1.34488 -0.160022 0.645603 2.05264 -2.42957 1.62739 -1.48795
2.12132 0.735858 1.49685 1.50405 1.15447 -2.05284 -2.21954 -0.696825 0.745377 1.34488 -0.160022 0.645603 2.05264 -2.42957 1.62739 -1.48795
2.11428 0.735858 1.49685 1.50405 1.15447 -2.05284 -2.21954 -0.696825 0.745377 1.34488 -0.160022 0.645603 2.05264 -2.42957 1.62739 -1.48795
2.10714 0.735858 1.49685 1.50405 1.15447 -2.05284 -2.21954 -0.696825 0.745377 1.34488 -0.160022 0.645603 2.05264 -2.42957 1.62739 -1.48795
2.0998 0.735858 1.49685 1.50405 1.15447 -2.05284 -2.21954 -0.696825 0.745377 1.34488 -0.160022 0.645603 2.05264 -2.42957 1.62739 -1.48795
2.09249 0.735858 1.49685 1.50405 1.15447 -2.05284 -2.21954 -0.696825 0.745377 1.34488 -0.160022 0.645603 2.05264 -2.42957 1.62739 -1.48795
