26.443
26.454
26.464
26.475
26.485
26.496
26.506
26.516
26.527
26.539
26.562
26.58
26.6
26.62
26.641
26.662
26.682
26.703
26.724
26.744
26.783
26.822
26.86
26.899
26.937
26.975
27.016
27.054
27.094
27.133
27.172
27.21
27.249
27.288
27.326
27.365
27.404
27.444
27.484
27.524
27.563
27.603
27.645
27.685
27.724
27.763
27.802
27.84
27.88
27.918
27.957
27.996
28.034
28.073
28.112
28.151
28.19
28.228
28.267
28.306
28.345
28.383
28.422
28.462
28.501
28.541
28.58
28.621
28.66
28.699
28.738
28.777
28.816
28.855
28.895
28.934
28.973
29.011
29.05
29.089
29.128
