0
0
0
0
0
0
0
0
0
-0.0105281
0
-0.0315844
-0.0421125
-0.0526406
-0.0526406
-0.084225
-0.084225
-0.0736969
-0.0736969
-0.0736969
-0.0947531
-0.0947531
-0.0947531
-0.0947531
-0.0947531
-0.084225
-0.0947531
-0.0947531
-0.084225
-0.0947531
-0.0947531
-0.0947531
-0.0947531
-0.0947531
-0.0947531
-0.084225
-0.0947531
-0.105281
-0.0947531
-0.0947531
-0.0947531
-0.0947531
-0.0947531
-0.105281
-0.105281
-0.0947531
-0.0947531
-0.105281
-0.0947531
-0.105281
-0.105281
-0.0947531
-0.115809
-0.105281
-0.105281
-0.105281
-0.105281
-0.105281
-0.105281
-0.105281
-0.105281
-0.115809
-0.115809
-0.105281
-0.105281
-0.105281
-0.115809
-0.105281
-0.105281
-0.115809
-0.115809
-0.115809
-0.105281
-0.105281
-0.105281
-0.115809
-0.105281
-0.115809
-0.115809
-0.105281
-0.115809
-0.115809
-0.105281
-0.105281
-0.115809
-0.115809
-0.115809
-0.105281
-0.126338
-0.126338
0.0210563
0.0105281
0.0105281
0
0
0.0421125
0.0526406
0.0736969
0.0736969
0.0947531
0.115809
0.136866
0.157922
0.16845
0.231619
0.242147
0.231619
0.273731
0.263203
0.263203
0.284259
0.294788
0.315844
0.326372
0.347428
0.357956
0.347428
0.379013
0.400069
0.410597
0.421125
0.442181
0.442181
