2.51708 0.33131 0.174667 -1.38515 -1.03192 0.91753 -1.54184 1.21151 2.66929 -0.681138 1.99151 -1.20285 -1.20094 2.91628 2.04963 -2.88214
2.51708 0.33131 0.174667 -1.38515 -1.03192 0.91753 -1.54184 1.21151 2.66929 -0.681138 1.99151 -1.20285 -1.20094 2.91628 2.04963 -2.88214
2.51708 0.33131 0.174667 -1.38515 -1.03192 0.91753 -1.54184 1.21151 2.66929 -0.681138 1.99151 -1.20285 -1.20094 2.91628 2.04963 -2.88214
2.51708 0.33131 0.174667 -1.38515 -1.03192 0.91753 -1.54184 1.21151 2.66929 -0.681138 1.99151 -1.20285 -1.20094 2.91628 2.04963 -2.88214
2.51708 0.33131 0.174667 -1.38515 -1.03192 0.91753 -1.54184 1.21151 2.66929 -0.681138 1.99151 -1.20285 -1.20094 2.91628 2.04963 -2.88214
2.51708 0.33131 0.174667 -1.38515 -1.03192 0.91753 -1.54184 1.21151 2.66929 -0.681138 1.99151 -1.20285 -1.20094 2.91628 2.04963 -2.88214
2.51709 0.33131 0.174667 -1.38515 -1.03192 0.91753 -1.54184 1.21151 2.66929 -0.681138 1.99151 -1.20285 -1.20094 2.91628 2.04963 -2.88214
2.51709 0.33131 0.174667 -1.38515 -1.03192 0.91753 -1.54184 1.21151 2.66929 -0.681138 1.99151 -1.20285 -1.20094 2.91628 2.04963 -2.88214
2.51707 0.33131 0.174667 -1.38515 -1.03192 0.91753 -1.54184 1.21151 2.66929 -0.681138 1.99151 -1.20285 -1.20094 2.91628 2.04963 -2.88214
2.51696 0.33131 0.174667 -1.38515 -1.03192 0.91753 -1.54184 1.21151 2.66929 -0.681138 1.99151 -1.20285 -1.20094 2.91628 2.04963 -2.88214
2.51679 0.33131 0.174667 -1.38515 -1.03192 0.91753 -1.54184 1.21151 2.66929 -0.681138 1.99151 -1.20285 -1.20094 2.91628 2.04963 -2.88214
2.51638 0.33131 0.174667 -1.38515 -1.03192 0.91753 -1.54184 1.21151 2.66929 -0.681138 1.99151 -1.20285 -1.20094 2.91628 2.04963 -2.88214
2.51567 0.33131 0.174667 -1.38515 -1.03192 0.91753 -1.54184 1.21151 2.66929 -0.681138 1.99151 -1.20285 -1.20094 2.91628 2.04963 -2.88214
2.51466 0.33131 0.174667 -1.38515 -1.03192 0.91753 -1.54184 1.21151 2.66929 -0.681138 1.99151 -1.20285 -1.20094 2.91628 2.04963 -2.88214
2.51353 0.33131 0.174667 -1.38515 -1.03192 0.91753 -1.54184 1.21151 2.66929 -0.681138 1.99151 -1.20285 -1.20094 2.91628 2.04963 -2.88214
2.51222 0.33131 0.174667 -1.38515 -1.03192 0.91753 -1.54184 1.21151 2.66929 -0.681138 1.99151 -1.20285 -1.20094 2.91628 2.04963 -2.88214
2.51062 0.33131 0.174667 -1.38515 -1.03192 0.91753 -1.54184 1.21151 2.66929 -0.681138 1.99151 -1.20285 -1.20094 2.91628 2.04963 -2.88214
2.50915 0.33131 0.174667 -1.38515 -1.03192 0.91753 -1.54184 1.21151 2.66929 -0.681138 1.99151 -1.20285 -1.20094 2.91628 2.04963 -2.88214
2.5077 0.33131 0.174667 -1.38515 -1.03192 0.91753 -1.54184 1.21151 2.66929 -0.681138 1.99151 -1.20285 -1.20094 2.91628 2.04963 -2.88214
2.50625 0.33131 0.174667 -1.38515 -1.03192 0.91753 -1.54184 1.21151 2.66929 -0.681138 1.99151 -1.20285 -1.20094 2.91628 2.04963 -2.88214
2.50306 0.33131 0.174667 -1.38515 -1.03192 0.91753 -1.54184 1.21151 2.66929 -0.681138 1.99151 -1.20285 -1.20094 2.91628 2.04963 -2.88214
2.49952 0.33131 0.174667 -1.38515 -1.03192 0.91753 -1.54184 1.21151 2.66929 -0.681138 1.99151 -1.20285 -1.20094 2.91628 2.04963 -2.88214
2.49591 0.33131 0.174667 -1.38515 -1.03192 0.91753 -1.54184 1.21151 2.66929 -0.681138 1.99151 -1.20285 -1.20094 2.91628 2.04963 -2.88214
2.49217 0.33131 0.174667 -1.38515 -1.03192 0.91753 -1.54184 1.21151 2.66929 -0.681138 1.99151 -1.20285 -1.20094 2.91628 2.04963 -2.88214
2.4886 0.33131 0.174667 -1.38515 -1.03192 0.91753 -1.54184 1.21151 2.66929 -0.681138 1.99151 -1.20285 -1.20094 2.91628 2.04963 -2.88214
2.48518 0.33131 0.174667 -1.38515 -1.03192 0.91753 -1.54184 1.21151 2.66929 -0.681138 1.99151 -1.20285 -1.20094 2.91628 2.04963 -2.88214
2.48171 0.33131 0.174667 -1.38515 -1.03192 0.91753 -1.54184 1.21151 2.66929 -0.681138 1.99151 -1.20285 -1.20094 2.91628 2.04963 -2.88214
2.47821 0.33131 0.174667 -1.38515 -1.03192 0.91753 -1.54184 1.21151 2.66929 -0.681138 1.99151 -1.20285 -1.20094 2.91628 2.04963 -2.88214
2.47475 0.33131 0.174667 -1.38515 -1.03192 0.91753 -1.54184 1.21151 2.66929 -0.681138 1.99151 -1.20285 -1.20094 2.91628 2.04963 -2.88214
2.47121 0.33131 0.174667 -1.38515 -1.03192 0.91753 -1.54184 1.21151 2.66929 -0.681138 1.99151 -1.20285 -1.20094 2.91628 2.04963 -2.88214
2.46727 0.33131 0.174667 -1.38515 -1.03192 0.91753 -1.54184 1.21151 2.66929 -0.681138 1.99151 -1.20285 -1.20094 2.91628 2.04963 -2.88214
2.46367 0.33131 0.174667 -1.38515 -1.03192 0.91753 -1.54184 1.21151 2.66929 -0.681138 1.99151 -1.20285 -1.20094 2.91628 2.04963 -2.88214
2.45979 0.33131 0.174667 -1.38515 -1.03192 0.91753 -1.54184 1.21151 2.66929 -0.681138 1.99151 -1.20285 -1.20094 2.91628 2.04963 -2.88214
2.45621 0.33131 0.174667 -1.38515 -1.03192 0.91753 -1.54184 1.21151 2.66929 -0.681138 1.99151 -1.20285 -1.20094 2.91628 2.04963 -2.88214
2.45238 0.33131 0.174667 -1.38515 -1.03192 0.91753 -1.54184 1.21151 2.66929 -0.681138 1.99151 -1.20285 -1.20094 2.91628 2.04963 -2.88214
2.44871 0.33131 0.174667 -1.38515 -1.03192 0.91753 -1.54184 1.21151 2.66929 -0.681138 1.99151 -1.20285 -1.20094 2.91628 2.04963 -2.88214
2.44507 0.33131 0.174667 -1.38515 -1.03192 0.91753 -1.54184 1.21151 2.66929 -0.681138 1.99151 -1.20285 -1.20094 2.91628 2.04963 -2.88214
2.44136 0.33131 0.174667 -1.38515 -1.03192 0.91753 -1.54184 1.21151 2.66929 -0.681138 1.99151 -1.20285 -1.20094 2.91628 2.04963 -2.88214
2.43758 0.33131 0.174667 -1.38515 -1.03192 0.91753 -1.54184 1.21151 2.66929 -0.681138 1.99151 -1.20285 -1.20094 2.91628 2.04963 -2.88214
2.43386 0.33131 0.174667 -1.38515 -1.03192 0.91753 -1.54184 1.21151 2.66929 -0.681138 1.99151 -1.20285 -1.20094 2.91628 2.04963 -2.88214
2.43005 0.33131 0.174667 -1.38515 -1.03192 0.91753 -1.54184 1.21151 2.66929 -0.681138 1.99151 -1.20285 -1.20094 2.91628 2.04963 -2.88214
2.42626 0.33131 0.174667 -1.38515 -1.03192 0.91753 -1.54184 1.21151 2.66929 -0.681138 1.99151 -1.20285 -1.20094 2.91628 2.04963 -2.88214
2.4224 0.33131 0.174667 -1.38515 -1.03192 0.91753 -1.54184 1.21151 2.66929 -0.681138 1.99151 -1.20285 -1.20094 2.91628 2.04963 -2.88214
2.41861 0.33131 0.174667 -1.38515 -1.03192 0.91753 -1.54184 1.21151 2.66929 -0.681138 1.99151 -1.20285 -1.20094 2.91628 2.04963 -2.88214
2.41481 0.33131 0.174667 -1.38515 -1.03192 0.91753 -1.54184 1.21151 2.66929 -0.681138 1.99151 -1.20285 -1.20094 2.91628 2.04963 -2.88214
2.41094 0.33131 0.174667 -1.38515 -1.03192 0.91753 -1.54184 1.21151 2.66929 -0.681138 1.99151 -1.20285 -1.20094 2.91628 2.04963 -2.88214
2.40709 0.33131 0.174667 -1.38515 -1.03192 0.91753 -1.54184 1.21151 2.66929 -0.681138 1.99151 -1.20285 -1.20094 2.91628 2.04963 -2.88214
2.40318 0.33131 0.174667 -1.38515 -1.03192 0.91753 -1.54184 1.21151 2.66929 -0.681138 1.99151 -1.20285 -1.20094 2.91628 2.04963 -2.88214
2.39935 0.33131 0.174667 -1.38515 -1.03192 0.91753 -1.54184 1.21151 2.66929 -0.681138 1.99151 -1.20285 -1.20094 2.91628 2.04963 -2.88214
2.39548 0.33131 0.174667 -1.38515 -1.03192 0.91753 -1.54184 1.21151 2.66929 -0.681138 1.99151 -1.20285 -1.20094 2.91628 2.04963 -2.88214
2.39155 0.33131 0.174667 -1.38515 -1.03192 0.91753 -1.54184 1.21151 2.66929 -0.681138 1.99151 -1.20285 -1.20094 2.91628 2.04963 -2.88214
2.38741 0.33131 0.174667 -1.38515 -1.03192 0.91753 -1.54184 1.21151 2.66929 -0.681138 1.99151 -1.20285 -1.20094 2.91628 2.04963 -2.88214
2.38349 0.33131 0.174667 -1.38515 -1.03192 0.91753 -1.54184 1.21151 2.66929 -0.681138 1.99151 -1.20285 -1.20094 2.91628 2.04963 -2.88214
2.37914 0.33131 0.174667 -1.38515 -1.03192 0.91753 -1.54184 1.21151 2.66929 -0.681138 1.99151 -1.20285 -1.20094 2.91628 2.04963 -2.88214
2.37495 0.33131 0.174667 -1.38515 -1.03192 0.91753 -1.54184 1.21151 2.66929 -0.681138 1.99151 -1.20285 -1.20094 2.91628 2.04963 -2.88214
2.37072 0.33131 0.174667 -1.38515 -1.03192 0.91753 -1.54184 1.21151 2.66929 -0.681138 1.99151 -1.20285 -1.20094 2.91628 2.04963 -2.88214
2.36672 0.33131 0.174667 -1.38515 -1.03192 0.91753 -1.54184 1.21151 2.66929 -0.681138 1.99151 -1.20285 -1.20094 2.91628 2.04963 -2.88214
2.36277 0.33131 0.174667 -1.38515 -1.03192 0.91753 -1.54184 1.21151 2.66929 -0.681138 1.99151 -1.20285 -1.20094 2.91628 2.04963 -2.88214
2.35881 0.33131 0.174667 -1.38515 -1.03192 0.91753 -1.54184 1.21151 2.66929 -0.681138 1.99151 -1.20285 -1.20094 2.91628 2.04963 -2.88214
2.35478 0.33131 0.174667 -1.38515 -1.03192 0.91753 -1.54184 1.21151 2.66929 -0.681138 1.99151 -1.20285 -1.20094 2.91628 2.04963 -2.88214
2.35064 0.33131 0.174667 -1.38515 -1.03192 0.91753 -1.54184 1.21151 2.66929 -0.681138 1.99151 -1.20285 -1.20094 2.91628 2.04963 -2.88214
2.34657 0.33131 0.174667 -1.38515 -1.03192 0.91753 -1.54184 1.21151 2.66929 -0.681138 1.99151 -1.20285 -1.20094 2.91628 2.04963 -2.88214
2.3425 0.33131 0.174667 -1.38515 -1.03192 0.91753 -1.54184 1.21151 2.66929 -0.681138 1.99151 -1.20285 -1.20094 2.91628 2.04963 -2.88214
2.33842 0.33131 0.174667 -1.38515 -1.03192 0.91753 -1.54184 1.21151 2.66929 -0.681138 1.99151 -1.20285 -1.20094 2.91628 2.04963 -2.88214
2.33427 0.33131 0.174667 -1.38515 -1.03192 0.91753 -1.54184 1.21151 2.66929 -0.681138 1.99151 -1.20285 -1.20094 2.91628 2.04963 -2.88214
2.33005 0.33131 0.174667 -1.38515 -1.03192 0.91753 -1.54184 1.21151 2.66929 -0.681138 1.99151 -1.20285 -1.20094 2.91628 2.04963 -2.88214
2.32585 0.33131 0.174667 -1.38515 -1.03192 0.91753 -1.54184 1.21151 2.66929 -0.681138 1.99151 -1.20285 -1.20094 2.91628 2.04963 -2.88214
2.32169 0.33131 0.174667 -1.38515 -1.03192 0.91753 -1.54184 1.21151 2.66929 -0.681138 1.99151 -1.20285 -1.20094 2.91628 2.04963 -2.88214
2.31725 0.33131 0.174667 -1.38515 -1.03192 0.91753 -1.54184 1.21151 2.66929 -0.681138 1.99151 -1.20285 -1.20094 2.91628 2.04963 -2.88214
2.31299 0.33131 0.174667 -1.38515 -1.03192 0.91753 -1.54184 1.21151 2.66929 -0.681138 1.99151 -1.20285 -1.20094 2.91628 2.04963 -2.88214
2.30865 0.33131 0.174667 -1.38515 -1.03192 0.91753 -1.54184 1.21151 2.66929 -0.681138 1.99151 -1.20285 -1.20094 2.91628 2.04963 -2.88214
2.30437 0.33131 0.174667 -1.38515 -1.03192 0.91753 -1.54184 1.21151 2.66929 -0.681138 1.99151 -1.20285 -1.20094 2.91628 2.04963 -2.88214
2.30008 0.33131 0.174667 -1.38515 -1.03192 0.91753 -1.54184 1.21151 2.66929 -0.681138 1.99151 -1.20285 -1.20094 2.91628 2.04963 -2.88214
2.29562 0.33131 0.174667 -1.38515 -1.03192 0.91753 -1.54184 1.21151 2.66929 -0.681138 1.99151 -1.20285 -1.20094 2.91628 2.04963 -2.88214
2.29125 0.33131 0.174667 -1.38515 -1.03192 0.91753 -1.54184 1.21151 2.66929 -0.681138 1.99151 -1.20285 -1.20094 2.91628 2.04963 -2.88214
2.2869 0.33131 0.174667 -1.38515 -1.03192 0.91753 -1.54184 1.21151 2.66929 -0.681138 1.99151 -1.20285 -1.20094 2.91628 2.04963 -2.88214
2.28261 0.33131 0.174667 -1.38515 -1.03192 0.91753 -1.54184 1.21151 2.66929 -0.681138 1.99151 -1.20285 -1.20094 2.91628 2.04963 -2.88214
2.2783 0.33131 0.174667 -1.38515 -1.03192 0.91753 -1.54184 1.21151 2.66929 -0.681138 1.99151 -1.20285 -1.20094 2.91628 2.04963 -2.88214
2.27395 0.33131 0.174667 -1.38515 -1.03192 0.91753 -1.54184 1.21151 2.66929 -0.681138 1.99151 -1.20285 -1.20094 2.91628 2.04963 -2.88214
2.26869 0.33131 0.174667 -1.38515 -1.03192 0.91753 -1.54184 1.21151 2.66929 -0.681138 1.99151 -1.20285 -1.20094 2.91628 2.04963 -2.88214
2.26404 0.33131 0.174667 -1.38515 -1.03192 0.91753 -1.54184 1.21151 2.66929 -0.681138 1.99151 -1.20285 -1.20094 2.91628 2.04963 -2.88214
2.25947 0.33131 0.174667 -1.38515 -1.03192 0.91753 -1.54184 1.21151 2.66929 -0.681138 1.99151 -1.20285 -1.20094 2.91628 2.04963 -2.88214
2.25504 0.33131 0.174667 -1.38515 -1.03192 0.91753 -1.54184 1.21151 2.66929 -0.681138 1.99151 -1.20285 -1.20094 2.91628 2.04963 -2.88214
2.25057 0.33131 0.174667 -1.38515 -1.03192 0.91753 -1.54184 1.21151 2.66929 -0.681138 1.99151 -1.20285 -1.20094 2.91628 2.04963 -2.88214
2.24609 0.33131 0.174667 -1.38515 -1.03192 0.91753 -1.54184 1.21151 2.66929 -0.681138 1.99151 -1.20285 -1.20094 2.91628 2.04963 -2.88214
2.24166 0.33131 0.174667 -1.38515 -1.03192 0.91753 -1.54184 1.21151 2.66929 -0.681138 1.99151 -1.20285 -1.20094 2.91628 2.04963 -2.88214
2.2372 0.33131 0.174667 -1.38515 -1.03192 0.91753 -1.54184 1.21151 2.66929 -0.681138 1.99151 -1.20285 -1.20094 2.91628 2.04963 -2.88214
2.23263 0.33131 0.174667 -1.38515 -1.03192 0.91753 -1.54184 1.21151 2.66929 -0.681138 1.99151 -1.20285 -1.20094 2.91628 2.04963 -2.88214
2.22805 0.33131 0.174667 -1.38515 -1.03192 0.91753 -1.54184 1.21151 2.66929 -0.681138 1.99151 -1.20285 -1.20094 2.91628 2.04963 -2.88214
2.2233 0.33131 0.174667 -1.38515 -1.03192 0.91753 -1.54184 1.21151 2.66929 -0.681138 1.99151 -1.20285 -1.20094 2.91628 2.04963 -2.88214
2.21342 0.33131 0.174667 -1.38515 -1.03192 0.91753 -1.54184 1.21151 2.66929 -0.681138 1.99151 -1.20285 -1.20094 2.91628 2.04963 -2.88214
2.21359 0.33131 0.174667 -1.38515 -1.03192 0.91753 -1.54184 1.21151 2.66929 -0.681138 1.99151 -1.20285 -1.20094 2.91628 2.04963 -2.88214
2.21379 0.33131 0.174667 -1.38515 -1.03192 0.91753 -1.54184 1.21151 2.66929 -0.681138 1.99151 -1.20285 -1.20094 2.91628 2.04963 -2.88214
2.21397 0.33131 0.174667 -1.38515 -1.03192 0.91753 -1.54184 1.21151 2.66929 -0.681138 1.99151 -1.20285 -1.20094 2.91628 2.04963 -2.88214
2.21414 0.33131 0.174667 -1.38515 -1.03192 0.91753 -1.54184 1.21151 2.66929 -0.681138 1.99151 -1.20285 -1.20094 2.91628 2.04963 -2.88214
2.21443 0.33131 0.174667 -1.38515 -1.03192 0.91753 -1.54184 1.21151 2.66929 -0.681138 1.99151 -1.20285 -1.20094 2.91628 2.04963 -2.88214
2.21511 0.33131 0.174667 -1.38515 -1.03192 0.91753 -1.54184 1.21151 2.66929 -0.681138 1.99151 -1.20285 -1.20094 2.91628 2.04963 -2.88214
2.21645 0.33131 0.174667 -1.38515 -1.03192 0.91753 -1.54184 1.21151 2.66929 -0.681138 1.99151 -1.20285 -1.20094 2.91628 2.04963 -2.88214
2.21818 0.33131 0.174667 -1.38515 -1.03192 0.91753 -1.54184 1.21151 2.66929 -0.681138 1.99151 -1.20285 -1.20094 2.91628 2.04963 -2.88214
2.22013 0.33131 0.174667 -1.38515 -1.03192 0.91753 -1.54184 1.21151 2.66929 -0.681138 1.99151 -1.20285 -1.20094 2.91628 2.04963 -2.88214
2.22439 0.33131 0.174667 -1.38515 -1.03192 0.91753 -1.54184 1.21151 2.66929 -0.681138 1.99151 -1.20285 -1.20094 2.91628 2.04963 -2.88214
2.22934 0.33131 0.174667 -1.38515 -1.03192 0.91753 -1.54184 1.21151 2.66929 -0.681138 1.99151 -1.20285 -1.20094 2.91628 2.04963 -2.88214
2.23496 0.33131 0.174667 -1.38515 -1.03192 0.91753 -1.54184 1.21151 2.66929 -0.681138 1.99151 -1.20285 -1.20094 2.91628 2.04963 -2.88214
2.24133 0.33131 0.174667 -1.38515 -1.03192 0.91753 -1.54184 1.21151 2.66929 -0.681138 1.99151 -1.20285 -1.20094 2.91628 2.04963 -2.88214
2.24918 0.33131 0.174667 -1.38515 -1.03192 0.91753 -1.54184 1.21151 2.66929 -0.681138 1.99151 -1.20285 -1.20094 2.91628 2.04963 -2.88214
2.25864 0.33131 0.174667 -1.38515 -1.03192 0.91753 -1.54184 1.21151 2.66929 -0.681138 1.99151 -1.20285 -1.20094 2.91628 2.04963 -2.88214
2.26806 0.33131 0.174667 -1.38515 -1.03192 0.91753 -1.54184 1.21151 2.66929 -0.681138 1.99151 -1.20285 -1.20094 2.91628 2.04963 -2.88214
2.27792 0.33131 0.174667 -1.38515 -1.03192 0.91753 -1.54184 1.21151 2.66929 -0.681138 1.99151 -1.20285 -1.20094 2.91628 2.04963 -2.88214
2.28808 0.33131 0.174667 -1.38515 -1.03192 0.91753 -1.54184 1.21151 2.66929 -0.681138 1.99151 -1.20285 -1.20094 2.91628 2.04963 -2.88214
2.29861 0.33131 0.174667 -1.38515 -1.03192 0.91753 -1.54184 1.21151 2.66929 -0.681138 1.99151 -1.20285 -1.20094 2.91628 2.04963 -2.88214
2.30969 0.33131 0.174667 -1.38515 -1.03192 0.91753 -1.54184 1.21151 2.66929 -0.681138 1.99151 -1.20285 -1.20094 2.91628 2.04963 -2.88214
2.32099 0.33131 0.174667 -1.38515 -1.03192 0.91753 -1.54184 1.21151 2.66929 -0.681138 1.99151 -1.20285 -1.20094 2.91628 2.04963 -2.88214
2.33318 0.33131 0.174667 -1.38515 -1.03192 0.91753 -1.54184 1.21151 2.66929 -0.681138 1.99151 -1.20285 -1.20094 2.91628 2.04963 -2.88214
2.34554 0.33131 0.174667 -1.38515 -1.03192 0.91753 -1.54184 1.21151 2.66929 -0.681138 1.99151 -1.20285 -1.20094 2.91628 2.04963 -2.88214
2.35841 0.33131 0.174667 -1.38515 -1.03192 0.91753 -1.54184 1.21151 2.66929 -0.681138 1.99151 -1.20285 -1.20094 2.91628 2.04963 -2.88214
2.37198 0.33131 0.174667 -1.38515 -1.03192 0.91753 -1.54184 1.21151 2.66929 -0.681138 1.99151 -1.20285 -1.20094 2.91628 2.04963 -2.88214
2.38582 0.33131 0.174667 -1.38515 -1.03192 0.91753 -1.54184 1.21151 2.66929 -0.681138 1.99151 -1.20285 -1.20094 2.91628 2.04963 -2.88214
2.4001 0.33131 0.174667 -1.38515 -1.03192 0.91753 -1.54184 1.21151 2.66929 -0.681138 1.99151 -1.20285 -1.20094 2.91628 2.04963 -2.88214
2.41519 0.33131 0.174667 -1.38515 -1.03192 0.91753 -1.54184 1.21151 2.66929 -0.681138 1.99151 -1.20285 -1.20094 2.91628 2.04963 -2.88214
2.43053 0.33131 0.174667 -1.38515 -1.03192 0.91753 -1.54184 1.21151 2.66929 -0.681138 1.99151 -1.20285 -1.20094 2.91628 2.04963 -2.88214
2.44657 0.33131 0.174667 -1.38515 -1.03192 0.91753 -1.54184 1.21151 2.66929 -0.681138 1.99151 -1.20285 -1.20094 2.91628 2.04963 -2.88214
2.46333 0.33131 0.174667 -1.38515 -1.03192 0.91753 -1.54184 1.21151 2.66929 -0.681138 1.99151 -1.20285 -1.20094 2.91628 2.04963 -2.88214
2.4805 0.33131 0.174667 -1.38515 -1.03192 0.91753 -1.54184 1.21151 2.66929 -0.681138 1.99151 -1.20285 -1.20094 2.91628 2.04963 -2.88214
