2.063
2.074
2.084
2.094
2.105
2.115
2.126
2.136
2.146
2.158
2.177
2.197
2.218
2.239
2.26
2.28
2.301
2.321
2.342
2.363
2.401
2.442
2.482
2.521
2.56
2.598
2.637
2.676
2.715
2.756
2.796
2.836
2.875
2.916
2.955
2.994
3.032
3.072
3.111
3.149
3.188
3.228
3.267
3.306
3.345
3.384
3.423
3.462
3.5
3.539
3.58
3.619
3.661
3.701
3.743
3.781
3.82
3.858
3.897
3.936
3.975
4.013
4.052
4.09
4.129
4.168
4.207
4.248
4.287
4.326
4.366
4.405
4.445
4.485
4.524
4.562
4.601
4.639
4.685
4.725
4.767
4.806
4.844
4.882
4.921
4.96
4.998
5.037
5.076
5.116
5.596
5.607
5.618
5.628
5.639
5.65
5.66
5.671
5.682
5.695
5.734
5.773
5.812
5.851
5.892
5.931
5.97
6.009
6.047
6.088
6.127
6.166
6.205
6.244
6.283
6.322
6.361
6.401
6.44
6.478
6.518
6.557
6.595
