1.31534 0.710443 -1.67876 -0.882315 -1.32803 0.273016 -2.6856 -1.94452 1.98202 -0.820088 1.70776 -0.77075 -1.67449 0.439453 1.44765 -2.95474
1.31534 0.710443 -1.67876 -0.882315 -1.32803 0.273016 -2.6856 -1.94452 1.98202 -0.820088 1.70776 -0.77075 -1.67449 0.439453 1.44765 -2.95474
1.31534 0.710443 -1.67876 -0.882315 -1.32803 0.273016 -2.6856 -1.94452 1.98202 -0.820088 1.70776 -0.77075 -1.67449 0.439453 1.44765 -2.95474
1.31534 0.710443 -1.67876 -0.882315 -1.32803 0.273016 -2.6856 -1.94452 1.98202 -0.820088 1.70776 -0.77075 -1.67449 0.439453 1.44765 -2.95474
1.31534 0.710443 -1.67876 -0.882315 -1.32803 0.273016 -2.6856 -1.94452 1.98202 -0.820088 1.70776 -0.77075 -1.67449 0.439453 1.44765 -2.95474
1.31535 0.710443 -1.67876 -0.882315 -1.32803 0.273016 -2.6856 -1.94452 1.98202 -0.820088 1.70776 -0.77075 -1.67449 0.439453 1.44765 -2.95474
1.31535 0.710443 -1.67876 -0.882315 -1.32803 0.273016 -2.6856 -1.94452 1.98202 -0.820088 1.70776 -0.77075 -1.67449 0.439453 1.44765 -2.95474
1.31578 0.710443 -1.67876 -0.882315 -1.32803 0.273016 -2.6856 -1.94452 1.98202 -0.820088 1.70776 -0.77075 -1.67449 0.439453 1.44765 -2.95474
1.3165 0.710443 -1.67876 -0.882315 -1.32803 0.273016 -2.6856 -1.94452 1.98202 -0.820088 1.70776 -0.77075 -1.67449 0.439453 1.44765 -2.95474
1.31728 0.710443 -1.67876 -0.882315 -1.32803 0.273016 -2.6856 -1.94452 1.98202 -0.820088 1.70776 -0.77075 -1.67449 0.439453 1.44765 -2.95474
1.31803 0.710443 -1.67876 -0.882315 -1.32803 0.273016 -2.6856 -1.94452 1.98202 -0.820088 1.70776 -0.77075 -1.67449 0.439453 1.44765 -2.95474
1.31883 0.710443 -1.67876 -0.882315 -1.32803 0.273016 -2.6856 -1.94452 1.98202 -0.820088 1.70776 -0.77075 -1.67449 0.439453 1.44765 -2.95474
1.31968 0.710443 -1.67876 -0.882315 -1.32803 0.273016 -2.6856 -1.94452 1.98202 -0.820088 1.70776 -0.77075 -1.67449 0.439453 1.44765 -2.95474
1.32056 0.710443 -1.67876 -0.882315 -1.32803 0.273016 -2.6856 -1.94452 1.98202 -0.820088 1.70776 -0.77075 -1.67449 0.439453 1.44765 -2.95474
1.32152 0.710443 -1.67876 -0.882315 -1.32803 0.273016 -2.6856 -1.94452 1.98202 -0.820088 1.70776 -0.77075 -1.67449 0.439453 1.44765 -2.95474
1.32256 0.710443 -1.67876 -0.882315 -1.32803 0.273016 -2.6856 -1.94452 1.98202 -0.820088 1.70776 -0.77075 -1.67449 0.439453 1.44765 -2.95474
1.32376 0.710443 -1.67876 -0.882315 -1.32803 0.273016 -2.6856 -1.94452 1.98202 -0.820088 1.70776 -0.77075 -1.67449 0.439453 1.44765 -2.95474
1.32508 0.710443 -1.67876 -0.882315 -1.32803 0.273016 -2.6856 -1.94452 1.98202 -0.820088 1.70776 -0.77075 -1.67449 0.439453 1.44765 -2.95474
1.32652 0.710443 -1.67876 -0.882315 -1.32803 0.273016 -2.6856 -1.94452 1.98202 -0.820088 1.70776 -0.77075 -1.67449 0.439453 1.44765 -2.95474
1.32802 0.710443 -1.67876 -0.882315 -1.32803 0.273016 -2.6856 -1.94452 1.98202 -0.820088 1.70776 -0.77075 -1.67449 0.439453 1.44765 -2.95474
1.33118 0.710443 -1.67876 -0.882315 -1.32803 0.273016 -2.6856 -1.94452 1.98202 -0.820088 1.70776 -0.77075 -1.67449 0.439453 1.44765 -2.95474
1.33413 0.710443 -1.67876 -0.882315 -1.32803 0.273016 -2.6856 -1.94452 1.98202 -0.820088 1.70776 -0.77075 -1.67449 0.439453 1.44765 -2.95474
1.33725 0.710443 -1.67876 -0.882315 -1.32803 0.273016 -2.6856 -1.94452 1.98202 -0.820088 1.70776 -0.77075 -1.67449 0.439453 1.44765 -2.95474
1.34054 0.710443 -1.67876 -0.882315 -1.32803 0.273016 -2.6856 -1.94452 1.98202 -0.820088 1.70776 -0.77075 -1.67449 0.439453 1.44765 -2.95474
1.34392 0.710443 -1.67876 -0.882315 -1.32803 0.273016 -2.6856 -1.94452 1.98202 -0.820088 1.70776 -0.77075 -1.67449 0.439453 1.44765 -2.95474
1.34744 0.710443 -1.67876 -0.882315 -1.32803 0.273016 -2.6856 -1.94452 1.98202 -0.820088 1.70776 -0.77075 -1.67449 0.439453 1.44765 -2.95474
1.35097 0.710443 -1.67876 -0.882315 -1.32803 0.273016 -2.6856 -1.94452 1.98202 -0.820088 1.70776 -0.77075 -1.67449 0.439453 1.44765 -2.95474
1.35439 0.710443 -1.67876 -0.882315 -1.32803 0.273016 -2.6856 -1.94452 1.98202 -0.820088 1.70776 -0.77075 -1.67449 0.439453 1.44765 -2.95474
1.35791 0.710443 -1.67876 -0.882315 -1.32803 0.273016 -2.6856 -1.94452 1.98202 -0.820088 1.70776 -0.77075 -1.67449 0.439453 1.44765 -2.95474
1.36207 0.710443 -1.67876 -0.882315 -1.32803 0.273016 -2.6856 -1.94452 1.98202 -0.820088 1.70776 -0.77075 -1.67449 0.439453 1.44765 -2.95474
1.36617 0.710443 -1.67876 -0.882315 -1.32803 0.273016 -2.6856 -1.94452 1.98202 -0.820088 1.70776 -0.77075 -1.67449 0.439453 1.44765 -2.95474
1.37021 0.710443 -1.67876 -0.882315 -1.32803 0.273016 -2.6856 -1.94452 1.98202 -0.820088 1.70776 -0.77075 -1.67449 0.439453 1.44765 -2.95474
1.37418 0.710443 -1.67876 -0.882315 -1.32803 0.273016 -2.6856 -1.94452 1.98202 -0.820088 1.70776 -0.77075 -1.67449 0.439453 1.44765 -2.95474
1.37839 0.710443 -1.67876 -0.882315 -1.32803 0.273016 -2.6856 -1.94452 1.98202 -0.820088 1.70776 -0.77075 -1.67449 0.439453 1.44765 -2.95474
1.38283 0.710443 -1.67876 -0.882315 -1.32803 0.273016 -2.6856 -1.94452 1.98202 -0.820088 1.70776 -0.77075 -1.67449 0.439453 1.44765 -2.95474
1.38744 0.710443 -1.67876 -0.882315 -1.32803 0.273016 -2.6856 -1.94452 1.98202 -0.820088 1.70776 -0.77075 -1.67449 0.439453 1.44765 -2.95474
1.3921 0.710443 -1.67876 -0.882315 -1.32803 0.273016 -2.6856 -1.94452 1.98202 -0.820088 1.70776 -0.77075 -1.67449 0.439453 1.44765 -2.95474
1.39678 0.710443 -1.67876 -0.882315 -1.32803 0.273016 -2.6856 -1.94452 1.98202 -0.820088 1.70776 -0.77075 -1.67449 0.439453 1.44765 -2.95474
1.40163 0.710443 -1.67876 -0.882315 -1.32803 0.273016 -2.6856 -1.94452 1.98202 -0.820088 1.70776 -0.77075 -1.67449 0.439453 1.44765 -2.95474
1.40672 0.710443 -1.67876 -0.882315 -1.32803 0.273016 -2.6856 -1.94452 1.98202 -0.820088 1.70776 -0.77075 -1.67449 0.439453 1.44765 -2.95474
1.41176 0.710443 -1.67876 -0.882315 -1.32803 0.273016 -2.6856 -1.94452 1.98202 -0.820088 1.70776 -0.77075 -1.67449 0.439453 1.44765 -2.95474
1.41689 0.710443 -1.67876 -0.882315 -1.32803 0.273016 -2.6856 -1.94452 1.98202 -0.820088 1.70776 -0.77075 -1.67449 0.439453 1.44765 -2.95474
1.42219 0.710443 -1.67876 -0.882315 -1.32803 0.273016 -2.6856 -1.94452 1.98202 -0.820088 1.70776 -0.77075 -1.67449 0.439453 1.44765 -2.95474
1.42776 0.710443 -1.67876 -0.882315 -1.32803 0.273016 -2.6856 -1.94452 1.98202 -0.820088 1.70776 -0.77075 -1.67449 0.439453 1.44765 -2.95474
1.43342 0.710443 -1.67876 -0.882315 -1.32803 0.273016 -2.6856 -1.94452 1.98202 -0.820088 1.70776 -0.77075 -1.67449 0.439453 1.44765 -2.95474
1.43908 0.710443 -1.67876 -0.882315 -1.32803 0.273016 -2.6856 -1.94452 1.98202 -0.820088 1.70776 -0.77075 -1.67449 0.439453 1.44765 -2.95474
1.44548 0.710443 -1.67876 -0.882315 -1.32803 0.273016 -2.6856 -1.94452 1.98202 -0.820088 1.70776 -0.77075 -1.67449 0.439453 1.44765 -2.95474
1.45273 0.710443 -1.67876 -0.882315 -1.32803 0.273016 -2.6856 -1.94452 1.98202 -0.820088 1.70776 -0.77075 -1.67449 0.439453 1.44765 -2.95474
1.45906 0.710443 -1.67876 -0.882315 -1.32803 0.273016 -2.6856 -1.94452 1.98202 -0.820088 1.70776 -0.77075 -1.67449 0.439453 1.44765 -2.95474
1.466 0.710443 -1.67876 -0.882315 -1.32803 0.273016 -2.6856 -1.94452 1.98202 -0.820088 1.70776 -0.77075 -1.67449 0.439453 1.44765 -2.95474
1.4726 0.710443 -1.67876 -0.882315 -1.32803 0.273016 -2.6856 -1.94452 1.98202 -0.820088 1.70776 -0.77075 -1.67449 0.439453 1.44765 -2.95474
1.47936 0.710443 -1.67876 -0.882315 -1.32803 0.273016 -2.6856 -1.94452 1.98202 -0.820088 1.70776 -0.77075 -1.67449 0.439453 1.44765 -2.95474
1.48645 0.710443 -1.67876 -0.882315 -1.32803 0.273016 -2.6856 -1.94452 1.98202 -0.820088 1.70776 -0.77075 -1.67449 0.439453 1.44765 -2.95474
1.49374 0.710443 -1.67876 -0.882315 -1.32803 0.273016 -2.6856 -1.94452 1.98202 -0.820088 1.70776 -0.77075 -1.67449 0.439453 1.44765 -2.95474
1.50109 0.710443 -1.67876 -0.882315 -1.32803 0.273016 -2.6856 -1.94452 1.98202 -0.820088 1.70776 -0.77075 -1.67449 0.439453 1.44765 -2.95474
1.50875 0.710443 -1.67876 -0.882315 -1.32803 0.273016 -2.6856 -1.94452 1.98202 -0.820088 1.70776 -0.77075 -1.67449 0.439453 1.44765 -2.95474
1.51671 0.710443 -1.67876 -0.882315 -1.32803 0.273016 -2.6856 -1.94452 1.98202 -0.820088 1.70776 -0.77075 -1.67449 0.439453 1.44765 -2.95474
1.52485 0.710443 -1.67876 -0.882315 -1.32803 0.273016 -2.6856 -1.94452 1.98202 -0.820088 1.70776 -0.77075 -1.67449 0.439453 1.44765 -2.95474
1.53326 0.710443 -1.67876 -0.882315 -1.32803 0.273016 -2.6856 -1.94452 1.98202 -0.820088 1.70776 -0.77075 -1.67449 0.439453 1.44765 -2.95474
1.54179 0.710443 -1.67876 -0.882315 -1.32803 0.273016 -2.6856 -1.94452 1.98202 -0.820088 1.70776 -0.77075 -1.67449 0.439453 1.44765 -2.95474
1.55074 0.710443 -1.67876 -0.882315 -1.32803 0.273016 -2.6856 -1.94452 1.98202 -0.820088 1.70776 -0.77075 -1.67449 0.439453 1.44765 -2.95474
1.55981 0.710443 -1.67876 -0.882315 -1.32803 0.273016 -2.6856 -1.94452 1.98202 -0.820088 1.70776 -0.77075 -1.67449 0.439453 1.44765 -2.95474
1.5693 0.710443 -1.67876 -0.882315 -1.32803 0.273016 -2.6856 -1.94452 1.98202 -0.820088 1.70776 -0.77075 -1.67449 0.439453 1.44765 -2.95474
1.57892 0.710443 -1.67876 -0.882315 -1.32803 0.273016 -2.6856 -1.94452 1.98202 -0.820088 1.70776 -0.77075 -1.67449 0.439453 1.44765 -2.95474
1.58894 0.710443 -1.67876 -0.882315 -1.32803 0.273016 -2.6856 -1.94452 1.98202 -0.820088 1.70776 -0.77075 -1.67449 0.439453 1.44765 -2.95474
1.59943 0.710443 -1.67876 -0.882315 -1.32803 0.273016 -2.6856 -1.94452 1.98202 -0.820088 1.70776 -0.77075 -1.67449 0.439453 1.44765 -2.95474
1.60989 0.710443 -1.67876 -0.882315 -1.32803 0.273016 -2.6856 -1.94452 1.98202 -0.820088 1.70776 -0.77075 -1.67449 0.439453 1.44765 -2.95474
1.62066 0.710443 -1.67876 -0.882315 -1.32803 0.273016 -2.6856 -1.94452 1.98202 -0.820088 1.70776 -0.77075 -1.67449 0.439453 1.44765 -2.95474
1.63179 0.710443 -1.67876 -0.882315 -1.32803 0.273016 -2.6856 -1.94452 1.98202 -0.820088 1.70776 -0.77075 -1.67449 0.439453 1.44765 -2.95474
1.64324 0.710443 -1.67876 -0.882315 -1.32803 0.273016 -2.6856 -1.94452 1.98202 -0.820088 1.70776 -0.77075 -1.67449 0.439453 1.44765 -2.95474
1.65508 0.710443 -1.67876 -0.882315 -1.32803 0.273016 -2.6856 -1.94452 1.98202 -0.820088 1.70776 -0.77075 -1.67449 0.439453 1.44765 -2.95474
1.66787 0.710443 -1.67876 -0.882315 -1.32803 0.273016 -2.6856 -1.94452 1.98202 -0.820088 1.70776 -0.77075 -1.67449 0.439453 1.44765 -2.95474
1.67873 0.710443 -1.67876 -0.882315 -1.32803 0.273016 -2.6856 -1.94452 1.98202 -0.820088 1.70776 -0.77075 -1.67449 0.439453 1.44765 -2.95474
1.67741 0.710443 -1.67876 -0.882315 -1.32803 0.273016 -2.6856 -1.94452 1.98202 -0.820088 1.70776 -0.77075 -1.67449 0.439453 1.44765 -2.95474
1.67567 0.710443 -1.67876 -0.882315 -1.32803 0.273016 -2.6856 -1.94452 1.98202 -0.820088 1.70776 -0.77075 -1.67449 0.439453 1.44765 -2.95474
1.67387 0.710443 -1.67876 -0.882315 -1.32803 0.273016 -2.6856 -1.94452 1.98202 -0.820088 1.70776 -0.77075 -1.67449 0.439453 1.44765 -2.95474
1.67251 0.710443 -1.67876 -0.882315 -1.32803 0.273016 -2.6856 -1.94452 1.98202 -0.820088 1.70776 -0.77075 -1.67449 0.439453 1.44765 -2.95474
1.67102 0.710443 -1.67876 -0.882315 -1.32803 0.273016 -2.6856 -1.94452 1.98202 -0.820088 1.70776 -0.77075 -1.67449 0.439453 1.44765 -2.95474
1.66958 0.710443 -1.67876 -0.882315 -1.32803 0.273016 -2.6856 -1.94452 1.98202 -0.820088 1.70776 -0.77075 -1.67449 0.439453 1.44765 -2.95474
1.668 0.710443 -1.67876 -0.882315 -1.32803 0.273016 -2.6856 -1.94452 1.98202 -0.820088 1.70776 -0.77075 -1.67449 0.439453 1.44765 -2.95474
1.66666 0.710443 -1.67876 -0.882315 -1.32803 0.273016 -2.6856 -1.94452 1.98202 -0.820088 1.70776 -0.77075 -1.67449 0.439453 1.44765 -2.95474
1.66466 0.710443 -1.67876 -0.882315 -1.32803 0.273016 -2.6856 -1.94452 1.98202 -0.820088 1.70776 -0.77075 -1.67449 0.439453 1.44765 -2.95474
1.66043 0.710443 -1.67876 -0.882315 -1.32803 0.273016 -2.6856 -1.94452 1.98202 -0.820088 1.70776 -0.77075 -1.67449 0.439453 1.44765 -2.95474
1.65618 0.710443 -1.67876 -0.882315 -1.32803 0.273016 -2.6856 -1.94452 1.98202 -0.820088 1.70776 -0.77075 -1.67449 0.439453 1.44765 -2.95474
1.65186 0.710443 -1.67876 -0.882315 -1.32803 0.273016 -2.6856 -1.94452 1.98202 -0.820088 1.70776 -0.77075 -1.67449 0.439453 1.44765 -2.95474
1.64777 0.710443 -1.67876 -0.882315 -1.32803 0.273016 -2.6856 -1.94452 1.98202 -0.820088 1.70776 -0.77075 -1.67449 0.439453 1.44765 -2.95474
1.64358 0.710443 -1.67876 -0.882315 -1.32803 0.273016 -2.6856 -1.94452 1.98202 -0.820088 1.70776 -0.77075 -1.67449 0.439453 1.44765 -2.95474
1.63932 0.710443 -1.67876 -0.882315 -1.32803 0.273016 -2.6856 -1.94452 1.98202 -0.820088 1.70776 -0.77075 -1.67449 0.439453 1.44765 -2.95474
1.63508 0.710443 -1.67876 -0.882315 -1.32803 0.273016 -2.6856 -1.94452 1.98202 -0.820088 1.70776 -0.77075 -1.67449 0.439453 1.44765 -2.95474
1.63071 0.710443 -1.67876 -0.882315 -1.32803 0.273016 -2.6856 -1.94452 1.98202 -0.820088 1.70776 -0.77075 -1.67449 0.439453 1.44765 -2.95474
1.62624 0.710443 -1.67876 -0.882315 -1.32803 0.273016 -2.6856 -1.94452 1.98202 -0.820088 1.70776 -0.77075 -1.67449 0.439453 1.44765 -2.95474
1.62169 0.710443 -1.67876 -0.882315 -1.32803 0.273016 -2.6856 -1.94452 1.98202 -0.820088 1.70776 -0.77075 -1.67449 0.439453 1.44765 -2.95474
1.61736 0.710443 -1.67876 -0.882315 -1.32803 0.273016 -2.6856 -1.94452 1.98202 -0.820088 1.70776 -0.77075 -1.67449 0.439453 1.44765 -2.95474
1.61305 0.710443 -1.67876 -0.882315 -1.32803 0.273016 -2.6856 -1.94452 1.98202 -0.820088 1.70776 -0.77075 -1.67449 0.439453 1.44765 -2.95474
1.60869 0.710443 -1.67876 -0.882315 -1.32803 0.273016 -2.6856 -1.94452 1.98202 -0.820088 1.70776 -0.77075 -1.67449 0.439453 1.44765 -2.95474
1.60433 0.710443 -1.67876 -0.882315 -1.32803 0.273016 -2.6856 -1.94452 1.98202 -0.820088 1.70776 -0.77075 -1.67449 0.439453 1.44765 -2.95474
1.59999 0.710443 -1.67876 -0.882315 -1.32803 0.273016 -2.6856 -1.94452 1.98202 -0.820088 1.70776 -0.77075 -1.67449 0.439453 1.44765 -2.95474
1.59567 0.710443 -1.67876 -0.882315 -1.32803 0.273016 -2.6856 -1.94452 1.98202 -0.820088 1.70776 -0.77075 -1.67449 0.439453 1.44765 -2.95474
1.59121 0.710443 -1.67876 -0.882315 -1.32803 0.273016 -2.6856 -1.94452 1.98202 -0.820088 1.70776 -0.77075 -1.67449 0.439453 1.44765 -2.95474
1.58676 0.710443 -1.67876 -0.882315 -1.32803 0.273016 -2.6856 -1.94452 1.98202 -0.820088 1.70776 -0.77075 -1.67449 0.439453 1.44765 -2.95474
1.58226 0.710443 -1.67876 -0.882315 -1.32803 0.273016 -2.6856 -1.94452 1.98202 -0.820088 1.70776 -0.77075 -1.67449 0.439453 1.44765 -2.95474
1.57754 0.710443 -1.67876 -0.882315 -1.32803 0.273016 -2.6856 -1.94452 1.98202 -0.820088 1.70776 -0.77075 -1.67449 0.439453 1.44765 -2.95474
1.5731 0.710443 -1.67876 -0.882315 -1.32803 0.273016 -2.6856 -1.94452 1.98202 -0.820088 1.70776 -0.77075 -1.67449 0.439453 1.44765 -2.95474
1.5686 0.710443 -1.67876 -0.882315 -1.32803 0.273016 -2.6856 -1.94452 1.98202 -0.820088 1.70776 -0.77075 -1.67449 0.439453 1.44765 -2.95474
1.56408 0.710443 -1.67876 -0.882315 -1.32803 0.273016 -2.6856 -1.94452 1.98202 -0.820088 1.70776 -0.77075 -1.67449 0.439453 1.44765 -2.95474
1.55961 0.710443 -1.67876 -0.882315 -1.32803 0.273016 -2.6856 -1.94452 1.98202 -0.820088 1.70776 -0.77075 -1.67449 0.439453 1.44765 -2.95474
1.5551 0.710443 -1.67876 -0.882315 -1.32803 0.273016 -2.6856 -1.94452 1.98202 -0.820088 1.70776 -0.77075 -1.67449 0.439453 1.44765 -2.95474
1.55052 0.710443 -1.67876 -0.882315 -1.32803 0.273016 -2.6856 -1.94452 1.98202 -0.820088 1.70776 -0.77075 -1.67449 0.439453 1.44765 -2.95474
1.54599 0.710443 -1.67876 -0.882315 -1.32803 0.273016 -2.6856 -1.94452 1.98202 -0.820088 1.70776 -0.77075 -1.67449 0.439453 1.44765 -2.95474
1.54145 0.710443 -1.67876 -0.882315 -1.32803 0.273016 -2.6856 -1.94452 1.98202 -0.820088 1.70776 -0.77075 -1.67449 0.439453 1.44765 -2.95474
1.5369 0.710443 -1.67876 -0.882315 -1.32803 0.273016 -2.6856 -1.94452 1.98202 -0.820088 1.70776 -0.77075 -1.67449 0.439453 1.44765 -2.95474
1.53207 0.710443 -1.67876 -0.882315 -1.32803 0.273016 -2.6856 -1.94452 1.98202 -0.820088 1.70776 -0.77075 -1.67449 0.439453 1.44765 -2.95474
1.52708 0.710443 -1.67876 -0.882315 -1.32803 0.273016 -2.6856 -1.94452 1.98202 -0.820088 1.70776 -0.77075 -1.67449 0.439453 1.44765 -2.95474
1.52241 0.710443 -1.67876 -0.882315 -1.32803 0.273016 -2.6856 -1.94452 1.98202 -0.820088 1.70776 -0.77075 -1.67449 0.439453 1.44765 -2.95474
1.51742 0.710443 -1.67876 -0.882315 -1.32803 0.273016 -2.6856 -1.94452 1.98202 -0.820088 1.70776 -0.77075 -1.67449 0.439453 1.44765 -2.95474
1.51264 0.710443 -1.67876 -0.882315 -1.32803 0.273016 -2.6856 -1.94452 1.98202 -0.820088 1.70776 -0.77075 -1.67449 0.439453 1.44765 -2.95474
1.5079 0.710443 -1.67876 -0.882315 -1.32803 0.273016 -2.6856 -1.94452 1.98202 -0.820088 1.70776 -0.77075 -1.67449 0.439453 1.44765 -2.95474
1.50317 0.710443 -1.67876 -0.882315 -1.32803 0.273016 -2.6856 -1.94452 1.98202 -0.820088 1.70776 -0.77075 -1.67449 0.439453 1.44765 -2.95474
1.49843 0.710443 -1.67876 -0.882315 -1.32803 0.273016 -2.6856 -1.94452 1.98202 -0.820088 1.70776 -0.77075 -1.67449 0.439453 1.44765 -2.95474
1.49362 0.710443 -1.67876 -0.882315 -1.32803 0.273016 -2.6856 -1.94452 1.98202 -0.820088 1.70776 -0.77075 -1.67449 0.439453 1.44765 -2.95474
1.48882 0.710443 -1.67876 -0.882315 -1.32803 0.273016 -2.6856 -1.94452 1.98202 -0.820088 1.70776 -0.77075 -1.67449 0.439453 1.44765 -2.95474
1.48399 0.710443 -1.67876 -0.882315 -1.32803 0.273016 -2.6856 -1.94452 1.98202 -0.820088 1.70776 -0.77075 -1.67449 0.439453 1.44765 -2.95474
1.47922 0.710443 -1.67876 -0.882315 -1.32803 0.273016 -2.6856 -1.94452 1.98202 -0.820088 1.70776 -0.77075 -1.67449 0.439453 1.44765 -2.95474
1.47442 0.710443 -1.67876 -0.882315 -1.32803 0.273016 -2.6856 -1.94452 1.98202 -0.820088 1.70776 -0.77075 -1.67449 0.439453 1.44765 -2.95474
1.46956 0.710443 -1.67876 -0.882315 -1.32803 0.273016 -2.6856 -1.94452 1.98202 -0.820088 1.70776 -0.77075 -1.67449 0.439453 1.44765 -2.95474
1.46466 0.710443 -1.67876 -0.882315 -1.32803 0.273016 -2.6856 -1.94452 1.98202 -0.820088 1.70776 -0.77075 -1.67449 0.439453 1.44765 -2.95474
1.45976 0.710443 -1.67876 -0.882315 -1.32803 0.273016 -2.6856 -1.94452 1.98202 -0.820088 1.70776 -0.77075 -1.67449 0.439453 1.44765 -2.95474
1.45484 0.710443 -1.67876 -0.882315 -1.32803 0.273016 -2.6856 -1.94452 1.98202 -0.820088 1.70776 -0.77075 -1.67449 0.439453 1.44765 -2.95474
1.44955 0.710443 -1.67876 -0.882315 -1.32803 0.273016 -2.6856 -1.94452 1.98202 -0.820088 1.70776 -0.77075 -1.67449 0.439453 1.44765 -2.95474
1.44465 0.710443 -1.67876 -0.882315 -1.32803 0.273016 -2.6856 -1.94452 1.98202 -0.820088 1.70776 -0.77075 -1.67449 0.439453 1.44765 -2.95474
1.43966 0.710443 -1.67876 -0.882315 -1.32803 0.273016 -2.6856 -1.94452 1.98202 -0.820088 1.70776 -0.77075 -1.67449 0.439453 1.44765 -2.95474
1.43465 0.710443 -1.67876 -0.882315 -1.32803 0.273016 -2.6856 -1.94452 1.98202 -0.820088 1.70776 -0.77075 -1.67449 0.439453 1.44765 -2.95474
1.42959 0.710443 -1.67876 -0.882315 -1.32803 0.273016 -2.6856 -1.94452 1.98202 -0.820088 1.70776 -0.77075 -1.67449 0.439453 1.44765 -2.95474
1.42426 0.710443 -1.67876 -0.882315 -1.32803 0.273016 -2.6856 -1.94452 1.98202 -0.820088 1.70776 -0.77075 -1.67449 0.439453 1.44765 -2.95474
1.41929 0.710443 -1.67876 -0.882315 -1.32803 0.273016 -2.6856 -1.94452 1.98202 -0.820088 1.70776 -0.77075 -1.67449 0.439453 1.44765 -2.95474
1.41422 0.710443 -1.67876 -0.882315 -1.32803 0.273016 -2.6856 -1.94452 1.98202 -0.820088 1.70776 -0.77075 -1.67449 0.439453 1.44765 -2.95474
1.40905 0.710443 -1.67876 -0.882315 -1.32803 0.273016 -2.6856 -1.94452 1.98202 -0.820088 1.70776 -0.77075 -1.67449 0.439453 1.44765 -2.95474
1.404 0.710443 -1.67876 -0.882315 -1.32803 0.273016 -2.6856 -1.94452 1.98202 -0.820088 1.70776 -0.77075 -1.67449 0.439453 1.44765 -2.95474
1.39856 0.710443 -1.67876 -0.882315 -1.32803 0.273016 -2.6856 -1.94452 1.98202 -0.820088 1.70776 -0.77075 -1.67449 0.439453 1.44765 -2.95474
1.39332 0.710443 -1.67876 -0.882315 -1.32803 0.273016 -2.6856 -1.94452 1.98202 -0.820088 1.70776 -0.77075 -1.67449 0.439453 1.44765 -2.95474
1.38813 0.710443 -1.67876 -0.882315 -1.32803 0.273016 -2.6856 -1.94452 1.98202 -0.820088 1.70776 -0.77075 -1.67449 0.439453 1.44765 -2.95474
1.3829 0.710443 -1.67876 -0.882315 -1.32803 0.273016 -2.6856 -1.94452 1.98202 -0.820088 1.70776 -0.77075 -1.67449 0.439453 1.44765 -2.95474
1.37765 0.710443 -1.67876 -0.882315 -1.32803 0.273016 -2.6856 -1.94452 1.98202 -0.820088 1.70776 -0.77075 -1.67449 0.439453 1.44765 -2.95474
1.37236 0.710443 -1.67876 -0.882315 -1.32803 0.273016 -2.6856 -1.94452 1.98202 -0.820088 1.70776 -0.77075 -1.67449 0.439453 1.44765 -2.95474
