9.725
9.736
9.746
9.756
9.767
9.777
9.788
9.798
9.809
9.82
9.841
9.862
9.882
9.903
9.924
9.944
9.966
9.985
10.006
10.027
10.071
10.111
10.152
10.19
10.229
10.267
10.306
10.344
10.385
10.426
10.465
10.503
10.542
10.581
10.62
10.66
10.699
10.738
10.777
10.816
10.854
10.893
10.931
10.969
11.008
11.046
11.094
11.134
11.174
11.213
11.251
11.29
11.328
11.367
11.406
11.445
11.483
11.522
11.561
11.6
11.639
11.678
11.717
11.756
11.796
11.835
11.873
11.912
11.95
11.989
12.03
12.068
13.35
13.361
13.372
13.382
13.393
13.404
13.414
13.425
13.436
13.449
13.488
13.529
13.568
13.606
13.645
13.684
13.723
13.762
13.802
13.842
13.881
13.92
13.958
13.997
14.035
14.074
14.113
14.151
14.192
14.231
14.27
14.309
14.348
14.386
14.425
14.463
14.501
14.54
14.579
14.621
14.66
14.701
14.741
14.78
14.819
14.857
14.897
14.936
14.974
15.013
15.051
15.09
15.129
15.167
15.207
15.248
15.287
15.326
15.365
15.404
15.445
15.484
15.522
15.561
15.601
15.641
15.681
15.72
15.759
15.798
15.837
15.877
