0
-0.0315844
-0.0526406
-0.0526406
-0.0526406
-0.0736969
-0.0736969
-0.084225
-0.0631688
-0.084225
-0.0736969
-0.084225
-0.084225
-0.0736969
-0.0736969
-0.0947531
-0.084225
-0.084225
-0.084225
-0.0947531
-0.0947531
-0.0947531
-0.084225
-0.0947531
-0.084225
-0.0947531
-0.0947531
-0.084225
-0.0947531
-0.0947531
-0.0947531
-0.0947531
-0.0947531
-0.0947531
-0.0947531
-0.0947531
-0.105281
-0.0947531
-0.0947531
-0.105281
-0.0947531
-0.105281
-0.0947531
-0.0947531
-0.0947531
-0.0947531
-0.105281
-0.105281
-0.105281
-0.0947531
-0.0947531
-0.0947531
-0.105281
-0.105281
-0.105281
-0.0947531
-0.105281
-0.105281
-0.105281
-0.0947531
-0.105281
-0.105281
-0.115809
-0.105281
-0.105281
-0.105281
-0.105281
-0.115809
-0.105281
-0.105281
-0.115809
-0.105281
-0.115809
-0.115809
-0.115809
-0.115809
-0.105281
-0.105281
-0.115809
-0.105281
-0.115809
-0.115809
-0.115809
-0.115809
-0.115809
-0.126338
-0.115809
-0.115809
-0.115809
-0.115809
-0.115809
-0.115809
-0.115809
-0.115809
-0.115809
-0.126338
-0.115809
-0.126338
-0.126338
-0.126338
0
0.0105281
0.0315844
0.0631688
0.084225
0.0947531
0.105281
0.126338
0.147394
0.16845
0.147394
0.16845
0.189506
0.16845
0.189506
0.210563
0.200034
0.242147
0.252675
0.252675
0.273731
0.284259
0.273731
0.305316
0.305316
0.326372
0.326372
0.326372
0.357956
0.368484
0.389541
0.389541
0.421125
0.431653
0.463238
0.473766
0.484294
