2.78583 0.325235 3.10873 -1.82258 1.46207 1.34048 1.42815 -1.28229 -3.03518 1.79519 -1.72038 -0.728151 1.7031 -0.90454 0.514305 -0.84356
2.78528 0.325235 3.10873 -1.82258 1.46207 1.34048 1.42815 -1.28229 -3.03518 1.79519 -1.72038 -0.728151 1.7031 -0.90454 0.514305 -0.84356
2.78446 0.325235 3.10873 -1.82258 1.46207 1.34048 1.42815 -1.28229 -3.03518 1.79519 -1.72038 -0.728151 1.7031 -0.90454 0.514305 -0.84356
2.78343 0.325235 3.10873 -1.82258 1.46207 1.34048 1.42815 -1.28229 -3.03518 1.79519 -1.72038 -0.728151 1.7031 -0.90454 0.514305 -0.84356
2.78243 0.325235 3.10873 -1.82258 1.46207 1.34048 1.42815 -1.28229 -3.03518 1.79519 -1.72038 -0.728151 1.7031 -0.90454 0.514305 -0.84356
2.78105 0.325235 3.10873 -1.82258 1.46207 1.34048 1.42815 -1.28229 -3.03518 1.79519 -1.72038 -0.728151 1.7031 -0.90454 0.514305 -0.84356
2.77959 0.325235 3.10873 -1.82258 1.46207 1.34048 1.42815 -1.28229 -3.03518 1.79519 -1.72038 -0.728151 1.7031 -0.90454 0.514305 -0.84356
2.77805 0.325235 3.10873 -1.82258 1.46207 1.34048 1.42815 -1.28229 -3.03518 1.79519 -1.72038 -0.728151 1.7031 -0.90454 0.514305 -0.84356
2.77676 0.325235 3.10873 -1.82258 1.46207 1.34048 1.42815 -1.28229 -3.03518 1.79519 -1.72038 -0.728151 1.7031 -0.90454 0.514305 -0.84356
2.77522 0.325235 3.10873 -1.82258 1.46207 1.34048 1.42815 -1.28229 -3.03518 1.79519 -1.72038 -0.728151 1.7031 -0.90454 0.514305 -0.84356
2.77362 0.325235 3.10873 -1.82258 1.46207 1.34048 1.42815 -1.28229 -3.03518 1.79519 -1.72038 -0.728151 1.7031 -0.90454 0.514305 -0.84356
2.77208 0.325235 3.10873 -1.82258 1.46207 1.34048 1.42815 -1.28229 -3.03518 1.79519 -1.72038 -0.728151 1.7031 -0.90454 0.514305 -0.84356
2.77035 0.325235 3.10873 -1.82258 1.46207 1.34048 1.42815 -1.28229 -3.03518 1.79519 -1.72038 -0.728151 1.7031 -0.90454 0.514305 -0.84356
2.76866 0.325235 3.10873 -1.82258 1.46207 1.34048 1.42815 -1.28229 -3.03518 1.79519 -1.72038 -0.728151 1.7031 -0.90454 0.514305 -0.84356
2.76696 0.325235 3.10873 -1.82258 1.46207 1.34048 1.42815 -1.28229 -3.03518 1.79519 -1.72038 -0.728151 1.7031 -0.90454 0.514305 -0.84356
2.76519 0.325235 3.10873 -1.82258 1.46207 1.34048 1.42815 -1.28229 -3.03518 1.79519 -1.72038 -0.728151 1.7031 -0.90454 0.514305 -0.84356
2.76337 0.325235 3.10873 -1.82258 1.46207 1.34048 1.42815 -1.28229 -3.03518 1.79519 -1.72038 -0.728151 1.7031 -0.90454 0.514305 -0.84356
2.76153 0.325235 3.10873 -1.82258 1.46207 1.34048 1.42815 -1.28229 -3.03518 1.79519 -1.72038 -0.728151 1.7031 -0.90454 0.514305 -0.84356
2.7597 0.325235 3.10873 -1.82258 1.46207 1.34048 1.42815 -1.28229 -3.03518 1.79519 -1.72038 -0.728151 1.7031 -0.90454 0.514305 -0.84356
2.75786 0.325235 3.10873 -1.82258 1.46207 1.34048 1.42815 -1.28229 -3.03518 1.79519 -1.72038 -0.728151 1.7031 -0.90454 0.514305 -0.84356
2.7545 0.325235 3.10873 -1.82258 1.46207 1.34048 1.42815 -1.28229 -3.03518 1.79519 -1.72038 -0.728151 1.7031 -0.90454 0.514305 -0.84356
2.75109 0.325235 3.10873 -1.82258 1.46207 1.34048 1.42815 -1.28229 -3.03518 1.79519 -1.72038 -0.728151 1.7031 -0.90454 0.514305 -0.84356
2.74767 0.325235 3.10873 -1.82258 1.46207 1.34048 1.42815 -1.28229 -3.03518 1.79519 -1.72038 -0.728151 1.7031 -0.90454 0.514305 -0.84356
2.74413 0.325235 3.10873 -1.82258 1.46207 1.34048 1.42815 -1.28229 -3.03518 1.79519 -1.72038 -0.728151 1.7031 -0.90454 0.514305 -0.84356
2.74057 0.325235 3.10873 -1.82258 1.46207 1.34048 1.42815 -1.28229 -3.03518 1.79519 -1.72038 -0.728151 1.7031 -0.90454 0.514305 -0.84356
2.7371 0.325235 3.10873 -1.82258 1.46207 1.34048 1.42815 -1.28229 -3.03518 1.79519 -1.72038 -0.728151 1.7031 -0.90454 0.514305 -0.84356
2.73369 0.325235 3.10873 -1.82258 1.46207 1.34048 1.42815 -1.28229 -3.03518 1.79519 -1.72038 -0.728151 1.7031 -0.90454 0.514305 -0.84356
2.73022 0.325235 3.10873 -1.82258 1.46207 1.34048 1.42815 -1.28229 -3.03518 1.79519 -1.72038 -0.728151 1.7031 -0.90454 0.514305 -0.84356
2.72665 0.325235 3.10873 -1.82258 1.46207 1.34048 1.42815 -1.28229 -3.03518 1.79519 -1.72038 -0.728151 1.7031 -0.90454 0.514305 -0.84356
2.72304 0.325235 3.10873 -1.82258 1.46207 1.34048 1.42815 -1.28229 -3.03518 1.79519 -1.72038 -0.728151 1.7031 -0.90454 0.514305 -0.84356
2.71947 0.325235 3.10873 -1.82258 1.46207 1.34048 1.42815 -1.28229 -3.03518 1.79519 -1.72038 -0.728151 1.7031 -0.90454 0.514305 -0.84356
2.71592 0.325235 3.10873 -1.82258 1.46207 1.34048 1.42815 -1.28229 -3.03518 1.79519 -1.72038 -0.728151 1.7031 -0.90454 0.514305 -0.84356
2.71233 0.325235 3.10873 -1.82258 1.46207 1.34048 1.42815 -1.28229 -3.03518 1.79519 -1.72038 -0.728151 1.7031 -0.90454 0.514305 -0.84356
2.70864 0.325235 3.10873 -1.82258 1.46207 1.34048 1.42815 -1.28229 -3.03518 1.79519 -1.72038 -0.728151 1.7031 -0.90454 0.514305 -0.84356
2.70496 0.325235 3.10873 -1.82258 1.46207 1.34048 1.42815 -1.28229 -3.03518 1.79519 -1.72038 -0.728151 1.7031 -0.90454 0.514305 -0.84356
2.70136 0.325235 3.10873 -1.82258 1.46207 1.34048 1.42815 -1.28229 -3.03518 1.79519 -1.72038 -0.728151 1.7031 -0.90454 0.514305 -0.84356
2.69775 0.325235 3.10873 -1.82258 1.46207 1.34048 1.42815 -1.28229 -3.03518 1.79519 -1.72038 -0.728151 1.7031 -0.90454 0.514305 -0.84356
2.694 0.325235 3.10873 -1.82258 1.46207 1.34048 1.42815 -1.28229 -3.03518 1.79519 -1.72038 -0.728151 1.7031 -0.90454 0.514305 -0.84356
2.6902 0.325235 3.10873 -1.82258 1.46207 1.34048 1.42815 -1.28229 -3.03518 1.79519 -1.72038 -0.728151 1.7031 -0.90454 0.514305 -0.84356
2.68644 0.325235 3.10873 -1.82258 1.46207 1.34048 1.42815 -1.28229 -3.03518 1.79519 -1.72038 -0.728151 1.7031 -0.90454 0.514305 -0.84356
2.68274 0.325235 3.10873 -1.82258 1.46207 1.34048 1.42815 -1.28229 -3.03518 1.79519 -1.72038 -0.728151 1.7031 -0.90454 0.514305 -0.84356
2.6788 0.325235 3.10873 -1.82258 1.46207 1.34048 1.42815 -1.28229 -3.03518 1.79519 -1.72038 -0.728151 1.7031 -0.90454 0.514305 -0.84356
2.675 0.325235 3.10873 -1.82258 1.46207 1.34048 1.42815 -1.28229 -3.03518 1.79519 -1.72038 -0.728151 1.7031 -0.90454 0.514305 -0.84356
2.67132 0.325235 3.10873 -1.82258 1.46207 1.34048 1.42815 -1.28229 -3.03518 1.79519 -1.72038 -0.728151 1.7031 -0.90454 0.514305 -0.84356
2.66756 0.325235 3.10873 -1.82258 1.46207 1.34048 1.42815 -1.28229 -3.03518 1.79519 -1.72038 -0.728151 1.7031 -0.90454 0.514305 -0.84356
2.66364 0.325235 3.10873 -1.82258 1.46207 1.34048 1.42815 -1.28229 -3.03518 1.79519 -1.72038 -0.728151 1.7031 -0.90454 0.514305 -0.84356
2.65986 0.325235 3.10873 -1.82258 1.46207 1.34048 1.42815 -1.28229 -3.03518 1.79519 -1.72038 -0.728151 1.7031 -0.90454 0.514305 -0.84356
2.65611 0.325235 3.10873 -1.82258 1.46207 1.34048 1.42815 -1.28229 -3.03518 1.79519 -1.72038 -0.728151 1.7031 -0.90454 0.514305 -0.84356
2.65228 0.325235 3.10873 -1.82258 1.46207 1.34048 1.42815 -1.28229 -3.03518 1.79519 -1.72038 -0.728151 1.7031 -0.90454 0.514305 -0.84356
2.64847 0.325235 3.10873 -1.82258 1.46207 1.34048 1.42815 -1.28229 -3.03518 1.79519 -1.72038 -0.728151 1.7031 -0.90454 0.514305 -0.84356
2.6446 0.325235 3.10873 -1.82258 1.46207 1.34048 1.42815 -1.28229 -3.03518 1.79519 -1.72038 -0.728151 1.7031 -0.90454 0.514305 -0.84356
2.64063 0.325235 3.10873 -1.82258 1.46207 1.34048 1.42815 -1.28229 -3.03518 1.79519 -1.72038 -0.728151 1.7031 -0.90454 0.514305 -0.84356
2.63678 0.325235 3.10873 -1.82258 1.46207 1.34048 1.42815 -1.28229 -3.03518 1.79519 -1.72038 -0.728151 1.7031 -0.90454 0.514305 -0.84356
2.63284 0.325235 3.10873 -1.82258 1.46207 1.34048 1.42815 -1.28229 -3.03518 1.79519 -1.72038 -0.728151 1.7031 -0.90454 0.514305 -0.84356
2.62889 0.325235 3.10873 -1.82258 1.46207 1.34048 1.42815 -1.28229 -3.03518 1.79519 -1.72038 -0.728151 1.7031 -0.90454 0.514305 -0.84356
2.62487 0.325235 3.10873 -1.82258 1.46207 1.34048 1.42815 -1.28229 -3.03518 1.79519 -1.72038 -0.728151 1.7031 -0.90454 0.514305 -0.84356
2.62088 0.325235 3.10873 -1.82258 1.46207 1.34048 1.42815 -1.28229 -3.03518 1.79519 -1.72038 -0.728151 1.7031 -0.90454 0.514305 -0.84356
2.61694 0.325235 3.10873 -1.82258 1.46207 1.34048 1.42815 -1.28229 -3.03518 1.79519 -1.72038 -0.728151 1.7031 -0.90454 0.514305 -0.84356
2.61297 0.325235 3.10873 -1.82258 1.46207 1.34048 1.42815 -1.28229 -3.03518 1.79519 -1.72038 -0.728151 1.7031 -0.90454 0.514305 -0.84356
2.60897 0.325235 3.10873 -1.82258 1.46207 1.34048 1.42815 -1.28229 -3.03518 1.79519 -1.72038 -0.728151 1.7031 -0.90454 0.514305 -0.84356
2.60493 0.325235 3.10873 -1.82258 1.46207 1.34048 1.42815 -1.28229 -3.03518 1.79519 -1.72038 -0.728151 1.7031 -0.90454 0.514305 -0.84356
2.60093 0.325235 3.10873 -1.82258 1.46207 1.34048 1.42815 -1.28229 -3.03518 1.79519 -1.72038 -0.728151 1.7031 -0.90454 0.514305 -0.84356
2.59686 0.325235 3.10873 -1.82258 1.46207 1.34048 1.42815 -1.28229 -3.03518 1.79519 -1.72038 -0.728151 1.7031 -0.90454 0.514305 -0.84356
2.59261 0.325235 3.10873 -1.82258 1.46207 1.34048 1.42815 -1.28229 -3.03518 1.79519 -1.72038 -0.728151 1.7031 -0.90454 0.514305 -0.84356
2.58835 0.325235 3.10873 -1.82258 1.46207 1.34048 1.42815 -1.28229 -3.03518 1.79519 -1.72038 -0.728151 1.7031 -0.90454 0.514305 -0.84356
2.58424 0.325235 3.10873 -1.82258 1.46207 1.34048 1.42815 -1.28229 -3.03518 1.79519 -1.72038 -0.728151 1.7031 -0.90454 0.514305 -0.84356
2.58013 0.325235 3.10873 -1.82258 1.46207 1.34048 1.42815 -1.28229 -3.03518 1.79519 -1.72038 -0.728151 1.7031 -0.90454 0.514305 -0.84356
2.57573 0.325235 3.10873 -1.82258 1.46207 1.34048 1.42815 -1.28229 -3.03518 1.79519 -1.72038 -0.728151 1.7031 -0.90454 0.514305 -0.84356
2.57159 0.325235 3.10873 -1.82258 1.46207 1.34048 1.42815 -1.28229 -3.03518 1.79519 -1.72038 -0.728151 1.7031 -0.90454 0.514305 -0.84356
2.56739 0.325235 3.10873 -1.82258 1.46207 1.34048 1.42815 -1.28229 -3.03518 1.79519 -1.72038 -0.728151 1.7031 -0.90454 0.514305 -0.84356
2.56301 0.325235 3.10873 -1.82258 1.46207 1.34048 1.42815 -1.28229 -3.03518 1.79519 -1.72038 -0.728151 1.7031 -0.90454 0.514305 -0.84356
2.55881 0.325235 3.10873 -1.82258 1.46207 1.34048 1.42815 -1.28229 -3.03518 1.79519 -1.72038 -0.728151 1.7031 -0.90454 0.514305 -0.84356
2.55455 0.325235 3.10873 -1.82258 1.46207 1.34048 1.42815 -1.28229 -3.03518 1.79519 -1.72038 -0.728151 1.7031 -0.90454 0.514305 -0.84356
2.55035 0.325235 3.10873 -1.82258 1.46207 1.34048 1.42815 -1.28229 -3.03518 1.79519 -1.72038 -0.728151 1.7031 -0.90454 0.514305 -0.84356
2.54601 0.325235 3.10873 -1.82258 1.46207 1.34048 1.42815 -1.28229 -3.03518 1.79519 -1.72038 -0.728151 1.7031 -0.90454 0.514305 -0.84356
2.54174 0.325235 3.10873 -1.82258 1.46207 1.34048 1.42815 -1.28229 -3.03518 1.79519 -1.72038 -0.728151 1.7031 -0.90454 0.514305 -0.84356
2.53742 0.325235 3.10873 -1.82258 1.46207 1.34048 1.42815 -1.28229 -3.03518 1.79519 -1.72038 -0.728151 1.7031 -0.90454 0.514305 -0.84356
2.53311 0.325235 3.10873 -1.82258 1.46207 1.34048 1.42815 -1.28229 -3.03518 1.79519 -1.72038 -0.728151 1.7031 -0.90454 0.514305 -0.84356
2.52875 0.325235 3.10873 -1.82258 1.46207 1.34048 1.42815 -1.28229 -3.03518 1.79519 -1.72038 -0.728151 1.7031 -0.90454 0.514305 -0.84356
2.52432 0.325235 3.10873 -1.82258 1.46207 1.34048 1.42815 -1.28229 -3.03518 1.79519 -1.72038 -0.728151 1.7031 -0.90454 0.514305 -0.84356
2.51984 0.325235 3.10873 -1.82258 1.46207 1.34048 1.42815 -1.28229 -3.03518 1.79519 -1.72038 -0.728151 1.7031 -0.90454 0.514305 -0.84356
2.51544 0.325235 3.10873 -1.82258 1.46207 1.34048 1.42815 -1.28229 -3.03518 1.79519 -1.72038 -0.728151 1.7031 -0.90454 0.514305 -0.84356
2.51063 0.325235 3.10873 -1.82258 1.46207 1.34048 1.42815 -1.28229 -3.03518 1.79519 -1.72038 -0.728151 1.7031 -0.90454 0.514305 -0.84356
2.50605 0.325235 3.10873 -1.82258 1.46207 1.34048 1.42815 -1.28229 -3.03518 1.79519 -1.72038 -0.728151 1.7031 -0.90454 0.514305 -0.84356
2.50157 0.325235 3.10873 -1.82258 1.46207 1.34048 1.42815 -1.28229 -3.03518 1.79519 -1.72038 -0.728151 1.7031 -0.90454 0.514305 -0.84356
2.4971 0.325235 3.10873 -1.82258 1.46207 1.34048 1.42815 -1.28229 -3.03518 1.79519 -1.72038 -0.728151 1.7031 -0.90454 0.514305 -0.84356
2.49259 0.325235 3.10873 -1.82258 1.46207 1.34048 1.42815 -1.28229 -3.03518 1.79519 -1.72038 -0.728151 1.7031 -0.90454 0.514305 -0.84356
2.48805 0.325235 3.10873 -1.82258 1.46207 1.34048 1.42815 -1.28229 -3.03518 1.79519 -1.72038 -0.728151 1.7031 -0.90454 0.514305 -0.84356
2.48251 0.325235 3.10873 -1.82258 1.46207 1.34048 1.42815 -1.28229 -3.03518 1.79519 -1.72038 -0.728151 1.7031 -0.90454 0.514305 -0.84356
2.47783 0.325235 3.10873 -1.82258 1.46207 1.34048 1.42815 -1.28229 -3.03518 1.79519 -1.72038 -0.728151 1.7031 -0.90454 0.514305 -0.84356
2.47316 0.325235 3.10873 -1.82258 1.46207 1.34048 1.42815 -1.28229 -3.03518 1.79519 -1.72038 -0.728151 1.7031 -0.90454 0.514305 -0.84356
2.4685 0.325235 3.10873 -1.82258 1.46207 1.34048 1.42815 -1.28229 -3.03518 1.79519 -1.72038 -0.728151 1.7031 -0.90454 0.514305 -0.84356
2.46359 0.325235 3.10873 -1.82258 1.46207 1.34048 1.42815 -1.28229 -3.03518 1.79519 -1.72038 -0.728151 1.7031 -0.90454 0.514305 -0.84356
2.45902 0.325235 3.10873 -1.82258 1.46207 1.34048 1.42815 -1.28229 -3.03518 1.79519 -1.72038 -0.728151 1.7031 -0.90454 0.514305 -0.84356
2.45439 0.325235 3.10873 -1.82258 1.46207 1.34048 1.42815 -1.28229 -3.03518 1.79519 -1.72038 -0.728151 1.7031 -0.90454 0.514305 -0.84356
2.44973 0.325235 3.10873 -1.82258 1.46207 1.34048 1.42815 -1.28229 -3.03518 1.79519 -1.72038 -0.728151 1.7031 -0.90454 0.514305 -0.84356
2.445 0.325235 3.10873 -1.82258 1.46207 1.34048 1.42815 -1.28229 -3.03518 1.79519 -1.72038 -0.728151 1.7031 -0.90454 0.514305 -0.84356
2.44024 0.325235 3.10873 -1.82258 1.46207 1.34048 1.42815 -1.28229 -3.03518 1.79519 -1.72038 -0.728151 1.7031 -0.90454 0.514305 -0.84356
2.4355 0.325235 3.10873 -1.82258 1.46207 1.34048 1.42815 -1.28229 -3.03518 1.79519 -1.72038 -0.728151 1.7031 -0.90454 0.514305 -0.84356
2.43071 0.325235 3.10873 -1.82258 1.46207 1.34048 1.42815 -1.28229 -3.03518 1.79519 -1.72038 -0.728151 1.7031 -0.90454 0.514305 -0.84356
2.41492 0.325235 3.10873 -1.82258 1.46207 1.34048 1.42815 -1.28229 -3.03518 1.79519 -1.72038 -0.728151 1.7031 -0.90454 0.514305 -0.84356
2.41498 0.325235 3.10873 -1.82258 1.46207 1.34048 1.42815 -1.28229 -3.03518 1.79519 -1.72038 -0.728151 1.7031 -0.90454 0.514305 -0.84356
2.41523 0.325235 3.10873 -1.82258 1.46207 1.34048 1.42815 -1.28229 -3.03518 1.79519 -1.72038 -0.728151 1.7031 -0.90454 0.514305 -0.84356
2.4164 0.325235 3.10873 -1.82258 1.46207 1.34048 1.42815 -1.28229 -3.03518 1.79519 -1.72038 -0.728151 1.7031 -0.90454 0.514305 -0.84356
2.41799 0.325235 3.10873 -1.82258 1.46207 1.34048 1.42815 -1.28229 -3.03518 1.79519 -1.72038 -0.728151 1.7031 -0.90454 0.514305 -0.84356
2.41998 0.325235 3.10873 -1.82258 1.46207 1.34048 1.42815 -1.28229 -3.03518 1.79519 -1.72038 -0.728151 1.7031 -0.90454 0.514305 -0.84356
2.42217 0.325235 3.10873 -1.82258 1.46207 1.34048 1.42815 -1.28229 -3.03518 1.79519 -1.72038 -0.728151 1.7031 -0.90454 0.514305 -0.84356
2.42466 0.325235 3.10873 -1.82258 1.46207 1.34048 1.42815 -1.28229 -3.03518 1.79519 -1.72038 -0.728151 1.7031 -0.90454 0.514305 -0.84356
2.42745 0.325235 3.10873 -1.82258 1.46207 1.34048 1.42815 -1.28229 -3.03518 1.79519 -1.72038 -0.728151 1.7031 -0.90454 0.514305 -0.84356
2.43083 0.325235 3.10873 -1.82258 1.46207 1.34048 1.42815 -1.28229 -3.03518 1.79519 -1.72038 -0.728151 1.7031 -0.90454 0.514305 -0.84356
2.43705 0.325235 3.10873 -1.82258 1.46207 1.34048 1.42815 -1.28229 -3.03518 1.79519 -1.72038 -0.728151 1.7031 -0.90454 0.514305 -0.84356
2.44377 0.325235 3.10873 -1.82258 1.46207 1.34048 1.42815 -1.28229 -3.03518 1.79519 -1.72038 -0.728151 1.7031 -0.90454 0.514305 -0.84356
2.45021 0.325235 3.10873 -1.82258 1.46207 1.34048 1.42815 -1.28229 -3.03518 1.79519 -1.72038 -0.728151 1.7031 -0.90454 0.514305 -0.84356
2.45695 0.325235 3.10873 -1.82258 1.46207 1.34048 1.42815 -1.28229 -3.03518 1.79519 -1.72038 -0.728151 1.7031 -0.90454 0.514305 -0.84356
2.4642 0.325235 3.10873 -1.82258 1.46207 1.34048 1.42815 -1.28229 -3.03518 1.79519 -1.72038 -0.728151 1.7031 -0.90454 0.514305 -0.84356
2.47182 0.325235 3.10873 -1.82258 1.46207 1.34048 1.42815 -1.28229 -3.03518 1.79519 -1.72038 -0.728151 1.7031 -0.90454 0.514305 -0.84356
2.47974 0.325235 3.10873 -1.82258 1.46207 1.34048 1.42815 -1.28229 -3.03518 1.79519 -1.72038 -0.728151 1.7031 -0.90454 0.514305 -0.84356
2.48858 0.325235 3.10873 -1.82258 1.46207 1.34048 1.42815 -1.28229 -3.03518 1.79519 -1.72038 -0.728151 1.7031 -0.90454 0.514305 -0.84356
2.49801 0.325235 3.10873 -1.82258 1.46207 1.34048 1.42815 -1.28229 -3.03518 1.79519 -1.72038 -0.728151 1.7031 -0.90454 0.514305 -0.84356
2.50789 0.325235 3.10873 -1.82258 1.46207 1.34048 1.42815 -1.28229 -3.03518 1.79519 -1.72038 -0.728151 1.7031 -0.90454 0.514305 -0.84356
2.51828 0.325235 3.10873 -1.82258 1.46207 1.34048 1.42815 -1.28229 -3.03518 1.79519 -1.72038 -0.728151 1.7031 -0.90454 0.514305 -0.84356
2.52919 0.325235 3.10873 -1.82258 1.46207 1.34048 1.42815 -1.28229 -3.03518 1.79519 -1.72038 -0.728151 1.7031 -0.90454 0.514305 -0.84356
2.54019 0.325235 3.10873 -1.82258 1.46207 1.34048 1.42815 -1.28229 -3.03518 1.79519 -1.72038 -0.728151 1.7031 -0.90454 0.514305 -0.84356
2.5514 0.325235 3.10873 -1.82258 1.46207 1.34048 1.42815 -1.28229 -3.03518 1.79519 -1.72038 -0.728151 1.7031 -0.90454 0.514305 -0.84356
2.563 0.325235 3.10873 -1.82258 1.46207 1.34048 1.42815 -1.28229 -3.03518 1.79519 -1.72038 -0.728151 1.7031 -0.90454 0.514305 -0.84356
2.57491 0.325235 3.10873 -1.82258 1.46207 1.34048 1.42815 -1.28229 -3.03518 1.79519 -1.72038 -0.728151 1.7031 -0.90454 0.514305 -0.84356
2.58737 0.325235 3.10873 -1.82258 1.46207 1.34048 1.42815 -1.28229 -3.03518 1.79519 -1.72038 -0.728151 1.7031 -0.90454 0.514305 -0.84356
2.6001 0.325235 3.10873 -1.82258 1.46207 1.34048 1.42815 -1.28229 -3.03518 1.79519 -1.72038 -0.728151 1.7031 -0.90454 0.514305 -0.84356
2.61364 0.325235 3.10873 -1.82258 1.46207 1.34048 1.42815 -1.28229 -3.03518 1.79519 -1.72038 -0.728151 1.7031 -0.90454 0.514305 -0.84356
2.6276 0.325235 3.10873 -1.82258 1.46207 1.34048 1.42815 -1.28229 -3.03518 1.79519 -1.72038 -0.728151 1.7031 -0.90454 0.514305 -0.84356
2.64256 0.325235 3.10873 -1.82258 1.46207 1.34048 1.42815 -1.28229 -3.03518 1.79519 -1.72038 -0.728151 1.7031 -0.90454 0.514305 -0.84356
2.65861 0.325235 3.10873 -1.82258 1.46207 1.34048 1.42815 -1.28229 -3.03518 1.79519 -1.72038 -0.728151 1.7031 -0.90454 0.514305 -0.84356
2.67443 0.325235 3.10873 -1.82258 1.46207 1.34048 1.42815 -1.28229 -3.03518 1.79519 -1.72038 -0.728151 1.7031 -0.90454 0.514305 -0.84356
2.6908 0.325235 3.10873 -1.82258 1.46207 1.34048 1.42815 -1.28229 -3.03518 1.79519 -1.72038 -0.728151 1.7031 -0.90454 0.514305 -0.84356
2.70795 0.325235 3.10873 -1.82258 1.46207 1.34048 1.42815 -1.28229 -3.03518 1.79519 -1.72038 -0.728151 1.7031 -0.90454 0.514305 -0.84356
2.72558 0.325235 3.10873 -1.82258 1.46207 1.34048 1.42815 -1.28229 -3.03518 1.79519 -1.72038 -0.728151 1.7031 -0.90454 0.514305 -0.84356
2.74428 0.325235 3.10873 -1.82258 1.46207 1.34048 1.42815 -1.28229 -3.03518 1.79519 -1.72038 -0.728151 1.7031 -0.90454 0.514305 -0.84356
