3.628
3.639
3.649
3.659
3.67
3.68
3.691
3.701
3.711
3.723
3.744
3.765
3.786
3.807
3.827
3.847
3.868
3.888
3.91
3.93
3.968
4.007
4.046
4.085
4.125
4.164
4.202
4.241
4.28
4.319
4.358
4.397
4.436
4.475
4.514
4.552
4.592
4.633
4.672
4.71
4.751
4.791
4.83
4.868
4.908
4.946
4.984
5.023
5.062
5.1
5.139
5.178
5.217
5.256
5.295
5.335
5.374
5.413
5.451
5.49
5.529
5.567
5.607
5.648
5.687
5.726
5.766
5.806
5.844
5.883
5.922
5.961
5.999
6.038
6.076
6.115
6.154
6.192
6.231
6.27
6.309
6.351
6.39
6.429
6.468
6.506
6.545
6.583
6.631
6.671
6.71
6.751
6.789
6.828
6.866
6.904
6.943
6.982
7.021
7.059
7.574
7.585
7.596
7.606
7.617
7.628
7.638
7.65
7.661
7.674
7.715
7.755
7.794
7.833
7.872
7.91
7.949
7.988
8.027
8.066
8.107
8.145
8.184
8.222
8.261
8.299
8.337
8.376
8.415
8.454
8.495
8.534
8.572
8.611
8.649
8.688
8.727
