1.22661 -1.53316 2.99463 1.98962 -0.0849475 0.575741 0.51414 0.720927 -0.788284 0.043318 -0.739453 -3.10589 0.295052 0.31174 1.18865 -0.233284
1.22661 -1.53316 2.99463 1.98962 -0.0849475 0.575741 0.51414 0.720927 -0.788284 0.043318 -0.739453 -3.10589 0.295052 0.31174 1.18865 -0.233284
1.22661 -1.53316 2.99463 1.98962 -0.0849475 0.575741 0.51414 0.720927 -0.788284 0.043318 -0.739453 -3.10589 0.295052 0.31174 1.18865 -0.233284
1.22661 -1.53316 2.99463 1.98962 -0.0849475 0.575741 0.51414 0.720927 -0.788284 0.043318 -0.739453 -3.10589 0.295052 0.31174 1.18865 -0.233284
1.22661 -1.53316 2.99463 1.98962 -0.0849475 0.575741 0.51414 0.720927 -0.788284 0.043318 -0.739453 -3.10589 0.295052 0.31174 1.18865 -0.233284
1.22657 -1.53316 2.99463 1.98962 -0.0849475 0.575741 0.51414 0.720927 -0.788284 0.043318 -0.739453 -3.10589 0.295052 0.31174 1.18865 -0.233284
1.22656 -1.53316 2.99463 1.98962 -0.0849475 0.575741 0.51414 0.720927 -0.788284 0.043318 -0.739453 -3.10589 0.295052 0.31174 1.18865 -0.233284
1.22656 -1.53316 2.99463 1.98962 -0.0849475 0.575741 0.51414 0.720927 -0.788284 0.043318 -0.739453 -3.10589 0.295052 0.31174 1.18865 -0.233284
1.22656 -1.53316 2.99463 1.98962 -0.0849475 0.575741 0.51414 0.720927 -0.788284 0.043318 -0.739453 -3.10589 0.295052 0.31174 1.18865 -0.233284
1.22656 -1.53316 2.99463 1.98962 -0.0849475 0.575741 0.51414 0.720927 -0.788284 0.043318 -0.739453 -3.10589 0.295052 0.31174 1.18865 -0.233284
1.22656 -1.53316 2.99463 1.98962 -0.0849475 0.575741 0.51414 0.720927 -0.788284 0.043318 -0.739453 -3.10589 0.295052 0.31174 1.18865 -0.233284
1.22656 -1.53316 2.99463 1.98962 -0.0849475 0.575741 0.51414 0.720927 -0.788284 0.043318 -0.739453 -3.10589 0.295052 0.31174 1.18865 -0.233284
1.22656 -1.53316 2.99463 1.98962 -0.0849475 0.575741 0.51414 0.720927 -0.788284 0.043318 -0.739453 -3.10589 0.295052 0.31174 1.18865 -0.233284
1.22669 -1.53316 2.99463 1.98962 -0.0849475 0.575741 0.51414 0.720927 -0.788284 0.043318 -0.739453 -3.10589 0.295052 0.31174 1.18865 -0.233284
1.22718 -1.53316 2.99463 1.98962 -0.0849475 0.575741 0.51414 0.720927 -0.788284 0.043318 -0.739453 -3.10589 0.295052 0.31174 1.18865 -0.233284
1.22775 -1.53316 2.99463 1.98962 -0.0849475 0.575741 0.51414 0.720927 -0.788284 0.043318 -0.739453 -3.10589 0.295052 0.31174 1.18865 -0.233284
1.22833 -1.53316 2.99463 1.98962 -0.0849475 0.575741 0.51414 0.720927 -0.788284 0.043318 -0.739453 -3.10589 0.295052 0.31174 1.18865 -0.233284
1.22887 -1.53316 2.99463 1.98962 -0.0849475 0.575741 0.51414 0.720927 -0.788284 0.043318 -0.739453 -3.10589 0.295052 0.31174 1.18865 -0.233284
1.22944 -1.53316 2.99463 1.98962 -0.0849475 0.575741 0.51414 0.720927 -0.788284 0.043318 -0.739453 -3.10589 0.295052 0.31174 1.18865 -0.233284
1.23006 -1.53316 2.99463 1.98962 -0.0849475 0.575741 0.51414 0.720927 -0.788284 0.043318 -0.739453 -3.10589 0.295052 0.31174 1.18865 -0.233284
1.23135 -1.53316 2.99463 1.98962 -0.0849475 0.575741 0.51414 0.720927 -0.788284 0.043318 -0.739453 -3.10589 0.295052 0.31174 1.18865 -0.233284
1.23266 -1.53316 2.99463 1.98962 -0.0849475 0.575741 0.51414 0.720927 -0.788284 0.043318 -0.739453 -3.10589 0.295052 0.31174 1.18865 -0.233284
1.23401 -1.53316 2.99463 1.98962 -0.0849475 0.575741 0.51414 0.720927 -0.788284 0.043318 -0.739453 -3.10589 0.295052 0.31174 1.18865 -0.233284
1.23557 -1.53316 2.99463 1.98962 -0.0849475 0.575741 0.51414 0.720927 -0.788284 0.043318 -0.739453 -3.10589 0.295052 0.31174 1.18865 -0.233284
1.23724 -1.53316 2.99463 1.98962 -0.0849475 0.575741 0.51414 0.720927 -0.788284 0.043318 -0.739453 -3.10589 0.295052 0.31174 1.18865 -0.233284
1.23902 -1.53316 2.99463 1.98962 -0.0849475 0.575741 0.51414 0.720927 -0.788284 0.043318 -0.739453 -3.10589 0.295052 0.31174 1.18865 -0.233284
1.24077 -1.53316 2.99463 1.98962 -0.0849475 0.575741 0.51414 0.720927 -0.788284 0.043318 -0.739453 -3.10589 0.295052 0.31174 1.18865 -0.233284
1.24281 -1.53316 2.99463 1.98962 -0.0849475 0.575741 0.51414 0.720927 -0.788284 0.043318 -0.739453 -3.10589 0.295052 0.31174 1.18865 -0.233284
1.24492 -1.53316 2.99463 1.98962 -0.0849475 0.575741 0.51414 0.720927 -0.788284 0.043318 -0.739453 -3.10589 0.295052 0.31174 1.18865 -0.233284
1.247 -1.53316 2.99463 1.98962 -0.0849475 0.575741 0.51414 0.720927 -0.788284 0.043318 -0.739453 -3.10589 0.295052 0.31174 1.18865 -0.233284
1.249 -1.53316 2.99463 1.98962 -0.0849475 0.575741 0.51414 0.720927 -0.788284 0.043318 -0.739453 -3.10589 0.295052 0.31174 1.18865 -0.233284
1.25117 -1.53316 2.99463 1.98962 -0.0849475 0.575741 0.51414 0.720927 -0.788284 0.043318 -0.739453 -3.10589 0.295052 0.31174 1.18865 -0.233284
1.25339 -1.53316 2.99463 1.98962 -0.0849475 0.575741 0.51414 0.720927 -0.788284 0.043318 -0.739453 -3.10589 0.295052 0.31174 1.18865 -0.233284
1.2556 -1.53316 2.99463 1.98962 -0.0849475 0.575741 0.51414 0.720927 -0.788284 0.043318 -0.739453 -3.10589 0.295052 0.31174 1.18865 -0.233284
1.25802 -1.53316 2.99463 1.98962 -0.0849475 0.575741 0.51414 0.720927 -0.788284 0.043318 -0.739453 -3.10589 0.295052 0.31174 1.18865 -0.233284
1.26064 -1.53316 2.99463 1.98962 -0.0849475 0.575741 0.51414 0.720927 -0.788284 0.043318 -0.739453 -3.10589 0.295052 0.31174 1.18865 -0.233284
1.26337 -1.53316 2.99463 1.98962 -0.0849475 0.575741 0.51414 0.720927 -0.788284 0.043318 -0.739453 -3.10589 0.295052 0.31174 1.18865 -0.233284
1.26616 -1.53316 2.99463 1.98962 -0.0849475 0.575741 0.51414 0.720927 -0.788284 0.043318 -0.739453 -3.10589 0.295052 0.31174 1.18865 -0.233284
1.26924 -1.53316 2.99463 1.98962 -0.0849475 0.575741 0.51414 0.720927 -0.788284 0.043318 -0.739453 -3.10589 0.295052 0.31174 1.18865 -0.233284
1.27223 -1.53316 2.99463 1.98962 -0.0849475 0.575741 0.51414 0.720927 -0.788284 0.043318 -0.739453 -3.10589 0.295052 0.31174 1.18865 -0.233284
1.27519 -1.53316 2.99463 1.98962 -0.0849475 0.575741 0.51414 0.720927 -0.788284 0.043318 -0.739453 -3.10589 0.295052 0.31174 1.18865 -0.233284
1.27823 -1.53316 2.99463 1.98962 -0.0849475 0.575741 0.51414 0.720927 -0.788284 0.043318 -0.739453 -3.10589 0.295052 0.31174 1.18865 -0.233284
1.28139 -1.53316 2.99463 1.98962 -0.0849475 0.575741 0.51414 0.720927 -0.788284 0.043318 -0.739453 -3.10589 0.295052 0.31174 1.18865 -0.233284
1.28493 -1.53316 2.99463 1.98962 -0.0849475 0.575741 0.51414 0.720927 -0.788284 0.043318 -0.739453 -3.10589 0.295052 0.31174 1.18865 -0.233284
1.28836 -1.53316 2.99463 1.98962 -0.0849475 0.575741 0.51414 0.720927 -0.788284 0.043318 -0.739453 -3.10589 0.295052 0.31174 1.18865 -0.233284
1.29181 -1.53316 2.99463 1.98962 -0.0849475 0.575741 0.51414 0.720927 -0.788284 0.043318 -0.739453 -3.10589 0.295052 0.31174 1.18865 -0.233284
1.29531 -1.53316 2.99463 1.98962 -0.0849475 0.575741 0.51414 0.720927 -0.788284 0.043318 -0.739453 -3.10589 0.295052 0.31174 1.18865 -0.233284
1.29888 -1.53316 2.99463 1.98962 -0.0849475 0.575741 0.51414 0.720927 -0.788284 0.043318 -0.739453 -3.10589 0.295052 0.31174 1.18865 -0.233284
1.30256 -1.53316 2.99463 1.98962 -0.0849475 0.575741 0.51414 0.720927 -0.788284 0.043318 -0.739453 -3.10589 0.295052 0.31174 1.18865 -0.233284
1.30644 -1.53316 2.99463 1.98962 -0.0849475 0.575741 0.51414 0.720927 -0.788284 0.043318 -0.739453 -3.10589 0.295052 0.31174 1.18865 -0.233284
1.31047 -1.53316 2.99463 1.98962 -0.0849475 0.575741 0.51414 0.720927 -0.788284 0.043318 -0.739453 -3.10589 0.295052 0.31174 1.18865 -0.233284
1.3143 -1.53316 2.99463 1.98962 -0.0849475 0.575741 0.51414 0.720927 -0.788284 0.043318 -0.739453 -3.10589 0.295052 0.31174 1.18865 -0.233284
1.3183 -1.53316 2.99463 1.98962 -0.0849475 0.575741 0.51414 0.720927 -0.788284 0.043318 -0.739453 -3.10589 0.295052 0.31174 1.18865 -0.233284
1.32246 -1.53316 2.99463 1.98962 -0.0849475 0.575741 0.51414 0.720927 -0.788284 0.043318 -0.739453 -3.10589 0.295052 0.31174 1.18865 -0.233284
1.32696 -1.53316 2.99463 1.98962 -0.0849475 0.575741 0.51414 0.720927 -0.788284 0.043318 -0.739453 -3.10589 0.295052 0.31174 1.18865 -0.233284
1.33149 -1.53316 2.99463 1.98962 -0.0849475 0.575741 0.51414 0.720927 -0.788284 0.043318 -0.739453 -3.10589 0.295052 0.31174 1.18865 -0.233284
1.33583 -1.53316 2.99463 1.98962 -0.0849475 0.575741 0.51414 0.720927 -0.788284 0.043318 -0.739453 -3.10589 0.295052 0.31174 1.18865 -0.233284
1.3404 -1.53316 2.99463 1.98962 -0.0849475 0.575741 0.51414 0.720927 -0.788284 0.043318 -0.739453 -3.10589 0.295052 0.31174 1.18865 -0.233284
1.34528 -1.53316 2.99463 1.98962 -0.0849475 0.575741 0.51414 0.720927 -0.788284 0.043318 -0.739453 -3.10589 0.295052 0.31174 1.18865 -0.233284
1.3503 -1.53316 2.99463 1.98962 -0.0849475 0.575741 0.51414 0.720927 -0.788284 0.043318 -0.739453 -3.10589 0.295052 0.31174 1.18865 -0.233284
1.35523 -1.53316 2.99463 1.98962 -0.0849475 0.575741 0.51414 0.720927 -0.788284 0.043318 -0.739453 -3.10589 0.295052 0.31174 1.18865 -0.233284
1.36042 -1.53316 2.99463 1.98962 -0.0849475 0.575741 0.51414 0.720927 -0.788284 0.043318 -0.739453 -3.10589 0.295052 0.31174 1.18865 -0.233284
1.36588 -1.53316 2.99463 1.98962 -0.0849475 0.575741 0.51414 0.720927 -0.788284 0.043318 -0.739453 -3.10589 0.295052 0.31174 1.18865 -0.233284
1.37236 -1.53316 2.99463 1.98962 -0.0849475 0.575741 0.51414 0.720927 -0.788284 0.043318 -0.739453 -3.10589 0.295052 0.31174 1.18865 -0.233284
1.3781 -1.53316 2.99463 1.98962 -0.0849475 0.575741 0.51414 0.720927 -0.788284 0.043318 -0.739453 -3.10589 0.295052 0.31174 1.18865 -0.233284
1.38407 -1.53316 2.99463 1.98962 -0.0849475 0.575741 0.51414 0.720927 -0.788284 0.043318 -0.739453 -3.10589 0.295052 0.31174 1.18865 -0.233284
1.39028 -1.53316 2.99463 1.98962 -0.0849475 0.575741 0.51414 0.720927 -0.788284 0.043318 -0.739453 -3.10589 0.295052 0.31174 1.18865 -0.233284
1.39644 -1.53316 2.99463 1.98962 -0.0849475 0.575741 0.51414 0.720927 -0.788284 0.043318 -0.739453 -3.10589 0.295052 0.31174 1.18865 -0.233284
1.40282 -1.53316 2.99463 1.98962 -0.0849475 0.575741 0.51414 0.720927 -0.788284 0.043318 -0.739453 -3.10589 0.295052 0.31174 1.18865 -0.233284
1.40944 -1.53316 2.99463 1.98962 -0.0849475 0.575741 0.51414 0.720927 -0.788284 0.043318 -0.739453 -3.10589 0.295052 0.31174 1.18865 -0.233284
1.41615 -1.53316 2.99463 1.98962 -0.0849475 0.575741 0.51414 0.720927 -0.788284 0.043318 -0.739453 -3.10589 0.295052 0.31174 1.18865 -0.233284
1.4231 -1.53316 2.99463 1.98962 -0.0849475 0.575741 0.51414 0.720927 -0.788284 0.043318 -0.739453 -3.10589 0.295052 0.31174 1.18865 -0.233284
1.43041 -1.53316 2.99463 1.98962 -0.0849475 0.575741 0.51414 0.720927 -0.788284 0.043318 -0.739453 -3.10589 0.295052 0.31174 1.18865 -0.233284
1.43764 -1.53316 2.99463 1.98962 -0.0849475 0.575741 0.51414 0.720927 -0.788284 0.043318 -0.739453 -3.10589 0.295052 0.31174 1.18865 -0.233284
1.44514 -1.53316 2.99463 1.98962 -0.0849475 0.575741 0.51414 0.720927 -0.788284 0.043318 -0.739453 -3.10589 0.295052 0.31174 1.18865 -0.233284
1.45298 -1.53316 2.99463 1.98962 -0.0849475 0.575741 0.51414 0.720927 -0.788284 0.043318 -0.739453 -3.10589 0.295052 0.31174 1.18865 -0.233284
1.46088 -1.53316 2.99463 1.98962 -0.0849475 0.575741 0.51414 0.720927 -0.788284 0.043318 -0.739453 -3.10589 0.295052 0.31174 1.18865 -0.233284
1.4691 -1.53316 2.99463 1.98962 -0.0849475 0.575741 0.51414 0.720927 -0.788284 0.043318 -0.739453 -3.10589 0.295052 0.31174 1.18865 -0.233284
1.47759 -1.53316 2.99463 1.98962 -0.0849475 0.575741 0.51414 0.720927 -0.788284 0.043318 -0.739453 -3.10589 0.295052 0.31174 1.18865 -0.233284
1.48632 -1.53316 2.99463 1.98962 -0.0849475 0.575741 0.51414 0.720927 -0.788284 0.043318 -0.739453 -3.10589 0.295052 0.31174 1.18865 -0.233284
1.49537 -1.53316 2.99463 1.98962 -0.0849475 0.575741 0.51414 0.720927 -0.788284 0.043318 -0.739453 -3.10589 0.295052 0.31174 1.18865 -0.233284
1.58196 -1.53316 2.99463 1.98962 -0.0849475 0.575741 0.51414 0.720927 -0.788284 0.043318 -0.739453 -3.10589 0.295052 0.31174 1.18865 -0.233284
1.58054 -1.53316 2.99463 1.98962 -0.0849475 0.575741 0.51414 0.720927 -0.788284 0.043318 -0.739453 -3.10589 0.295052 0.31174 1.18865 -0.233284
1.57911 -1.53316 2.99463 1.98962 -0.0849475 0.575741 0.51414 0.720927 -0.788284 0.043318 -0.739453 -3.10589 0.295052 0.31174 1.18865 -0.233284
1.57772 -1.53316 2.99463 1.98962 -0.0849475 0.575741 0.51414 0.720927 -0.788284 0.043318 -0.739453 -3.10589 0.295052 0.31174 1.18865 -0.233284
1.57612 -1.53316 2.99463 1.98962 -0.0849475 0.575741 0.51414 0.720927 -0.788284 0.043318 -0.739453 -3.10589 0.295052 0.31174 1.18865 -0.233284
1.57447 -1.53316 2.99463 1.98962 -0.0849475 0.575741 0.51414 0.720927 -0.788284 0.043318 -0.739453 -3.10589 0.295052 0.31174 1.18865 -0.233284
1.57239 -1.53316 2.99463 1.98962 -0.0849475 0.575741 0.51414 0.720927 -0.788284 0.043318 -0.739453 -3.10589 0.295052 0.31174 1.18865 -0.233284
1.57018 -1.53316 2.99463 1.98962 -0.0849475 0.575741 0.51414 0.720927 -0.788284 0.043318 -0.739453 -3.10589 0.295052 0.31174 1.18865 -0.233284
1.56787 -1.53316 2.99463 1.98962 -0.0849475 0.575741 0.51414 0.720927 -0.788284 0.043318 -0.739453 -3.10589 0.295052 0.31174 1.18865 -0.233284
1.56559 -1.53316 2.99463 1.98962 -0.0849475 0.575741 0.51414 0.720927 -0.788284 0.043318 -0.739453 -3.10589 0.295052 0.31174 1.18865 -0.233284
1.56328 -1.53316 2.99463 1.98962 -0.0849475 0.575741 0.51414 0.720927 -0.788284 0.043318 -0.739453 -3.10589 0.295052 0.31174 1.18865 -0.233284
1.56099 -1.53316 2.99463 1.98962 -0.0849475 0.575741 0.51414 0.720927 -0.788284 0.043318 -0.739453 -3.10589 0.295052 0.31174 1.18865 -0.233284
1.55873 -1.53316 2.99463 1.98962 -0.0849475 0.575741 0.51414 0.720927 -0.788284 0.043318 -0.739453 -3.10589 0.295052 0.31174 1.18865 -0.233284
1.55456 -1.53316 2.99463 1.98962 -0.0849475 0.575741 0.51414 0.720927 -0.788284 0.043318 -0.739453 -3.10589 0.295052 0.31174 1.18865 -0.233284
1.55036 -1.53316 2.99463 1.98962 -0.0849475 0.575741 0.51414 0.720927 -0.788284 0.043318 -0.739453 -3.10589 0.295052 0.31174 1.18865 -0.233284
1.54604 -1.53316 2.99463 1.98962 -0.0849475 0.575741 0.51414 0.720927 -0.788284 0.043318 -0.739453 -3.10589 0.295052 0.31174 1.18865 -0.233284
1.54163 -1.53316 2.99463 1.98962 -0.0849475 0.575741 0.51414 0.720927 -0.788284 0.043318 -0.739453 -3.10589 0.295052 0.31174 1.18865 -0.233284
1.53735 -1.53316 2.99463 1.98962 -0.0849475 0.575741 0.51414 0.720927 -0.788284 0.043318 -0.739453 -3.10589 0.295052 0.31174 1.18865 -0.233284
1.53296 -1.53316 2.99463 1.98962 -0.0849475 0.575741 0.51414 0.720927 -0.788284 0.043318 -0.739453 -3.10589 0.295052 0.31174 1.18865 -0.233284
1.52852 -1.53316 2.99463 1.98962 -0.0849475 0.575741 0.51414 0.720927 -0.788284 0.043318 -0.739453 -3.10589 0.295052 0.31174 1.18865 -0.233284
1.52411 -1.53316 2.99463 1.98962 -0.0849475 0.575741 0.51414 0.720927 -0.788284 0.043318 -0.739453 -3.10589 0.295052 0.31174 1.18865 -0.233284
1.51977 -1.53316 2.99463 1.98962 -0.0849475 0.575741 0.51414 0.720927 -0.788284 0.043318 -0.739453 -3.10589 0.295052 0.31174 1.18865 -0.233284
1.51449 -1.53316 2.99463 1.98962 -0.0849475 0.575741 0.51414 0.720927 -0.788284 0.043318 -0.739453 -3.10589 0.295052 0.31174 1.18865 -0.233284
1.50984 -1.53316 2.99463 1.98962 -0.0849475 0.575741 0.51414 0.720927 -0.788284 0.043318 -0.739453 -3.10589 0.295052 0.31174 1.18865 -0.233284
1.50533 -1.53316 2.99463 1.98962 -0.0849475 0.575741 0.51414 0.720927 -0.788284 0.043318 -0.739453 -3.10589 0.295052 0.31174 1.18865 -0.233284
1.50092 -1.53316 2.99463 1.98962 -0.0849475 0.575741 0.51414 0.720927 -0.788284 0.043318 -0.739453 -3.10589 0.295052 0.31174 1.18865 -0.233284
1.49645 -1.53316 2.99463 1.98962 -0.0849475 0.575741 0.51414 0.720927 -0.788284 0.043318 -0.739453 -3.10589 0.295052 0.31174 1.18865 -0.233284
1.49191 -1.53316 2.99463 1.98962 -0.0849475 0.575741 0.51414 0.720927 -0.788284 0.043318 -0.739453 -3.10589 0.295052 0.31174 1.18865 -0.233284
1.48736 -1.53316 2.99463 1.98962 -0.0849475 0.575741 0.51414 0.720927 -0.788284 0.043318 -0.739453 -3.10589 0.295052 0.31174 1.18865 -0.233284
1.48279 -1.53316 2.99463 1.98962 -0.0849475 0.575741 0.51414 0.720927 -0.788284 0.043318 -0.739453 -3.10589 0.295052 0.31174 1.18865 -0.233284
1.47822 -1.53316 2.99463 1.98962 -0.0849475 0.575741 0.51414 0.720927 -0.788284 0.043318 -0.739453 -3.10589 0.295052 0.31174 1.18865 -0.233284
1.47359 -1.53316 2.99463 1.98962 -0.0849475 0.575741 0.51414 0.720927 -0.788284 0.043318 -0.739453 -3.10589 0.295052 0.31174 1.18865 -0.233284
1.46897 -1.53316 2.99463 1.98962 -0.0849475 0.575741 0.51414 0.720927 -0.788284 0.043318 -0.739453 -3.10589 0.295052 0.31174 1.18865 -0.233284
1.46426 -1.53316 2.99463 1.98962 -0.0849475 0.575741 0.51414 0.720927 -0.788284 0.043318 -0.739453 -3.10589 0.295052 0.31174 1.18865 -0.233284
1.45967 -1.53316 2.99463 1.98962 -0.0849475 0.575741 0.51414 0.720927 -0.788284 0.043318 -0.739453 -3.10589 0.295052 0.31174 1.18865 -0.233284
1.45504 -1.53316 2.99463 1.98962 -0.0849475 0.575741 0.51414 0.720927 -0.788284 0.043318 -0.739453 -3.10589 0.295052 0.31174 1.18865 -0.233284
1.45036 -1.53316 2.99463 1.98962 -0.0849475 0.575741 0.51414 0.720927 -0.788284 0.043318 -0.739453 -3.10589 0.295052 0.31174 1.18865 -0.233284
1.44557 -1.53316 2.99463 1.98962 -0.0849475 0.575741 0.51414 0.720927 -0.788284 0.043318 -0.739453 -3.10589 0.295052 0.31174 1.18865 -0.233284
1.44075 -1.53316 2.99463 1.98962 -0.0849475 0.575741 0.51414 0.720927 -0.788284 0.043318 -0.739453 -3.10589 0.295052 0.31174 1.18865 -0.233284
1.43604 -1.53316 2.99463 1.98962 -0.0849475 0.575741 0.51414 0.720927 -0.788284 0.043318 -0.739453 -3.10589 0.295052 0.31174 1.18865 -0.233284
1.43123 -1.53316 2.99463 1.98962 -0.0849475 0.575741 0.51414 0.720927 -0.788284 0.043318 -0.739453 -3.10589 0.295052 0.31174 1.18865 -0.233284
1.42646 -1.53316 2.99463 1.98962 -0.0849475 0.575741 0.51414 0.720927 -0.788284 0.043318 -0.739453 -3.10589 0.295052 0.31174 1.18865 -0.233284
1.42161 -1.53316 2.99463 1.98962 -0.0849475 0.575741 0.51414 0.720927 -0.788284 0.043318 -0.739453 -3.10589 0.295052 0.31174 1.18865 -0.233284
1.41674 -1.53316 2.99463 1.98962 -0.0849475 0.575741 0.51414 0.720927 -0.788284 0.043318 -0.739453 -3.10589 0.295052 0.31174 1.18865 -0.233284
1.41184 -1.53316 2.99463 1.98962 -0.0849475 0.575741 0.51414 0.720927 -0.788284 0.043318 -0.739453 -3.10589 0.295052 0.31174 1.18865 -0.233284
1.40699 -1.53316 2.99463 1.98962 -0.0849475 0.575741 0.51414 0.720927 -0.788284 0.043318 -0.739453 -3.10589 0.295052 0.31174 1.18865 -0.233284
1.40219 -1.53316 2.99463 1.98962 -0.0849475 0.575741 0.51414 0.720927 -0.788284 0.043318 -0.739453 -3.10589 0.295052 0.31174 1.18865 -0.233284
1.39726 -1.53316 2.99463 1.98962 -0.0849475 0.575741 0.51414 0.720927 -0.788284 0.043318 -0.739453 -3.10589 0.295052 0.31174 1.18865 -0.233284
1.39225 -1.53316 2.99463 1.98962 -0.0849475 0.575741 0.51414 0.720927 -0.788284 0.043318 -0.739453 -3.10589 0.295052 0.31174 1.18865 -0.233284
1.38722 -1.53316 2.99463 1.98962 -0.0849475 0.575741 0.51414 0.720927 -0.788284 0.043318 -0.739453 -3.10589 0.295052 0.31174 1.18865 -0.233284
1.38199 -1.53316 2.99463 1.98962 -0.0849475 0.575741 0.51414 0.720927 -0.788284 0.043318 -0.739453 -3.10589 0.295052 0.31174 1.18865 -0.233284
1.3769 -1.53316 2.99463 1.98962 -0.0849475 0.575741 0.51414 0.720927 -0.788284 0.043318 -0.739453 -3.10589 0.295052 0.31174 1.18865 -0.233284
1.37166 -1.53316 2.99463 1.98962 -0.0849475 0.575741 0.51414 0.720927 -0.788284 0.043318 -0.739453 -3.10589 0.295052 0.31174 1.18865 -0.233284
1.36659 -1.53316 2.99463 1.98962 -0.0849475 0.575741 0.51414 0.720927 -0.788284 0.043318 -0.739453 -3.10589 0.295052 0.31174 1.18865 -0.233284
1.36162 -1.53316 2.99463 1.98962 -0.0849475 0.575741 0.51414 0.720927 -0.788284 0.043318 -0.739453 -3.10589 0.295052 0.31174 1.18865 -0.233284
1.35633 -1.53316 2.99463 1.98962 -0.0849475 0.575741 0.51414 0.720927 -0.788284 0.043318 -0.739453 -3.10589 0.295052 0.31174 1.18865 -0.233284
1.35098 -1.53316 2.99463 1.98962 -0.0849475 0.575741 0.51414 0.720927 -0.788284 0.043318 -0.739453 -3.10589 0.295052 0.31174 1.18865 -0.233284
1.34559 -1.53316 2.99463 1.98962 -0.0849475 0.575741 0.51414 0.720927 -0.788284 0.043318 -0.739453 -3.10589 0.295052 0.31174 1.18865 -0.233284
1.34046 -1.53316 2.99463 1.98962 -0.0849475 0.575741 0.51414 0.720927 -0.788284 0.043318 -0.739453 -3.10589 0.295052 0.31174 1.18865 -0.233284
1.33532 -1.53316 2.99463 1.98962 -0.0849475 0.575741 0.51414 0.720927 -0.788284 0.043318 -0.739453 -3.10589 0.295052 0.31174 1.18865 -0.233284
