3.611
3.621
3.631
3.642
3.652
3.662
3.673
3.683
3.694
3.706
3.727
3.747
3.768
3.788
3.809
3.83
3.851
3.871
3.892
3.912
3.952
3.991
4.03
4.069
4.11
4.15
4.189
4.228
4.267
4.307
4.345
4.384
4.423
4.462
4.5
4.539
4.578
4.619
4.659
4.7
4.739
4.778
4.819
4.858
4.897
4.936
4.975
5.014
5.052
5.091
5.13
5.169
5.208
5.247
5.286
5.325
5.363
5.402
5.441
5.48
5.52
5.559
5.598
5.644
5.684
5.723
5.762
5.801
5.84
5.879
5.918
5.957
5.996
6.035
6.074
6.112
6.151
6.19
6.228
6.267
6.307
11.268
11.278
11.289
11.299
11.309
11.32
11.33
11.341
11.351
11.363
11.384
11.404
11.425
11.464
11.502
11.541
11.579
11.618
11.657
11.695
11.734
11.779
11.82
11.86
11.898
11.937
11.975
12.013
12.052
12.091
12.129
12.168
12.207
12.246
12.284
12.323
12.362
12.401
12.44
12.479
12.518
12.556
12.596
12.635
12.674
12.712
12.751
12.79
12.83
12.871
12.91
12.952
12.991
13.03
13.07
13.111
13.152
13.19
13.23
13.268
