2.49311 -1.31031 2.10184 -1.86024 -0.913578 1.96336 -1.12079 -1.40941 2.10816 -0.16905 0.59754 -2.22905 -0.667252 -2.51347 -1.90934 -1.78203
2.49253 -1.31031 2.10184 -1.86024 -0.913578 1.96336 -1.12079 -1.40941 2.10816 -0.16905 0.59754 -2.22905 -0.667252 -2.51347 -1.90934 -1.78203
2.49172 -1.31031 2.10184 -1.86024 -0.913578 1.96336 -1.12079 -1.40941 2.10816 -0.16905 0.59754 -2.22905 -0.667252 -2.51347 -1.90934 -1.78203
2.49072 -1.31031 2.10184 -1.86024 -0.913578 1.96336 -1.12079 -1.40941 2.10816 -0.16905 0.59754 -2.22905 -0.667252 -2.51347 -1.90934 -1.78203
2.48946 -1.31031 2.10184 -1.86024 -0.913578 1.96336 -1.12079 -1.40941 2.10816 -0.16905 0.59754 -2.22905 -0.667252 -2.51347 -1.90934 -1.78203
2.48811 -1.31031 2.10184 -1.86024 -0.913578 1.96336 -1.12079 -1.40941 2.10816 -0.16905 0.59754 -2.22905 -0.667252 -2.51347 -1.90934 -1.78203
2.48663 -1.31031 2.10184 -1.86024 -0.913578 1.96336 -1.12079 -1.40941 2.10816 -0.16905 0.59754 -2.22905 -0.667252 -2.51347 -1.90934 -1.78203
2.48515 -1.31031 2.10184 -1.86024 -0.913578 1.96336 -1.12079 -1.40941 2.10816 -0.16905 0.59754 -2.22905 -0.667252 -2.51347 -1.90934 -1.78203
2.48373 -1.31031 2.10184 -1.86024 -0.913578 1.96336 -1.12079 -1.40941 2.10816 -0.16905 0.59754 -2.22905 -0.667252 -2.51347 -1.90934 -1.78203
2.48231 -1.31031 2.10184 -1.86024 -0.913578 1.96336 -1.12079 -1.40941 2.10816 -0.16905 0.59754 -2.22905 -0.667252 -2.51347 -1.90934 -1.78203
2.48091 -1.31031 2.10184 -1.86024 -0.913578 1.96336 -1.12079 -1.40941 2.10816 -0.16905 0.59754 -2.22905 -0.667252 -2.51347 -1.90934 -1.78203
2.4794 -1.31031 2.10184 -1.86024 -0.913578 1.96336 -1.12079 -1.40941 2.10816 -0.16905 0.59754 -2.22905 -0.667252 -2.51347 -1.90934 -1.78203
2.47757 -1.31031 2.10184 -1.86024 -0.913578 1.96336 -1.12079 -1.40941 2.10816 -0.16905 0.59754 -2.22905 -0.667252 -2.51347 -1.90934 -1.78203
2.47559 -1.31031 2.10184 -1.86024 -0.913578 1.96336 -1.12079 -1.40941 2.10816 -0.16905 0.59754 -2.22905 -0.667252 -2.51347 -1.90934 -1.78203
2.47359 -1.31031 2.10184 -1.86024 -0.913578 1.96336 -1.12079 -1.40941 2.10816 -0.16905 0.59754 -2.22905 -0.667252 -2.51347 -1.90934 -1.78203
2.47156 -1.31031 2.10184 -1.86024 -0.913578 1.96336 -1.12079 -1.40941 2.10816 -0.16905 0.59754 -2.22905 -0.667252 -2.51347 -1.90934 -1.78203
2.46949 -1.31031 2.10184 -1.86024 -0.913578 1.96336 -1.12079 -1.40941 2.10816 -0.16905 0.59754 -2.22905 -0.667252 -2.51347 -1.90934 -1.78203
2.46731 -1.31031 2.10184 -1.86024 -0.913578 1.96336 -1.12079 -1.40941 2.10816 -0.16905 0.59754 -2.22905 -0.667252 -2.51347 -1.90934 -1.78203
2.46507 -1.31031 2.10184 -1.86024 -0.913578 1.96336 -1.12079 -1.40941 2.10816 -0.16905 0.59754 -2.22905 -0.667252 -2.51347 -1.90934 -1.78203
2.46282 -1.31031 2.10184 -1.86024 -0.913578 1.96336 -1.12079 -1.40941 2.10816 -0.16905 0.59754 -2.22905 -0.667252 -2.51347 -1.90934 -1.78203
2.45862 -1.31031 2.10184 -1.86024 -0.913578 1.96336 -1.12079 -1.40941 2.10816 -0.16905 0.59754 -2.22905 -0.667252 -2.51347 -1.90934 -1.78203
2.45431 -1.31031 2.10184 -1.86024 -0.913578 1.96336 -1.12079 -1.40941 2.10816 -0.16905 0.59754 -2.22905 -0.667252 -2.51347 -1.90934 -1.78203
2.45019 -1.31031 2.10184 -1.86024 -0.913578 1.96336 -1.12079 -1.40941 2.10816 -0.16905 0.59754 -2.22905 -0.667252 -2.51347 -1.90934 -1.78203
2.44604 -1.31031 2.10184 -1.86024 -0.913578 1.96336 -1.12079 -1.40941 2.10816 -0.16905 0.59754 -2.22905 -0.667252 -2.51347 -1.90934 -1.78203
2.44187 -1.31031 2.10184 -1.86024 -0.913578 1.96336 -1.12079 -1.40941 2.10816 -0.16905 0.59754 -2.22905 -0.667252 -2.51347 -1.90934 -1.78203
2.4377 -1.31031 2.10184 -1.86024 -0.913578 1.96336 -1.12079 -1.40941 2.10816 -0.16905 0.59754 -2.22905 -0.667252 -2.51347 -1.90934 -1.78203
2.43342 -1.31031 2.10184 -1.86024 -0.913578 1.96336 -1.12079 -1.40941 2.10816 -0.16905 0.59754 -2.22905 -0.667252 -2.51347 -1.90934 -1.78203
2.42918 -1.31031 2.10184 -1.86024 -0.913578 1.96336 -1.12079 -1.40941 2.10816 -0.16905 0.59754 -2.22905 -0.667252 -2.51347 -1.90934 -1.78203
2.42485 -1.31031 2.10184 -1.86024 -0.913578 1.96336 -1.12079 -1.40941 2.10816 -0.16905 0.59754 -2.22905 -0.667252 -2.51347 -1.90934 -1.78203
2.42037 -1.31031 2.10184 -1.86024 -0.913578 1.96336 -1.12079 -1.40941 2.10816 -0.16905 0.59754 -2.22905 -0.667252 -2.51347 -1.90934 -1.78203
2.41586 -1.31031 2.10184 -1.86024 -0.913578 1.96336 -1.12079 -1.40941 2.10816 -0.16905 0.59754 -2.22905 -0.667252 -2.51347 -1.90934 -1.78203
2.41125 -1.31031 2.10184 -1.86024 -0.913578 1.96336 -1.12079 -1.40941 2.10816 -0.16905 0.59754 -2.22905 -0.667252 -2.51347 -1.90934 -1.78203
2.40687 -1.31031 2.10184 -1.86024 -0.913578 1.96336 -1.12079 -1.40941 2.10816 -0.16905 0.59754 -2.22905 -0.667252 -2.51347 -1.90934 -1.78203
2.40255 -1.31031 2.10184 -1.86024 -0.913578 1.96336 -1.12079 -1.40941 2.10816 -0.16905 0.59754 -2.22905 -0.667252 -2.51347 -1.90934 -1.78203
2.39814 -1.31031 2.10184 -1.86024 -0.913578 1.96336 -1.12079 -1.40941 2.10816 -0.16905 0.59754 -2.22905 -0.667252 -2.51347 -1.90934 -1.78203
2.39376 -1.31031 2.10184 -1.86024 -0.913578 1.96336 -1.12079 -1.40941 2.10816 -0.16905 0.59754 -2.22905 -0.667252 -2.51347 -1.90934 -1.78203
2.3893 -1.31031 2.10184 -1.86024 -0.913578 1.96336 -1.12079 -1.40941 2.10816 -0.16905 0.59754 -2.22905 -0.667252 -2.51347 -1.90934 -1.78203
2.3848 -1.31031 2.10184 -1.86024 -0.913578 1.96336 -1.12079 -1.40941 2.10816 -0.16905 0.59754 -2.22905 -0.667252 -2.51347 -1.90934 -1.78203
2.38028 -1.31031 2.10184 -1.86024 -0.913578 1.96336 -1.12079 -1.40941 2.10816 -0.16905 0.59754 -2.22905 -0.667252 -2.51347 -1.90934 -1.78203
2.37581 -1.31031 2.10184 -1.86024 -0.913578 1.96336 -1.12079 -1.40941 2.10816 -0.16905 0.59754 -2.22905 -0.667252 -2.51347 -1.90934 -1.78203
2.37128 -1.31031 2.10184 -1.86024 -0.913578 1.96336 -1.12079 -1.40941 2.10816 -0.16905 0.59754 -2.22905 -0.667252 -2.51347 -1.90934 -1.78203
2.36669 -1.31031 2.10184 -1.86024 -0.913578 1.96336 -1.12079 -1.40941 2.10816 -0.16905 0.59754 -2.22905 -0.667252 -2.51347 -1.90934 -1.78203
2.3621 -1.31031 2.10184 -1.86024 -0.913578 1.96336 -1.12079 -1.40941 2.10816 -0.16905 0.59754 -2.22905 -0.667252 -2.51347 -1.90934 -1.78203
2.3575 -1.31031 2.10184 -1.86024 -0.913578 1.96336 -1.12079 -1.40941 2.10816 -0.16905 0.59754 -2.22905 -0.667252 -2.51347 -1.90934 -1.78203
2.3529 -1.31031 2.10184 -1.86024 -0.913578 1.96336 -1.12079 -1.40941 2.10816 -0.16905 0.59754 -2.22905 -0.667252 -2.51347 -1.90934 -1.78203
2.34823 -1.31031 2.10184 -1.86024 -0.913578 1.96336 -1.12079 -1.40941 2.10816 -0.16905 0.59754 -2.22905 -0.667252 -2.51347 -1.90934 -1.78203
2.34358 -1.31031 2.10184 -1.86024 -0.913578 1.96336 -1.12079 -1.40941 2.10816 -0.16905 0.59754 -2.22905 -0.667252 -2.51347 -1.90934 -1.78203
2.339 -1.31031 2.10184 -1.86024 -0.913578 1.96336 -1.12079 -1.40941 2.10816 -0.16905 0.59754 -2.22905 -0.667252 -2.51347 -1.90934 -1.78203
2.33428 -1.31031 2.10184 -1.86024 -0.913578 1.96336 -1.12079 -1.40941 2.10816 -0.16905 0.59754 -2.22905 -0.667252 -2.51347 -1.90934 -1.78203
2.32957 -1.31031 2.10184 -1.86024 -0.913578 1.96336 -1.12079 -1.40941 2.10816 -0.16905 0.59754 -2.22905 -0.667252 -2.51347 -1.90934 -1.78203
2.32487 -1.31031 2.10184 -1.86024 -0.913578 1.96336 -1.12079 -1.40941 2.10816 -0.16905 0.59754 -2.22905 -0.667252 -2.51347 -1.90934 -1.78203
2.32016 -1.31031 2.10184 -1.86024 -0.913578 1.96336 -1.12079 -1.40941 2.10816 -0.16905 0.59754 -2.22905 -0.667252 -2.51347 -1.90934 -1.78203
2.31543 -1.31031 2.10184 -1.86024 -0.913578 1.96336 -1.12079 -1.40941 2.10816 -0.16905 0.59754 -2.22905 -0.667252 -2.51347 -1.90934 -1.78203
2.3107 -1.31031 2.10184 -1.86024 -0.913578 1.96336 -1.12079 -1.40941 2.10816 -0.16905 0.59754 -2.22905 -0.667252 -2.51347 -1.90934 -1.78203
2.30542 -1.31031 2.10184 -1.86024 -0.913578 1.96336 -1.12079 -1.40941 2.10816 -0.16905 0.59754 -2.22905 -0.667252 -2.51347 -1.90934 -1.78203
2.30057 -1.31031 2.10184 -1.86024 -0.913578 1.96336 -1.12079 -1.40941 2.10816 -0.16905 0.59754 -2.22905 -0.667252 -2.51347 -1.90934 -1.78203
2.29546 -1.31031 2.10184 -1.86024 -0.913578 1.96336 -1.12079 -1.40941 2.10816 -0.16905 0.59754 -2.22905 -0.667252 -2.51347 -1.90934 -1.78203
2.2903 -1.31031 2.10184 -1.86024 -0.913578 1.96336 -1.12079 -1.40941 2.10816 -0.16905 0.59754 -2.22905 -0.667252 -2.51347 -1.90934 -1.78203
2.28541 -1.31031 2.10184 -1.86024 -0.913578 1.96336 -1.12079 -1.40941 2.10816 -0.16905 0.59754 -2.22905 -0.667252 -2.51347 -1.90934 -1.78203
2.28055 -1.31031 2.10184 -1.86024 -0.913578 1.96336 -1.12079 -1.40941 2.10816 -0.16905 0.59754 -2.22905 -0.667252 -2.51347 -1.90934 -1.78203
2.27565 -1.31031 2.10184 -1.86024 -0.913578 1.96336 -1.12079 -1.40941 2.10816 -0.16905 0.59754 -2.22905 -0.667252 -2.51347 -1.90934 -1.78203
2.27069 -1.31031 2.10184 -1.86024 -0.913578 1.96336 -1.12079 -1.40941 2.10816 -0.16905 0.59754 -2.22905 -0.667252 -2.51347 -1.90934 -1.78203
2.26571 -1.31031 2.10184 -1.86024 -0.913578 1.96336 -1.12079 -1.40941 2.10816 -0.16905 0.59754 -2.22905 -0.667252 -2.51347 -1.90934 -1.78203
2.26076 -1.31031 2.10184 -1.86024 -0.913578 1.96336 -1.12079 -1.40941 2.10816 -0.16905 0.59754 -2.22905 -0.667252 -2.51347 -1.90934 -1.78203
2.25583 -1.31031 2.10184 -1.86024 -0.913578 1.96336 -1.12079 -1.40941 2.10816 -0.16905 0.59754 -2.22905 -0.667252 -2.51347 -1.90934 -1.78203
2.25075 -1.31031 2.10184 -1.86024 -0.913578 1.96336 -1.12079 -1.40941 2.10816 -0.16905 0.59754 -2.22905 -0.667252 -2.51347 -1.90934 -1.78203
2.24562 -1.31031 2.10184 -1.86024 -0.913578 1.96336 -1.12079 -1.40941 2.10816 -0.16905 0.59754 -2.22905 -0.667252 -2.51347 -1.90934 -1.78203
2.24054 -1.31031 2.10184 -1.86024 -0.913578 1.96336 -1.12079 -1.40941 2.10816 -0.16905 0.59754 -2.22905 -0.667252 -2.51347 -1.90934 -1.78203
2.23538 -1.31031 2.10184 -1.86024 -0.913578 1.96336 -1.12079 -1.40941 2.10816 -0.16905 0.59754 -2.22905 -0.667252 -2.51347 -1.90934 -1.78203
2.23021 -1.31031 2.10184 -1.86024 -0.913578 1.96336 -1.12079 -1.40941 2.10816 -0.16905 0.59754 -2.22905 -0.667252 -2.51347 -1.90934 -1.78203
2.22504 -1.31031 2.10184 -1.86024 -0.913578 1.96336 -1.12079 -1.40941 2.10816 -0.16905 0.59754 -2.22905 -0.667252 -2.51347 -1.90934 -1.78203
2.21989 -1.31031 2.10184 -1.86024 -0.913578 1.96336 -1.12079 -1.40941 2.10816 -0.16905 0.59754 -2.22905 -0.667252 -2.51347 -1.90934 -1.78203
2.21477 -1.31031 2.10184 -1.86024 -0.913578 1.96336 -1.12079 -1.40941 2.10816 -0.16905 0.59754 -2.22905 -0.667252 -2.51347 -1.90934 -1.78203
2.20952 -1.31031 2.10184 -1.86024 -0.913578 1.96336 -1.12079 -1.40941 2.10816 -0.16905 0.59754 -2.22905 -0.667252 -2.51347 -1.90934 -1.78203
2.20429 -1.31031 2.10184 -1.86024 -0.913578 1.96336 -1.12079 -1.40941 2.10816 -0.16905 0.59754 -2.22905 -0.667252 -2.51347 -1.90934 -1.78203
2.19886 -1.31031 2.10184 -1.86024 -0.913578 1.96336 -1.12079 -1.40941 2.10816 -0.16905 0.59754 -2.22905 -0.667252 -2.51347 -1.90934 -1.78203
2.19359 -1.31031 2.10184 -1.86024 -0.913578 1.96336 -1.12079 -1.40941 2.10816 -0.16905 0.59754 -2.22905 -0.667252 -2.51347 -1.90934 -1.78203
2.18828 -1.31031 2.10184 -1.86024 -0.913578 1.96336 -1.12079 -1.40941 2.10816 -0.16905 0.59754 -2.22905 -0.667252 -2.51347 -1.90934 -1.78203
2.18293 -1.31031 2.10184 -1.86024 -0.913578 1.96336 -1.12079 -1.40941 2.10816 -0.16905 0.59754 -2.22905 -0.667252 -2.51347 -1.90934 -1.78203
2.17759 -1.31031 2.10184 -1.86024 -0.913578 1.96336 -1.12079 -1.40941 2.10816 -0.16905 0.59754 -2.22905 -0.667252 -2.51347 -1.90934 -1.78203
2.17225 -1.31031 2.10184 -1.86024 -0.913578 1.96336 -1.12079 -1.40941 2.10816 -0.16905 0.59754 -2.22905 -0.667252 -2.51347 -1.90934 -1.78203
2.16677 -1.31031 2.10184 -1.86024 -0.913578 1.96336 -1.12079 -1.40941 2.10816 -0.16905 0.59754 -2.22905 -0.667252 -2.51347 -1.90934 -1.78203
2.16131 -1.31031 2.10184 -1.86024 -0.913578 1.96336 -1.12079 -1.40941 2.10816 -0.16905 0.59754 -2.22905 -0.667252 -2.51347 -1.90934 -1.78203
2.1555 -1.31031 2.10184 -1.86024 -0.913578 1.96336 -1.12079 -1.40941 2.10816 -0.16905 0.59754 -2.22905 -0.667252 -2.51347 -1.90934 -1.78203
2.14995 -1.31031 2.10184 -1.86024 -0.913578 1.96336 -1.12079 -1.40941 2.10816 -0.16905 0.59754 -2.22905 -0.667252 -2.51347 -1.90934 -1.78203
2.14443 -1.31031 2.10184 -1.86024 -0.913578 1.96336 -1.12079 -1.40941 2.10816 -0.16905 0.59754 -2.22905 -0.667252 -2.51347 -1.90934 -1.78203
2.13895 -1.31031 2.10184 -1.86024 -0.913578 1.96336 -1.12079 -1.40941 2.10816 -0.16905 0.59754 -2.22905 -0.667252 -2.51347 -1.90934 -1.78203
2.14463 -1.31031 2.10184 -1.86024 -0.913578 1.96336 -1.12079 -1.40941 2.10816 -0.16905 0.59754 -2.22905 -0.667252 -2.51347 -1.90934 -1.78203
2.14563 -1.31031 2.10184 -1.86024 -0.913578 1.96336 -1.12079 -1.40941 2.10816 -0.16905 0.59754 -2.22905 -0.667252 -2.51347 -1.90934 -1.78203
2.14663 -1.31031 2.10184 -1.86024 -0.913578 1.96336 -1.12079 -1.40941 2.10816 -0.16905 0.59754 -2.22905 -0.667252 -2.51347 -1.90934 -1.78203
2.14763 -1.31031 2.10184 -1.86024 -0.913578 1.96336 -1.12079 -1.40941 2.10816 -0.16905 0.59754 -2.22905 -0.667252 -2.51347 -1.90934 -1.78203
2.14859 -1.31031 2.10184 -1.86024 -0.913578 1.96336 -1.12079 -1.40941 2.10816 -0.16905 0.59754 -2.22905 -0.667252 -2.51347 -1.90934 -1.78203
2.14955 -1.31031 2.10184 -1.86024 -0.913578 1.96336 -1.12079 -1.40941 2.10816 -0.16905 0.59754 -2.22905 -0.667252 -2.51347 -1.90934 -1.78203
2.15049 -1.31031 2.10184 -1.86024 -0.913578 1.96336 -1.12079 -1.40941 2.10816 -0.16905 0.59754 -2.22905 -0.667252 -2.51347 -1.90934 -1.78203
2.15142 -1.31031 2.10184 -1.86024 -0.913578 1.96336 -1.12079 -1.40941 2.10816 -0.16905 0.59754 -2.22905 -0.667252 -2.51347 -1.90934 -1.78203
2.15241 -1.31031 2.10184 -1.86024 -0.913578 1.96336 -1.12079 -1.40941 2.10816 -0.16905 0.59754 -2.22905 -0.667252 -2.51347 -1.90934 -1.78203
2.15344 -1.31031 2.10184 -1.86024 -0.913578 1.96336 -1.12079 -1.40941 2.10816 -0.16905 0.59754 -2.22905 -0.667252 -2.51347 -1.90934 -1.78203
2.15541 -1.31031 2.10184 -1.86024 -0.913578 1.96336 -1.12079 -1.40941 2.10816 -0.16905 0.59754 -2.22905 -0.667252 -2.51347 -1.90934 -1.78203
2.15744 -1.31031 2.10184 -1.86024 -0.913578 1.96336 -1.12079 -1.40941 2.10816 -0.16905 0.59754 -2.22905 -0.667252 -2.51347 -1.90934 -1.78203
2.15947 -1.31031 2.10184 -1.86024 -0.913578 1.96336 -1.12079 -1.40941 2.10816 -0.16905 0.59754 -2.22905 -0.667252 -2.51347 -1.90934 -1.78203
2.16163 -1.31031 2.10184 -1.86024 -0.913578 1.96336 -1.12079 -1.40941 2.10816 -0.16905 0.59754 -2.22905 -0.667252 -2.51347 -1.90934 -1.78203
2.16379 -1.31031 2.10184 -1.86024 -0.913578 1.96336 -1.12079 -1.40941 2.10816 -0.16905 0.59754 -2.22905 -0.667252 -2.51347 -1.90934 -1.78203
2.16594 -1.31031 2.10184 -1.86024 -0.913578 1.96336 -1.12079 -1.40941 2.10816 -0.16905 0.59754 -2.22905 -0.667252 -2.51347 -1.90934 -1.78203
2.16819 -1.31031 2.10184 -1.86024 -0.913578 1.96336 -1.12079 -1.40941 2.10816 -0.16905 0.59754 -2.22905 -0.667252 -2.51347 -1.90934 -1.78203
2.1707 -1.31031 2.10184 -1.86024 -0.913578 1.96336 -1.12079 -1.40941 2.10816 -0.16905 0.59754 -2.22905 -0.667252 -2.51347 -1.90934 -1.78203
2.17309 -1.31031 2.10184 -1.86024 -0.913578 1.96336 -1.12079 -1.40941 2.10816 -0.16905 0.59754 -2.22905 -0.667252 -2.51347 -1.90934 -1.78203
2.17555 -1.31031 2.10184 -1.86024 -0.913578 1.96336 -1.12079 -1.40941 2.10816 -0.16905 0.59754 -2.22905 -0.667252 -2.51347 -1.90934 -1.78203
2.17815 -1.31031 2.10184 -1.86024 -0.913578 1.96336 -1.12079 -1.40941 2.10816 -0.16905 0.59754 -2.22905 -0.667252 -2.51347 -1.90934 -1.78203
2.18084 -1.31031 2.10184 -1.86024 -0.913578 1.96336 -1.12079 -1.40941 2.10816 -0.16905 0.59754 -2.22905 -0.667252 -2.51347 -1.90934 -1.78203
2.18358 -1.31031 2.10184 -1.86024 -0.913578 1.96336 -1.12079 -1.40941 2.10816 -0.16905 0.59754 -2.22905 -0.667252 -2.51347 -1.90934 -1.78203
2.18654 -1.31031 2.10184 -1.86024 -0.913578 1.96336 -1.12079 -1.40941 2.10816 -0.16905 0.59754 -2.22905 -0.667252 -2.51347 -1.90934 -1.78203
2.18952 -1.31031 2.10184 -1.86024 -0.913578 1.96336 -1.12079 -1.40941 2.10816 -0.16905 0.59754 -2.22905 -0.667252 -2.51347 -1.90934 -1.78203
2.19239 -1.31031 2.10184 -1.86024 -0.913578 1.96336 -1.12079 -1.40941 2.10816 -0.16905 0.59754 -2.22905 -0.667252 -2.51347 -1.90934 -1.78203
2.19524 -1.31031 2.10184 -1.86024 -0.913578 1.96336 -1.12079 -1.40941 2.10816 -0.16905 0.59754 -2.22905 -0.667252 -2.51347 -1.90934 -1.78203
2.19818 -1.31031 2.10184 -1.86024 -0.913578 1.96336 -1.12079 -1.40941 2.10816 -0.16905 0.59754 -2.22905 -0.667252 -2.51347 -1.90934 -1.78203
2.20132 -1.31031 2.10184 -1.86024 -0.913578 1.96336 -1.12079 -1.40941 2.10816 -0.16905 0.59754 -2.22905 -0.667252 -2.51347 -1.90934 -1.78203
2.20477 -1.31031 2.10184 -1.86024 -0.913578 1.96336 -1.12079 -1.40941 2.10816 -0.16905 0.59754 -2.22905 -0.667252 -2.51347 -1.90934 -1.78203
2.20813 -1.31031 2.10184 -1.86024 -0.913578 1.96336 -1.12079 -1.40941 2.10816 -0.16905 0.59754 -2.22905 -0.667252 -2.51347 -1.90934 -1.78203
2.21164 -1.31031 2.10184 -1.86024 -0.913578 1.96336 -1.12079 -1.40941 2.10816 -0.16905 0.59754 -2.22905 -0.667252 -2.51347 -1.90934 -1.78203
2.2151 -1.31031 2.10184 -1.86024 -0.913578 1.96336 -1.12079 -1.40941 2.10816 -0.16905 0.59754 -2.22905 -0.667252 -2.51347 -1.90934 -1.78203
2.21856 -1.31031 2.10184 -1.86024 -0.913578 1.96336 -1.12079 -1.40941 2.10816 -0.16905 0.59754 -2.22905 -0.667252 -2.51347 -1.90934 -1.78203
2.2223 -1.31031 2.10184 -1.86024 -0.913578 1.96336 -1.12079 -1.40941 2.10816 -0.16905 0.59754 -2.22905 -0.667252 -2.51347 -1.90934 -1.78203
2.22609 -1.31031 2.10184 -1.86024 -0.913578 1.96336 -1.12079 -1.40941 2.10816 -0.16905 0.59754 -2.22905 -0.667252 -2.51347 -1.90934 -1.78203
2.23008 -1.31031 2.10184 -1.86024 -0.913578 1.96336 -1.12079 -1.40941 2.10816 -0.16905 0.59754 -2.22905 -0.667252 -2.51347 -1.90934 -1.78203
2.23417 -1.31031 2.10184 -1.86024 -0.913578 1.96336 -1.12079 -1.40941 2.10816 -0.16905 0.59754 -2.22905 -0.667252 -2.51347 -1.90934 -1.78203
2.23835 -1.31031 2.10184 -1.86024 -0.913578 1.96336 -1.12079 -1.40941 2.10816 -0.16905 0.59754 -2.22905 -0.667252 -2.51347 -1.90934 -1.78203
2.24274 -1.31031 2.10184 -1.86024 -0.913578 1.96336 -1.12079 -1.40941 2.10816 -0.16905 0.59754 -2.22905 -0.667252 -2.51347 -1.90934 -1.78203
2.24722 -1.31031 2.10184 -1.86024 -0.913578 1.96336 -1.12079 -1.40941 2.10816 -0.16905 0.59754 -2.22905 -0.667252 -2.51347 -1.90934 -1.78203
2.25185 -1.31031 2.10184 -1.86024 -0.913578 1.96336 -1.12079 -1.40941 2.10816 -0.16905 0.59754 -2.22905 -0.667252 -2.51347 -1.90934 -1.78203
2.25654 -1.31031 2.10184 -1.86024 -0.913578 1.96336 -1.12079 -1.40941 2.10816 -0.16905 0.59754 -2.22905 -0.667252 -2.51347 -1.90934 -1.78203
2.26222 -1.31031 2.10184 -1.86024 -0.913578 1.96336 -1.12079 -1.40941 2.10816 -0.16905 0.59754 -2.22905 -0.667252 -2.51347 -1.90934 -1.78203
2.26777 -1.31031 2.10184 -1.86024 -0.913578 1.96336 -1.12079 -1.40941 2.10816 -0.16905 0.59754 -2.22905 -0.667252 -2.51347 -1.90934 -1.78203
2.27315 -1.31031 2.10184 -1.86024 -0.913578 1.96336 -1.12079 -1.40941 2.10816 -0.16905 0.59754 -2.22905 -0.667252 -2.51347 -1.90934 -1.78203
2.27841 -1.31031 2.10184 -1.86024 -0.913578 1.96336 -1.12079 -1.40941 2.10816 -0.16905 0.59754 -2.22905 -0.667252 -2.51347 -1.90934 -1.78203
2.28398 -1.31031 2.10184 -1.86024 -0.913578 1.96336 -1.12079 -1.40941 2.10816 -0.16905 0.59754 -2.22905 -0.667252 -2.51347 -1.90934 -1.78203
2.28984 -1.31031 2.10184 -1.86024 -0.913578 1.96336 -1.12079 -1.40941 2.10816 -0.16905 0.59754 -2.22905 -0.667252 -2.51347 -1.90934 -1.78203
2.29566 -1.31031 2.10184 -1.86024 -0.913578 1.96336 -1.12079 -1.40941 2.10816 -0.16905 0.59754 -2.22905 -0.667252 -2.51347 -1.90934 -1.78203
2.30165 -1.31031 2.10184 -1.86024 -0.913578 1.96336 -1.12079 -1.40941 2.10816 -0.16905 0.59754 -2.22905 -0.667252 -2.51347 -1.90934 -1.78203
2.30825 -1.31031 2.10184 -1.86024 -0.913578 1.96336 -1.12079 -1.40941 2.10816 -0.16905 0.59754 -2.22905 -0.667252 -2.51347 -1.90934 -1.78203
2.31476 -1.31031 2.10184 -1.86024 -0.913578 1.96336 -1.12079 -1.40941 2.10816 -0.16905 0.59754 -2.22905 -0.667252 -2.51347 -1.90934 -1.78203
2.32135 -1.31031 2.10184 -1.86024 -0.913578 1.96336 -1.12079 -1.40941 2.10816 -0.16905 0.59754 -2.22905 -0.667252 -2.51347 -1.90934 -1.78203
2.3282 -1.31031 2.10184 -1.86024 -0.913578 1.96336 -1.12079 -1.40941 2.10816 -0.16905 0.59754 -2.22905 -0.667252 -2.51347 -1.90934 -1.78203
2.33534 -1.31031 2.10184 -1.86024 -0.913578 1.96336 -1.12079 -1.40941 2.10816 -0.16905 0.59754 -2.22905 -0.667252 -2.51347 -1.90934 -1.78203
2.34273 -1.31031 2.10184 -1.86024 -0.913578 1.96336 -1.12079 -1.40941 2.10816 -0.16905 0.59754 -2.22905 -0.667252 -2.51347 -1.90934 -1.78203
2.35025 -1.31031 2.10184 -1.86024 -0.913578 1.96336 -1.12079 -1.40941 2.10816 -0.16905 0.59754 -2.22905 -0.667252 -2.51347 -1.90934 -1.78203
2.35807 -1.31031 2.10184 -1.86024 -0.913578 1.96336 -1.12079 -1.40941 2.10816 -0.16905 0.59754 -2.22905 -0.667252 -2.51347 -1.90934 -1.78203
2.36628 -1.31031 2.10184 -1.86024 -0.913578 1.96336 -1.12079 -1.40941 2.10816 -0.16905 0.59754 -2.22905 -0.667252 -2.51347 -1.90934 -1.78203
2.37485 -1.31031 2.10184 -1.86024 -0.913578 1.96336 -1.12079 -1.40941 2.10816 -0.16905 0.59754 -2.22905 -0.667252 -2.51347 -1.90934 -1.78203
2.38359 -1.31031 2.10184 -1.86024 -0.913578 1.96336 -1.12079 -1.40941 2.10816 -0.16905 0.59754 -2.22905 -0.667252 -2.51347 -1.90934 -1.78203
2.39266 -1.31031 2.10184 -1.86024 -0.913578 1.96336 -1.12079 -1.40941 2.10816 -0.16905 0.59754 -2.22905 -0.667252 -2.51347 -1.90934 -1.78203
