5.293
5.303
5.314
5.324
5.334
5.345
5.355
5.366
5.376
5.388
5.408
5.429
5.45
5.471
5.492
5.512
5.532
5.553
5.574
5.594
5.633
5.672
5.711
5.749
5.788
5.826
5.865
5.904
5.944
5.986
6.027
6.066
6.105
6.143
6.182
6.22
6.259
6.298
6.337
6.376
6.414
6.453
6.493
6.532
6.571
6.609
6.648
6.687
6.726
6.764
6.803
6.841
6.88
6.918
6.961
7.001
7.043
7.082
7.12
7.158
7.197
7.235
7.274
7.312
7.35
7.389
7.428
7.467
7.506
7.545
7.584
7.622
7.66
7.699
7.739
7.778
7.816
7.855
7.894
7.932
7.97
8.009
8.05
8.089
8.128
8.166
8.205
9.622
9.633
9.644
9.655
9.665
9.676
9.687
9.698
9.708
9.722
9.76
9.8
9.838
9.877
9.915
9.954
9.993
10.034
10.075
10.116
10.154
10.193
10.234
10.273
10.315
10.354
10.392
10.431
10.472
10.51
10.549
10.587
10.626
10.665
10.703
10.742
10.78
10.819
10.859
10.898
10.937
10.976
11.015
11.062
11.103
11.142
11.18
11.219
11.258
11.296
11.336
11.375
11.414
11.452
11.491
11.529
11.568
11.607
11.646
11.685
11.724
11.763
11.802
