1.61051 1.28135 -2.09794 1.99376 -0.389375 -1.43498 -1.35551 1.70401 0.142567 0.552821 -1.7653 2.26347 -2.05261 0.551543 -1.35032 1.08245
1.61255 1.28135 -2.09794 1.99376 -0.389375 -1.43498 -1.35551 1.70401 0.142567 0.552821 -1.7653 2.26347 -2.05261 0.551543 -1.35032 1.08245
1.61469 1.28135 -2.09794 1.99376 -0.389375 -1.43498 -1.35551 1.70401 0.142567 0.552821 -1.7653 2.26347 -2.05261 0.551543 -1.35032 1.08245
1.61696 1.28135 -2.09794 1.99376 -0.389375 -1.43498 -1.35551 1.70401 0.142567 0.552821 -1.7653 2.26347 -2.05261 0.551543 -1.35032 1.08245
1.61938 1.28135 -2.09794 1.99376 -0.389375 -1.43498 -1.35551 1.70401 0.142567 0.552821 -1.7653 2.26347 -2.05261 0.551543 -1.35032 1.08245
1.62192 1.28135 -2.09794 1.99376 -0.389375 -1.43498 -1.35551 1.70401 0.142567 0.552821 -1.7653 2.26347 -2.05261 0.551543 -1.35032 1.08245
1.62455 1.28135 -2.09794 1.99376 -0.389375 -1.43498 -1.35551 1.70401 0.142567 0.552821 -1.7653 2.26347 -2.05261 0.551543 -1.35032 1.08245
1.62719 1.28135 -2.09794 1.99376 -0.389375 -1.43498 -1.35551 1.70401 0.142567 0.552821 -1.7653 2.26347 -2.05261 0.551543 -1.35032 1.08245
1.62981 1.28135 -2.09794 1.99376 -0.389375 -1.43498 -1.35551 1.70401 0.142567 0.552821 -1.7653 2.26347 -2.05261 0.551543 -1.35032 1.08245
1.6325 1.28135 -2.09794 1.99376 -0.389375 -1.43498 -1.35551 1.70401 0.142567 0.552821 -1.7653 2.26347 -2.05261 0.551543 -1.35032 1.08245
1.6352 1.28135 -2.09794 1.99376 -0.389375 -1.43498 -1.35551 1.70401 0.142567 0.552821 -1.7653 2.26347 -2.05261 0.551543 -1.35032 1.08245
1.63799 1.28135 -2.09794 1.99376 -0.389375 -1.43498 -1.35551 1.70401 0.142567 0.552821 -1.7653 2.26347 -2.05261 0.551543 -1.35032 1.08245
1.64082 1.28135 -2.09794 1.99376 -0.389375 -1.43498 -1.35551 1.70401 0.142567 0.552821 -1.7653 2.26347 -2.05261 0.551543 -1.35032 1.08245
1.64378 1.28135 -2.09794 1.99376 -0.389375 -1.43498 -1.35551 1.70401 0.142567 0.552821 -1.7653 2.26347 -2.05261 0.551543 -1.35032 1.08245
1.64662 1.28135 -2.09794 1.99376 -0.389375 -1.43498 -1.35551 1.70401 0.142567 0.552821 -1.7653 2.26347 -2.05261 0.551543 -1.35032 1.08245
1.64947 1.28135 -2.09794 1.99376 -0.389375 -1.43498 -1.35551 1.70401 0.142567 0.552821 -1.7653 2.26347 -2.05261 0.551543 -1.35032 1.08245
1.65519 1.28135 -2.09794 1.99376 -0.389375 -1.43498 -1.35551 1.70401 0.142567 0.552821 -1.7653 2.26347 -2.05261 0.551543 -1.35032 1.08245
1.66135 1.28135 -2.09794 1.99376 -0.389375 -1.43498 -1.35551 1.70401 0.142567 0.552821 -1.7653 2.26347 -2.05261 0.551543 -1.35032 1.08245
1.66768 1.28135 -2.09794 1.99376 -0.389375 -1.43498 -1.35551 1.70401 0.142567 0.552821 -1.7653 2.26347 -2.05261 0.551543 -1.35032 1.08245
1.67412 1.28135 -2.09794 1.99376 -0.389375 -1.43498 -1.35551 1.70401 0.142567 0.552821 -1.7653 2.26347 -2.05261 0.551543 -1.35032 1.08245
1.6808 1.28135 -2.09794 1.99376 -0.389375 -1.43498 -1.35551 1.70401 0.142567 0.552821 -1.7653 2.26347 -2.05261 0.551543 -1.35032 1.08245
1.68762 1.28135 -2.09794 1.99376 -0.389375 -1.43498 -1.35551 1.70401 0.142567 0.552821 -1.7653 2.26347 -2.05261 0.551543 -1.35032 1.08245
1.69467 1.28135 -2.09794 1.99376 -0.389375 -1.43498 -1.35551 1.70401 0.142567 0.552821 -1.7653 2.26347 -2.05261 0.551543 -1.35032 1.08245
1.70198 1.28135 -2.09794 1.99376 -0.389375 -1.43498 -1.35551 1.70401 0.142567 0.552821 -1.7653 2.26347 -2.05261 0.551543 -1.35032 1.08245
1.70963 1.28135 -2.09794 1.99376 -0.389375 -1.43498 -1.35551 1.70401 0.142567 0.552821 -1.7653 2.26347 -2.05261 0.551543 -1.35032 1.08245
1.71746 1.28135 -2.09794 1.99376 -0.389375 -1.43498 -1.35551 1.70401 0.142567 0.552821 -1.7653 2.26347 -2.05261 0.551543 -1.35032 1.08245
1.7256 1.28135 -2.09794 1.99376 -0.389375 -1.43498 -1.35551 1.70401 0.142567 0.552821 -1.7653 2.26347 -2.05261 0.551543 -1.35032 1.08245
1.73397 1.28135 -2.09794 1.99376 -0.389375 -1.43498 -1.35551 1.70401 0.142567 0.552821 -1.7653 2.26347 -2.05261 0.551543 -1.35032 1.08245
1.74277 1.28135 -2.09794 1.99376 -0.389375 -1.43498 -1.35551 1.70401 0.142567 0.552821 -1.7653 2.26347 -2.05261 0.551543 -1.35032 1.08245
1.75181 1.28135 -2.09794 1.99376 -0.389375 -1.43498 -1.35551 1.70401 0.142567 0.552821 -1.7653 2.26347 -2.05261 0.551543 -1.35032 1.08245
1.76129 1.28135 -2.09794 1.99376 -0.389375 -1.43498 -1.35551 1.70401 0.142567 0.552821 -1.7653 2.26347 -2.05261 0.551543 -1.35032 1.08245
1.77115 1.28135 -2.09794 1.99376 -0.389375 -1.43498 -1.35551 1.70401 0.142567 0.552821 -1.7653 2.26347 -2.05261 0.551543 -1.35032 1.08245
1.78124 1.28135 -2.09794 1.99376 -0.389375 -1.43498 -1.35551 1.70401 0.142567 0.552821 -1.7653 2.26347 -2.05261 0.551543 -1.35032 1.08245
1.79173 1.28135 -2.09794 1.99376 -0.389375 -1.43498 -1.35551 1.70401 0.142567 0.552821 -1.7653 2.26347 -2.05261 0.551543 -1.35032 1.08245
1.80271 1.28135 -2.09794 1.99376 -0.389375 -1.43498 -1.35551 1.70401 0.142567 0.552821 -1.7653 2.26347 -2.05261 0.551543 -1.35032 1.08245
1.81419 1.28135 -2.09794 1.99376 -0.389375 -1.43498 -1.35551 1.70401 0.142567 0.552821 -1.7653 2.26347 -2.05261 0.551543 -1.35032 1.08245
1.82596 1.28135 -2.09794 1.99376 -0.389375 -1.43498 -1.35551 1.70401 0.142567 0.552821 -1.7653 2.26347 -2.05261 0.551543 -1.35032 1.08245
1.83862 1.28135 -2.09794 1.99376 -0.389375 -1.43498 -1.35551 1.70401 0.142567 0.552821 -1.7653 2.26347 -2.05261 0.551543 -1.35032 1.08245
1.85201 1.28135 -2.09794 1.99376 -0.389375 -1.43498 -1.35551 1.70401 0.142567 0.552821 -1.7653 2.26347 -2.05261 0.551543 -1.35032 1.08245
1.86618 1.28135 -2.09794 1.99376 -0.389375 -1.43498 -1.35551 1.70401 0.142567 0.552821 -1.7653 2.26347 -2.05261 0.551543 -1.35032 1.08245
1.88023 1.28135 -2.09794 1.99376 -0.389375 -1.43498 -1.35551 1.70401 0.142567 0.552821 -1.7653 2.26347 -2.05261 0.551543 -1.35032 1.08245
1.8944 1.28135 -2.09794 1.99376 -0.389375 -1.43498 -1.35551 1.70401 0.142567 0.552821 -1.7653 2.26347 -2.05261 0.551543 -1.35032 1.08245
1.91306 1.28135 -2.09794 1.99376 -0.389375 -1.43498 -1.35551 1.70401 0.142567 0.552821 -1.7653 2.26347 -2.05261 0.551543 -1.35032 1.08245
1.91191 1.28135 -2.09794 1.99376 -0.389375 -1.43498 -1.35551 1.70401 0.142567 0.552821 -1.7653 2.26347 -2.05261 0.551543 -1.35032 1.08245
1.9108 1.28135 -2.09794 1.99376 -0.389375 -1.43498 -1.35551 1.70401 0.142567 0.552821 -1.7653 2.26347 -2.05261 0.551543 -1.35032 1.08245
1.90933 1.28135 -2.09794 1.99376 -0.389375 -1.43498 -1.35551 1.70401 0.142567 0.552821 -1.7653 2.26347 -2.05261 0.551543 -1.35032 1.08245
1.90756 1.28135 -2.09794 1.99376 -0.389375 -1.43498 -1.35551 1.70401 0.142567 0.552821 -1.7653 2.26347 -2.05261 0.551543 -1.35032 1.08245
1.90558 1.28135 -2.09794 1.99376 -0.389375 -1.43498 -1.35551 1.70401 0.142567 0.552821 -1.7653 2.26347 -2.05261 0.551543 -1.35032 1.08245
1.90358 1.28135 -2.09794 1.99376 -0.389375 -1.43498 -1.35551 1.70401 0.142567 0.552821 -1.7653 2.26347 -2.05261 0.551543 -1.35032 1.08245
1.90154 1.28135 -2.09794 1.99376 -0.389375 -1.43498 -1.35551 1.70401 0.142567 0.552821 -1.7653 2.26347 -2.05261 0.551543 -1.35032 1.08245
1.8995 1.28135 -2.09794 1.99376 -0.389375 -1.43498 -1.35551 1.70401 0.142567 0.552821 -1.7653 2.26347 -2.05261 0.551543 -1.35032 1.08245
1.89747 1.28135 -2.09794 1.99376 -0.389375 -1.43498 -1.35551 1.70401 0.142567 0.552821 -1.7653 2.26347 -2.05261 0.551543 -1.35032 1.08245
1.89375 1.28135 -2.09794 1.99376 -0.389375 -1.43498 -1.35551 1.70401 0.142567 0.552821 -1.7653 2.26347 -2.05261 0.551543 -1.35032 1.08245
1.88987 1.28135 -2.09794 1.99376 -0.389375 -1.43498 -1.35551 1.70401 0.142567 0.552821 -1.7653 2.26347 -2.05261 0.551543 -1.35032 1.08245
1.88593 1.28135 -2.09794 1.99376 -0.389375 -1.43498 -1.35551 1.70401 0.142567 0.552821 -1.7653 2.26347 -2.05261 0.551543 -1.35032 1.08245
1.88196 1.28135 -2.09794 1.99376 -0.389375 -1.43498 -1.35551 1.70401 0.142567 0.552821 -1.7653 2.26347 -2.05261 0.551543 -1.35032 1.08245
1.87805 1.28135 -2.09794 1.99376 -0.389375 -1.43498 -1.35551 1.70401 0.142567 0.552821 -1.7653 2.26347 -2.05261 0.551543 -1.35032 1.08245
1.87422 1.28135 -2.09794 1.99376 -0.389375 -1.43498 -1.35551 1.70401 0.142567 0.552821 -1.7653 2.26347 -2.05261 0.551543 -1.35032 1.08245
1.8703 1.28135 -2.09794 1.99376 -0.389375 -1.43498 -1.35551 1.70401 0.142567 0.552821 -1.7653 2.26347 -2.05261 0.551543 -1.35032 1.08245
1.86631 1.28135 -2.09794 1.99376 -0.389375 -1.43498 -1.35551 1.70401 0.142567 0.552821 -1.7653 2.26347 -2.05261 0.551543 -1.35032 1.08245
1.86237 1.28135 -2.09794 1.99376 -0.389375 -1.43498 -1.35551 1.70401 0.142567 0.552821 -1.7653 2.26347 -2.05261 0.551543 -1.35032 1.08245
1.8584 1.28135 -2.09794 1.99376 -0.389375 -1.43498 -1.35551 1.70401 0.142567 0.552821 -1.7653 2.26347 -2.05261 0.551543 -1.35032 1.08245
1.85446 1.28135 -2.09794 1.99376 -0.389375 -1.43498 -1.35551 1.70401 0.142567 0.552821 -1.7653 2.26347 -2.05261 0.551543 -1.35032 1.08245
1.85045 1.28135 -2.09794 1.99376 -0.389375 -1.43498 -1.35551 1.70401 0.142567 0.552821 -1.7653 2.26347 -2.05261 0.551543 -1.35032 1.08245
1.84635 1.28135 -2.09794 1.99376 -0.389375 -1.43498 -1.35551 1.70401 0.142567 0.552821 -1.7653 2.26347 -2.05261 0.551543 -1.35032 1.08245
1.84226 1.28135 -2.09794 1.99376 -0.389375 -1.43498 -1.35551 1.70401 0.142567 0.552821 -1.7653 2.26347 -2.05261 0.551543 -1.35032 1.08245
1.83814 1.28135 -2.09794 1.99376 -0.389375 -1.43498 -1.35551 1.70401 0.142567 0.552821 -1.7653 2.26347 -2.05261 0.551543 -1.35032 1.08245
1.83408 1.28135 -2.09794 1.99376 -0.389375 -1.43498 -1.35551 1.70401 0.142567 0.552821 -1.7653 2.26347 -2.05261 0.551543 -1.35032 1.08245
1.82988 1.28135 -2.09794 1.99376 -0.389375 -1.43498 -1.35551 1.70401 0.142567 0.552821 -1.7653 2.26347 -2.05261 0.551543 -1.35032 1.08245
1.82564 1.28135 -2.09794 1.99376 -0.389375 -1.43498 -1.35551 1.70401 0.142567 0.552821 -1.7653 2.26347 -2.05261 0.551543 -1.35032 1.08245
1.8214 1.28135 -2.09794 1.99376 -0.389375 -1.43498 -1.35551 1.70401 0.142567 0.552821 -1.7653 2.26347 -2.05261 0.551543 -1.35032 1.08245
1.81695 1.28135 -2.09794 1.99376 -0.389375 -1.43498 -1.35551 1.70401 0.142567 0.552821 -1.7653 2.26347 -2.05261 0.551543 -1.35032 1.08245
1.81276 1.28135 -2.09794 1.99376 -0.389375 -1.43498 -1.35551 1.70401 0.142567 0.552821 -1.7653 2.26347 -2.05261 0.551543 -1.35032 1.08245
1.80853 1.28135 -2.09794 1.99376 -0.389375 -1.43498 -1.35551 1.70401 0.142567 0.552821 -1.7653 2.26347 -2.05261 0.551543 -1.35032 1.08245
1.8042 1.28135 -2.09794 1.99376 -0.389375 -1.43498 -1.35551 1.70401 0.142567 0.552821 -1.7653 2.26347 -2.05261 0.551543 -1.35032 1.08245
1.79953 1.28135 -2.09794 1.99376 -0.389375 -1.43498 -1.35551 1.70401 0.142567 0.552821 -1.7653 2.26347 -2.05261 0.551543 -1.35032 1.08245
1.79523 1.28135 -2.09794 1.99376 -0.389375 -1.43498 -1.35551 1.70401 0.142567 0.552821 -1.7653 2.26347 -2.05261 0.551543 -1.35032 1.08245
1.79065 1.28135 -2.09794 1.99376 -0.389375 -1.43498 -1.35551 1.70401 0.142567 0.552821 -1.7653 2.26347 -2.05261 0.551543 -1.35032 1.08245
1.78635 1.28135 -2.09794 1.99376 -0.389375 -1.43498 -1.35551 1.70401 0.142567 0.552821 -1.7653 2.26347 -2.05261 0.551543 -1.35032 1.08245
1.78206 1.28135 -2.09794 1.99376 -0.389375 -1.43498 -1.35551 1.70401 0.142567 0.552821 -1.7653 2.26347 -2.05261 0.551543 -1.35032 1.08245
1.7777 1.28135 -2.09794 1.99376 -0.389375 -1.43498 -1.35551 1.70401 0.142567 0.552821 -1.7653 2.26347 -2.05261 0.551543 -1.35032 1.08245
1.77337 1.28135 -2.09794 1.99376 -0.389375 -1.43498 -1.35551 1.70401 0.142567 0.552821 -1.7653 2.26347 -2.05261 0.551543 -1.35032 1.08245
1.76902 1.28135 -2.09794 1.99376 -0.389375 -1.43498 -1.35551 1.70401 0.142567 0.552821 -1.7653 2.26347 -2.05261 0.551543 -1.35032 1.08245
1.7646 1.28135 -2.09794 1.99376 -0.389375 -1.43498 -1.35551 1.70401 0.142567 0.552821 -1.7653 2.26347 -2.05261 0.551543 -1.35032 1.08245
1.76007 1.28135 -2.09794 1.99376 -0.389375 -1.43498 -1.35551 1.70401 0.142567 0.552821 -1.7653 2.26347 -2.05261 0.551543 -1.35032 1.08245
1.75562 1.28135 -2.09794 1.99376 -0.389375 -1.43498 -1.35551 1.70401 0.142567 0.552821 -1.7653 2.26347 -2.05261 0.551543 -1.35032 1.08245
1.75117 1.28135 -2.09794 1.99376 -0.389375 -1.43498 -1.35551 1.70401 0.142567 0.552821 -1.7653 2.26347 -2.05261 0.551543 -1.35032 1.08245
1.74666 1.28135 -2.09794 1.99376 -0.389375 -1.43498 -1.35551 1.70401 0.142567 0.552821 -1.7653 2.26347 -2.05261 0.551543 -1.35032 1.08245
1.74211 1.28135 -2.09794 1.99376 -0.389375 -1.43498 -1.35551 1.70401 0.142567 0.552821 -1.7653 2.26347 -2.05261 0.551543 -1.35032 1.08245
1.73754 1.28135 -2.09794 1.99376 -0.389375 -1.43498 -1.35551 1.70401 0.142567 0.552821 -1.7653 2.26347 -2.05261 0.551543 -1.35032 1.08245
1.73304 1.28135 -2.09794 1.99376 -0.389375 -1.43498 -1.35551 1.70401 0.142567 0.552821 -1.7653 2.26347 -2.05261 0.551543 -1.35032 1.08245
1.7285 1.28135 -2.09794 1.99376 -0.389375 -1.43498 -1.35551 1.70401 0.142567 0.552821 -1.7653 2.26347 -2.05261 0.551543 -1.35032 1.08245
1.72388 1.28135 -2.09794 1.99376 -0.389375 -1.43498 -1.35551 1.70401 0.142567 0.552821 -1.7653 2.26347 -2.05261 0.551543 -1.35032 1.08245
1.71923 1.28135 -2.09794 1.99376 -0.389375 -1.43498 -1.35551 1.70401 0.142567 0.552821 -1.7653 2.26347 -2.05261 0.551543 -1.35032 1.08245
1.71461 1.28135 -2.09794 1.99376 -0.389375 -1.43498 -1.35551 1.70401 0.142567 0.552821 -1.7653 2.26347 -2.05261 0.551543 -1.35032 1.08245
1.70997 1.28135 -2.09794 1.99376 -0.389375 -1.43498 -1.35551 1.70401 0.142567 0.552821 -1.7653 2.26347 -2.05261 0.551543 -1.35032 1.08245
1.70522 1.28135 -2.09794 1.99376 -0.389375 -1.43498 -1.35551 1.70401 0.142567 0.552821 -1.7653 2.26347 -2.05261 0.551543 -1.35032 1.08245
1.70047 1.28135 -2.09794 1.99376 -0.389375 -1.43498 -1.35551 1.70401 0.142567 0.552821 -1.7653 2.26347 -2.05261 0.551543 -1.35032 1.08245
1.69566 1.28135 -2.09794 1.99376 -0.389375 -1.43498 -1.35551 1.70401 0.142567 0.552821 -1.7653 2.26347 -2.05261 0.551543 -1.35032 1.08245
1.69086 1.28135 -2.09794 1.99376 -0.389375 -1.43498 -1.35551 1.70401 0.142567 0.552821 -1.7653 2.26347 -2.05261 0.551543 -1.35032 1.08245
1.68608 1.28135 -2.09794 1.99376 -0.389375 -1.43498 -1.35551 1.70401 0.142567 0.552821 -1.7653 2.26347 -2.05261 0.551543 -1.35032 1.08245
1.68057 1.28135 -2.09794 1.99376 -0.389375 -1.43498 -1.35551 1.70401 0.142567 0.552821 -1.7653 2.26347 -2.05261 0.551543 -1.35032 1.08245
1.67564 1.28135 -2.09794 1.99376 -0.389375 -1.43498 -1.35551 1.70401 0.142567 0.552821 -1.7653 2.26347 -2.05261 0.551543 -1.35032 1.08245
1.67047 1.28135 -2.09794 1.99376 -0.389375 -1.43498 -1.35551 1.70401 0.142567 0.552821 -1.7653 2.26347 -2.05261 0.551543 -1.35032 1.08245
1.66562 1.28135 -2.09794 1.99376 -0.389375 -1.43498 -1.35551 1.70401 0.142567 0.552821 -1.7653 2.26347 -2.05261 0.551543 -1.35032 1.08245
1.66067 1.28135 -2.09794 1.99376 -0.389375 -1.43498 -1.35551 1.70401 0.142567 0.552821 -1.7653 2.26347 -2.05261 0.551543 -1.35032 1.08245
1.65572 1.28135 -2.09794 1.99376 -0.389375 -1.43498 -1.35551 1.70401 0.142567 0.552821 -1.7653 2.26347 -2.05261 0.551543 -1.35032 1.08245
1.65081 1.28135 -2.09794 1.99376 -0.389375 -1.43498 -1.35551 1.70401 0.142567 0.552821 -1.7653 2.26347 -2.05261 0.551543 -1.35032 1.08245
1.64593 1.28135 -2.09794 1.99376 -0.389375 -1.43498 -1.35551 1.70401 0.142567 0.552821 -1.7653 2.26347 -2.05261 0.551543 -1.35032 1.08245
1.6409 1.28135 -2.09794 1.99376 -0.389375 -1.43498 -1.35551 1.70401 0.142567 0.552821 -1.7653 2.26347 -2.05261 0.551543 -1.35032 1.08245
1.63591 1.28135 -2.09794 1.99376 -0.389375 -1.43498 -1.35551 1.70401 0.142567 0.552821 -1.7653 2.26347 -2.05261 0.551543 -1.35032 1.08245
1.63092 1.28135 -2.09794 1.99376 -0.389375 -1.43498 -1.35551 1.70401 0.142567 0.552821 -1.7653 2.26347 -2.05261 0.551543 -1.35032 1.08245
1.62585 1.28135 -2.09794 1.99376 -0.389375 -1.43498 -1.35551 1.70401 0.142567 0.552821 -1.7653 2.26347 -2.05261 0.551543 -1.35032 1.08245
1.62075 1.28135 -2.09794 1.99376 -0.389375 -1.43498 -1.35551 1.70401 0.142567 0.552821 -1.7653 2.26347 -2.05261 0.551543 -1.35032 1.08245
1.61573 1.28135 -2.09794 1.99376 -0.389375 -1.43498 -1.35551 1.70401 0.142567 0.552821 -1.7653 2.26347 -2.05261 0.551543 -1.35032 1.08245
1.61065 1.28135 -2.09794 1.99376 -0.389375 -1.43498 -1.35551 1.70401 0.142567 0.552821 -1.7653 2.26347 -2.05261 0.551543 -1.35032 1.08245
1.60555 1.28135 -2.09794 1.99376 -0.389375 -1.43498 -1.35551 1.70401 0.142567 0.552821 -1.7653 2.26347 -2.05261 0.551543 -1.35032 1.08245
1.60037 1.28135 -2.09794 1.99376 -0.389375 -1.43498 -1.35551 1.70401 0.142567 0.552821 -1.7653 2.26347 -2.05261 0.551543 -1.35032 1.08245
1.59514 1.28135 -2.09794 1.99376 -0.389375 -1.43498 -1.35551 1.70401 0.142567 0.552821 -1.7653 2.26347 -2.05261 0.551543 -1.35032 1.08245
1.58974 1.28135 -2.09794 1.99376 -0.389375 -1.43498 -1.35551 1.70401 0.142567 0.552821 -1.7653 2.26347 -2.05261 0.551543 -1.35032 1.08245
1.58455 1.28135 -2.09794 1.99376 -0.389375 -1.43498 -1.35551 1.70401 0.142567 0.552821 -1.7653 2.26347 -2.05261 0.551543 -1.35032 1.08245
1.57924 1.28135 -2.09794 1.99376 -0.389375 -1.43498 -1.35551 1.70401 0.142567 0.552821 -1.7653 2.26347 -2.05261 0.551543 -1.35032 1.08245
1.57389 1.28135 -2.09794 1.99376 -0.389375 -1.43498 -1.35551 1.70401 0.142567 0.552821 -1.7653 2.26347 -2.05261 0.551543 -1.35032 1.08245
1.56848 1.28135 -2.09794 1.99376 -0.389375 -1.43498 -1.35551 1.70401 0.142567 0.552821 -1.7653 2.26347 -2.05261 0.551543 -1.35032 1.08245
1.56305 1.28135 -2.09794 1.99376 -0.389375 -1.43498 -1.35551 1.70401 0.142567 0.552821 -1.7653 2.26347 -2.05261 0.551543 -1.35032 1.08245
1.55767 1.28135 -2.09794 1.99376 -0.389375 -1.43498 -1.35551 1.70401 0.142567 0.552821 -1.7653 2.26347 -2.05261 0.551543 -1.35032 1.08245
1.55223 1.28135 -2.09794 1.99376 -0.389375 -1.43498 -1.35551 1.70401 0.142567 0.552821 -1.7653 2.26347 -2.05261 0.551543 -1.35032 1.08245
1.54672 1.28135 -2.09794 1.99376 -0.389375 -1.43498 -1.35551 1.70401 0.142567 0.552821 -1.7653 2.26347 -2.05261 0.551543 -1.35032 1.08245
1.5412 1.28135 -2.09794 1.99376 -0.389375 -1.43498 -1.35551 1.70401 0.142567 0.552821 -1.7653 2.26347 -2.05261 0.551543 -1.35032 1.08245
1.5354 1.28135 -2.09794 1.99376 -0.389375 -1.43498 -1.35551 1.70401 0.142567 0.552821 -1.7653 2.26347 -2.05261 0.551543 -1.35032 1.08245
1.52989 1.28135 -2.09794 1.99376 -0.389375 -1.43498 -1.35551 1.70401 0.142567 0.552821 -1.7653 2.26347 -2.05261 0.551543 -1.35032 1.08245
1.52437 1.28135 -2.09794 1.99376 -0.389375 -1.43498 -1.35551 1.70401 0.142567 0.552821 -1.7653 2.26347 -2.05261 0.551543 -1.35032 1.08245
1.51854 1.28135 -2.09794 1.99376 -0.389375 -1.43498 -1.35551 1.70401 0.142567 0.552821 -1.7653 2.26347 -2.05261 0.551543 -1.35032 1.08245
1.51292 1.28135 -2.09794 1.99376 -0.389375 -1.43498 -1.35551 1.70401 0.142567 0.552821 -1.7653 2.26347 -2.05261 0.551543 -1.35032 1.08245
