2.578
2.589
2.599
2.61
2.62
2.632
2.655
2.674
2.694
2.715
2.735
2.756
2.776
2.797
2.817
2.839
2.878
2.917
2.956
2.994
3.033
3.072
3.11
3.149
3.188
3.226
3.264
3.303
3.342
3.38
3.419
3.458
3.496
3.535
3.574
3.613
3.652
3.693
3.736
3.775
3.814
3.852
5.762
5.773
5.784
5.794
5.805
5.816
5.827
5.837
5.848
5.861
5.899
5.938
5.976
6.015
6.053
6.092
6.131
6.17
6.209
6.247
6.285
6.324
6.363
6.402
6.44
6.479
6.519
6.559
6.6
6.64
6.679
6.718
6.759
6.799
6.841
6.88
6.918
6.956
6.995
7.034
7.073
7.111
7.151
7.189
7.228
7.267
7.306
7.345
7.383
7.422
7.46
7.5
7.538
7.577
7.616
7.655
7.695
7.734
7.778
7.818
7.859
7.898
7.937
7.976
8.015
8.053
8.092
8.131
8.17
8.208
8.247
8.286
8.324
8.362
8.401
8.44
8.479
8.519
8.557
8.596
8.636
8.675
8.715
8.754
8.793
8.832
8.873
8.912
8.951
8.992
9.031
9.07
