2.03702 1.44047 -2.87772 -0.81693 -3.13974 -0.65298 -0.834793 1.4507 1.53889 -0.414587 1.75882 0.440054 -0.32945 -1.32264 1.41587 -0.248688
2.03545 1.44047 -2.87772 -0.81693 -3.13974 -0.65298 -0.834793 1.4507 1.53889 -0.414587 1.75882 0.440054 -0.32945 -1.32264 1.41587 -0.248688
2.03371 1.44047 -2.87772 -0.81693 -3.13974 -0.65298 -0.834793 1.4507 1.53889 -0.414587 1.75882 0.440054 -0.32945 -1.32264 1.41587 -0.248688
2.03179 1.44047 -2.87772 -0.81693 -3.13974 -0.65298 -0.834793 1.4507 1.53889 -0.414587 1.75882 0.440054 -0.32945 -1.32264 1.41587 -0.248688
2.02983 1.44047 -2.87772 -0.81693 -3.13974 -0.65298 -0.834793 1.4507 1.53889 -0.414587 1.75882 0.440054 -0.32945 -1.32264 1.41587 -0.248688
2.02793 1.44047 -2.87772 -0.81693 -3.13974 -0.65298 -0.834793 1.4507 1.53889 -0.414587 1.75882 0.440054 -0.32945 -1.32264 1.41587 -0.248688
2.02601 1.44047 -2.87772 -0.81693 -3.13974 -0.65298 -0.834793 1.4507 1.53889 -0.414587 1.75882 0.440054 -0.32945 -1.32264 1.41587 -0.248688
2.02402 1.44047 -2.87772 -0.81693 -3.13974 -0.65298 -0.834793 1.4507 1.53889 -0.414587 1.75882 0.440054 -0.32945 -1.32264 1.41587 -0.248688
2.02201 1.44047 -2.87772 -0.81693 -3.13974 -0.65298 -0.834793 1.4507 1.53889 -0.414587 1.75882 0.440054 -0.32945 -1.32264 1.41587 -0.248688
2.02003 1.44047 -2.87772 -0.81693 -3.13974 -0.65298 -0.834793 1.4507 1.53889 -0.414587 1.75882 0.440054 -0.32945 -1.32264 1.41587 -0.248688
2.018 1.44047 -2.87772 -0.81693 -3.13974 -0.65298 -0.834793 1.4507 1.53889 -0.414587 1.75882 0.440054 -0.32945 -1.32264 1.41587 -0.248688
2.01596 1.44047 -2.87772 -0.81693 -3.13974 -0.65298 -0.834793 1.4507 1.53889 -0.414587 1.75882 0.440054 -0.32945 -1.32264 1.41587 -0.248688
2.01392 1.44047 -2.87772 -0.81693 -3.13974 -0.65298 -0.834793 1.4507 1.53889 -0.414587 1.75882 0.440054 -0.32945 -1.32264 1.41587 -0.248688
2.01192 1.44047 -2.87772 -0.81693 -3.13974 -0.65298 -0.834793 1.4507 1.53889 -0.414587 1.75882 0.440054 -0.32945 -1.32264 1.41587 -0.248688
2.00993 1.44047 -2.87772 -0.81693 -3.13974 -0.65298 -0.834793 1.4507 1.53889 -0.414587 1.75882 0.440054 -0.32945 -1.32264 1.41587 -0.248688
2.00796 1.44047 -2.87772 -0.81693 -3.13974 -0.65298 -0.834793 1.4507 1.53889 -0.414587 1.75882 0.440054 -0.32945 -1.32264 1.41587 -0.248688
2.00602 1.44047 -2.87772 -0.81693 -3.13974 -0.65298 -0.834793 1.4507 1.53889 -0.414587 1.75882 0.440054 -0.32945 -1.32264 1.41587 -0.248688
2.00406 1.44047 -2.87772 -0.81693 -3.13974 -0.65298 -0.834793 1.4507 1.53889 -0.414587 1.75882 0.440054 -0.32945 -1.32264 1.41587 -0.248688
2.0021 1.44047 -2.87772 -0.81693 -3.13974 -0.65298 -0.834793 1.4507 1.53889 -0.414587 1.75882 0.440054 -0.32945 -1.32264 1.41587 -0.248688
2.00012 1.44047 -2.87772 -0.81693 -3.13974 -0.65298 -0.834793 1.4507 1.53889 -0.414587 1.75882 0.440054 -0.32945 -1.32264 1.41587 -0.248688
1.99631 1.44047 -2.87772 -0.81693 -3.13974 -0.65298 -0.834793 1.4507 1.53889 -0.414587 1.75882 0.440054 -0.32945 -1.32264 1.41587 -0.248688
1.99253 1.44047 -2.87772 -0.81693 -3.13974 -0.65298 -0.834793 1.4507 1.53889 -0.414587 1.75882 0.440054 -0.32945 -1.32264 1.41587 -0.248688
1.98871 1.44047 -2.87772 -0.81693 -3.13974 -0.65298 -0.834793 1.4507 1.53889 -0.414587 1.75882 0.440054 -0.32945 -1.32264 1.41587 -0.248688
1.98488 1.44047 -2.87772 -0.81693 -3.13974 -0.65298 -0.834793 1.4507 1.53889 -0.414587 1.75882 0.440054 -0.32945 -1.32264 1.41587 -0.248688
1.98099 1.44047 -2.87772 -0.81693 -3.13974 -0.65298 -0.834793 1.4507 1.53889 -0.414587 1.75882 0.440054 -0.32945 -1.32264 1.41587 -0.248688
1.97693 1.44047 -2.87772 -0.81693 -3.13974 -0.65298 -0.834793 1.4507 1.53889 -0.414587 1.75882 0.440054 -0.32945 -1.32264 1.41587 -0.248688
1.97302 1.44047 -2.87772 -0.81693 -3.13974 -0.65298 -0.834793 1.4507 1.53889 -0.414587 1.75882 0.440054 -0.32945 -1.32264 1.41587 -0.248688
1.96914 1.44047 -2.87772 -0.81693 -3.13974 -0.65298 -0.834793 1.4507 1.53889 -0.414587 1.75882 0.440054 -0.32945 -1.32264 1.41587 -0.248688
1.96525 1.44047 -2.87772 -0.81693 -3.13974 -0.65298 -0.834793 1.4507 1.53889 -0.414587 1.75882 0.440054 -0.32945 -1.32264 1.41587 -0.248688
1.96134 1.44047 -2.87772 -0.81693 -3.13974 -0.65298 -0.834793 1.4507 1.53889 -0.414587 1.75882 0.440054 -0.32945 -1.32264 1.41587 -0.248688
1.95739 1.44047 -2.87772 -0.81693 -3.13974 -0.65298 -0.834793 1.4507 1.53889 -0.414587 1.75882 0.440054 -0.32945 -1.32264 1.41587 -0.248688
1.95345 1.44047 -2.87772 -0.81693 -3.13974 -0.65298 -0.834793 1.4507 1.53889 -0.414587 1.75882 0.440054 -0.32945 -1.32264 1.41587 -0.248688
1.94951 1.44047 -2.87772 -0.81693 -3.13974 -0.65298 -0.834793 1.4507 1.53889 -0.414587 1.75882 0.440054 -0.32945 -1.32264 1.41587 -0.248688
1.94552 1.44047 -2.87772 -0.81693 -3.13974 -0.65298 -0.834793 1.4507 1.53889 -0.414587 1.75882 0.440054 -0.32945 -1.32264 1.41587 -0.248688
1.94133 1.44047 -2.87772 -0.81693 -3.13974 -0.65298 -0.834793 1.4507 1.53889 -0.414587 1.75882 0.440054 -0.32945 -1.32264 1.41587 -0.248688
1.93726 1.44047 -2.87772 -0.81693 -3.13974 -0.65298 -0.834793 1.4507 1.53889 -0.414587 1.75882 0.440054 -0.32945 -1.32264 1.41587 -0.248688
1.93312 1.44047 -2.87772 -0.81693 -3.13974 -0.65298 -0.834793 1.4507 1.53889 -0.414587 1.75882 0.440054 -0.32945 -1.32264 1.41587 -0.248688
1.92913 1.44047 -2.87772 -0.81693 -3.13974 -0.65298 -0.834793 1.4507 1.53889 -0.414587 1.75882 0.440054 -0.32945 -1.32264 1.41587 -0.248688
1.92499 1.44047 -2.87772 -0.81693 -3.13974 -0.65298 -0.834793 1.4507 1.53889 -0.414587 1.75882 0.440054 -0.32945 -1.32264 1.41587 -0.248688
1.92093 1.44047 -2.87772 -0.81693 -3.13974 -0.65298 -0.834793 1.4507 1.53889 -0.414587 1.75882 0.440054 -0.32945 -1.32264 1.41587 -0.248688
1.91675 1.44047 -2.87772 -0.81693 -3.13974 -0.65298 -0.834793 1.4507 1.53889 -0.414587 1.75882 0.440054 -0.32945 -1.32264 1.41587 -0.248688
1.9125 1.44047 -2.87772 -0.81693 -3.13974 -0.65298 -0.834793 1.4507 1.53889 -0.414587 1.75882 0.440054 -0.32945 -1.32264 1.41587 -0.248688
1.90821 1.44047 -2.87772 -0.81693 -3.13974 -0.65298 -0.834793 1.4507 1.53889 -0.414587 1.75882 0.440054 -0.32945 -1.32264 1.41587 -0.248688
1.90409 1.44047 -2.87772 -0.81693 -3.13974 -0.65298 -0.834793 1.4507 1.53889 -0.414587 1.75882 0.440054 -0.32945 -1.32264 1.41587 -0.248688
1.89992 1.44047 -2.87772 -0.81693 -3.13974 -0.65298 -0.834793 1.4507 1.53889 -0.414587 1.75882 0.440054 -0.32945 -1.32264 1.41587 -0.248688
1.89571 1.44047 -2.87772 -0.81693 -3.13974 -0.65298 -0.834793 1.4507 1.53889 -0.414587 1.75882 0.440054 -0.32945 -1.32264 1.41587 -0.248688
1.89151 1.44047 -2.87772 -0.81693 -3.13974 -0.65298 -0.834793 1.4507 1.53889 -0.414587 1.75882 0.440054 -0.32945 -1.32264 1.41587 -0.248688
1.8872 1.44047 -2.87772 -0.81693 -3.13974 -0.65298 -0.834793 1.4507 1.53889 -0.414587 1.75882 0.440054 -0.32945 -1.32264 1.41587 -0.248688
1.88286 1.44047 -2.87772 -0.81693 -3.13974 -0.65298 -0.834793 1.4507 1.53889 -0.414587 1.75882 0.440054 -0.32945 -1.32264 1.41587 -0.248688
1.87855 1.44047 -2.87772 -0.81693 -3.13974 -0.65298 -0.834793 1.4507 1.53889 -0.414587 1.75882 0.440054 -0.32945 -1.32264 1.41587 -0.248688
1.87431 1.44047 -2.87772 -0.81693 -3.13974 -0.65298 -0.834793 1.4507 1.53889 -0.414587 1.75882 0.440054 -0.32945 -1.32264 1.41587 -0.248688
1.87008 1.44047 -2.87772 -0.81693 -3.13974 -0.65298 -0.834793 1.4507 1.53889 -0.414587 1.75882 0.440054 -0.32945 -1.32264 1.41587 -0.248688
1.86581 1.44047 -2.87772 -0.81693 -3.13974 -0.65298 -0.834793 1.4507 1.53889 -0.414587 1.75882 0.440054 -0.32945 -1.32264 1.41587 -0.248688
1.8615 1.44047 -2.87772 -0.81693 -3.13974 -0.65298 -0.834793 1.4507 1.53889 -0.414587 1.75882 0.440054 -0.32945 -1.32264 1.41587 -0.248688
1.85722 1.44047 -2.87772 -0.81693 -3.13974 -0.65298 -0.834793 1.4507 1.53889 -0.414587 1.75882 0.440054 -0.32945 -1.32264 1.41587 -0.248688
1.85277 1.44047 -2.87772 -0.81693 -3.13974 -0.65298 -0.834793 1.4507 1.53889 -0.414587 1.75882 0.440054 -0.32945 -1.32264 1.41587 -0.248688
1.84843 1.44047 -2.87772 -0.81693 -3.13974 -0.65298 -0.834793 1.4507 1.53889 -0.414587 1.75882 0.440054 -0.32945 -1.32264 1.41587 -0.248688
1.84408 1.44047 -2.87772 -0.81693 -3.13974 -0.65298 -0.834793 1.4507 1.53889 -0.414587 1.75882 0.440054 -0.32945 -1.32264 1.41587 -0.248688
1.8396 1.44047 -2.87772 -0.81693 -3.13974 -0.65298 -0.834793 1.4507 1.53889 -0.414587 1.75882 0.440054 -0.32945 -1.32264 1.41587 -0.248688
1.83516 1.44047 -2.87772 -0.81693 -3.13974 -0.65298 -0.834793 1.4507 1.53889 -0.414587 1.75882 0.440054 -0.32945 -1.32264 1.41587 -0.248688
1.83067 1.44047 -2.87772 -0.81693 -3.13974 -0.65298 -0.834793 1.4507 1.53889 -0.414587 1.75882 0.440054 -0.32945 -1.32264 1.41587 -0.248688
1.8262 1.44047 -2.87772 -0.81693 -3.13974 -0.65298 -0.834793 1.4507 1.53889 -0.414587 1.75882 0.440054 -0.32945 -1.32264 1.41587 -0.248688
1.82168 1.44047 -2.87772 -0.81693 -3.13974 -0.65298 -0.834793 1.4507 1.53889 -0.414587 1.75882 0.440054 -0.32945 -1.32264 1.41587 -0.248688
1.81725 1.44047 -2.87772 -0.81693 -3.13974 -0.65298 -0.834793 1.4507 1.53889 -0.414587 1.75882 0.440054 -0.32945 -1.32264 1.41587 -0.248688
1.81282 1.44047 -2.87772 -0.81693 -3.13974 -0.65298 -0.834793 1.4507 1.53889 -0.414587 1.75882 0.440054 -0.32945 -1.32264 1.41587 -0.248688
1.80822 1.44047 -2.87772 -0.81693 -3.13974 -0.65298 -0.834793 1.4507 1.53889 -0.414587 1.75882 0.440054 -0.32945 -1.32264 1.41587 -0.248688
1.80314 1.44047 -2.87772 -0.81693 -3.13974 -0.65298 -0.834793 1.4507 1.53889 -0.414587 1.75882 0.440054 -0.32945 -1.32264 1.41587 -0.248688
1.79838 1.44047 -2.87772 -0.81693 -3.13974 -0.65298 -0.834793 1.4507 1.53889 -0.414587 1.75882 0.440054 -0.32945 -1.32264 1.41587 -0.248688
1.79381 1.44047 -2.87772 -0.81693 -3.13974 -0.65298 -0.834793 1.4507 1.53889 -0.414587 1.75882 0.440054 -0.32945 -1.32264 1.41587 -0.248688
1.7891 1.44047 -2.87772 -0.81693 -3.13974 -0.65298 -0.834793 1.4507 1.53889 -0.414587 1.75882 0.440054 -0.32945 -1.32264 1.41587 -0.248688
1.7845 1.44047 -2.87772 -0.81693 -3.13974 -0.65298 -0.834793 1.4507 1.53889 -0.414587 1.75882 0.440054 -0.32945 -1.32264 1.41587 -0.248688
1.77987 1.44047 -2.87772 -0.81693 -3.13974 -0.65298 -0.834793 1.4507 1.53889 -0.414587 1.75882 0.440054 -0.32945 -1.32264 1.41587 -0.248688
1.77523 1.44047 -2.87772 -0.81693 -3.13974 -0.65298 -0.834793 1.4507 1.53889 -0.414587 1.75882 0.440054 -0.32945 -1.32264 1.41587 -0.248688
1.77057 1.44047 -2.87772 -0.81693 -3.13974 -0.65298 -0.834793 1.4507 1.53889 -0.414587 1.75882 0.440054 -0.32945 -1.32264 1.41587 -0.248688
1.76586 1.44047 -2.87772 -0.81693 -3.13974 -0.65298 -0.834793 1.4507 1.53889 -0.414587 1.75882 0.440054 -0.32945 -1.32264 1.41587 -0.248688
1.76108 1.44047 -2.87772 -0.81693 -3.13974 -0.65298 -0.834793 1.4507 1.53889 -0.414587 1.75882 0.440054 -0.32945 -1.32264 1.41587 -0.248688
1.75634 1.44047 -2.87772 -0.81693 -3.13974 -0.65298 -0.834793 1.4507 1.53889 -0.414587 1.75882 0.440054 -0.32945 -1.32264 1.41587 -0.248688
1.75169 1.44047 -2.87772 -0.81693 -3.13974 -0.65298 -0.834793 1.4507 1.53889 -0.414587 1.75882 0.440054 -0.32945 -1.32264 1.41587 -0.248688
1.74687 1.44047 -2.87772 -0.81693 -3.13974 -0.65298 -0.834793 1.4507 1.53889 -0.414587 1.75882 0.440054 -0.32945 -1.32264 1.41587 -0.248688
1.74202 1.44047 -2.87772 -0.81693 -3.13974 -0.65298 -0.834793 1.4507 1.53889 -0.414587 1.75882 0.440054 -0.32945 -1.32264 1.41587 -0.248688
1.73723 1.44047 -2.87772 -0.81693 -3.13974 -0.65298 -0.834793 1.4507 1.53889 -0.414587 1.75882 0.440054 -0.32945 -1.32264 1.41587 -0.248688
1.73243 1.44047 -2.87772 -0.81693 -3.13974 -0.65298 -0.834793 1.4507 1.53889 -0.414587 1.75882 0.440054 -0.32945 -1.32264 1.41587 -0.248688
1.72754 1.44047 -2.87772 -0.81693 -3.13974 -0.65298 -0.834793 1.4507 1.53889 -0.414587 1.75882 0.440054 -0.32945 -1.32264 1.41587 -0.248688
1.72249 1.44047 -2.87772 -0.81693 -3.13974 -0.65298 -0.834793 1.4507 1.53889 -0.414587 1.75882 0.440054 -0.32945 -1.32264 1.41587 -0.248688
1.71764 1.44047 -2.87772 -0.81693 -3.13974 -0.65298 -0.834793 1.4507 1.53889 -0.414587 1.75882 0.440054 -0.32945 -1.32264 1.41587 -0.248688
1.71271 1.44047 -2.87772 -0.81693 -3.13974 -0.65298 -0.834793 1.4507 1.53889 -0.414587 1.75882 0.440054 -0.32945 -1.32264 1.41587 -0.248688
1.7077 1.44047 -2.87772 -0.81693 -3.13974 -0.65298 -0.834793 1.4507 1.53889 -0.414587 1.75882 0.440054 -0.32945 -1.32264 1.41587 -0.248688
1.70266 1.44047 -2.87772 -0.81693 -3.13974 -0.65298 -0.834793 1.4507 1.53889 -0.414587 1.75882 0.440054 -0.32945 -1.32264 1.41587 -0.248688
1.69759 1.44047 -2.87772 -0.81693 -3.13974 -0.65298 -0.834793 1.4507 1.53889 -0.414587 1.75882 0.440054 -0.32945 -1.32264 1.41587 -0.248688
1.68084 1.44047 -2.87772 -0.81693 -3.13974 -0.65298 -0.834793 1.4507 1.53889 -0.414587 1.75882 0.440054 -0.32945 -1.32264 1.41587 -0.248688
1.68084 1.44047 -2.87772 -0.81693 -3.13974 -0.65298 -0.834793 1.4507 1.53889 -0.414587 1.75882 0.440054 -0.32945 -1.32264 1.41587 -0.248688
1.68084 1.44047 -2.87772 -0.81693 -3.13974 -0.65298 -0.834793 1.4507 1.53889 -0.414587 1.75882 0.440054 -0.32945 -1.32264 1.41587 -0.248688
1.68084 1.44047 -2.87772 -0.81693 -3.13974 -0.65298 -0.834793 1.4507 1.53889 -0.414587 1.75882 0.440054 -0.32945 -1.32264 1.41587 -0.248688
1.68137 1.44047 -2.87772 -0.81693 -3.13974 -0.65298 -0.834793 1.4507 1.53889 -0.414587 1.75882 0.440054 -0.32945 -1.32264 1.41587 -0.248688
1.68247 1.44047 -2.87772 -0.81693 -3.13974 -0.65298 -0.834793 1.4507 1.53889 -0.414587 1.75882 0.440054 -0.32945 -1.32264 1.41587 -0.248688
1.68388 1.44047 -2.87772 -0.81693 -3.13974 -0.65298 -0.834793 1.4507 1.53889 -0.414587 1.75882 0.440054 -0.32945 -1.32264 1.41587 -0.248688
1.6853 1.44047 -2.87772 -0.81693 -3.13974 -0.65298 -0.834793 1.4507 1.53889 -0.414587 1.75882 0.440054 -0.32945 -1.32264 1.41587 -0.248688
1.68672 1.44047 -2.87772 -0.81693 -3.13974 -0.65298 -0.834793 1.4507 1.53889 -0.414587 1.75882 0.440054 -0.32945 -1.32264 1.41587 -0.248688
1.68822 1.44047 -2.87772 -0.81693 -3.13974 -0.65298 -0.834793 1.4507 1.53889 -0.414587 1.75882 0.440054 -0.32945 -1.32264 1.41587 -0.248688
1.69109 1.44047 -2.87772 -0.81693 -3.13974 -0.65298 -0.834793 1.4507 1.53889 -0.414587 1.75882 0.440054 -0.32945 -1.32264 1.41587 -0.248688
1.69452 1.44047 -2.87772 -0.81693 -3.13974 -0.65298 -0.834793 1.4507 1.53889 -0.414587 1.75882 0.440054 -0.32945 -1.32264 1.41587 -0.248688
1.69873 1.44047 -2.87772 -0.81693 -3.13974 -0.65298 -0.834793 1.4507 1.53889 -0.414587 1.75882 0.440054 -0.32945 -1.32264 1.41587 -0.248688
1.70362 1.44047 -2.87772 -0.81693 -3.13974 -0.65298 -0.834793 1.4507 1.53889 -0.414587 1.75882 0.440054 -0.32945 -1.32264 1.41587 -0.248688
1.70923 1.44047 -2.87772 -0.81693 -3.13974 -0.65298 -0.834793 1.4507 1.53889 -0.414587 1.75882 0.440054 -0.32945 -1.32264 1.41587 -0.248688
1.71532 1.44047 -2.87772 -0.81693 -3.13974 -0.65298 -0.834793 1.4507 1.53889 -0.414587 1.75882 0.440054 -0.32945 -1.32264 1.41587 -0.248688
1.72206 1.44047 -2.87772 -0.81693 -3.13974 -0.65298 -0.834793 1.4507 1.53889 -0.414587 1.75882 0.440054 -0.32945 -1.32264 1.41587 -0.248688
1.72899 1.44047 -2.87772 -0.81693 -3.13974 -0.65298 -0.834793 1.4507 1.53889 -0.414587 1.75882 0.440054 -0.32945 -1.32264 1.41587 -0.248688
1.73601 1.44047 -2.87772 -0.81693 -3.13974 -0.65298 -0.834793 1.4507 1.53889 -0.414587 1.75882 0.440054 -0.32945 -1.32264 1.41587 -0.248688
1.7433 1.44047 -2.87772 -0.81693 -3.13974 -0.65298 -0.834793 1.4507 1.53889 -0.414587 1.75882 0.440054 -0.32945 -1.32264 1.41587 -0.248688
1.75106 1.44047 -2.87772 -0.81693 -3.13974 -0.65298 -0.834793 1.4507 1.53889 -0.414587 1.75882 0.440054 -0.32945 -1.32264 1.41587 -0.248688
1.75877 1.44047 -2.87772 -0.81693 -3.13974 -0.65298 -0.834793 1.4507 1.53889 -0.414587 1.75882 0.440054 -0.32945 -1.32264 1.41587 -0.248688
1.76712 1.44047 -2.87772 -0.81693 -3.13974 -0.65298 -0.834793 1.4507 1.53889 -0.414587 1.75882 0.440054 -0.32945 -1.32264 1.41587 -0.248688
1.77532 1.44047 -2.87772 -0.81693 -3.13974 -0.65298 -0.834793 1.4507 1.53889 -0.414587 1.75882 0.440054 -0.32945 -1.32264 1.41587 -0.248688
1.78387 1.44047 -2.87772 -0.81693 -3.13974 -0.65298 -0.834793 1.4507 1.53889 -0.414587 1.75882 0.440054 -0.32945 -1.32264 1.41587 -0.248688
1.79277 1.44047 -2.87772 -0.81693 -3.13974 -0.65298 -0.834793 1.4507 1.53889 -0.414587 1.75882 0.440054 -0.32945 -1.32264 1.41587 -0.248688
1.80244 1.44047 -2.87772 -0.81693 -3.13974 -0.65298 -0.834793 1.4507 1.53889 -0.414587 1.75882 0.440054 -0.32945 -1.32264 1.41587 -0.248688
1.81185 1.44047 -2.87772 -0.81693 -3.13974 -0.65298 -0.834793 1.4507 1.53889 -0.414587 1.75882 0.440054 -0.32945 -1.32264 1.41587 -0.248688
1.82229 1.44047 -2.87772 -0.81693 -3.13974 -0.65298 -0.834793 1.4507 1.53889 -0.414587 1.75882 0.440054 -0.32945 -1.32264 1.41587 -0.248688
1.83237 1.44047 -2.87772 -0.81693 -3.13974 -0.65298 -0.834793 1.4507 1.53889 -0.414587 1.75882 0.440054 -0.32945 -1.32264 1.41587 -0.248688
1.84337 1.44047 -2.87772 -0.81693 -3.13974 -0.65298 -0.834793 1.4507 1.53889 -0.414587 1.75882 0.440054 -0.32945 -1.32264 1.41587 -0.248688
1.85403 1.44047 -2.87772 -0.81693 -3.13974 -0.65298 -0.834793 1.4507 1.53889 -0.414587 1.75882 0.440054 -0.32945 -1.32264 1.41587 -0.248688
1.86526 1.44047 -2.87772 -0.81693 -3.13974 -0.65298 -0.834793 1.4507 1.53889 -0.414587 1.75882 0.440054 -0.32945 -1.32264 1.41587 -0.248688
1.87695 1.44047 -2.87772 -0.81693 -3.13974 -0.65298 -0.834793 1.4507 1.53889 -0.414587 1.75882 0.440054 -0.32945 -1.32264 1.41587 -0.248688
1.88893 1.44047 -2.87772 -0.81693 -3.13974 -0.65298 -0.834793 1.4507 1.53889 -0.414587 1.75882 0.440054 -0.32945 -1.32264 1.41587 -0.248688
1.90133 1.44047 -2.87772 -0.81693 -3.13974 -0.65298 -0.834793 1.4507 1.53889 -0.414587 1.75882 0.440054 -0.32945 -1.32264 1.41587 -0.248688
1.91418 1.44047 -2.87772 -0.81693 -3.13974 -0.65298 -0.834793 1.4507 1.53889 -0.414587 1.75882 0.440054 -0.32945 -1.32264 1.41587 -0.248688
1.92742 1.44047 -2.87772 -0.81693 -3.13974 -0.65298 -0.834793 1.4507 1.53889 -0.414587 1.75882 0.440054 -0.32945 -1.32264 1.41587 -0.248688
1.94102 1.44047 -2.87772 -0.81693 -3.13974 -0.65298 -0.834793 1.4507 1.53889 -0.414587 1.75882 0.440054 -0.32945 -1.32264 1.41587 -0.248688
1.95542 1.44047 -2.87772 -0.81693 -3.13974 -0.65298 -0.834793 1.4507 1.53889 -0.414587 1.75882 0.440054 -0.32945 -1.32264 1.41587 -0.248688
1.97036 1.44047 -2.87772 -0.81693 -3.13974 -0.65298 -0.834793 1.4507 1.53889 -0.414587 1.75882 0.440054 -0.32945 -1.32264 1.41587 -0.248688
