28.155
28.165
28.176
28.186
28.197
28.207
28.217
28.228
28.238
28.25
28.27
28.29
28.311
28.332
28.352
28.373
28.393
28.414
28.435
28.456
28.494
28.533
28.571
28.61
28.649
28.689
28.727
28.766
28.804
28.843
28.882
28.92
28.958
28.998
29.037
29.076
29.116
29.155
29.193
29.231
29.271
29.312
29.35
29.388
29.427
29.466
29.505
29.545
29.584
29.622
29.661
29.699
29.737
29.775
29.814
29.854
29.892
29.93
29.969
30.009
30.048
30.086
30.125
30.163
30.202
30.243
30.285
30.325
30.364
30.403
30.441
30.479
30.518
30.557
30.596
30.635
30.673
30.712
30.751
30.79
30.828
30.867
30.907
30.946
30.984
31.023
31.062
31.102
31.141
31.812
31.822
31.833
31.844
31.854
31.865
31.876
31.887
31.897
31.911
31.949
31.988
32.026
32.065
32.104
32.143
32.181
32.22
32.258
32.299
32.338
32.38
32.421
32.46
32.499
32.54
32.578
32.619
32.658
32.697
32.738
32.777
32.816
32.855
32.893
32.932
32.971
33.009
33.048
33.087
33.126
