1.59904 1.18269 1.91043 -1.8287 1.27157 -1.975 -1.2731 -0.341466 -0.8803 -0.810713 1.03744 2.34139 -1.04394 2.53803 2.02163 1.20089
1.59992 1.18269 1.91043 -1.8287 1.27157 -1.975 -1.2731 -0.341466 -0.8803 -0.810713 1.03744 2.34139 -1.04394 2.53803 2.02163 1.20089
1.60084 1.18269 1.91043 -1.8287 1.27157 -1.975 -1.2731 -0.341466 -0.8803 -0.810713 1.03744 2.34139 -1.04394 2.53803 2.02163 1.20089
1.60179 1.18269 1.91043 -1.8287 1.27157 -1.975 -1.2731 -0.341466 -0.8803 -0.810713 1.03744 2.34139 -1.04394 2.53803 2.02163 1.20089
1.60279 1.18269 1.91043 -1.8287 1.27157 -1.975 -1.2731 -0.341466 -0.8803 -0.810713 1.03744 2.34139 -1.04394 2.53803 2.02163 1.20089
1.60377 1.18269 1.91043 -1.8287 1.27157 -1.975 -1.2731 -0.341466 -0.8803 -0.810713 1.03744 2.34139 -1.04394 2.53803 2.02163 1.20089
1.6048 1.18269 1.91043 -1.8287 1.27157 -1.975 -1.2731 -0.341466 -0.8803 -0.810713 1.03744 2.34139 -1.04394 2.53803 2.02163 1.20089
1.60585 1.18269 1.91043 -1.8287 1.27157 -1.975 -1.2731 -0.341466 -0.8803 -0.810713 1.03744 2.34139 -1.04394 2.53803 2.02163 1.20089
1.60685 1.18269 1.91043 -1.8287 1.27157 -1.975 -1.2731 -0.341466 -0.8803 -0.810713 1.03744 2.34139 -1.04394 2.53803 2.02163 1.20089
1.60784 1.18269 1.91043 -1.8287 1.27157 -1.975 -1.2731 -0.341466 -0.8803 -0.810713 1.03744 2.34139 -1.04394 2.53803 2.02163 1.20089
1.60887 1.18269 1.91043 -1.8287 1.27157 -1.975 -1.2731 -0.341466 -0.8803 -0.810713 1.03744 2.34139 -1.04394 2.53803 2.02163 1.20089
1.60993 1.18269 1.91043 -1.8287 1.27157 -1.975 -1.2731 -0.341466 -0.8803 -0.810713 1.03744 2.34139 -1.04394 2.53803 2.02163 1.20089
1.61106 1.18269 1.91043 -1.8287 1.27157 -1.975 -1.2731 -0.341466 -0.8803 -0.810713 1.03744 2.34139 -1.04394 2.53803 2.02163 1.20089
1.61221 1.18269 1.91043 -1.8287 1.27157 -1.975 -1.2731 -0.341466 -0.8803 -0.810713 1.03744 2.34139 -1.04394 2.53803 2.02163 1.20089
1.61338 1.18269 1.91043 -1.8287 1.27157 -1.975 -1.2731 -0.341466 -0.8803 -0.810713 1.03744 2.34139 -1.04394 2.53803 2.02163 1.20089
1.61454 1.18269 1.91043 -1.8287 1.27157 -1.975 -1.2731 -0.341466 -0.8803 -0.810713 1.03744 2.34139 -1.04394 2.53803 2.02163 1.20089
1.61571 1.18269 1.91043 -1.8287 1.27157 -1.975 -1.2731 -0.341466 -0.8803 -0.810713 1.03744 2.34139 -1.04394 2.53803 2.02163 1.20089
1.61693 1.18269 1.91043 -1.8287 1.27157 -1.975 -1.2731 -0.341466 -0.8803 -0.810713 1.03744 2.34139 -1.04394 2.53803 2.02163 1.20089
1.61822 1.18269 1.91043 -1.8287 1.27157 -1.975 -1.2731 -0.341466 -0.8803 -0.810713 1.03744 2.34139 -1.04394 2.53803 2.02163 1.20089
1.61957 1.18269 1.91043 -1.8287 1.27157 -1.975 -1.2731 -0.341466 -0.8803 -0.810713 1.03744 2.34139 -1.04394 2.53803 2.02163 1.20089
1.62217 1.18269 1.91043 -1.8287 1.27157 -1.975 -1.2731 -0.341466 -0.8803 -0.810713 1.03744 2.34139 -1.04394 2.53803 2.02163 1.20089
1.62478 1.18269 1.91043 -1.8287 1.27157 -1.975 -1.2731 -0.341466 -0.8803 -0.810713 1.03744 2.34139 -1.04394 2.53803 2.02163 1.20089
1.62719 1.18269 1.91043 -1.8287 1.27157 -1.975 -1.2731 -0.341466 -0.8803 -0.810713 1.03744 2.34139 -1.04394 2.53803 2.02163 1.20089
1.62969 1.18269 1.91043 -1.8287 1.27157 -1.975 -1.2731 -0.341466 -0.8803 -0.810713 1.03744 2.34139 -1.04394 2.53803 2.02163 1.20089
1.63244 1.18269 1.91043 -1.8287 1.27157 -1.975 -1.2731 -0.341466 -0.8803 -0.810713 1.03744 2.34139 -1.04394 2.53803 2.02163 1.20089
1.63524 1.18269 1.91043 -1.8287 1.27157 -1.975 -1.2731 -0.341466 -0.8803 -0.810713 1.03744 2.34139 -1.04394 2.53803 2.02163 1.20089
1.63826 1.18269 1.91043 -1.8287 1.27157 -1.975 -1.2731 -0.341466 -0.8803 -0.810713 1.03744 2.34139 -1.04394 2.53803 2.02163 1.20089
1.64143 1.18269 1.91043 -1.8287 1.27157 -1.975 -1.2731 -0.341466 -0.8803 -0.810713 1.03744 2.34139 -1.04394 2.53803 2.02163 1.20089
1.64458 1.18269 1.91043 -1.8287 1.27157 -1.975 -1.2731 -0.341466 -0.8803 -0.810713 1.03744 2.34139 -1.04394 2.53803 2.02163 1.20089
1.6476 1.18269 1.91043 -1.8287 1.27157 -1.975 -1.2731 -0.341466 -0.8803 -0.810713 1.03744 2.34139 -1.04394 2.53803 2.02163 1.20089
1.65066 1.18269 1.91043 -1.8287 1.27157 -1.975 -1.2731 -0.341466 -0.8803 -0.810713 1.03744 2.34139 -1.04394 2.53803 2.02163 1.20089
1.65409 1.18269 1.91043 -1.8287 1.27157 -1.975 -1.2731 -0.341466 -0.8803 -0.810713 1.03744 2.34139 -1.04394 2.53803 2.02163 1.20089
1.6579 1.18269 1.91043 -1.8287 1.27157 -1.975 -1.2731 -0.341466 -0.8803 -0.810713 1.03744 2.34139 -1.04394 2.53803 2.02163 1.20089
1.66174 1.18269 1.91043 -1.8287 1.27157 -1.975 -1.2731 -0.341466 -0.8803 -0.810713 1.03744 2.34139 -1.04394 2.53803 2.02163 1.20089
1.66579 1.18269 1.91043 -1.8287 1.27157 -1.975 -1.2731 -0.341466 -0.8803 -0.810713 1.03744 2.34139 -1.04394 2.53803 2.02163 1.20089
1.66964 1.18269 1.91043 -1.8287 1.27157 -1.975 -1.2731 -0.341466 -0.8803 -0.810713 1.03744 2.34139 -1.04394 2.53803 2.02163 1.20089
1.67373 1.18269 1.91043 -1.8287 1.27157 -1.975 -1.2731 -0.341466 -0.8803 -0.810713 1.03744 2.34139 -1.04394 2.53803 2.02163 1.20089
1.67786 1.18269 1.91043 -1.8287 1.27157 -1.975 -1.2731 -0.341466 -0.8803 -0.810713 1.03744 2.34139 -1.04394 2.53803 2.02163 1.20089
1.68241 1.18269 1.91043 -1.8287 1.27157 -1.975 -1.2731 -0.341466 -0.8803 -0.810713 1.03744 2.34139 -1.04394 2.53803 2.02163 1.20089
1.68689 1.18269 1.91043 -1.8287 1.27157 -1.975 -1.2731 -0.341466 -0.8803 -0.810713 1.03744 2.34139 -1.04394 2.53803 2.02163 1.20089
1.69141 1.18269 1.91043 -1.8287 1.27157 -1.975 -1.2731 -0.341466 -0.8803 -0.810713 1.03744 2.34139 -1.04394 2.53803 2.02163 1.20089
1.6961 1.18269 1.91043 -1.8287 1.27157 -1.975 -1.2731 -0.341466 -0.8803 -0.810713 1.03744 2.34139 -1.04394 2.53803 2.02163 1.20089
1.70136 1.18269 1.91043 -1.8287 1.27157 -1.975 -1.2731 -0.341466 -0.8803 -0.810713 1.03744 2.34139 -1.04394 2.53803 2.02163 1.20089
1.70647 1.18269 1.91043 -1.8287 1.27157 -1.975 -1.2731 -0.341466 -0.8803 -0.810713 1.03744 2.34139 -1.04394 2.53803 2.02163 1.20089
1.71182 1.18269 1.91043 -1.8287 1.27157 -1.975 -1.2731 -0.341466 -0.8803 -0.810713 1.03744 2.34139 -1.04394 2.53803 2.02163 1.20089
1.71716 1.18269 1.91043 -1.8287 1.27157 -1.975 -1.2731 -0.341466 -0.8803 -0.810713 1.03744 2.34139 -1.04394 2.53803 2.02163 1.20089
1.72298 1.18269 1.91043 -1.8287 1.27157 -1.975 -1.2731 -0.341466 -0.8803 -0.810713 1.03744 2.34139 -1.04394 2.53803 2.02163 1.20089
1.72869 1.18269 1.91043 -1.8287 1.27157 -1.975 -1.2731 -0.341466 -0.8803 -0.810713 1.03744 2.34139 -1.04394 2.53803 2.02163 1.20089
1.73445 1.18269 1.91043 -1.8287 1.27157 -1.975 -1.2731 -0.341466 -0.8803 -0.810713 1.03744 2.34139 -1.04394 2.53803 2.02163 1.20089
1.74074 1.18269 1.91043 -1.8287 1.27157 -1.975 -1.2731 -0.341466 -0.8803 -0.810713 1.03744 2.34139 -1.04394 2.53803 2.02163 1.20089
1.74704 1.18269 1.91043 -1.8287 1.27157 -1.975 -1.2731 -0.341466 -0.8803 -0.810713 1.03744 2.34139 -1.04394 2.53803 2.02163 1.20089
1.75354 1.18269 1.91043 -1.8287 1.27157 -1.975 -1.2731 -0.341466 -0.8803 -0.810713 1.03744 2.34139 -1.04394 2.53803 2.02163 1.20089
1.7603 1.18269 1.91043 -1.8287 1.27157 -1.975 -1.2731 -0.341466 -0.8803 -0.810713 1.03744 2.34139 -1.04394 2.53803 2.02163 1.20089
1.7672 1.18269 1.91043 -1.8287 1.27157 -1.975 -1.2731 -0.341466 -0.8803 -0.810713 1.03744 2.34139 -1.04394 2.53803 2.02163 1.20089
1.83956 1.18269 1.91043 -1.8287 1.27157 -1.975 -1.2731 -0.341466 -0.8803 -0.810713 1.03744 2.34139 -1.04394 2.53803 2.02163 1.20089
1.83798 1.18269 1.91043 -1.8287 1.27157 -1.975 -1.2731 -0.341466 -0.8803 -0.810713 1.03744 2.34139 -1.04394 2.53803 2.02163 1.20089
1.83634 1.18269 1.91043 -1.8287 1.27157 -1.975 -1.2731 -0.341466 -0.8803 -0.810713 1.03744 2.34139 -1.04394 2.53803 2.02163 1.20089
1.83424 1.18269 1.91043 -1.8287 1.27157 -1.975 -1.2731 -0.341466 -0.8803 -0.810713 1.03744 2.34139 -1.04394 2.53803 2.02163 1.20089
1.83203 1.18269 1.91043 -1.8287 1.27157 -1.975 -1.2731 -0.341466 -0.8803 -0.810713 1.03744 2.34139 -1.04394 2.53803 2.02163 1.20089
1.82979 1.18269 1.91043 -1.8287 1.27157 -1.975 -1.2731 -0.341466 -0.8803 -0.810713 1.03744 2.34139 -1.04394 2.53803 2.02163 1.20089
1.82754 1.18269 1.91043 -1.8287 1.27157 -1.975 -1.2731 -0.341466 -0.8803 -0.810713 1.03744 2.34139 -1.04394 2.53803 2.02163 1.20089
1.82526 1.18269 1.91043 -1.8287 1.27157 -1.975 -1.2731 -0.341466 -0.8803 -0.810713 1.03744 2.34139 -1.04394 2.53803 2.02163 1.20089
1.82294 1.18269 1.91043 -1.8287 1.27157 -1.975 -1.2731 -0.341466 -0.8803 -0.810713 1.03744 2.34139 -1.04394 2.53803 2.02163 1.20089
1.82059 1.18269 1.91043 -1.8287 1.27157 -1.975 -1.2731 -0.341466 -0.8803 -0.810713 1.03744 2.34139 -1.04394 2.53803 2.02163 1.20089
1.81824 1.18269 1.91043 -1.8287 1.27157 -1.975 -1.2731 -0.341466 -0.8803 -0.810713 1.03744 2.34139 -1.04394 2.53803 2.02163 1.20089
1.81384 1.18269 1.91043 -1.8287 1.27157 -1.975 -1.2731 -0.341466 -0.8803 -0.810713 1.03744 2.34139 -1.04394 2.53803 2.02163 1.20089
1.80938 1.18269 1.91043 -1.8287 1.27157 -1.975 -1.2731 -0.341466 -0.8803 -0.810713 1.03744 2.34139 -1.04394 2.53803 2.02163 1.20089
1.80489 1.18269 1.91043 -1.8287 1.27157 -1.975 -1.2731 -0.341466 -0.8803 -0.810713 1.03744 2.34139 -1.04394 2.53803 2.02163 1.20089
1.80037 1.18269 1.91043 -1.8287 1.27157 -1.975 -1.2731 -0.341466 -0.8803 -0.810713 1.03744 2.34139 -1.04394 2.53803 2.02163 1.20089
1.79587 1.18269 1.91043 -1.8287 1.27157 -1.975 -1.2731 -0.341466 -0.8803 -0.810713 1.03744 2.34139 -1.04394 2.53803 2.02163 1.20089
1.79138 1.18269 1.91043 -1.8287 1.27157 -1.975 -1.2731 -0.341466 -0.8803 -0.810713 1.03744 2.34139 -1.04394 2.53803 2.02163 1.20089
1.78683 1.18269 1.91043 -1.8287 1.27157 -1.975 -1.2731 -0.341466 -0.8803 -0.810713 1.03744 2.34139 -1.04394 2.53803 2.02163 1.20089
1.78226 1.18269 1.91043 -1.8287 1.27157 -1.975 -1.2731 -0.341466 -0.8803 -0.810713 1.03744 2.34139 -1.04394 2.53803 2.02163 1.20089
1.77747 1.18269 1.91043 -1.8287 1.27157 -1.975 -1.2731 -0.341466 -0.8803 -0.810713 1.03744 2.34139 -1.04394 2.53803 2.02163 1.20089
1.77265 1.18269 1.91043 -1.8287 1.27157 -1.975 -1.2731 -0.341466 -0.8803 -0.810713 1.03744 2.34139 -1.04394 2.53803 2.02163 1.20089
1.76804 1.18269 1.91043 -1.8287 1.27157 -1.975 -1.2731 -0.341466 -0.8803 -0.810713 1.03744 2.34139 -1.04394 2.53803 2.02163 1.20089
1.7634 1.18269 1.91043 -1.8287 1.27157 -1.975 -1.2731 -0.341466 -0.8803 -0.810713 1.03744 2.34139 -1.04394 2.53803 2.02163 1.20089
1.75863 1.18269 1.91043 -1.8287 1.27157 -1.975 -1.2731 -0.341466 -0.8803 -0.810713 1.03744 2.34139 -1.04394 2.53803 2.02163 1.20089
1.75391 1.18269 1.91043 -1.8287 1.27157 -1.975 -1.2731 -0.341466 -0.8803 -0.810713 1.03744 2.34139 -1.04394 2.53803 2.02163 1.20089
1.74917 1.18269 1.91043 -1.8287 1.27157 -1.975 -1.2731 -0.341466 -0.8803 -0.810713 1.03744 2.34139 -1.04394 2.53803 2.02163 1.20089
1.74439 1.18269 1.91043 -1.8287 1.27157 -1.975 -1.2731 -0.341466 -0.8803 -0.810713 1.03744 2.34139 -1.04394 2.53803 2.02163 1.20089
1.73963 1.18269 1.91043 -1.8287 1.27157 -1.975 -1.2731 -0.341466 -0.8803 -0.810713 1.03744 2.34139 -1.04394 2.53803 2.02163 1.20089
1.73483 1.18269 1.91043 -1.8287 1.27157 -1.975 -1.2731 -0.341466 -0.8803 -0.810713 1.03744 2.34139 -1.04394 2.53803 2.02163 1.20089
1.72985 1.18269 1.91043 -1.8287 1.27157 -1.975 -1.2731 -0.341466 -0.8803 -0.810713 1.03744 2.34139 -1.04394 2.53803 2.02163 1.20089
1.72482 1.18269 1.91043 -1.8287 1.27157 -1.975 -1.2731 -0.341466 -0.8803 -0.810713 1.03744 2.34139 -1.04394 2.53803 2.02163 1.20089
1.72 1.18269 1.91043 -1.8287 1.27157 -1.975 -1.2731 -0.341466 -0.8803 -0.810713 1.03744 2.34139 -1.04394 2.53803 2.02163 1.20089
1.71518 1.18269 1.91043 -1.8287 1.27157 -1.975 -1.2731 -0.341466 -0.8803 -0.810713 1.03744 2.34139 -1.04394 2.53803 2.02163 1.20089
1.71024 1.18269 1.91043 -1.8287 1.27157 -1.975 -1.2731 -0.341466 -0.8803 -0.810713 1.03744 2.34139 -1.04394 2.53803 2.02163 1.20089
1.70527 1.18269 1.91043 -1.8287 1.27157 -1.975 -1.2731 -0.341466 -0.8803 -0.810713 1.03744 2.34139 -1.04394 2.53803 2.02163 1.20089
1.70035 1.18269 1.91043 -1.8287 1.27157 -1.975 -1.2731 -0.341466 -0.8803 -0.810713 1.03744 2.34139 -1.04394 2.53803 2.02163 1.20089
1.69539 1.18269 1.91043 -1.8287 1.27157 -1.975 -1.2731 -0.341466 -0.8803 -0.810713 1.03744 2.34139 -1.04394 2.53803 2.02163 1.20089
1.69044 1.18269 1.91043 -1.8287 1.27157 -1.975 -1.2731 -0.341466 -0.8803 -0.810713 1.03744 2.34139 -1.04394 2.53803 2.02163 1.20089
1.6854 1.18269 1.91043 -1.8287 1.27157 -1.975 -1.2731 -0.341466 -0.8803 -0.810713 1.03744 2.34139 -1.04394 2.53803 2.02163 1.20089
1.68025 1.18269 1.91043 -1.8287 1.27157 -1.975 -1.2731 -0.341466 -0.8803 -0.810713 1.03744 2.34139 -1.04394 2.53803 2.02163 1.20089
1.67527 1.18269 1.91043 -1.8287 1.27157 -1.975 -1.2731 -0.341466 -0.8803 -0.810713 1.03744 2.34139 -1.04394 2.53803 2.02163 1.20089
1.67023 1.18269 1.91043 -1.8287 1.27157 -1.975 -1.2731 -0.341466 -0.8803 -0.810713 1.03744 2.34139 -1.04394 2.53803 2.02163 1.20089
1.66514 1.18269 1.91043 -1.8287 1.27157 -1.975 -1.2731 -0.341466 -0.8803 -0.810713 1.03744 2.34139 -1.04394 2.53803 2.02163 1.20089
1.65965 1.18269 1.91043 -1.8287 1.27157 -1.975 -1.2731 -0.341466 -0.8803 -0.810713 1.03744 2.34139 -1.04394 2.53803 2.02163 1.20089
1.65428 1.18269 1.91043 -1.8287 1.27157 -1.975 -1.2731 -0.341466 -0.8803 -0.810713 1.03744 2.34139 -1.04394 2.53803 2.02163 1.20089
1.64878 1.18269 1.91043 -1.8287 1.27157 -1.975 -1.2731 -0.341466 -0.8803 -0.810713 1.03744 2.34139 -1.04394 2.53803 2.02163 1.20089
1.64338 1.18269 1.91043 -1.8287 1.27157 -1.975 -1.2731 -0.341466 -0.8803 -0.810713 1.03744 2.34139 -1.04394 2.53803 2.02163 1.20089
1.63774 1.18269 1.91043 -1.8287 1.27157 -1.975 -1.2731 -0.341466 -0.8803 -0.810713 1.03744 2.34139 -1.04394 2.53803 2.02163 1.20089
1.63252 1.18269 1.91043 -1.8287 1.27157 -1.975 -1.2731 -0.341466 -0.8803 -0.810713 1.03744 2.34139 -1.04394 2.53803 2.02163 1.20089
1.62728 1.18269 1.91043 -1.8287 1.27157 -1.975 -1.2731 -0.341466 -0.8803 -0.810713 1.03744 2.34139 -1.04394 2.53803 2.02163 1.20089
1.62197 1.18269 1.91043 -1.8287 1.27157 -1.975 -1.2731 -0.341466 -0.8803 -0.810713 1.03744 2.34139 -1.04394 2.53803 2.02163 1.20089
1.61663 1.18269 1.91043 -1.8287 1.27157 -1.975 -1.2731 -0.341466 -0.8803 -0.810713 1.03744 2.34139 -1.04394 2.53803 2.02163 1.20089
1.61125 1.18269 1.91043 -1.8287 1.27157 -1.975 -1.2731 -0.341466 -0.8803 -0.810713 1.03744 2.34139 -1.04394 2.53803 2.02163 1.20089
1.60553 1.18269 1.91043 -1.8287 1.27157 -1.975 -1.2731 -0.341466 -0.8803 -0.810713 1.03744 2.34139 -1.04394 2.53803 2.02163 1.20089
1.60017 1.18269 1.91043 -1.8287 1.27157 -1.975 -1.2731 -0.341466 -0.8803 -0.810713 1.03744 2.34139 -1.04394 2.53803 2.02163 1.20089
1.59472 1.18269 1.91043 -1.8287 1.27157 -1.975 -1.2731 -0.341466 -0.8803 -0.810713 1.03744 2.34139 -1.04394 2.53803 2.02163 1.20089
