10.203
10.213
10.224
10.234
10.245
10.255
10.265
10.276
10.286
10.299
10.319
10.339
10.36
10.381
10.402
10.422
10.443
10.463
10.484
10.505
10.544
10.583
10.622
10.66
10.699
10.738
10.776
10.815
10.853
10.892
10.932
10.973
11.012
11.051
11.093
11.134
11.172
11.213
11.252
11.292
11.331
11.372
11.412
11.453
11.492
11.531
11.571
11.61
11.649
11.688
11.726
11.765
11.804
11.842
16.751
16.761
16.772
16.782
16.793
16.803
16.814
16.826
16.846
16.867
16.887
16.926
16.964
17.003
17.041
17.08
17.118
17.156
17.196
17.238
17.277
17.315
17.354
17.394
17.433
17.471
17.51
17.548
17.587
17.629
17.667
17.706
17.745
17.783
17.822
17.861
17.899
17.938
17.976
18.015
18.053
18.092
18.133
18.172
18.214
18.253
18.295
18.334
18.372
18.41
18.449
18.487
18.528
18.566
18.605
18.643
