0
0
0
0
0
0
0
0
0
0
-1.12884
-1.23183
-1.33454
-1.43725
-1.54022
-1.69023
-1.85793
-1.96115
-1.95869
-2.027
-2.027
-2.027
-2.027
-2.027
-2.027
-2.027
-2.027
-2.027
-2.027
-2.027
-2.027
-2.027
-2.027
-2.027
-2.027
-2.027
-2.027
-2.027
-2.027
-2.027
-2.027
-2.027
-2.027
-2.027
-2.027
-2.027
-2.027
-2.027
-2.027
-2.027
-2.027
-2.027
-2.027
-2.027
-2.027
-2.027
-2.027
-2.027
-2.027
-2.027
-2.027
-2.027
-2.027
-2.027
-2.027
-2.027
-2.027
-2.027
-2.027
-2.027
-2.027
-2.027
-2.027
-2.027
-2.027
-2.027
-2.027
-2.027
-2.027
-2.027
-2.027
-2.027
-2.027
-2.027
-2.027
-2.027
-2.027
-2.027
-2.027
-2.027
-2.027
-2.027
-2.027
-2.027
-2.027
-2.027
-2.027
-2.027
-2.027
-2.027
-2.027
-2.027
-2.027
0
-0.923697
-0.870359
-0.816619
-0.762668
-0.708541
-0.654953
-0.601839
-0.548292
-0.494047
-0.43956
-0.244815
-0.0535875
-0.027
-0.027
-0.027
-0.027
-0.027
-0.027
-0.027
-0.027
-0.027
-0.027
-0.027
-0.027
-0.027
-0.027
-0.027
-0.027
-0.027
-0.027
-0.027
-0.027
0
0
0
0
-0.924984
-0.873392
-0.821854
-0.770482
-0.718924
-0.667447
-0.5643
-0.46133
-0.358573
-0.307249
-0.113015
-0.027
-0.027
-0.027
-0.027
-0.027
-0.027
-0.027
-0.027
-0.027
0
-0.924126
-0.870593
-0.816885
-0.763315
-0.709138
-0.655198
-0.601631
-0.547557
-0.493311
-0.439453
-0.245583
-0.0517607
-0.027
-0.027
-0.027
-0.027
-0.027
-0.027
