2.01001 -0.719203 -0.326904 1.46029 2.23222 -0.96833 2.11004 1.21819 -2.36261 -1.03419 1.40888 0.895193 1.27524 -2.13308 -1.33616 -1.83767
2.01001 -0.719203 -0.326904 1.46029 2.23222 -0.96833 2.11004 1.21819 -2.36261 -1.03419 1.40888 0.895193 1.27524 -2.13308 -1.33616 -1.83767
2.01001 -0.719203 -0.326904 1.46029 2.23222 -0.96833 2.11004 1.21819 -2.36261 -1.03419 1.40888 0.895193 1.27524 -2.13308 -1.33616 -1.83767
2.01001 -0.719203 -0.326904 1.46029 2.23222 -0.96833 2.11004 1.21819 -2.36261 -1.03419 1.40888 0.895193 1.27524 -2.13308 -1.33616 -1.83767
2.01001 -0.719203 -0.326904 1.46029 2.23222 -0.96833 2.11004 1.21819 -2.36261 -1.03419 1.40888 0.895193 1.27524 -2.13308 -1.33616 -1.83767
2.01001 -0.719203 -0.326904 1.46029 2.23222 -0.96833 2.11004 1.21819 -2.36261 -1.03419 1.40888 0.895193 1.27524 -2.13308 -1.33616 -1.83767
2.01001 -0.719203 -0.326904 1.46029 2.23222 -0.96833 2.11004 1.21819 -2.36261 -1.03419 1.40888 0.895193 1.27524 -2.13308 -1.33616 -1.83767
2.01001 -0.719203 -0.326904 1.46029 2.23222 -0.96833 2.11004 1.21819 -2.36261 -1.03419 1.40888 0.895193 1.27524 -2.13308 -1.33616 -1.83767
2.01001 -0.719203 -0.326904 1.46029 2.23222 -0.96833 2.11004 1.21819 -2.36261 -1.03419 1.40888 0.895193 1.27524 -2.13308 -1.33616 -1.83767
2.01001 -0.719203 -0.326904 1.46029 2.23222 -0.96833 2.11004 1.21819 -2.36261 -1.03419 1.40888 0.895193 1.27524 -2.13308 -1.33616 -1.83767
2.01001 -0.719203 -0.326904 1.46029 2.23222 -0.96833 2.11004 1.21819 -2.36261 -1.03419 1.40888 0.895193 1.27524 -2.13308 -1.33616 -1.83767
2.01004 -0.719203 -0.326904 1.46029 2.23222 -0.96833 2.11004 1.21819 -2.36261 -1.03419 1.40888 0.895193 1.27524 -2.13308 -1.33616 -1.83767
2.01004 -0.719203 -0.326904 1.46029 2.23222 -0.96833 2.11004 1.21819 -2.36261 -1.03419 1.40888 0.895193 1.27524 -2.13308 -1.33616 -1.83767
2.01001 -0.719203 -0.326904 1.46029 2.23222 -0.96833 2.11004 1.21819 -2.36261 -1.03419 1.40888 0.895193 1.27524 -2.13308 -1.33616 -1.83767
2.00985 -0.719203 -0.326904 1.46029 2.23222 -0.96833 2.11004 1.21819 -2.36261 -1.03419 1.40888 0.895193 1.27524 -2.13308 -1.33616 -1.83767
2.00972 -0.719203 -0.326904 1.46029 2.23222 -0.96833 2.11004 1.21819 -2.36261 -1.03419 1.40888 0.895193 1.27524 -2.13308 -1.33616 -1.83767
2.00891 -0.719203 -0.326904 1.46029 2.23222 -0.96833 2.11004 1.21819 -2.36261 -1.03419 1.40888 0.895193 1.27524 -2.13308 -1.33616 -1.83767
2.00784 -0.719203 -0.326904 1.46029 2.23222 -0.96833 2.11004 1.21819 -2.36261 -1.03419 1.40888 0.895193 1.27524 -2.13308 -1.33616 -1.83767
2.00651 -0.719203 -0.326904 1.46029 2.23222 -0.96833 2.11004 1.21819 -2.36261 -1.03419 1.40888 0.895193 1.27524 -2.13308 -1.33616 -1.83767
2.00506 -0.719203 -0.326904 1.46029 2.23222 -0.96833 2.11004 1.21819 -2.36261 -1.03419 1.40888 0.895193 1.27524 -2.13308 -1.33616 -1.83767
2.00215 -0.719203 -0.326904 1.46029 2.23222 -0.96833 2.11004 1.21819 -2.36261 -1.03419 1.40888 0.895193 1.27524 -2.13308 -1.33616 -1.83767
1.99923 -0.719203 -0.326904 1.46029 2.23222 -0.96833 2.11004 1.21819 -2.36261 -1.03419 1.40888 0.895193 1.27524 -2.13308 -1.33616 -1.83767
1.99615 -0.719203 -0.326904 1.46029 2.23222 -0.96833 2.11004 1.21819 -2.36261 -1.03419 1.40888 0.895193 1.27524 -2.13308 -1.33616 -1.83767
1.99281 -0.719203 -0.326904 1.46029 2.23222 -0.96833 2.11004 1.21819 -2.36261 -1.03419 1.40888 0.895193 1.27524 -2.13308 -1.33616 -1.83767
1.98926 -0.719203 -0.326904 1.46029 2.23222 -0.96833 2.11004 1.21819 -2.36261 -1.03419 1.40888 0.895193 1.27524 -2.13308 -1.33616 -1.83767
1.98583 -0.719203 -0.326904 1.46029 2.23222 -0.96833 2.11004 1.21819 -2.36261 -1.03419 1.40888 0.895193 1.27524 -2.13308 -1.33616 -1.83767
1.98243 -0.719203 -0.326904 1.46029 2.23222 -0.96833 2.11004 1.21819 -2.36261 -1.03419 1.40888 0.895193 1.27524 -2.13308 -1.33616 -1.83767
1.97907 -0.719203 -0.326904 1.46029 2.23222 -0.96833 2.11004 1.21819 -2.36261 -1.03419 1.40888 0.895193 1.27524 -2.13308 -1.33616 -1.83767
1.97574 -0.719203 -0.326904 1.46029 2.23222 -0.96833 2.11004 1.21819 -2.36261 -1.03419 1.40888 0.895193 1.27524 -2.13308 -1.33616 -1.83767
1.97234 -0.719203 -0.326904 1.46029 2.23222 -0.96833 2.11004 1.21819 -2.36261 -1.03419 1.40888 0.895193 1.27524 -2.13308 -1.33616 -1.83767
1.96888 -0.719203 -0.326904 1.46029 2.23222 -0.96833 2.11004 1.21819 -2.36261 -1.03419 1.40888 0.895193 1.27524 -2.13308 -1.33616 -1.83767
1.96551 -0.719203 -0.326904 1.46029 2.23222 -0.96833 2.11004 1.21819 -2.36261 -1.03419 1.40888 0.895193 1.27524 -2.13308 -1.33616 -1.83767
1.96212 -0.719203 -0.326904 1.46029 2.23222 -0.96833 2.11004 1.21819 -2.36261 -1.03419 1.40888 0.895193 1.27524 -2.13308 -1.33616 -1.83767
1.95878 -0.719203 -0.326904 1.46029 2.23222 -0.96833 2.11004 1.21819 -2.36261 -1.03419 1.40888 0.895193 1.27524 -2.13308 -1.33616 -1.83767
1.95548 -0.719203 -0.326904 1.46029 2.23222 -0.96833 2.11004 1.21819 -2.36261 -1.03419 1.40888 0.895193 1.27524 -2.13308 -1.33616 -1.83767
1.95208 -0.719203 -0.326904 1.46029 2.23222 -0.96833 2.11004 1.21819 -2.36261 -1.03419 1.40888 0.895193 1.27524 -2.13308 -1.33616 -1.83767
1.94866 -0.719203 -0.326904 1.46029 2.23222 -0.96833 2.11004 1.21819 -2.36261 -1.03419 1.40888 0.895193 1.27524 -2.13308 -1.33616 -1.83767
1.94516 -0.719203 -0.326904 1.46029 2.23222 -0.96833 2.11004 1.21819 -2.36261 -1.03419 1.40888 0.895193 1.27524 -2.13308 -1.33616 -1.83767
1.94158 -0.719203 -0.326904 1.46029 2.23222 -0.96833 2.11004 1.21819 -2.36261 -1.03419 1.40888 0.895193 1.27524 -2.13308 -1.33616 -1.83767
1.93804 -0.719203 -0.326904 1.46029 2.23222 -0.96833 2.11004 1.21819 -2.36261 -1.03419 1.40888 0.895193 1.27524 -2.13308 -1.33616 -1.83767
1.93452 -0.719203 -0.326904 1.46029 2.23222 -0.96833 2.11004 1.21819 -2.36261 -1.03419 1.40888 0.895193 1.27524 -2.13308 -1.33616 -1.83767
1.93099 -0.719203 -0.326904 1.46029 2.23222 -0.96833 2.11004 1.21819 -2.36261 -1.03419 1.40888 0.895193 1.27524 -2.13308 -1.33616 -1.83767
1.92744 -0.719203 -0.326904 1.46029 2.23222 -0.96833 2.11004 1.21819 -2.36261 -1.03419 1.40888 0.895193 1.27524 -2.13308 -1.33616 -1.83767
1.92369 -0.719203 -0.326904 1.46029 2.23222 -0.96833 2.11004 1.21819 -2.36261 -1.03419 1.40888 0.895193 1.27524 -2.13308 -1.33616 -1.83767
1.92008 -0.719203 -0.326904 1.46029 2.23222 -0.96833 2.11004 1.21819 -2.36261 -1.03419 1.40888 0.895193 1.27524 -2.13308 -1.33616 -1.83767
1.91653 -0.719203 -0.326904 1.46029 2.23222 -0.96833 2.11004 1.21819 -2.36261 -1.03419 1.40888 0.895193 1.27524 -2.13308 -1.33616 -1.83767
1.91291 -0.719203 -0.326904 1.46029 2.23222 -0.96833 2.11004 1.21819 -2.36261 -1.03419 1.40888 0.895193 1.27524 -2.13308 -1.33616 -1.83767
1.90925 -0.719203 -0.326904 1.46029 2.23222 -0.96833 2.11004 1.21819 -2.36261 -1.03419 1.40888 0.895193 1.27524 -2.13308 -1.33616 -1.83767
1.90556 -0.719203 -0.326904 1.46029 2.23222 -0.96833 2.11004 1.21819 -2.36261 -1.03419 1.40888 0.895193 1.27524 -2.13308 -1.33616 -1.83767
1.90185 -0.719203 -0.326904 1.46029 2.23222 -0.96833 2.11004 1.21819 -2.36261 -1.03419 1.40888 0.895193 1.27524 -2.13308 -1.33616 -1.83767
1.89817 -0.719203 -0.326904 1.46029 2.23222 -0.96833 2.11004 1.21819 -2.36261 -1.03419 1.40888 0.895193 1.27524 -2.13308 -1.33616 -1.83767
1.8945 -0.719203 -0.326904 1.46029 2.23222 -0.96833 2.11004 1.21819 -2.36261 -1.03419 1.40888 0.895193 1.27524 -2.13308 -1.33616 -1.83767
1.89068 -0.719203 -0.326904 1.46029 2.23222 -0.96833 2.11004 1.21819 -2.36261 -1.03419 1.40888 0.895193 1.27524 -2.13308 -1.33616 -1.83767
1.88689 -0.719203 -0.326904 1.46029 2.23222 -0.96833 2.11004 1.21819 -2.36261 -1.03419 1.40888 0.895193 1.27524 -2.13308 -1.33616 -1.83767
1.88315 -0.719203 -0.326904 1.46029 2.23222 -0.96833 2.11004 1.21819 -2.36261 -1.03419 1.40888 0.895193 1.27524 -2.13308 -1.33616 -1.83767
1.87943 -0.719203 -0.326904 1.46029 2.23222 -0.96833 2.11004 1.21819 -2.36261 -1.03419 1.40888 0.895193 1.27524 -2.13308 -1.33616 -1.83767
1.87568 -0.719203 -0.326904 1.46029 2.23222 -0.96833 2.11004 1.21819 -2.36261 -1.03419 1.40888 0.895193 1.27524 -2.13308 -1.33616 -1.83767
1.87192 -0.719203 -0.326904 1.46029 2.23222 -0.96833 2.11004 1.21819 -2.36261 -1.03419 1.40888 0.895193 1.27524 -2.13308 -1.33616 -1.83767
1.86811 -0.719203 -0.326904 1.46029 2.23222 -0.96833 2.11004 1.21819 -2.36261 -1.03419 1.40888 0.895193 1.27524 -2.13308 -1.33616 -1.83767
1.86425 -0.719203 -0.326904 1.46029 2.23222 -0.96833 2.11004 1.21819 -2.36261 -1.03419 1.40888 0.895193 1.27524 -2.13308 -1.33616 -1.83767
1.86036 -0.719203 -0.326904 1.46029 2.23222 -0.96833 2.11004 1.21819 -2.36261 -1.03419 1.40888 0.895193 1.27524 -2.13308 -1.33616 -1.83767
1.85645 -0.719203 -0.326904 1.46029 2.23222 -0.96833 2.11004 1.21819 -2.36261 -1.03419 1.40888 0.895193 1.27524 -2.13308 -1.33616 -1.83767
1.85256 -0.719203 -0.326904 1.46029 2.23222 -0.96833 2.11004 1.21819 -2.36261 -1.03419 1.40888 0.895193 1.27524 -2.13308 -1.33616 -1.83767
1.8487 -0.719203 -0.326904 1.46029 2.23222 -0.96833 2.11004 1.21819 -2.36261 -1.03419 1.40888 0.895193 1.27524 -2.13308 -1.33616 -1.83767
1.84472 -0.719203 -0.326904 1.46029 2.23222 -0.96833 2.11004 1.21819 -2.36261 -1.03419 1.40888 0.895193 1.27524 -2.13308 -1.33616 -1.83767
1.84077 -0.719203 -0.326904 1.46029 2.23222 -0.96833 2.11004 1.21819 -2.36261 -1.03419 1.40888 0.895193 1.27524 -2.13308 -1.33616 -1.83767
1.83678 -0.719203 -0.326904 1.46029 2.23222 -0.96833 2.11004 1.21819 -2.36261 -1.03419 1.40888 0.895193 1.27524 -2.13308 -1.33616 -1.83767
1.83288 -0.719203 -0.326904 1.46029 2.23222 -0.96833 2.11004 1.21819 -2.36261 -1.03419 1.40888 0.895193 1.27524 -2.13308 -1.33616 -1.83767
1.82886 -0.719203 -0.326904 1.46029 2.23222 -0.96833 2.11004 1.21819 -2.36261 -1.03419 1.40888 0.895193 1.27524 -2.13308 -1.33616 -1.83767
1.82477 -0.719203 -0.326904 1.46029 2.23222 -0.96833 2.11004 1.21819 -2.36261 -1.03419 1.40888 0.895193 1.27524 -2.13308 -1.33616 -1.83767
1.82068 -0.719203 -0.326904 1.46029 2.23222 -0.96833 2.11004 1.21819 -2.36261 -1.03419 1.40888 0.895193 1.27524 -2.13308 -1.33616 -1.83767
1.81651 -0.719203 -0.326904 1.46029 2.23222 -0.96833 2.11004 1.21819 -2.36261 -1.03419 1.40888 0.895193 1.27524 -2.13308 -1.33616 -1.83767
1.81246 -0.719203 -0.326904 1.46029 2.23222 -0.96833 2.11004 1.21819 -2.36261 -1.03419 1.40888 0.895193 1.27524 -2.13308 -1.33616 -1.83767
1.80844 -0.719203 -0.326904 1.46029 2.23222 -0.96833 2.11004 1.21819 -2.36261 -1.03419 1.40888 0.895193 1.27524 -2.13308 -1.33616 -1.83767
1.8043 -0.719203 -0.326904 1.46029 2.23222 -0.96833 2.11004 1.21819 -2.36261 -1.03419 1.40888 0.895193 1.27524 -2.13308 -1.33616 -1.83767
1.80022 -0.719203 -0.326904 1.46029 2.23222 -0.96833 2.11004 1.21819 -2.36261 -1.03419 1.40888 0.895193 1.27524 -2.13308 -1.33616 -1.83767
1.79615 -0.719203 -0.326904 1.46029 2.23222 -0.96833 2.11004 1.21819 -2.36261 -1.03419 1.40888 0.895193 1.27524 -2.13308 -1.33616 -1.83767
1.79199 -0.719203 -0.326904 1.46029 2.23222 -0.96833 2.11004 1.21819 -2.36261 -1.03419 1.40888 0.895193 1.27524 -2.13308 -1.33616 -1.83767
1.78787 -0.719203 -0.326904 1.46029 2.23222 -0.96833 2.11004 1.21819 -2.36261 -1.03419 1.40888 0.895193 1.27524 -2.13308 -1.33616 -1.83767
1.78365 -0.719203 -0.326904 1.46029 2.23222 -0.96833 2.11004 1.21819 -2.36261 -1.03419 1.40888 0.895193 1.27524 -2.13308 -1.33616 -1.83767
1.77943 -0.719203 -0.326904 1.46029 2.23222 -0.96833 2.11004 1.21819 -2.36261 -1.03419 1.40888 0.895193 1.27524 -2.13308 -1.33616 -1.83767
1.77522 -0.719203 -0.326904 1.46029 2.23222 -0.96833 2.11004 1.21819 -2.36261 -1.03419 1.40888 0.895193 1.27524 -2.13308 -1.33616 -1.83767
1.771 -0.719203 -0.326904 1.46029 2.23222 -0.96833 2.11004 1.21819 -2.36261 -1.03419 1.40888 0.895193 1.27524 -2.13308 -1.33616 -1.83767
1.76677 -0.719203 -0.326904 1.46029 2.23222 -0.96833 2.11004 1.21819 -2.36261 -1.03419 1.40888 0.895193 1.27524 -2.13308 -1.33616 -1.83767
1.76247 -0.719203 -0.326904 1.46029 2.23222 -0.96833 2.11004 1.21819 -2.36261 -1.03419 1.40888 0.895193 1.27524 -2.13308 -1.33616 -1.83767
1.7582 -0.719203 -0.326904 1.46029 2.23222 -0.96833 2.11004 1.21819 -2.36261 -1.03419 1.40888 0.895193 1.27524 -2.13308 -1.33616 -1.83767
1.75393 -0.719203 -0.326904 1.46029 2.23222 -0.96833 2.11004 1.21819 -2.36261 -1.03419 1.40888 0.895193 1.27524 -2.13308 -1.33616 -1.83767
1.74963 -0.719203 -0.326904 1.46029 2.23222 -0.96833 2.11004 1.21819 -2.36261 -1.03419 1.40888 0.895193 1.27524 -2.13308 -1.33616 -1.83767
1.74529 -0.719203 -0.326904 1.46029 2.23222 -0.96833 2.11004 1.21819 -2.36261 -1.03419 1.40888 0.895193 1.27524 -2.13308 -1.33616 -1.83767
1.74087 -0.719203 -0.326904 1.46029 2.23222 -0.96833 2.11004 1.21819 -2.36261 -1.03419 1.40888 0.895193 1.27524 -2.13308 -1.33616 -1.83767
1.73635 -0.719203 -0.326904 1.46029 2.23222 -0.96833 2.11004 1.21819 -2.36261 -1.03419 1.40888 0.895193 1.27524 -2.13308 -1.33616 -1.83767
1.73196 -0.719203 -0.326904 1.46029 2.23222 -0.96833 2.11004 1.21819 -2.36261 -1.03419 1.40888 0.895193 1.27524 -2.13308 -1.33616 -1.83767
1.72748 -0.719203 -0.326904 1.46029 2.23222 -0.96833 2.11004 1.21819 -2.36261 -1.03419 1.40888 0.895193 1.27524 -2.13308 -1.33616 -1.83767
1.72299 -0.719203 -0.326904 1.46029 2.23222 -0.96833 2.11004 1.21819 -2.36261 -1.03419 1.40888 0.895193 1.27524 -2.13308 -1.33616 -1.83767
1.71859 -0.719203 -0.326904 1.46029 2.23222 -0.96833 2.11004 1.21819 -2.36261 -1.03419 1.40888 0.895193 1.27524 -2.13308 -1.33616 -1.83767
1.71417 -0.719203 -0.326904 1.46029 2.23222 -0.96833 2.11004 1.21819 -2.36261 -1.03419 1.40888 0.895193 1.27524 -2.13308 -1.33616 -1.83767
1.70963 -0.719203 -0.326904 1.46029 2.23222 -0.96833 2.11004 1.21819 -2.36261 -1.03419 1.40888 0.895193 1.27524 -2.13308 -1.33616 -1.83767
1.70508 -0.719203 -0.326904 1.46029 2.23222 -0.96833 2.11004 1.21819 -2.36261 -1.03419 1.40888 0.895193 1.27524 -2.13308 -1.33616 -1.83767
1.70056 -0.719203 -0.326904 1.46029 2.23222 -0.96833 2.11004 1.21819 -2.36261 -1.03419 1.40888 0.895193 1.27524 -2.13308 -1.33616 -1.83767
1.69604 -0.719203 -0.326904 1.46029 2.23222 -0.96833 2.11004 1.21819 -2.36261 -1.03419 1.40888 0.895193 1.27524 -2.13308 -1.33616 -1.83767
1.69144 -0.719203 -0.326904 1.46029 2.23222 -0.96833 2.11004 1.21819 -2.36261 -1.03419 1.40888 0.895193 1.27524 -2.13308 -1.33616 -1.83767
1.68685 -0.719203 -0.326904 1.46029 2.23222 -0.96833 2.11004 1.21819 -2.36261 -1.03419 1.40888 0.895193 1.27524 -2.13308 -1.33616 -1.83767
1.68223 -0.719203 -0.326904 1.46029 2.23222 -0.96833 2.11004 1.21819 -2.36261 -1.03419 1.40888 0.895193 1.27524 -2.13308 -1.33616 -1.83767
1.67155 -0.719203 -0.326904 1.46029 2.23222 -0.96833 2.11004 1.21819 -2.36261 -1.03419 1.40888 0.895193 1.27524 -2.13308 -1.33616 -1.83767
1.67155 -0.719203 -0.326904 1.46029 2.23222 -0.96833 2.11004 1.21819 -2.36261 -1.03419 1.40888 0.895193 1.27524 -2.13308 -1.33616 -1.83767
1.67155 -0.719203 -0.326904 1.46029 2.23222 -0.96833 2.11004 1.21819 -2.36261 -1.03419 1.40888 0.895193 1.27524 -2.13308 -1.33616 -1.83767
1.67155 -0.719203 -0.326904 1.46029 2.23222 -0.96833 2.11004 1.21819 -2.36261 -1.03419 1.40888 0.895193 1.27524 -2.13308 -1.33616 -1.83767
1.67155 -0.719203 -0.326904 1.46029 2.23222 -0.96833 2.11004 1.21819 -2.36261 -1.03419 1.40888 0.895193 1.27524 -2.13308 -1.33616 -1.83767
1.67155 -0.719203 -0.326904 1.46029 2.23222 -0.96833 2.11004 1.21819 -2.36261 -1.03419 1.40888 0.895193 1.27524 -2.13308 -1.33616 -1.83767
1.67157 -0.719203 -0.326904 1.46029 2.23222 -0.96833 2.11004 1.21819 -2.36261 -1.03419 1.40888 0.895193 1.27524 -2.13308 -1.33616 -1.83767
1.67158 -0.719203 -0.326904 1.46029 2.23222 -0.96833 2.11004 1.21819 -2.36261 -1.03419 1.40888 0.895193 1.27524 -2.13308 -1.33616 -1.83767
1.67159 -0.719203 -0.326904 1.46029 2.23222 -0.96833 2.11004 1.21819 -2.36261 -1.03419 1.40888 0.895193 1.27524 -2.13308 -1.33616 -1.83767
1.6716 -0.719203 -0.326904 1.46029 2.23222 -0.96833 2.11004 1.21819 -2.36261 -1.03419 1.40888 0.895193 1.27524 -2.13308 -1.33616 -1.83767
1.67161 -0.719203 -0.326904 1.46029 2.23222 -0.96833 2.11004 1.21819 -2.36261 -1.03419 1.40888 0.895193 1.27524 -2.13308 -1.33616 -1.83767
1.67161 -0.719203 -0.326904 1.46029 2.23222 -0.96833 2.11004 1.21819 -2.36261 -1.03419 1.40888 0.895193 1.27524 -2.13308 -1.33616 -1.83767
1.67162 -0.719203 -0.326904 1.46029 2.23222 -0.96833 2.11004 1.21819 -2.36261 -1.03419 1.40888 0.895193 1.27524 -2.13308 -1.33616 -1.83767
1.67162 -0.719203 -0.326904 1.46029 2.23222 -0.96833 2.11004 1.21819 -2.36261 -1.03419 1.40888 0.895193 1.27524 -2.13308 -1.33616 -1.83767
1.67358 -0.719203 -0.326904 1.46029 2.23222 -0.96833 2.11004 1.21819 -2.36261 -1.03419 1.40888 0.895193 1.27524 -2.13308 -1.33616 -1.83767
1.67716 -0.719203 -0.326904 1.46029 2.23222 -0.96833 2.11004 1.21819 -2.36261 -1.03419 1.40888 0.895193 1.27524 -2.13308 -1.33616 -1.83767
1.68083 -0.719203 -0.326904 1.46029 2.23222 -0.96833 2.11004 1.21819 -2.36261 -1.03419 1.40888 0.895193 1.27524 -2.13308 -1.33616 -1.83767
1.68425 -0.719203 -0.326904 1.46029 2.23222 -0.96833 2.11004 1.21819 -2.36261 -1.03419 1.40888 0.895193 1.27524 -2.13308 -1.33616 -1.83767
1.68774 -0.719203 -0.326904 1.46029 2.23222 -0.96833 2.11004 1.21819 -2.36261 -1.03419 1.40888 0.895193 1.27524 -2.13308 -1.33616 -1.83767
1.69199 -0.719203 -0.326904 1.46029 2.23222 -0.96833 2.11004 1.21819 -2.36261 -1.03419 1.40888 0.895193 1.27524 -2.13308 -1.33616 -1.83767
1.69721 -0.719203 -0.326904 1.46029 2.23222 -0.96833 2.11004 1.21819 -2.36261 -1.03419 1.40888 0.895193 1.27524 -2.13308 -1.33616 -1.83767
1.70339 -0.719203 -0.326904 1.46029 2.23222 -0.96833 2.11004 1.21819 -2.36261 -1.03419 1.40888 0.895193 1.27524 -2.13308 -1.33616 -1.83767
1.71026 -0.719203 -0.326904 1.46029 2.23222 -0.96833 2.11004 1.21819 -2.36261 -1.03419 1.40888 0.895193 1.27524 -2.13308 -1.33616 -1.83767
1.71771 -0.719203 -0.326904 1.46029 2.23222 -0.96833 2.11004 1.21819 -2.36261 -1.03419 1.40888 0.895193 1.27524 -2.13308 -1.33616 -1.83767
1.72591 -0.719203 -0.326904 1.46029 2.23222 -0.96833 2.11004 1.21819 -2.36261 -1.03419 1.40888 0.895193 1.27524 -2.13308 -1.33616 -1.83767
1.73449 -0.719203 -0.326904 1.46029 2.23222 -0.96833 2.11004 1.21819 -2.36261 -1.03419 1.40888 0.895193 1.27524 -2.13308 -1.33616 -1.83767
1.74377 -0.719203 -0.326904 1.46029 2.23222 -0.96833 2.11004 1.21819 -2.36261 -1.03419 1.40888 0.895193 1.27524 -2.13308 -1.33616 -1.83767
1.75315 -0.719203 -0.326904 1.46029 2.23222 -0.96833 2.11004 1.21819 -2.36261 -1.03419 1.40888 0.895193 1.27524 -2.13308 -1.33616 -1.83767
1.7627 -0.719203 -0.326904 1.46029 2.23222 -0.96833 2.11004 1.21819 -2.36261 -1.03419 1.40888 0.895193 1.27524 -2.13308 -1.33616 -1.83767
1.77241 -0.719203 -0.326904 1.46029 2.23222 -0.96833 2.11004 1.21819 -2.36261 -1.03419 1.40888 0.895193 1.27524 -2.13308 -1.33616 -1.83767
1.78228 -0.719203 -0.326904 1.46029 2.23222 -0.96833 2.11004 1.21819 -2.36261 -1.03419 1.40888 0.895193 1.27524 -2.13308 -1.33616 -1.83767
1.7926 -0.719203 -0.326904 1.46029 2.23222 -0.96833 2.11004 1.21819 -2.36261 -1.03419 1.40888 0.895193 1.27524 -2.13308 -1.33616 -1.83767
1.80345 -0.719203 -0.326904 1.46029 2.23222 -0.96833 2.11004 1.21819 -2.36261 -1.03419 1.40888 0.895193 1.27524 -2.13308 -1.33616 -1.83767
1.81026 -0.719203 -0.326904 1.46029 2.23222 -0.96833 2.11004 1.21819 -2.36261 -1.03419 1.40888 0.895193 1.27524 -2.13308 -1.33616 -1.83767
1.81026 -0.719203 -0.326904 1.46029 2.23222 -0.96833 2.11004 1.21819 -2.36261 -1.03419 1.40888 0.895193 1.27524 -2.13308 -1.33616 -1.83767
1.81026 -0.719203 -0.326904 1.46029 2.23222 -0.96833 2.11004 1.21819 -2.36261 -1.03419 1.40888 0.895193 1.27524 -2.13308 -1.33616 -1.83767
1.81026 -0.719203 -0.326904 1.46029 2.23222 -0.96833 2.11004 1.21819 -2.36261 -1.03419 1.40888 0.895193 1.27524 -2.13308 -1.33616 -1.83767
1.81026 -0.719203 -0.326904 1.46029 2.23222 -0.96833 2.11004 1.21819 -2.36261 -1.03419 1.40888 0.895193 1.27524 -2.13308 -1.33616 -1.83767
1.81026 -0.719203 -0.326904 1.46029 2.23222 -0.96833 2.11004 1.21819 -2.36261 -1.03419 1.40888 0.895193 1.27524 -2.13308 -1.33616 -1.83767
1.81026 -0.719203 -0.326904 1.46029 2.23222 -0.96833 2.11004 1.21819 -2.36261 -1.03419 1.40888 0.895193 1.27524 -2.13308 -1.33616 -1.83767
1.81026 -0.719203 -0.326904 1.46029 2.23222 -0.96833 2.11004 1.21819 -2.36261 -1.03419 1.40888 0.895193 1.27524 -2.13308 -1.33616 -1.83767
1.81046 -0.719203 -0.326904 1.46029 2.23222 -0.96833 2.11004 1.21819 -2.36261 -1.03419 1.40888 0.895193 1.27524 -2.13308 -1.33616 -1.83767
1.81063 -0.719203 -0.326904 1.46029 2.23222 -0.96833 2.11004 1.21819 -2.36261 -1.03419 1.40888 0.895193 1.27524 -2.13308 -1.33616 -1.83767
1.81084 -0.719203 -0.326904 1.46029 2.23222 -0.96833 2.11004 1.21819 -2.36261 -1.03419 1.40888 0.895193 1.27524 -2.13308 -1.33616 -1.83767
1.81106 -0.719203 -0.326904 1.46029 2.23222 -0.96833 2.11004 1.21819 -2.36261 -1.03419 1.40888 0.895193 1.27524 -2.13308 -1.33616 -1.83767
1.81133 -0.719203 -0.326904 1.46029 2.23222 -0.96833 2.11004 1.21819 -2.36261 -1.03419 1.40888 0.895193 1.27524 -2.13308 -1.33616 -1.83767
1.8119 -0.719203 -0.326904 1.46029 2.23222 -0.96833 2.11004 1.21819 -2.36261 -1.03419 1.40888 0.895193 1.27524 -2.13308 -1.33616 -1.83767
1.81256 -0.719203 -0.326904 1.46029 2.23222 -0.96833 2.11004 1.21819 -2.36261 -1.03419 1.40888 0.895193 1.27524 -2.13308 -1.33616 -1.83767
1.81339 -0.719203 -0.326904 1.46029 2.23222 -0.96833 2.11004 1.21819 -2.36261 -1.03419 1.40888 0.895193 1.27524 -2.13308 -1.33616 -1.83767
1.81656 -0.719203 -0.326904 1.46029 2.23222 -0.96833 2.11004 1.21819 -2.36261 -1.03419 1.40888 0.895193 1.27524 -2.13308 -1.33616 -1.83767
1.82211 -0.719203 -0.326904 1.46029 2.23222 -0.96833 2.11004 1.21819 -2.36261 -1.03419 1.40888 0.895193 1.27524 -2.13308 -1.33616 -1.83767
1.82839 -0.719203 -0.326904 1.46029 2.23222 -0.96833 2.11004 1.21819 -2.36261 -1.03419 1.40888 0.895193 1.27524 -2.13308 -1.33616 -1.83767
1.83495 -0.719203 -0.326904 1.46029 2.23222 -0.96833 2.11004 1.21819 -2.36261 -1.03419 1.40888 0.895193 1.27524 -2.13308 -1.33616 -1.83767
1.84231 -0.719203 -0.326904 1.46029 2.23222 -0.96833 2.11004 1.21819 -2.36261 -1.03419 1.40888 0.895193 1.27524 -2.13308 -1.33616 -1.83767
1.85099 -0.719203 -0.326904 1.46029 2.23222 -0.96833 2.11004 1.21819 -2.36261 -1.03419 1.40888 0.895193 1.27524 -2.13308 -1.33616 -1.83767
1.86126 -0.719203 -0.326904 1.46029 2.23222 -0.96833 2.11004 1.21819 -2.36261 -1.03419 1.40888 0.895193 1.27524 -2.13308 -1.33616 -1.83767
1.87292 -0.719203 -0.326904 1.46029 2.23222 -0.96833 2.11004 1.21819 -2.36261 -1.03419 1.40888 0.895193 1.27524 -2.13308 -1.33616 -1.83767
1.87671 -0.719203 -0.326904 1.46029 2.23222 -0.96833 2.11004 1.21819 -2.36261 -1.03419 1.40888 0.895193 1.27524 -2.13308 -1.33616 -1.83767
1.87671 -0.719203 -0.326904 1.46029 2.23222 -0.96833 2.11004 1.21819 -2.36261 -1.03419 1.40888 0.895193 1.27524 -2.13308 -1.33616 -1.83767
1.87671 -0.719203 -0.326904 1.46029 2.23222 -0.96833 2.11004 1.21819 -2.36261 -1.03419 1.40888 0.895193 1.27524 -2.13308 -1.33616 -1.83767
1.87671 -0.719203 -0.326904 1.46029 2.23222 -0.96833 2.11004 1.21819 -2.36261 -1.03419 1.40888 0.895193 1.27524 -2.13308 -1.33616 -1.83767
1.87671 -0.719203 -0.326904 1.46029 2.23222 -0.96833 2.11004 1.21819 -2.36261 -1.03419 1.40888 0.895193 1.27524 -2.13308 -1.33616 -1.83767
1.87671 -0.719203 -0.326904 1.46029 2.23222 -0.96833 2.11004 1.21819 -2.36261 -1.03419 1.40888 0.895193 1.27524 -2.13308 -1.33616 -1.83767
1.87686 -0.719203 -0.326904 1.46029 2.23222 -0.96833 2.11004 1.21819 -2.36261 -1.03419 1.40888 0.895193 1.27524 -2.13308 -1.33616 -1.83767
1.87719 -0.719203 -0.326904 1.46029 2.23222 -0.96833 2.11004 1.21819 -2.36261 -1.03419 1.40888 0.895193 1.27524 -2.13308 -1.33616 -1.83767
1.87744 -0.719203 -0.326904 1.46029 2.23222 -0.96833 2.11004 1.21819 -2.36261 -1.03419 1.40888 0.895193 1.27524 -2.13308 -1.33616 -1.83767
1.87772 -0.719203 -0.326904 1.46029 2.23222 -0.96833 2.11004 1.21819 -2.36261 -1.03419 1.40888 0.895193 1.27524 -2.13308 -1.33616 -1.83767
1.87825 -0.719203 -0.326904 1.46029 2.23222 -0.96833 2.11004 1.21819 -2.36261 -1.03419 1.40888 0.895193 1.27524 -2.13308 -1.33616 -1.83767
1.87896 -0.719203 -0.326904 1.46029 2.23222 -0.96833 2.11004 1.21819 -2.36261 -1.03419 1.40888 0.895193 1.27524 -2.13308 -1.33616 -1.83767
1.88 -0.719203 -0.326904 1.46029 2.23222 -0.96833 2.11004 1.21819 -2.36261 -1.03419 1.40888 0.895193 1.27524 -2.13308 -1.33616 -1.83767
1.88161 -0.719203 -0.326904 1.46029 2.23222 -0.96833 2.11004 1.21819 -2.36261 -1.03419 1.40888 0.895193 1.27524 -2.13308 -1.33616 -1.83767
1.88596 -0.719203 -0.326904 1.46029 2.23222 -0.96833 2.11004 1.21819 -2.36261 -1.03419 1.40888 0.895193 1.27524 -2.13308 -1.33616 -1.83767
1.89312 -0.719203 -0.326904 1.46029 2.23222 -0.96833 2.11004 1.21819 -2.36261 -1.03419 1.40888 0.895193 1.27524 -2.13308 -1.33616 -1.83767
1.90131 -0.719203 -0.326904 1.46029 2.23222 -0.96833 2.11004 1.21819 -2.36261 -1.03419 1.40888 0.895193 1.27524 -2.13308 -1.33616 -1.83767
1.91001 -0.719203 -0.326904 1.46029 2.23222 -0.96833 2.11004 1.21819 -2.36261 -1.03419 1.40888 0.895193 1.27524 -2.13308 -1.33616 -1.83767
1.91967 -0.719203 -0.326904 1.46029 2.23222 -0.96833 2.11004 1.21819 -2.36261 -1.03419 1.40888 0.895193 1.27524 -2.13308 -1.33616 -1.83767
