22.275
22.286
22.296
22.306
22.317
22.327
22.337
22.348
22.358
22.37
22.39
22.41
22.431
22.451
22.473
22.502
22.536
22.556
22.577
22.598
22.636
22.675
22.714
22.754
22.794
22.833
22.871
22.909
22.948
22.986
23.025
23.064
23.102
23.141
23.18
23.218
23.257
23.295
23.333
23.372
23.411
23.45
23.489
23.529
23.568
23.607
23.646
23.685
23.724
23.762
23.801
23.84
23.88
23.918
23.957
23.995
24.034
24.072
24.111
24.15
24.188
24.228
24.266
24.305
24.343
24.382
24.421
24.46
24.499
24.538
24.577
24.617
24.656
24.694
24.733
24.771
24.81
24.848
24.887
24.925
24.965
25.004
25.042
25.081
25.119
25.158
25.197
25.235
25.274
25.313
25.353
25.392
25.431
25.47
25.509
25.547
25.586
25.624
25.663
25.702
25.74
25.779
25.818
26.129
26.139
26.15
26.161
26.172
26.182
26.193
26.204
26.215
26.228
26.267
26.305
26.343
26.381
26.42
26.458
26.497
26.536
26.574
26.614
26.653
26.692
26.731
26.77
26.809
26.847
26.886
26.925
26.964
27.002
27.041
27.079
27.118
29.338
29.348
29.359
29.369
29.379
29.39
29.4
29.41
29.421
29.433
29.453
29.474
29.495
29.533
29.571
29.61
29.648
29.687
29.725
29.763
29.802
29.841
29.88
29.918
31.356
31.366
31.377
31.388
31.399
31.409
31.42
31.431
31.442
31.455
31.494
31.533
31.571
31.609
31.648
31.686
31.724
31.763
31.801
