DELETE PREVIOUS LINE
DELETE PREVIOUS LINE
DELETE PREVIOUS LINE
DELETE PREVIOUS LINE
DELETE PREVIOUS LINE
DELETE PREVIOUS LINE
1.7445, 0.70908, 2.46488, -2.03871, 2.46166, 0.515432, 2.6163, 0.153963, 1.07423, -0.496413, -1.25914, -0.458559, 0.694178, 0.482821, 0.178315, 2.61799, -1.23965
0, 1.7445, 0.70908, 2.46488, -2.03871, 2.46166, 0.515432, 2.6163, 0.153963, 1.07423, -0.496413, -1.25914, -0.458559, 0.694178, 0.482821, 0.17831, 2.63944, -1.22987
-1.93738, 1.7445, 0.70908, 2.46488, -2.03871, 2.46166, 0.515432, 2.6163, 0.153963, 1.07423, -0.496413, -1.25914, -0.458559, 0.694178, 0.482821, 0.178315, 2.60168, -1.23017
-0.469667, 1.7445, 0.70908, 2.46488, -2.03871, 2.46166, 0.515432, 2.6163, 0.153963, 1.07423, -0.496413, -1.25914, -0.458559, 0.694178, 0.482821, 0.178315, 2.65565, -1.23909
0, 1.7445, 0.70908, 2.46488, -2.03871, 2.46166, 0.515432, 2.6163, 0.153963, 1.07423, -0.496413, -1.25914, -0.458559, 0.694178, 0.482821, 0.178315, 2.64065, -1.24365
-2.02544, 1.7445, 0.70908, 2.46488, -2.03871, 2.46166, 0.515432, 2.6163, 0.153963, 1.07423, -0.496413, -1.25914, -0.458559, 0.694178, 0.482821, 0.178283, 2.37624, -1.20483
-0.55773, 1.7445, 0.70908, 2.46488, -2.03871, 2.46166, 0.515432, 2.6163, 0.153963, 1.07423, -0.496413, -1.25914, -0.458559, 0.694178, 0.482821, 0.178315, 2.49827, -1.24918
-2.02544, 1.7445, 0.70908, 2.46488, -2.03871, 2.46166, 0.515432, 2.6163, 0.153963, 1.07423, -0.496413, -1.25914, -0.458559, 0.694178, 0.482821, 0.178315, 2.15863, -1.26611
0, 1.7445, 0.70908, 2.46488, -2.03871, 2.46166, 0.515432, 2.6163, 0.153963, 1.07423, -0.496413, -1.25914, -0.458559, 0.694178, 0.482821, 0.178315, 2.19519, -1.26099
0, 1.7445, 0.70908, 2.46488, -2.03871, 2.46166, 0.515432, 2.6163, 0.153963, 1.07423, -0.496413, -1.25914, -0.458559, 0.694178, 0.482821, 0.178304, 2.12131, -1.24781
0, 1.7445, 0.70908, 2.46488, -2.03871, 2.46166, 0.515432, 2.6163, 0.153963, 1.07423, -0.496413, -1.25914, -0.458559, 0.694178, 0.482821, 0.178304, 2.12131, -1.24567
0, 1.7445, 0.70908, 2.46488, -2.03871, 2.46166, 0.515432, 2.6163, 0.153963, 1.07423, -0.496413, -1.25914, -0.458559, 0.694178, 0.482821, 0.178304, 2.12131, -1.25507
0, 1.7445, 0.70908, 2.46488, -2.03871, 2.46166, 0.515432, 2.6163, 0.153963, 1.07423, -0.496413, -1.25914, -0.458559, 0.694178, 0.482821, 0.178304, 2.12131, -1.24197
0, 1.7445, 0.70908, 2.46488, -2.03871, 2.46166, 0.515432, 2.6163, 0.153963, 1.07423, -0.496413, -1.25914, -0.458559, 0.694178, 0.482821, 0.178304, 2.12131, -1.24263
0, 1.7445, 0.70908, 2.46488, -2.03871, 2.46166, 0.515432, 2.6163, 0.153963, 1.07423, -0.496413, -1.25914, -0.458559, 0.694178, 0.482821, 0.178304, 2.12131, -1.24351
0, 1.7445, 0.70908, 2.46488, -2.03871, 2.46166, 0.515432, 2.6163, 0.153963, 1.07423, -0.496413, -1.25914, -0.458559, 0.694178, 0.482821, 0.17831, 2.12131, -1.24779
0, 1.7445, 0.70908, 2.46488, -2.03871, 2.46166, 0.515432, 2.6163, 0.153963, 1.07423, -0.496413, -1.25914, -0.458559, 0.694178, 0.482821, 0.17831, 2.12131, -1.24336
0, 1.7445, 0.70908, 2.46488, -2.03871, 2.46166, 0.515432, 2.6163, 0.153963, 1.07423, -0.496413, -1.25914, -0.458559, 0.694178, 0.482821, 0.17831, 2.12131, -1.25128
0, 1.7445, 0.70908, 2.46488, -2.03871, 2.46166, 0.515432, 2.6163, 0.153963, 1.07423, -0.496413, -1.25914, -0.458559, 0.694178, 0.482821, 0.17831, 2.12131, -1.25222
0, 1.7445, 0.70908, 2.46488, -2.03871, 2.46166, 0.515432, 2.6163, 0.153963, 1.07423, -0.496413, -1.25914, -0.458559, 0.694178, 0.482821, 0.17831, 2.12131, -1.25225
0, 1.7445, 0.70908, 2.46488, -2.03871, 2.46166, 0.515432, 2.6163, 0.153963, 1.07423, -0.496413, -1.25914, -0.458559, 0.694178, 0.482821, 0.17831, 2.12131, -1.25243
0, 1.7445, 0.70908, 2.46488, -2.03871, 2.46166, 0.515432, 2.6163, 0.153963, 1.07423, -0.496413, -1.25914, -0.458559, 0.694178, 0.482821, 0.17831, 2.12131, -1.24694
0, 1.7445, 0.70908, 2.46488, -2.03871, 2.46166, 0.515432, 2.6163, 0.153963, 1.07423, -0.496413, -1.25914, -0.458559, 0.694178, 0.482821, 0.17831, 2.12131, -1.24694
0, 1.7445, 0.70908, 2.46488, -2.03871, 2.46166, 0.515432, 2.6163, 0.153963, 1.07423, -0.496413, -1.25914, -0.458559, 0.694178, 0.482821, 0.17831, 2.12131, -1.25543
0, 1.7445, 0.70908, 2.46488, -2.03871, 2.46166, 0.515432, 2.6163, 0.153963, 1.07423, -0.496413, -1.25914, -0.458559, 0.694178, 0.482821, 0.17831, 2.12131, -1.24624
0, 1.7445, 0.70908, 2.46488, -2.03871, 2.46166, 0.515432, 2.6163, 0.153963, 1.07423, -0.496413, -1.25914, -0.458559, 0.694178, 0.482821, 0.17831, 2.12131, -1.24875
0, 1.7445, 0.70908, 2.46488, -2.03871, 2.46166, 0.515432, 2.6163, 0.153963, 1.07423, -0.496413, -1.25914, -0.458559, 0.694178, 0.482821, 0.17831, 2.12131, -1.24625
0, 1.7445, 0.70908, 2.46488, -2.03871, 2.46166, 0.515432, 2.6163, 0.153963, 1.07423, -0.496413, -1.25914, -0.458559, 0.694178, 0.482821, 0.17831, 2.12131, -1.24626
0, 1.7445, 0.70908, 2.46488, -2.03871, 2.46166, 0.515432, 2.6163, 0.153963, 1.07423, -0.496413, -1.25914, -0.458559, 0.694178, 0.482821, 0.17831, 2.12131, -1.2461
0, 1.7445, 0.70908, 2.46488, -2.03871, 2.46166, 0.515432, 2.6163, 0.153963, 1.07423, -0.496413, -1.25914, -0.458559, 0.694178, 0.482821, 0.17831, 2.12131, -1.24843
0, 1.7445, 0.70908, 2.46488, -2.03871, 2.46166, 0.515432, 2.6163, 0.153963, 1.07423, -0.496413, -1.25914, -0.458559, 0.694178, 0.482821, 0.17831, 2.12131, -1.26078
0, 1.7445, 0.70908, 2.46488, -2.03871, 2.46166, 0.515432, 2.6163, 0.153963, 1.07423, -0.496413, -1.25914, -0.458559, 0.694178, 0.482821, 0.17831, 2.12131, -1.24647
0, 1.7445, 0.70908, 2.46488, -2.03871, 2.46166, 0.515432, 2.6163, 0.153963, 1.07423, -0.496413, -1.25914, -0.458559, 0.694178, 0.482821, 0.17831, 2.12131, -1.24573
0, 1.7445, 0.70908, 2.46488, -2.03871, 2.46166, 0.515432, 2.6163, 0.153963, 1.07423, -0.496413, -1.25914, -0.458559, 0.694178, 0.482821, 0.17831, 2.12131, -1.24051
0, 1.7445, 0.70908, 2.46488, -2.03871, 2.46166, 0.515432, 2.6163, 0.153963, 1.07423, -0.496413, -1.25914, -0.458559, 0.694178, 0.482821, 0.17831, 2.12131, -1.25551
0, 1.7445, 0.70908, 2.46488, -2.03871, 2.46166, 0.515432, 2.6163, 0.153963, 1.07423, -0.496413, -1.25914, -0.458559, 0.694178, 0.482821, 0.17831, 2.12131, -1.25361
0, 1.7445, 0.70908, 2.46488, -2.03871, 2.46166, 0.515432, 2.6163, 0.153963, 1.07423, -0.496413, -1.25914, -0.458559, 0.694178, 0.482821, 0.17831, 2.12131, -1.24088
0, 1.7445, 0.70908, 2.46488, -2.03871, 2.46166, 0.515432, 2.6163, 0.153963, 1.07423, -0.496413, -1.25914, -0.458559, 0.694178, 0.482821, 0.17831, 2.12131, -1.24766
0, 1.7445, 0.70908, 2.46488, -2.03871, 2.46166, 0.515432, 2.6163, 0.153963, 1.07423, -0.496413, -1.25914, -0.458559, 0.694178, 0.482821, 0.17831, 2.12131, -1.25247
0, 1.7445, 0.70908, 2.46488, -2.03871, 2.46166, 0.515432, 2.6163, 0.153963, 1.07423, -0.496413, -1.25914, -0.458559, 0.694178, 0.482821, 0.17831, 2.12093, -1.25336
-1.46771, 1.7445, 0.70908, 2.46488, -2.03871, 2.46166, 0.515432, 2.6163, 0.153963, 1.07423, -0.496413, -1.25914, -0.458559, 0.694178, 0.482821, 0.17831, 2.10595, -1.24348
-1.96673, 1.7445, 0.70908, 2.46488, -2.03871, 2.46166, 0.515432, 2.6163, 0.153963, 1.07423, -0.496413, -1.25914, -0.458559, 0.694178, 0.482821, 0.17831, 2.08077, -1.24472
-2.02544, 1.7445, 0.70908, 2.46488, -2.03871, 2.46166, 0.515432, 2.6163, 0.153963, 1.07423, -0.496413, -1.25914, -0.458559, 0.694178, 0.482821, 0.17831, 2.05348, -1.25554
-2.02544, 1.7445, 0.70908, 2.46488, -2.03871, 2.46166, 0.515432, 2.6163, 0.153963, 1.07423, -0.496413, -1.25914, -0.458559, 0.694178, 0.482821, 0.17831, 2.02672, -1.25713
-2.02544, 1.7445, 0.70908, 2.46488, -2.03871, 2.46166, 0.515432, 2.6163, 0.153963, 1.07423, -0.496413, -1.25914, -0.458559, 0.694178, 0.482821, 0.17831, 1.99819, -1.26317
-2.02544, 1.7445, 0.70908, 2.46488, -2.03871, 2.46166, 0.515432, 2.6163, 0.153963, 1.07423, -0.496413, -1.25914, -0.458559, 0.694178, 0.482821, 0.17831, 1.96863, -1.2484
-2.02544, 1.7445, 0.70908, 2.46488, -2.03871, 2.46166, 0.515432, 2.6163, 0.153963, 1.07423, -0.496413, -1.25914, -0.458559, 0.694178, 0.482821, 0.17831, 1.93754, -1.24747
-2.02544, 1.7445, 0.70908, 2.46488, -2.03871, 2.46166, 0.515432, 2.6163, 0.153963, 1.07423, -0.496413, -1.25914, -0.458559, 0.694178, 0.482821, 0.17831, 1.90718, -1.24709
-2.02544, 1.7445, 0.70908, 2.46488, -2.03871, 2.46166, 0.515432, 2.6163, 0.153963, 1.07423, -0.496413, -1.25914, -0.458559, 0.694178, 0.482821, 0.17831, 1.8774, -1.24565
-2.02544, 1.7445, 0.70908, 2.46488, -2.03871, 2.46166, 0.515432, 2.6163, 0.153963, 1.07423, -0.496413, -1.25914, -0.458559, 0.694178, 0.482821, 0.17831, 1.84515, -1.25333
-2.02544, 1.7445, 0.70908, 2.46488, -2.03871, 2.46166, 0.515432, 2.6163, 0.153963, 1.07423, -0.496413, -1.25914, -0.458559, 0.694178, 0.482821, 0.178315, 1.8141, -1.24678
-2.02544, 1.7445, 0.70908, 2.46488, -2.03871, 2.46166, 0.515432, 2.6163, 0.153963, 1.07423, -0.496413, -1.25914, -0.458559, 0.694178, 0.482821, 0.17832, 1.78787, -1.2577
0, 1.7445, 0.70908, 2.46488, -2.03871, 2.46166, 0.515432, 2.6163, 0.153963, 1.07423, -0.496413, -1.25914, -0.458559, 0.694178, 0.482821, 0.17832, 1.78787, -1.2578
0, 1.7445, 0.70908, 2.46488, -2.03871, 2.46166, 0.515432, 2.6163, 0.153963, 1.07423, -0.496413, -1.25914, -0.458559, 0.694178, 0.482821, 0.17832, 1.78787, -1.25756
0, 1.7445, 0.70908, 2.46488, -2.03871, 2.46166, 0.515432, 2.6163, 0.153963, 1.07423, -0.496413, -1.25914, -0.458559, 0.694178, 0.482821, 0.17832, 1.78787, -1.25472
0, 1.7445, 0.70908, 2.46488, -2.03871, 2.46166, 0.515432, 2.6163, 0.153963, 1.07423, -0.496413, -1.25914, -0.458559, 0.694178, 0.482821, 0.17832, 1.78787, -1.2548
0, 1.7445, 0.70908, 2.46488, -2.03871, 2.46166, 0.515432, 2.6163, 0.153963, 1.07423, -0.496413, -1.25914, -0.458559, 0.694178, 0.482821, 0.17832, 1.78787, -1.25796
0, 1.7445, 0.70908, 2.46488, -2.03871, 2.46166, 0.515432, 2.6163, 0.153963, 1.07423, -0.496413, -1.25914, -0.458559, 0.694178, 0.482821, 0.17832, 1.78787, -1.25611
0, 1.7445, 0.70908, 2.46488, -2.03871, 2.46166, 0.515432, 2.6163, 0.153963, 1.07423, -0.496413, -1.25914, -0.458559, 0.694178, 0.482821, 0.17832, 1.78787, -1.2558
0, 1.7445, 0.70908, 2.46488, -2.03871, 2.46166, 0.515432, 2.6163, 0.153963, 1.07423, -0.496413, -1.25914, -0.458559, 0.694178, 0.482821, 0.17832, 1.78787, -1.25609
0, 1.7445, 0.70908, 2.46488, -2.03871, 2.46166, 0.515432, 2.6163, 0.153963, 1.07423, -0.496413, -1.25914, -0.458559, 0.694178, 0.482821, 0.17832, 1.78787, -1.2579
0, 1.7445, 0.70908, 2.46488, -2.03871, 2.46166, 0.515432, 2.6163, 0.153963, 1.07423, -0.496413, -1.25914, -0.458559, 0.694178, 0.482821, 0.17832, 1.78787, -1.25207
0, 1.7445, 0.70908, 2.46488, -2.03871, 2.46166, 0.515432, 2.6163, 0.153963, 1.07423, -0.496413, -1.25914, -0.458559, 0.694178, 0.482821, 0.17832, 1.78787, -1.24789
0, 1.7445, 0.70908, 2.46488, -2.03871, 2.46166, 0.515432, 2.6163, 0.153963, 1.07423, -0.496413, -1.25914, -0.458559, 0.694178, 0.482821, 0.17832, 1.78787, -1.25131
0, 1.7445, 0.70908, 2.46488, -2.03871, 2.46166, 0.515432, 2.6163, 0.153963, 1.07423, -0.496413, -1.25914, -0.458559, 0.694178, 0.482821, 0.17832, 1.78787, -1.25958
0, 1.7445, 0.70908, 2.46488, -2.03871, 2.46166, 0.515432, 2.6163, 0.153963, 1.07423, -0.496413, -1.25914, -0.458559, 0.694178, 0.482821, 0.17832, 1.78787, -1.25328
0, 1.7445, 0.70908, 2.46488, -2.03871, 2.46166, 0.515432, 2.6163, 0.153963, 1.07423, -0.496413, -1.25914, -0.458559, 0.694178, 0.482821, 0.17832, 1.78787, -1.25321
0, 1.7445, 0.70908, 2.46488, -2.03871, 2.46166, 0.515432, 2.6163, 0.153963, 1.07423, -0.496413, -1.25914, -0.458559, 0.694178, 0.482821, 0.17832, 1.78787, -1.25979
0, 1.7445, 0.70908, 2.46488, -2.03871, 2.46166, 0.515432, 2.6163, 0.153963, 1.07423, -0.496413, -1.25914, -0.458559, 0.694178, 0.482821, 0.17832, 1.78787, -1.25955
0, 1.7445, 0.70908, 2.46488, -2.03871, 2.46166, 0.515432, 2.6163, 0.153963, 1.07423, -0.496413, -1.25914, -0.458559, 0.694178, 0.482821, 0.17832, 1.78786, -1.23697
-0.205479, 1.7445, 0.70908, 2.46488, -2.03871, 2.46166, 0.515432, 2.6163, 0.153963, 1.07423, -0.496413, -1.25914, -0.458559, 0.694178, 0.482821, 0.17832, 1.79372, -1.24673
0, 1.7445, 0.70908, 2.46488, -2.03871, 2.46166, 0.515432, 2.6163, 0.153963, 1.07423, -0.496413, -1.25914, -0.458559, 0.694178, 0.482821, 0.17832, 1.80924, -1.25423
0, 1.7445, 0.70908, 2.46488, -2.03871, 2.46166, 0.515432, 2.6163, 0.153963, 1.07423, -0.496413, -1.25914, -0.458559, 0.694178, 0.482821, 0.17832, 1.82429, -1.25545
0, 1.7445, 0.70908, 2.46488, -2.03871, 2.46166, 0.515432, 2.6163, 0.153963, 1.07423, -0.496413, -1.25914, -0.458559, 0.694178, 0.482821, 0.17832, 1.84292, -1.25143
0, 1.7445, 0.70908, 2.46488, -2.03871, 2.46166, 0.515432, 2.6163, 0.153963, 1.07423, -0.496413, -1.25914, -0.458559, 0.694178, 0.482821, 0.17832, 1.86477, -1.25211
0, 1.7445, 0.70908, 2.46488, -2.03871, 2.46166, 0.515432, 2.6163, 0.153963, 1.07423, -0.496413, -1.25914, -0.458559, 0.694178, 0.482821, 0.17832, 1.89281, -1.26559
0, 1.7445, 0.70908, 2.46488, -2.03871, 2.46166, 0.515432, 2.6163, 0.153963, 1.07423, -0.496413, -1.25914, -0.458559, 0.694178, 0.482821, 0.17832, 1.92329, -1.24034
0, 1.7445, 0.70908, 2.46488, -2.03871, 2.46166, 0.515432, 2.6163, 0.153963, 1.07423, -0.496413, -1.25914, -0.458559, 0.694178, 0.482821, 0.17832, 1.96256, -1.24469
0, 1.7445, 0.70908, 2.46488, -2.03871, 2.46166, 0.515432, 2.6163, 0.153963, 1.07423, -0.496413, -1.25914, -0.458559, 0.694178, 0.482821, 0.178315, 2.00277, -1.24282
0, 1.7445, 0.70908, 2.46488, -2.03871, 2.46166, 0.515432, 2.6163, 0.153963, 1.07423, -0.496413, -1.25914, -0.458559, 0.694178, 0.482821, 0.178315, 2.05667, -1.24764
0, 1.7445, 0.70908, 2.46488, -2.03871, 2.46166, 0.515432, 2.6163, 0.153963, 1.07423, -0.496413, -1.25914, -0.458559, 0.694178, 0.482821, 0.178315, 2.11815, -1.25282
0, 1.7445, 0.70908, 2.46488, -2.03871, 2.46166, 0.515432, 2.6163, 0.153963, 1.07423, -0.496413, -1.25914, -0.458559, 0.694178, 0.482821, 0.178315, 2.19102, -1.24611
0, 1.7445, 0.70908, 2.46488, -2.03871, 2.46166, 0.515432, 2.6163, 0.153963, 1.07423, -0.496413, -1.25914, -0.458559, 0.694178, 0.482821, 0.17832, 2.22066, -1.22865
0, 1.7445, 0.70908, 2.46488, -2.03871, 2.46166, 0.515432, 2.6163, 0.153963, 1.07423, -0.496413, -1.25914, -0.458559, 0.694178, 0.482821, 0.178262, 2.22063, -1.23352
0, 1.7445, 0.70908, 2.46488, -2.03871, 2.46166, 0.515432, 2.6163, 0.153963, 1.07423, -0.496413, -1.25914, -0.458559, 0.694178, 0.482821, 0.178267, 2.22063, -1.22429
0, 1.7445, 0.70908, 2.46488, -2.03871, 2.46166, 0.515432, 2.6163, 0.153963, 1.07423, -0.496413, -1.25914, -0.458559, 0.694178, 0.482821, 0.178267, 2.22063, -1.24744
0, 1.7445, 0.70908, 2.46488, -2.03871, 2.46166, 0.515432, 2.6163, 0.153963, 1.07423, -0.496413, -1.25914, -0.458559, 0.694178, 0.482821, 0.178267, 2.22063, -1.25112
0, 1.7445, 0.70908, 2.46488, -2.03871, 2.46166, 0.515432, 2.6163, 0.153963, 1.07423, -0.496413, -1.25914, -0.458559, 0.694178, 0.482821, 0.178267, 2.22063, -1.24506
0, 1.7445, 0.70908, 2.46488, -2.03871, 2.46166, 0.515432, 2.6163, 0.153963, 1.07423, -0.496413, -1.25914, -0.458559, 0.694178, 0.482821, 0.178267, 2.22063, -1.24381
0, 1.7445, 0.70908, 2.46488, -2.03871, 2.46166, 0.515432, 2.6163, 0.153963, 1.07423, -0.496413, -1.25914, -0.458559, 0.694178, 0.482821, 0.178267, 2.22063, -1.24748
0, 1.74453, 0.709175, 2.46495, -2.03867, 2.46166, 0.515386, 2.61628, 0.153963, 1.07427, -0.496428, -1.25907, -0.458547, 0.69419, 0.482821, 0.178273, 2.08915, -1.25151
0, 1.74453, 0.709175, 2.46495, -2.03867, 2.46166, 0.515386, 2.61628, 0.153963, 1.07427, -0.496428, -1.25907, -0.458547, 0.69419, 0.482821, 0.178273, 2.08915, -1.25107
0, 1.74453, 0.709175, 2.46495, -2.03867, 2.46166, 0.515386, 2.61628, 0.153963, 1.07427, -0.496428, -1.25907, -0.458547, 0.69419, 0.482821, 0.178273, 2.08915, -1.24935
0, 1.74453, 0.709175, 2.46495, -2.03867, 2.46166, 0.515386, 2.61628, 0.153963, 1.07427, -0.496428, -1.25907, -0.458547, 0.69419, 0.482821, 0.178273, 2.08915, -1.25472
0, 1.74453, 0.709175, 2.46495, -2.03867, 2.46166, 0.515386, 2.61628, 0.153963, 1.07427, -0.496428, -1.25907, -0.458547, 0.69419, 0.482821, 0.178273, 2.08915, -1.24758
0, 1.74453, 0.709175, 2.46495, -2.03867, 2.46166, 0.515386, 2.61628, 0.153963, 1.07427, -0.496428, -1.25907, -0.458547, 0.69419, 0.482821, 0.178273, 2.08915, -1.24935
0, 1.74453, 0.709175, 2.46495, -2.03867, 2.46166, 0.515386, 2.61628, 0.153963, 1.07427, -0.496428, -1.25907, -0.458547, 0.69419, 0.482821, 0.178273, 2.08915, -1.24502
0, 1.74453, 0.709175, 2.46495, -2.03867, 2.46166, 0.515386, 2.61628, 0.153963, 1.07427, -0.496428, -1.25907, -0.458547, 0.69419, 0.482821, 0.178273, 2.08915, -1.25144
0, 1.74453, 0.709175, 2.46495, -2.03867, 2.46166, 0.515386, 2.61628, 0.153963, 1.07427, -0.496428, -1.25907, -0.458547, 0.69419, 0.482821, 0.178273, 2.08915, -1.2558
0, 1.74453, 0.709175, 2.46495, -2.03867, 2.46166, 0.515386, 2.61628, 0.153963, 1.07427, -0.496428, -1.25907, -0.458547, 0.69419, 0.482821, 0.178273, 2.08915, -1.25538
-1.23288, 1.74453, 0.709175, 2.46495, -2.03867, 2.46166, 0.515386, 2.61628, 0.153963, 1.07427, -0.496428, -1.25907, -0.458547, 0.69419, 0.482821, 0.178273, 2.07982, -1.27277
-1.67319, 1.74453, 0.709175, 2.46495, -2.03867, 2.46166, 0.515386, 2.61628, 0.153963, 1.07427, -0.496428, -1.25907, -0.458547, 0.69419, 0.482821, 0.178273, 2.05964, -1.24985
-2.02544, 1.74453, 0.709175, 2.46495, -2.03867, 2.46166, 0.515386, 2.61628, 0.153963, 1.07427, -0.496428, -1.25907, -0.458547, 0.69419, 0.482821, 0.178273, 2.03544, -1.24441
-2.02544, 1.74453, 0.709175, 2.46495, -2.03867, 2.46166, 0.515386, 2.61628, 0.153963, 1.07427, -0.496428, -1.25907, -0.458547, 0.69419, 0.482821, 0.178273, 2.00861, -1.25329
-2.02544, 1.74453, 0.709175, 2.46495, -2.03867, 2.46166, 0.515386, 2.61628, 0.153963, 1.07427, -0.496428, -1.25907, -0.458547, 0.69419, 0.482821, 0.178273, 1.98472, -1.2595
-2.02544, 1.74453, 0.709175, 2.46495, -2.03867, 2.46166, 0.515386, 2.61628, 0.153963, 1.07427, -0.496428, -1.25907, -0.458547, 0.69419, 0.482821, 0.178273, 1.95883, -1.25739
-2.02544, 1.74453, 0.709175, 2.46495, -2.03867, 2.46166, 0.515386, 2.61628, 0.153963, 1.07427, -0.496428, -1.25907, -0.458547, 0.69419, 0.482821, 0.178273, 1.93296, -1.25177
-2.02544, 1.74453, 0.709175, 2.46495, -2.03867, 2.46166, 0.515386, 2.61628, 0.153963, 1.07427, -0.496428, -1.25907, -0.458547, 0.69419, 0.482821, 0.178273, 1.90508, -1.25494
-2.02544, 1.74453, 0.709175, 2.46495, -2.03867, 2.46166, 0.515386, 2.61628, 0.153963, 1.07427, -0.496428, -1.25907, -0.458547, 0.69419, 0.482821, 0.178273, 1.87674, -1.22486
-2.02544, 1.74453, 0.709175, 2.46495, -2.03867, 2.46166, 0.515386, 2.61628, 0.153963, 1.07427, -0.496428, -1.25907, -0.458547, 0.69419, 0.482821, 0.178273, 1.86956, -1.2438
0, 1.74453, 0.709175, 2.46495, -2.03867, 2.46166, 0.515386, 2.61628, 0.153963, 1.07427, -0.496428, -1.25907, -0.458547, 0.69419, 0.482821, 0.178278, 1.86956, -1.26556
0, 1.74453, 0.709175, 2.46495, -2.03867, 2.46166, 0.515386, 2.61628, 0.153963, 1.07427, -0.496428, -1.25907, -0.458547, 0.69419, 0.482821, 0.178278, 1.86956, -1.26514
0, 1.74453, 0.709175, 2.46495, -2.03867, 2.46166, 0.515386, 2.61628, 0.153963, 1.07427, -0.496428, -1.25907, -0.458547, 0.69419, 0.482821, 0.178278, 1.86956, -1.2577
0, 1.74453, 0.709175, 2.46495, -2.03867, 2.46166, 0.515386, 2.61628, 0.153963, 1.07427, -0.496428, -1.25907, -0.458547, 0.69419, 0.482821, 0.178278, 1.86956, -1.25877
0, 1.74453, 0.709175, 2.46495, -2.03867, 2.46166, 0.515386, 2.61628, 0.153963, 1.07427, -0.496428, -1.25907, -0.458547, 0.69419, 0.482821, 0.178273, 1.86956, -1.25914
0, 1.74453, 0.709175, 2.46495, -2.03867, 2.46166, 0.515386, 2.61628, 0.153963, 1.07427, -0.496428, -1.25907, -0.458547, 0.69419, 0.482821, 0.178273, 1.86956, -1.26432
0, 1.74453, 0.709175, 2.46495, -2.03867, 2.46166, 0.515386, 2.61628, 0.153963, 1.07427, -0.496428, -1.25907, -0.458547, 0.69419, 0.482821, 0.178273, 1.86956, -1.25278
0, 1.74453, 0.709175, 2.46495, -2.03867, 2.46166, 0.515386, 2.61628, 0.153963, 1.07427, -0.496428, -1.25907, -0.458547, 0.69419, 0.482821, 0.178273, 1.86956, -1.25608
0, 1.74453, 0.709175, 2.46495, -2.03867, 2.46166, 0.515386, 2.61628, 0.153963, 1.07427, -0.496428, -1.25907, -0.458547, 0.69419, 0.482821, 0.178273, 1.86956, -1.25554
0, 1.74453, 0.709175, 2.46495, -2.03867, 2.46166, 0.515386, 2.61628, 0.153963, 1.07427, -0.496428, -1.25907, -0.458547, 0.69419, 0.482821, 0.178273, 1.86956, -1.24882
0, 1.74453, 0.709175, 2.46495, -2.03867, 2.46166, 0.515386, 2.61628, 0.153963, 1.07427, -0.496428, -1.25907, -0.458547, 0.69419, 0.482821, 0.178273, 1.86956, -1.25955
0, 1.74453, 0.709175, 2.46495, -2.03867, 2.46166, 0.515386, 2.61628, 0.153963, 1.07427, -0.496428, -1.25907, -0.458547, 0.69419, 0.482821, 0.178273, 1.86956, -1.25265
0, 1.74453, 0.709175, 2.46495, -2.03867, 2.46166, 0.515386, 2.61628, 0.153963, 1.07427, -0.496428, -1.25907, -0.458547, 0.69419, 0.482821, 0.178273, 1.86956, -1.25092
-0.763209, 1.74453, 0.709175, 2.46495, -2.03867, 2.46166, 0.515386, 2.61628, 0.153963, 1.07427, -0.496428, -1.25907, -0.458547, 0.69419, 0.482821, 0.178273, 1.87272, -1.25793
0, 1.74453, 0.709175, 2.46495, -2.03867, 2.46166, 0.515386, 2.61628, 0.153963, 1.07427, -0.496428, -1.25907, -0.458547, 0.69419, 0.482821, 0.178273, 1.89258, -1.26197
0, 1.74453, 0.709175, 2.46495, -2.03867, 2.46166, 0.515386, 2.61628, 0.153963, 1.07427, -0.496428, -1.25907, -0.458547, 0.69419, 0.482821, 0.178273, 1.92161, -1.25038
0, 1.74453, 0.709175, 2.46495, -2.03867, 2.46166, 0.515386, 2.61628, 0.153963, 1.07427, -0.496428, -1.25907, -0.458547, 0.69419, 0.482821, 0.178273, 1.95598, -1.24382
0, 1.74453, 0.709175, 2.46495, -2.03867, 2.46166, 0.515386, 2.61628, 0.153963, 1.07427, -0.496428, -1.25907, -0.458547, 0.69419, 0.482821, 0.178273, 1.99763, -1.25425
0, 1.74453, 0.709175, 2.46495, -2.03867, 2.46166, 0.515386, 2.61628, 0.153963, 1.07427, -0.496428, -1.25907, -0.458547, 0.69419, 0.482821, 0.178273, 2.04698, -1.24673
0, 1.74453, 0.709175, 2.46495, -2.03867, 2.46166, 0.515386, 2.61628, 0.153963, 1.07427, -0.496428, -1.25907, -0.458547, 0.69419, 0.482821, 0.178267, 2.11082, -1.26614
-0.587084, 1.74453, 0.709175, 2.46495, -2.03867, 2.46166, 0.515386, 2.61628, 0.153963, 1.07427, -0.496428, -1.25907, -0.458547, 0.69419, 0.482821, 0.178267, 2.1079, -1.22931
0, 1.74453, 0.709175, 2.46495, -2.03867, 2.46166, 0.515386, 2.61628, 0.153963, 1.07427, -0.496428, -1.25907, -0.458547, 0.69419, 0.482821, 0.178273, 2.1079, -1.28803
0, 1.74453, 0.709175, 2.46495, -2.03867, 2.46166, 0.515386, 2.61628, 0.153963, 1.07427, -0.496428, -1.25907, -0.458547, 0.69419, 0.482821, 0.178273, 2.1079, -1.23985
0, 1.74453, 0.709175, 2.46495, -2.03867, 2.46166, 0.515386, 2.61628, 0.153963, 1.07427, -0.496428, -1.25907, -0.458547, 0.69419, 0.482821, 0.178273, 2.1079, -1.24729
0, 1.74453, 0.709175, 2.46495, -2.03867, 2.46166, 0.515386, 2.61628, 0.153963, 1.07427, -0.496428, -1.25907, -0.458547, 0.69419, 0.482821, 0.178273, 2.1079, -1.25551
0, 1.74453, 0.709175, 2.46495, -2.03867, 2.46166, 0.515386, 2.61628, 0.153963, 1.07427, -0.496428, -1.25907, -0.458547, 0.69419, 0.482821, 0.178273, 2.1079, -1.25523
0, 1.74453, 0.709175, 2.46495, -2.03867, 2.46166, 0.515386, 2.61628, 0.153963, 1.07427, -0.496428, -1.25907, -0.458547, 0.69419, 0.482821, 0.178273, 2.1079, -1.2523
0, 1.74453, 0.709175, 2.46495, -2.03867, 2.46166, 0.515386, 2.61628, 0.153963, 1.07427, -0.496428, -1.25907, -0.458547, 0.69419, 0.482821, 0.178273, 2.1079, -1.25496
0, 1.74453, 0.709175, 2.46495, -2.03867, 2.46166, 0.515386, 2.61628, 0.153963, 1.07427, -0.496428, -1.25907, -0.458547, 0.69419, 0.482821, 0.178273, 2.1079, -1.25194
0, 1.74453, 0.709175, 2.46495, -2.03867, 2.46166, 0.515386, 2.61628, 0.153963, 1.07427, -0.496428, -1.25907, -0.458547, 0.69419, 0.482821, 0.178273, 2.1079, -1.25885
0, 1.74453, 0.709175, 2.46495, -2.03867, 2.46166, 0.515386, 2.61628, 0.153963, 1.07427, -0.496428, -1.25907, -0.458547, 0.69419, 0.482821, 0.178273, 2.1079, -1.24968
0, 1.74453, 0.709175, 2.46495, -2.03867, 2.46166, 0.515386, 2.61628, 0.153963, 1.07427, -0.496428, -1.25907, -0.458547, 0.69419, 0.482821, 0.178273, 2.13083, -1.24687
0, 1.74453, 0.709175, 2.46495, -2.03867, 2.46166, 0.515386, 2.61628, 0.153963, 1.07427, -0.496428, -1.25907, -0.458547, 0.69419, 0.482821, 0.178273, 2.13083, -1.25518
0, 1.74453, 0.709175, 2.46495, -2.03867, 2.46166, 0.515386, 2.61628, 0.153963, 1.07427, -0.496428, -1.25907, -0.458547, 0.69419, 0.482821, 0.178273, 2.12015, -1.27379
-1.61448, 1.74453, 0.709175, 2.46495, -2.03867, 2.46166, 0.515386, 2.61628, 0.153963, 1.07427, -0.496428, -1.25907, -0.458547, 0.69419, 0.482821, 0.178273, 2.09932, -1.2373
-2.02544, 1.74453, 0.709175, 2.46495, -2.03867, 2.46166, 0.515386, 2.61628, 0.153963, 1.07427, -0.496428, -1.25907, -0.458547, 0.69419, 0.482821, 0.178273, 2.07252, -1.24659
-2.02544, 1.74453, 0.709175, 2.46495, -2.03867, 2.46166, 0.515386, 2.61628, 0.153963, 1.07427, -0.496428, -1.25907, -0.458547, 0.69419, 0.482821, 0.178273, 2.04389, -1.24968
-2.02544, 1.74453, 0.709175, 2.46495, -2.03867, 2.46166, 0.515386, 2.61628, 0.153963, 1.07427, -0.496428, -1.25907, -0.458547, 0.69419, 0.482821, 0.178273, 2.01578, -1.22447
-2.02544, 1.74453, 0.709175, 2.46495, -2.03867, 2.46166, 0.515386, 2.61628, 0.153963, 1.07427, -0.496428, -1.25907, -0.458547, 0.69419, 0.482821, 0.178273, 2.01069, -1.22887
0, 1.74453, 0.709175, 2.46495, -2.03867, 2.46166, 0.515386, 2.61628, 0.153963, 1.07427, -0.496428, -1.25907, -0.458547, 0.69419, 0.482821, 0.178273, 2.01069, -1.26464
0, 1.74453, 0.709175, 2.46495, -2.03867, 2.46166, 0.515386, 2.61628, 0.153963, 1.07427, -0.496428, -1.25907, -0.458547, 0.69419, 0.482821, 0.178273, 2.01069, -1.24847
0, 1.74453, 0.709175, 2.46495, -2.03867, 2.46166, 0.515386, 2.61628, 0.153963, 1.07427, -0.496428, -1.25907, -0.458547, 0.69419, 0.482821, 0.178273, 2.01069, -1.25627
0, 1.74453, 0.709175, 2.46495, -2.03867, 2.46166, 0.515386, 2.61628, 0.153963, 1.07427, -0.496428, -1.25907, -0.458547, 0.69419, 0.482821, 0.178273, 2.01069, -1.25722
0, 1.74453, 0.709175, 2.46495, -2.03867, 2.46166, 0.515386, 2.61628, 0.153963, 1.07427, -0.496428, -1.25907, -0.458547, 0.69419, 0.482821, 0.178273, 2.01069, -1.25278
0, 1.74453, 0.709175, 2.46495, -2.03867, 2.46166, 0.515386, 2.61628, 0.153963, 1.07427, -0.496428, -1.25907, -0.458547, 0.69419, 0.482821, 0.178273, 2.01069, -1.25024
0, 1.74453, 0.709175, 2.46495, -2.03867, 2.46166, 0.515386, 2.61628, 0.153963, 1.07427, -0.496428, -1.25907, -0.458547, 0.69419, 0.482821, 0.178273, 2.01068, -1.25065
-1.23288, 1.74453, 0.709175, 2.46495, -2.03867, 2.46166, 0.515386, 2.61628, 0.153963, 1.07427, -0.496428, -1.25907, -0.458547, 0.69419, 0.482821, 0.178273, 1.9964, -1.254
-1.84931, 1.74453, 0.709175, 2.46495, -2.03867, 2.46166, 0.515386, 2.61628, 0.153963, 1.07427, -0.496428, -1.25907, -0.458547, 0.69419, 0.482821, 0.178273, 1.96918, -1.25391
-2.02544, 1.74453, 0.709175, 2.46495, -2.03867, 2.46166, 0.515386, 2.61628, 0.153963, 1.07427, -0.496428, -1.25907, -0.458547, 0.69419, 0.482821, 0.178273, 1.94205, -1.25018
-2.02544, 1.74453, 0.709175, 2.46495, -2.03867, 2.46166, 0.515386, 2.61628, 0.153963, 1.07427, -0.496428, -1.25907, -0.458547, 0.69419, 0.482821, 0.178273, 1.9082, -1.25984
-2.02544, 1.74453, 0.709175, 2.46495, -2.03867, 2.46166, 0.515386, 2.61628, 0.153963, 1.07427, -0.496428, -1.25907, -0.458547, 0.69419, 0.482821, 0.178273, 1.87589, -1.25184
-2.02544, 1.74453, 0.709175, 2.46495, -2.03867, 2.46166, 0.515386, 2.61628, 0.153963, 1.07427, -0.496428, -1.25907, -0.458547, 0.69419, 0.482821, 0.178273, 1.84566, -1.25251
-2.02544, 1.74453, 0.709175, 2.46495, -2.03867, 2.46166, 0.515386, 2.61628, 0.153963, 1.07427, -0.496428, -1.25907, -0.458547, 0.69419, 0.482821, 0.178273, 1.81614, -1.26272
-2.02544, 1.74453, 0.709175, 2.46495, -2.03867, 2.46166, 0.515386, 2.61628, 0.153963, 1.07427, -0.496428, -1.25907, -0.458547, 0.69419, 0.482821, 0.178273, 1.78463, -1.2465
-2.02544, 1.74453, 0.709175, 2.46495, -2.03867, 2.46166, 0.515386, 2.61628, 0.153963, 1.07427, -0.496428, -1.25907, -0.458547, 0.69419, 0.482821, 0.178273, 1.7507, -1.25318
-2.02544, 1.74453, 0.709175, 2.46495, -2.03867, 2.46166, 0.515386, 2.61628, 0.153963, 1.07427, -0.496428, -1.25907, -0.458547, 0.69419, 0.482821, 0.178273, 1.71931, -1.23811
-2.02544, 1.74453, 0.709175, 2.46495, -2.03867, 2.46166, 0.515386, 2.61628, 0.153963, 1.07427, -0.496428, -1.25907, -0.458547, 0.69419, 0.482821, 0.178278, 1.71041, -1.23742
0, 1.74453, 0.709175, 2.46495, -2.03867, 2.46166, 0.515386, 2.61628, 0.153963, 1.07427, -0.496428, -1.25907, -0.458547, 0.69419, 0.482821, 0.178278, 1.71041, -1.27215
0, 1.74453, 0.709175, 2.46495, -2.03867, 2.46166, 0.515386, 2.61628, 0.153963, 1.07427, -0.496428, -1.25907, -0.458547, 0.69419, 0.482821, 0.178278, 1.71041, -1.24957
0, 1.74453, 0.709175, 2.46495, -2.03867, 2.46166, 0.515386, 2.61628, 0.153963, 1.07427, -0.496428, -1.25907, -0.458547, 0.69419, 0.482821, 0.178273, 1.71041, -1.25661
0, 1.74453, 0.709175, 2.46495, -2.03867, 2.46166, 0.515386, 2.61628, 0.153963, 1.07427, -0.496428, -1.25907, -0.458547, 0.69419, 0.482821, 0.178273, 1.71041, -1.25925
0, 1.74453, 0.709175, 2.46495, -2.03867, 2.46166, 0.515386, 2.61628, 0.153963, 1.07427, -0.496428, -1.25907, -0.458547, 0.69419, 0.482821, 0.178273, 1.71041, -1.26235
0, 1.74453, 0.709175, 2.46495, -2.03867, 2.46166, 0.515386, 2.61628, 0.153963, 1.07427, -0.496428, -1.25907, -0.458547, 0.69419, 0.482821, 0.178273, 1.71041, -1.25626
0, 1.74453, 0.709175, 2.46495, -2.03867, 2.46166, 0.515386, 2.61628, 0.153963, 1.07427, -0.496428, -1.25907, -0.458547, 0.69419, 0.482821, 0.178273, 1.7103, -1.25458
-0.176125, 1.74453, 0.709175, 2.46495, -2.03867, 2.46166, 0.515386, 2.61628, 0.153963, 1.07427, -0.496428, -1.25907, -0.458547, 0.69419, 0.482821, 0.178273, 1.7129, -1.26168
0, 1.74453, 0.709175, 2.46495, -2.03867, 2.46166, 0.515386, 2.61628, 0.153963, 1.07427, -0.496428, -1.25907, -0.458547, 0.69419, 0.482821, 0.178273, 1.71803, -1.25776
0, 1.74453, 0.709175, 2.46495, -2.03867, 2.46166, 0.515386, 2.61628, 0.153963, 1.07427, -0.496428, -1.25907, -0.458547, 0.69419, 0.482821, 0.178273, 1.72443, -1.26142
0, 1.74453, 0.709175, 2.46495, -2.03867, 2.46166, 0.515386, 2.61628, 0.153963, 1.07427, -0.496428, -1.25907, -0.458547, 0.69419, 0.482821, 0.178273, 1.73194, -1.254
0, 1.74453, 0.709175, 2.46495, -2.03867, 2.46166, 0.515386, 2.61628, 0.153963, 1.07427, -0.496428, -1.25907, -0.458547, 0.69419, 0.482821, 0.178273, 1.73614, -1.26646
0, 1.74453, 0.709175, 2.46495, -2.03867, 2.46166, 0.515386, 2.61628, 0.153963, 1.07427, -0.496428, -1.25907, -0.458547, 0.69419, 0.482821, 0.178273, 1.74507, -1.24894
0, 1.74453, 0.709175, 2.46495, -2.03867, 2.46166, 0.515386, 2.61628, 0.153963, 1.07427, -0.496428, -1.25907, -0.458547, 0.69419, 0.482821, 0.178273, 1.75299, -1.26273
0, 1.74453, 0.709175, 2.46495, -2.03867, 2.46166, 0.515386, 2.61628, 0.153963, 1.07427, -0.496428, -1.25907, -0.458547, 0.69419, 0.482821, 0.178273, 1.76327, -1.25738
0, 1.74453, 0.709175, 2.46495, -2.03867, 2.46166, 0.515386, 2.61628, 0.153963, 1.07427, -0.496428, -1.25907, -0.458547, 0.69419, 0.482821, 0.178273, 1.7745, -1.25373
0, 1.74453, 0.709175, 2.46495, -2.03867, 2.46166, 0.515386, 2.61628, 0.153963, 1.07427, -0.496428, -1.25907, -0.458547, 0.69419, 0.482821, 0.178273, 1.78772, -1.25257
0, 1.74453, 0.709175, 2.46495, -2.03867, 2.46166, 0.515386, 2.61628, 0.153963, 1.07427, -0.496428, -1.25907, -0.458547, 0.69419, 0.482821, 0.178273, 1.80435, -1.2514
0, 1.74453, 0.709175, 2.46495, -2.03867, 2.46166, 0.515386, 2.61628, 0.153963, 1.07427, -0.496428, -1.25907, -0.458547, 0.69419, 0.482821, 0.178273, 1.84278, -1.25285
0, 1.74453, 0.709175, 2.46495, -2.03867, 2.46166, 0.515386, 2.61628, 0.153963, 1.07427, -0.496428, -1.25907, -0.458547, 0.69419, 0.482821, 0.178273, 1.86158, -1.23817
0, 1.74453, 0.709175, 2.46495, -2.03867, 2.46166, 0.515386, 2.61628, 0.153963, 1.07427, -0.496428, -1.25907, -0.458547, 0.69419, 0.482821, 0.178273, 1.88667, -1.25202
0, 1.74453, 0.709175, 2.46495, -2.03867, 2.46166, 0.515386, 2.61628, 0.153963, 1.07427, -0.496428, -1.25907, -0.458547, 0.69419, 0.482821, 0.178273, 1.91578, -1.26235
0, 1.74453, 0.709175, 2.46495, -2.03867, 2.46166, 0.515386, 2.61628, 0.153963, 1.07427, -0.496428, -1.25907, -0.458547, 0.69419, 0.482821, 0.178273, 1.94987, -1.25247
0, 1.74453, 0.709175, 2.46495, -2.03867, 2.46166, 0.515386, 2.61628, 0.153963, 1.07427, -0.496428, -1.25907, -0.458547, 0.69419, 0.482821, 0.178257, 1.99543, -1.17207
-1.61448, 1.74453, 0.709175, 2.46495, -2.03867, 2.46166, 0.515386, 2.61628, 0.153963, 1.07427, -0.496428, -1.25907, -0.458547, 0.69419, 0.482821, 0.178267, 1.99093, -1.27064
0, 1.74453, 0.709175, 2.46495, -2.03867, 2.46166, 0.515386, 2.61628, 0.153963, 1.07427, -0.496428, -1.25907, -0.458547, 0.69419, 0.482821, 0.178267, 1.99093, -1.26905
0, 